5048446
5048992
5048818
5048979
5048198
5048616
5048864
5048036
5048892
5048309
5048926
5048959
5048784
5048281
5048758
5048759
5048756
5048920
5048230
5048884
5048015
5048777
5048780
5048254
5048770
5048812
5048842
5048841
5048805
5048939
5048997
5048747
5048710
5048943
5048836
5048813
5048916
5048878
5048820
5048797
5048936
5048753
5048904
5048885
5048766
5048866
5048778
5048830
5048779
5048966
5048846
5048324
5048995
5048835
5048879
5048752
5048467
5048875
5048994
5048872
5048781
5048907
5048945
5048488
5048764
5048802
5048333
5048045
5048952
5048853
5048831
5048958
5048901
5048738
5048857
5048847
5048089
5048095
5048985
5048527
5048944
5048825
5048746
5048178
5048918
5048413
5048761
5048364
5048821
5048772
5048317
5048970
5048510
5048771
5048978
5048620
5048889
5048732
5048988
5048948
5048934
5048928
5048924
5048917
5048792
5048796
5048922
5048871
5048776
5048107
5048741
5048440
5048708
5048856
5048977
5048940
5048953
5048873
5048930
5048882
5048839
5048899
5048927
5048561
5048954
5048858
5048171
5048893
5048910
5048809
5048886
5048957
5048688
5048808
5048956
5048798
5048890
5048703
5048711
5048626
5048763
5048869
5048788
5048827
5048909
5048870
5048981
5048822
5048736
5048895
5048828
5048623
5048125
5048665
5048867
5048745
5048913
5048990
5048801
5048742
5048790
5048854
5048888
5048786
5048686
5048833
5048929
5048947
5048731
5048734
5048357
5048973
5048754
5048894
5048775
5048946
5048911
5048852
5048914
5048757
5048331
5048848
5048807
5048837
5048950
5048810
5048829
5048983
5048935
5048177
5048965
5048408
5048768
5048932
5048803
5048740
5048438
5048923
5048949
5048874
5048961
5048897
5048082
5048791
5048987
5048452
5048951
5048134
5048806
5048794
5048341
5048730
5048634
5048352
5048750
5048823
5048785
5048348
5048967
5048891
5048898
5048980
5048877
5048819
5048832
5048461
5048098
5048030
5048811
5048795
5048144
5048976
5048743
5048068
5048921
5048760
5048739
5048863
5048737
5048076
5048840
5048942
5048264
5048849
5048896
5048919
5048865
5048475
5048883
5048783
5048859
5048630
5048855
5048214
5048767
5048816
5048925
5048908
5048494
5048974
5048933
5048789
5048804
5048793
5048231
5048968
5048851
5048208
5048989
5048751
5048518
5048915
5048861
5048565
5048269
5048799
5048860
5048629
5048986
5048092
5048525
5048824
5048902
5048850
5048145
5048938
5048358
5048834
5048982
5048800
5048868
5048774
5048903
5048765
5048905
5048984
5048814
5048787
5048844
5048838
5048912
5048773
5048969
5048843
5048963
5048937
5048964
5048053
5048906
5048322
5048887
5048962
5048258
5048103
5048955
5048931
5048271
5048862
5048733
5048880
5048769
5048728
5048506
5048456
5048762
5048881
5048755
5048815
5048991
5048294
5048826
5048222
5048568
5048941
5048782
5048975
5048113
5048960
