5047390
5047267
5047284
5047335
5047938
5047724
5047713
5047708
5047712
5047507
5047828
5047491
5047384
5047798
5047411
5047346
5047619
5047838
5047297
5047198
5047122
5047543
5047889
5047398
5047678
5047048
5047986
5047174
5047447
5047696
5047028
5047215
5047725
5047477
5047814
5047458
5047009
5047572
5047450
5047633
5047294
5047373
5047324
5047832
5047218
5047554
5047433
5047990
5047881
5047833
5047974
5047436
5047033
5047225
5047153
5047535
5047714
5047102
5047557
5047128
5047476
5047896
5047396
5047916
5047767
5047651
5047654
5047872
5047743
5047550
5047287
5047867
5047394
5047952
5047495
5047274
5047045
5047087
5047289
5047757
5047317
5047598
5047032
5047549
