234909638
234909435
234809079
234909325
234809330
234818464
234809912
234817719
234909668
234817774
234909130
234817522
234809812
234909440
234908728
234817379
234909719
234909662
234809035
234909801
234818794
234817133
234908671
234809562
234909307
234818431
234809493
234818115
234909972
234909153
234817171
234909117
234817474
234817005
234818855
234909744
234818079
234817879
234818780
234909210
234809151
234809409
234909084
234908611
234909746
234817975
234818265
234909145
234908100
234908576
234909760
234909185
234818693
234908532
234809118
234809541
234908236
234809978
234817011
234908585
234908782
234909189
234817107
234909700
234818531
234817499
234909655
234817239
234817278
234809835
234908362
234817340
234818311
234809262
234809255
234817558
234809580
234817953
234817447
234809795
234809715
234817122
234909833
234909368
234818513
234908674
234809664
234817174
234909612
234817290
234817244
234909021
234817543
234818043
234809447
234817545
234908024
234809542
234817322
234818217
234809866
234817166
234908128
234908639
234818267
234908646
234818748
234909108
234817671
234809095
234818042
234818552
234818250
234817091
234909516
234909275
234909811
234809150
234909702
234818939
234908013
234809587
234817751
234817684
234908250
234909962
234908011
234817050
234909160
234809194
234908508
234818302
234817753
234809946
234818504
234818785
234909184
234818685
234818907
234909241
234809559
234818535
234909314
234909915
234908069
234909007
234809685
234818131
234909922
234817374
234818149
234818972
234818104
234909040
234908479
234908271
234809619
234818733
234909709
234809475
234908538
234909441
234817689
234909506
234908345
234817020
234908454
234818160
234817763
234818662
234908256
234817042
234908025
234809625
234909858
234908544
234909552
234809992
234817540
234809567
234909973
234909601
234908549
234909569
234818070
234818096
234909934
234909808
234818003
234817061
234909061
234809258
234817344
234817978
234818083
234817380
234817432
234909502
234817306
234817294
234818554
234818550
234809624
234817450
234908632
234817990
234909389
234817539
234818627
234818702
234818673
234818603
234809597
234817366
234909561
234908104
234908773
234809584
234909995
234909849
234817463
234818041
234817779
234817567
234909842
234817211
234908559
234818147
234818074
234817891
234809589
234909928
234817179
234809922
234818750
234908425
234909528
234909050
234909164
234909220
234809936
234809315
234818683
234809437
234809340
234818158
234908040
234909641
234809897
234817303
234817781
234809161
234818668
234809160
234818912
234817428
234818989
234817840
234809802
234909110
234818737
234908461
234809351
234818902
234817570
234817298
234809504
234818461
234818877
234908185
234817262
234908598
234809269
234818831
234809855
234909611
234909250
234809869
234908612
234809402
234909235
234909875
234817431
234909944
234908871
234817660
234909689
234818828
234909562
234909428
234817212
234817493
234817105
234909886
234909844
234809413
234908094
234909012
234818522
234818931
234817459
234809067
234817827
234818636
234908217
234908234
234909941
234909856
234809593
234909938
234817228
234908328
234817946
234818561
234818754
234809306
234817609
234817313
234817929
234809697
234817382
234809623
234909335
234818686
234809535
234809695
234818680
234809408
234809726
234908495
234809117
234809057
234909936
234817194
234817456
234818458
234817632
234809569
234817059
234909327
234818309
234908652
234817928
234817023
234909756
234817631
234818253
234909198
234818095
234818349
234909056
234818167
234809379
234809853
234909815
234817405
234818916
234909788
234817446
234909730
234909343
234909932
234809927
234909770
234809501
234817084
234817183
234817642
234818450
234908571
234809979
234817069
234908736
234908305
234908048
234909415
234809385
234909957
234817616
234818746
234818710
234817131
234809970
234809149
234809304
234809275
234817577
234909513
234817782
234817427
234908530
234909814
234908072
234818743
234809828
234817457
234809132
234809500
234817611
234909640
234909837
234909650
234818227
234818223
234908320
234908047
234818732
234809532
234809146
234817398
234909926
234818880
234818701
234909568
234909252
234909878
234909127
234909338
234908160
234908726
234817741
234809557
234817472
234817727
234817047
234817589
234909197
234909425
234909752
234909206
234908616
234817587
234909312
234908595
234809942
234908655
234909899
234809432
234817172
234909805
234818135
234909457
234909761
234909414
234908388
234817067
234908301
234809464
234809594
234818239
234818436
234909243
234908679
234817995
234809612
234909535
234909300
234809825
234818568
234818463
234818474
234909271
234909762
234809607
234908211
234809175
234817800
234908519
234817989
234809110
234809193
234909907
234908189
234908546
234818634
234809819
234909168
234908437
234908651
234817377
234818320
234909062
234809322
234809370
234809189
234818013
234818133
234818081
234817115
234809608
234817872
234817984
234818859
234809681
234817971
234817235
234909963
234818955
234908590
234818199
234909632
234817242
234818402
234809228
234809128
234817062
234809586
234809986
234909977
234817960
234909514
234908353
234809717
234908265
234809400
234817497
234909893
234909605
234908781
234809969
234818847
234817073
234908020
234809937
234817123
234809484
234908366
234818990
234817606
234908405
234817142
234809188
234909949
234809719
234909052
234909045
234809909
234908027
234818960
234909105
234908073
234817894
234817452
234817182
234909462
234809993
234817102
234818950
234909816
234818073
234909721
234909536
234809271
234809216
234818621
234818137
234818048
234817685
234817360
234818481
234908122
234809392
234909897
234909909
234817739
234809987
234818775
234809621
234809859
234908080
234818467
234909237
234818810
234908041
234818244
234809265
234817487
234809272
234908370
234809231
234909839
234909186
234818562
234818622
234908565
234817141
234909371
234809875
234818308
234818314
234818310
234909200
234817594
234818869
234809679
234817197
234809822
234817060
234809914
234817588
234817029
234818873
234908662
234817265
234908081
234909255
234908161
234817117
234817810
234817605
234817993
234909981
234909207
234818969
234817272
234818040
234818238
234818599
234809790
234817925
234908015
234817159
234817270
234909240
234817126
234809934
234817415
234817410
234908109
234908518
234908644
234817571
234809339
234909064
234817714
234818981
234908438
234809630
234818731
234818684
234818462
234818077
234818124
234908200
234908307
234909529
234818666
234909717
234818385
234818827
234908537
234818280
234908059
234818910
234908628
234817345
234818357
234809139
234908755
234817954
234817715
234908619
234817391
234817386
234817469
234809263
234909464
234909099
234817008
234818029
234817847
234909873
234809974
234818466
234809394
234909450
234909254
234909619
234817189
234818348
234817820
234809899
234818853
234809387
234908063
234818488
234817868
234818801
234818382
234817195
234817288
234817350
234909316
234818016
234809518
234818325
234817297
234909872
234908030
234818025
234817119
234809093
234818635
234817394
234809167
234817694
234908056
234809089
234817647
234817051
234817326
234817022
234809671
234817300
234908455
234818543
234809472
234809945
234909257
234818405
234817253
234909627
234809476
234818101
234817495
234909747
234817412
234817356
234909750
234908004
234817553
234809109
234818144
234908192
234909763
234818060
234809239
234809059
234908706
234909512
234818140
234817956
234817548
234908419
234809902
234809112
234908151
234817025
234909888
234817886
234809261
234909088
234809809
234908569
234818179
234818047
234909606
234909958
234818028
234817318
234817778
234909515
234908386
234818593
234817762
234909943
234818845
234818087
234817700
234817805
234809707
234817079
234817566
234909094
234818745
234818277
234817111
234817440
234817603
234818919
234818569
234909148
234908637
234908447
234818278
234809932
234909817
234818498
234818825
234909187
234908416
234908074
234909406
234809027
234909298
234818208
234909902
234908889
234908232
234909783
234818266
234818541
234909172
234909396
234817740
234809515
234908578
234817309
234818655
234908254
234909381
234818769
234818322
234809832
234908884
234909014
234818472
234809454
234809826
234809534
234818350
234818476
234818500
234818727
234818469
234908240
234909208
234908566
234809488
234809417
234909000
234817945
234818352
234818505
234817201
234908778
234809467
234818893
234908245
234809310
234817245
234908138
234818470
234809616
234817706
234908533
234909620
234809579
234909544
234818233
234909158
234809391
234908054
234909626
234809692
234909979
234817873
234908092
234809529
234809487
234817704
234908794
234908442
234909278
234818088
234818707
234909170
234817015
234818111
234908064
234818957
234809871
234909315
234818958
234908166
234908204
234909967
234908361
234909013
234817271
234909890
234908257
234908218
234809496
234817039
234817883
234809056
234818951
234818443
234909703
234809249
234817541
234909589
234818608
234809230
234909273
234818653
234818235
234908432
234909391
234908303
234908115
234809445
234818113
234809054
234908742
234817991
234909948
234818643
234809516
234908313
234817688
234817408
234809783
234908273
234817066
234909757
234809074
234818924
234908770
234909341
234908599
234908297
234817951
234809527
234818449
234809342
234909990
234818118
234809301
234817885
234908502
234817708
234909548
234817007
234809991
234809186
234817407
234909838
234817705
234909810
234817730
234818890
234909590
234818398
234817900
234817718
234817339
234809590
234817749
234909228
234909019
234809576
234817878
234818862
234909322
234809072
234817590
234818645
234909003
234818605
234817728
234818759
234818821
234818324
234909288
234809360
234809457
234909633
234818824
234809019
234817293
234818397
234817187
234908302
234817213
234908326
234908579
234817489
234909047
234818800
234817214
234809104
234809144
234818230
234817099
234909035
234809568
234818143
234809971
234817225
234818526
234817483
234909824
234809455
234818121
234809891
234908304
234909560
234818566
234809482
234818155
234818229
234809906
234908231
234809613
234908091
234818964
234908491
234809237
234908095
234818889
234817870
234817364
234809442
234909355
234818422
234817752
234817811
234908774
234817249
234908514
234809209
234818216
234908259
234817923
234817426
234818103
234817321
234909407
234909608
234818763
234909167
234817656
234908165
234908102
234817114
234908318
234909238
234908272
234909923
234809308
234818997
234817404
234908295
234817287
234908045
234908035
234909617
234909841
234809661
234809254
234817238
234909978
234908787
234909459
234817687
234809574
234818682
234809918
234818082
234908413
234809050
234809364
234818592
234909549
234818798
234809181
234809823
234817479
234817110
234809362
234908730
234818482
234817482
234908481
234908375
234818809
234809921
234809817
234818882
234908535
234908132
234817443
234909308
234809393
234809985
234818289
234908540
234909896
234809087
234909592
234818437
234809636
234809097
234818021
234818391
234817982
234809703
234818948
234817097
234908445
234818742
234818954
234817150
234809867
234809398
234908401
234817296
234909819
234817601
234818206
234818024
234817054
234817006
234817565
234809638
234909821
234809331
234908373
234809930
234908201
234818231
234817346
234909188
234909132
234908230
234818326
234817064
234818975
234817620
234909359
234817965
234908239
234817825
234818240
234818005
234908618
234908157
234818182
234818039
234818465
234909753
234909150
234817987
234908351
234809395
234908591
234908482
234817604
234817441
234809183
234909652
234908676
234909329
234818446
234809702
234909433
234909161
234909903
234809406
234809164
234809016
234909418
234908668
234817547
234818917
234809121
234818285
234909895
234809546
234818528
234809127
234809199
234809980
234818354
234809803
234809502
234809961
234817930
234908638
234817846
234809210
234909681
234818457
234908476
234817786
234817076
234818876
234909452
234817256
234909574
234818709
234817972
234818905
234809799
234809601
234817745
234818301
234817259
234909883
234817720
234909674
234909285
234909499
234909767
234818049
234909691
234809256
234909904
234908213
234818305
234817454
234817959
234817466
234909118
234818471
234809412
234809336
234817217
234817641
234818726
234809716
234909775
234817231
234818089
234909919
234818205
234817931
234909728
234908019
234909554
234809947
234809136
234817147
234809854
234909279
234817291
234909071
234809024
234809233
234817068
234818764
234817083
234909675
234818563
234809215
234818333
234817155
234817855
234909832
234817985
234809248
234909864
234817758
234809353
234817417
234809082
234818591
234909182
234817683
234908808
234817772
234809920
234818503
234817492
234818694
234809142
234818851
234908594
234809848
234809388
234817295
234809243
234908001
234818421
234908133
234818100
234818298
234909377
234909399
234817402
234818296
234818490
234818420
234817814
234818189
234809787
234817010
234818921
234817470
234809070
234818699
234908473
234809898
234909282
234818152
234809197
234818294
234909020
234818611
234809441
234909602
234817841
234818641
234809369
234818778
234908494
234908249
234909151
234818966
234909670
234817770
234817034
234818820
234909631
234818806
234817838
234909533
234909993
234818560
234909455
234908515
234908550
234909384
234908294
234818582
234909067
234809604
234908355
234809904
234818425
234909069
234817437
234818058
234909138
234817188
234809196
234809627
234809507
234809708
234809552
234809530
234809478
234818953
234909835
234818317
234909155
234809312
234809911
234818502
234809480
234809555
234908248
234818316
234908650
234809489
234908529
234809831
234908477
234809374
234818937
234818091
234817496
234909580
234817372
234909966
234818848
234908493
234909131
234909354
234909497
234809148
234817024
234909614
234809420
234909876
234909394
234817675
234809355
234817630
234817464
234818268
234817592
234818818
234809066
234809415
234818496
234908084
234909564
234809940
234809521
234809683
234818410
234908000
234908507
234909410
234818631
234817173
234908364
234818600
234817618
234818762
234809701
234909236
234909348
234817403
234908298
234809782
234817980
234909918
234817144
234909550
234818941
234818724
234909166
234809349
234909802
234809120
234817460
234817648
234908633
234908563
234908276
234908605
234809162
234908874
234818791
234909011
234909219
234817065
234817277
234818725
234817818
234817307
234817748
234909022
234809548
234908142
234817145
234817080
234908168
234909120
234909323
234809152
234818949
234817315
234817769
234817127
234909576
234818069
234908067
234809426
234817100
234909146
234818586
234908002
234908322
234817129
234818141
234909910
234908014
234909034
234818034
234818351
234908592
234909987
234809207
234908526
234909053
234909470
234818046
234909593
234818246
234809008
234817500
234909193
234818355
234908877
234817151
234908701
234908147
234909519
234817582
234818509
234908882
234818565
234817773
234909845
234908620
234818459
234817156
234909609
234818799
234817420
234909603
234908738
234909716
234809539
234908804
234818274
234809637
234818360
234818934
234818363
234909404
234817049
234818898
234909749
234817036
234809328
234809363
234908134
234909461
234908357
234818819
234909397
234909156
234908712
234809129
234809332
234909044
234817275
234817711
234909916
234908143
234818664
234908737
234908330
234817000
234809071
234908471
234817581
234809463
234817761
234909023
234817710
234809524
234908588
234817738
234817012
234908242
234908215
234909582
234809107
234809599
234908570
234817701
234909857
234817564
234818976
234809688
234809449
234909556
234818595
234817285
234809890
234809303
234809407
234817247
234809861
234817161
234818411
234908258
234809528
234809836
234817263
234909799
234809581
234809382
234817672
234908634
234809780
234817716
234909111
234817721
234818940
234909636
234817557
234809491
234817788
234817434
234809566
234818576
234909982
234817657
234817283
234817124
234817252
234817669
234818203
234817154
234909107
234817267
234817451
234908797
234818669
234909666
234817988
234908114
234817747
234809465
234817196
234817575
234809264
234818479
234809220
234817867
234809852
234817411
234818148
234818601
234817423
234809020
234908574
234809305
234909287
234809357
234809405
234818120
234908421
234809712
234908381
234809058
234818590
234818640
234908677
234818628
234908801
234817038
234809983
234809694
234908764
234818369
234909215
234909065
234818050
234817824
234908564
234909469
234908029
234908186
234817094
234909537
234908452
234817365
234809999
234809119
234908672
234809860
234909246
234908292
234909680
234818414
234909781
234817877
234817633
234817921
234817622
234818245
234809721
234908690
234908332
234908032
234818933
234908543
234817808
234909974
234817325
234817834
234818998
234817734
234909029
234909326
234818588
234818017
234817335
234909498
234818001
234817089
234908346
234809443
234909773
234908235
234818629
234817665
234818119
234818756
234908016
234818236
234809435
234818970
234817016
234809354
234909089
234809274
234817113
234908689
234908641
234818336
234909950
234817478
234818293
234817853
234908349
234818524
234818372
234908575
234817864
234909001
234908188
234909369
234909229
234809229
234809345
234809984
234909654
234809844
234809092
234818145
234908396
234817532
234908299
234809510
234909908
234817518
234817206
234818909
234909443
234818428
234909726
234908513
234909221
234818538
234818540
234817480
234809473
234817044
234908753
234909867
234809900
234818697
234809606
234817109
234818339
234817395
234908267
234818065
234809850
234817563
234818264
234909476
234909092
234818241
234809321
234818105
234817128
234809184
234908683
234818483
234818004
234909311
234818038
234809185
234818447
234817787
234818002
234909507
234909344
234818776
234809165
234818993
234809032
234909642
234817880
234818623
234908052
234909085
234909496
234809640
234818312
234817777
234908896
234817371
234909112
234909421
234818811
234818749
234909318
234818212
234818132
234818243
234909382
234909600
234818914
234817236
234809094
234817617
234809446
234818760
234909846
234817865
234817525
234909321
234909319
234908228
234809905
234908039
234909572
234817308
234809422
234809931
234909456
234908387
234809083
234809680
234809226
234908772
234908255
234809155
234817523
234817381
234809338
234818451
234908344
234817048
234809856
234909795
234817572
234818188
234817014
234809639
234817444
234818202
234817323
234909646
234908556
234818520
234908390
234817619
234908510
234817869
234909100
234818200
234909505
234909823
234809159
234818342
234908099
234809259
234909042
234909463
234817361
234817009
234908527
234908383
234809843
234908766
234818344
234818781
234909264
234809893
234809213
234817586
234809329
234809519
234908338
234909097
234818380
234909256
234817216
234809434
234809916
234909708
234817815
234909575
234809815
234908125
234818261
234809115
234817862
234809131
234818377
234809166
234909764
234809126
234908117
234908347
234809372
234908806
234817754
234909623
234818343
234817243
234817246
234818557
234909386
234809212
234817957
234817033
234809547
234908767
234817032
234809907
234909534
234908649
234908484
234908645
234817679
234908260
234818529
234909028
234818793
234809564
234817678
234817282
234818822
234818072
234908077
234809609
234817040
234809962
234908693
234908400
234909526
234809801
234817766
234817979
234818980
234909363
234908429
234809968
234809462
234817695
234818615
234809892
234817101
234809872
234909669
234909301
234817623
234818299
234908012
234909331
234909665
234809438
234908460
234909720
234818536
234909349
234909992
234909705
234809858
234818946
234809483
234908274
234908760
234809838
234818407
234909367
234908768
234818967
234908629
234817723
234909190
234909696
234809499
234817837
234909431
234908468
234809808
234809123
234909123
234818255
234818370
234817600
234818127
234909231
234909921
234817765
234818812
234809605
234818275
234809204
234809187
234817240
234909027
234909862
234908026
234818558
234818036
234818010
234818389
234818687
234909429
234908878
234818337
234908776
234908210
234809514
234909522
234809325
234909292
234818858
234908480
234817071
234809923
234908504
234908525
234908739
234908225
234818632
234908751
234818850
234908457
234809693
234908602
234909836
234817328
234809333
234909049
234908306
234909317
234908415
234909594
234909785
234908885
234908369
234817153
234817999
234818297
234908110
234908615
234818222
234817635
234818353
234908365
234818419
234908740
234908327
234818570
234809234
234818329
234908214
234908331
234818984
234818894
234908567
234817903
234817175
234909686
234817507
234909659
234818193
234908243
234817907
234817419
234908622
234809307
234908727
234909604
234817831
234817355
234818032
234909430
234909731
234809668
234909933
234818755
234817697
234809556
234818092
234909180
234908589
234817662
234817859
234818291
234809494
234908209
234909436
234909370
234809143
234909649
234817098
234909305
234817759
234809485
234817330
234817468
234908359
234818784
234908499
234809862
234908385
234817368
234817146
234909543
234908597
234809841
234818494
234909955
234908757
234817559
234809431
234909417
234818062
234909336
234817430
234809195
234817314
234817092
234908720
234809646
234809173
234817085
234909281
234909961
234909059
234818273
234908422
234818037
234817056
234809381
234908741
234809427
234818854
234809171
234809214
234909173
234818018
234909199
234817136
234909984
234908152
234817673
234818341
234817433
234908606
234818878
234809935
234818283
234809358
234818362
234818519
234817517
234817746
234809572
234817764
234908694
234817343
234817453
234809553
234909383
234908033
234909547
234817702
234909183
234909249
234908688
234817389
234809091
234908520
234818097
234817843
234818364
234909792
234818789
234818361
234818136
234809242
234817624
234909268
234908083
234818112
234818125
234818319
234817966
234908758
234809031
234817421
234817962
234908754
234818434
234818373
234818660
234818331
234817304
234908149
234809506
234809241
234817058
234809158
234818564
234908696
234809642
234818359
234818384
234909706
234817528
234817505
234818527
234809477
234909663
234809709
234909809
234809444
234909591
234817143
234909911
234909870
234817610
234817134
234908890
234909025
234809335
234908136
234818665
234817168
234818445
234908725
234908584
234818390
234817793
234817279
234818625
234818974
234817526
234818881
234809106
234818936
234809660
234818051
234818383
234809570
234817731
234817204
234908522
234909346
234909713
234909267
234817167
234817733
234818242
234909825
234817177
234909613
234809022
234909954
234818276
234908648
234817579
234908221
234818597
234818226
234809684
234817501
234817190
234818403
234809517
234908394
234818514
234818511
234809156
234909813
234817387
234908465
234908372
234817964
234809458
234809561
234809545
234817336
234817352
234909353
234818698
234818033
234809830
234909179
234818571
234909521
234809062
234909195
234818691
234908485
234908314
234817849
234908158
234818813
234908389
234908379
234908247
234817334
234809073
234817625
234909390
234818171
234818399
234818022
234809536
234909997
234909332
234818114
234818150
234817848
234818915
234908268
234817585
234908096
234908443
234817644
234817490
234908614
234809052
234908542
234909851
234908278
234817237
234809317
234817424
234908536
234817230
234908506
234817950
234908653
234909142
234909196
234909143
234809670
234818932
234818508
234909570
234908809
234817520
234817416
234908430
234818019
234909412
234818779
234817078
234908006
234817852
234809086
234908647
234817893
234818676
234908208
234909495
234809634
234908017
234818282
234809981
234809614
234818672
234817075
234909723
234908034
234818704
234908270
234908317
234909571
234809689
234818220
234809061
234909729
234908309
234909901
234908609
234909797
234818891
234817649
234817906
234908463
234817269
234818429
234818861
234909634
234909975
234909017
234817968
234909648
234817698
234809108
234818295
234908090
234817703
234818944
234817181
234817949
234818176
234809361
234809424
234818572
234908557
234809939
234817041
234817251
234909259
234809085
234817359
234908042
234809273
234818596
234909133
234817310
234809631
234818620
234809246
234909036
234817281
234818455
234818638
234817208
234909745
234817063
234809244
234809178
234909827
234818303
234809686
234817626
234817435
234817148
234818207
234809384
234817264
234809997
234817875
234817969
234908087
234818484
234908719
234809821
234909551
234809103
234908339
234818157
234909304
234909546
234908642
234817273
234809543
234809903
234809235
234909776
234817555
234809505
234818123
234908055
234909566
234818728
234818030
234818580
234817013
234817289
234817001
234818417
234909125
234818489
234818214
234817676
234817003
234817233
234809448
234909682
234818173
234909086
234818768
234817583
234909232
234909128
234909834
234818706
234809641
234817475
234818057
234818300
234817755
234818460
234818386
234908216
234817184
234817591
234818358
234908414
234817301
234908118
234908038
234818999
234908724
234908310
234908528
234909449
234909595
234909109
234818340
234817645
234817104
234809026
234909531
234817666
234818272
234818412
234817486
234908156
234909038
234809919
234809359
234817595
234817353
234817476
234909803
234817724
234909211
234809223
234809428
234809710
234817826
234909159
234809495
234817866
234817096
234809176
234909754
234818507
234908562
234909033
234908120
234909280
234908792
234818174
234908377
234908075
234809168
234818751
234909778
234909527
234817537
234809257
234809965
234817378
234817690
234818225
234809124
234908428
234909583
234908018
234818883
234809960
234909233
234817884
234817425
234818517
234818753
234818376
234818259
234809713
234908126
234909119
234818151
234909541
234809834
234909135
234909766
234809030
234909718
234817927
234809792
234817756
234909137
234909320
234817615
234818432
234908028
234817803
234818197
234817574
234818116
234817629
234909581
234908311
234817316
234908418
234818321
234908623
234817299
234909351
234809205
234818575
234818904
234817856
234818269
234809714
234818911
234809219
234908340
234818868
234818196
234817149
234818232
234909900
234909468
234908630
234809208
234809682
234818968
234818913
234818613
234909492
234809943
234818770
234909376
234909387
234909999
234909585
234817857
234809704
234909398
234818548
234817674
234909408
234817845
234817192
234809414
234909393
234809722
234818987
234909887
234909192
234818066
234817744
234809554
234909258
234818556
234818900
234817819
234809643
234909388
234809618
234817070
234817750
234908264
234908680
234818648
234909129
234909707
234809101
234818846
234909538
234817169
234817569
234818585
234809390
234817280
234818468
234908750
234818920
234817510
234817550
234818670
234817735
234809533
234818440
234809078
234817638
234817598
234909994
234809596
234908761
234817409
234809602
234809368
234817135
234818695
234818257
234909057
234809140
234818084
234817224
234818942
234817983
234908534
234909218
234818888
234817333
234809174
234817276
234908486
234818219
234908105
234809492
234818901
234818454
234909509
234818657
234909542
234908076
234817342
234818163
234908130
234809470
234908269
234908043
234909347
234809665
234909358
234908199
234817996
234908071
234809018
234909474
234818396
234817640
234817116
234817628
234809141
234908498
234908205
234909018
234809098
234809975
234809389
234809588
234909812
234809818
234909866
234818180
234817833
234909270
234817963
234909026
234809662
234909334
234818965
234908610
234817661
234809122
234908224
234817193
234817337
234809180
234809065
234908263
234909453
234818486
234818473
234909439
234909372
234909952
234818573
234818159
234817494
234809846
234817178
234818602
234908399
234908667
234809857
234818624
234909578
234908785
234817077
234809238
234909622
234908141
234809874
234817743
234909917
234817137
234908398
234908678
234809153
234817019
234818134
234909471
234817138
234817209
234818532
234809075
234818533
234809944
234809145
234809063
234909392
234818962
234818126
234809591
234817562
234809995
234818224
234909931
234909679
234908371
234817250
234817125
234817712
234818807
234909401
234908492
234809425
234809663
234809190
234908279
234817210
234908197
234818497
234809025
234818330
234818401
234817722
234909217
234817521
234809865
234909362
234818252
234818356
234908169
234908459
234818865
234908296
234817637
234909624
234809511
234809677
234817839
234817771
234908023
234809785
234909479
234908560
234908748
234818270
234909016
234817327
234818086
234908607
234909991
234817471
234817370
234909847
234817292
234909828
234818581
234809252
234909095
234809558
234817955
234909685
234817552
234909261
234908440
234908337
234817515
234809266
234818604
234909615
234817901
234809486
234909504
234809099
234809720
234817905
234817388
234909139
234817663
234809727
234817053
234809729
234817199
234909806
234908193
234818423
234809460
234909113
234817215
234909660
234818102
234809163
234818007
234908439
234909446
234817967
234809053
234809976
234818871
234817030
234818304
234909782
234818896
234809064
234909714
234818986
234817737
234809810
234908709
234818258
234809380
234818515
234818138
234818744
234909645
234809468
234908097
234908393
234809320
234809901
234809938
234809198
234818637
234818430
234908490
234909557
234909364
234809894
234908541
234809411
234818857
234809598
234818551
234909423
234908061
234817887
234818729
234818366
234908699
234818612
234817312
234809270
234817311
234908547
234818925
234909587
234909106
234818875
234908582
234809615
234817329
234909831
234908580
234818652
234817926
234909889
234909342
234908068
234809531
234809849
234908123
234817851
234908608
234908206
234818708
234818518
234817664
234909772
234818647
234809114
234818067
234809669
234908601
234908293
234909297
234908625
234817680
234908771
234818747
234809824
234817185
234909998
234809225
234908333
234818190
234818409
234908516
234818681
234818162
234909272
234909114
234809192
234908053
234908049
234809966
234909295
234809989
234818318
234908244
234908121
234909223
234817488
234818379
234809113
234908252
234909426
234817544
234909986
234908517
234908397
234908777
234818567
234908131
234817530
234817158
234809837
234818076
234909176
234818187
234909501
234818453
234809346
234817614
234809403
234818994
234809100
234809913
234909970
234818774
234818923
234809069
234809503
234818271
234818867
234909937
234818064
234909579
234818906
234809352
234818288
234909597
234818555
234908202
234908577
234818782
234818000
234908050
234908554
234908551
234817057
234908195
234817462
234908129
234909283
234818444
234809377
234909892
234817817
234818886
234817944
234908408
234817977
234909162
234818172
234817677
234908545
234809575
234908374
234908658
234908078
234908220
234908999
234909929
234818281
234908654
234818928
234809206
234818371
234809725
234809337
234809348
234909015
234818830
234817682
234909511
234909096
234817274
234817713
234809982
234818766
234817284
234909850
234817021
234908348
234909328
234909216
234809138
234908478
234908441
234909598
234909068
234909790
234809134
234908505
234817162
234909672
234908167
234908456
234817324
234818738
234909651
234818523
234818262
234817320
234908702
234909677
234809925
234908229
234818849
234908251
234818426
234909194
234818334
234909905
234909152
234809793
234909704
234817998
234909661
234909698
234818142
234908308
234809620
234818485
234818805
234817511
234909374
234817554
234909794
234817341
234818456
234818537
234908334
234909337
234909701
234817442
234818646
234809365
234817549
234818061
234818730
234909205
234809842
234908261
234809888
234908171
234817546
234909863
234809497
234909465
234809706
234908561
234909171
234909630
234909920
234818287
234909375
234809217
234817362
234818323
234908376
234908086
234909360
234818549
234809563
234817794
234817164
234909234
234818491
234817018
234818860
234909244
234809440
234817484
234818734
234818765
234818677
234818307
234818052
234817509
234908805
234818178
234908875
234809807
234809645
234817512
234818408
234818347
234909227
234909380
234809565
234908881
234817157
234817652
234908684
234809023
234908810
234908891
234817103
234908246
234817413
234908451
234818610
234908336
234817317
234809928
234817776
234908512
234817384
234818313
234909290
234818656
234809647
234809791
234809090
234909350
234809595
234818870
234909769
234817692
234908253
234909438
234817349
234809560
234817890
234909294
234809796
234909725
234818678
234817163
234908695
234818035
234908350
234908212
234908233
234908483
234818802
234908226
234818448
234909724
234809268
234818186
234809786
234817348
234817806
234818577
234817828
234909230
234818108
234908319
234909454
234817634
234818012
234817392
234908194
234818338
234909054
234909840
234818808
234909422
234909175
234908127
234818973
234817227
234809039
234818895
234908729
234909310
234909891
234809130
234909149
234909245
234909520
234818783
234818977
234818315
234909565
234809973
234909722
234809088
234817892
234809513
234818098
234818175
234817813
234909643
234909121
234817707
234909610
234809341
234809461
234809578
234809814
234909830
234809232
234909303
234817445
234908572
234908341
234817363
234908681
234809245
234817508
234909868
234817160
234818381
234809544
234818154
234908673
234908103
234908636
234817882
234809311
234809133
234908323
234809788
234809522
234818598
234809084
234817385
234909826
234818574
234817074
234909786
234818661
234817376
234809324
234909768
234909804
234809396
234908446
234908112
234909510
234909247
234909960
234818375
234908568
234818075
234818639
234817790
234908009
234818501
234909324
234908089
234909409
234909968
234909091
234909466
234809421
234909658
234817527
234817732
234908631
234817400
234818374
234909378
234909690
234817961
234809967
234909693
234909055
234818284
234809600
234909411
234818063
234809917
234909711
234818689
234817650
234809798
234809236
234818165
234809433
234817691
234818332
234909971
234818185
234809988
234817850
234908581
234817801
234909553
234818292
234817130
234817593
234817095
234817170
234818424
234809806
234809436
234809040
234908198
234818085
234818991
234909976
234908082
234818139
234908666
234818616
234818009
234909031
234818181
234909584
234818654
234809309
234809628
234908558
234908070
234817613
234817597
234818392
234908412
234818054
234809933
234909784
234908531
234908266
234818606
234818542
234908780
234809582
234909884
234909286
234809550
234908159
234909284
234818026
234818988
234817120
234809466
234909444
234909567
234817106
234818156
234908448
234817920
234908170
234909043
234818416
234809481
234908164
234909475
234809191
234817461
234909242
234817502
234818772
234818194
234817958
234908682
234817576
234809313
234809015
234817367
234818044
234818130
234817736
234909126
234818521
234817952
234818607
234809644
234809356
234818078
234908659
234909500
234908382
234818626
234908036
234809845
234818922
234809926
234909667
234909356
234818071
234909002
234818122
234909493
234809125
234909644
234817406
234908154
234809471
234809081
234908627
234908548
234809350
234809829
234909147
234809508
234817086
234817823
234817768
234818433
234817861
234809633
234809797
234817599
234818153
234817373
234809673
234818192
234909427
234809540
234817302
234809622
234818688
234818761
234818023
234809915
234817804
234908503
234909855
234909951
234909115
234809687
234809224
234908665
234818248
234909532
234817090
234817004
234809700
234817401
234908762
234818477
234818996
234817981
234817449
234908450
234809055
234809805
234818388
234908321
234908368
234809490
234818961
234817035
234908453
234818863
234909299
234909639
234809571
234818487
234818773
234809839
234909066
234809453
234817538
234909157
234809017
234817812
234809509
234908539
234809873
234909365
234809730
234818263
234809549
234818797
234909262
234817390
234909478
234809724
234809319
234809789
234908005
234817396
234909009
234909191
234809326
234909225
234809344
234908062
234909293
234818618
234817725
234809632
234809972
234817513
234909214
234818166
234818306
234809051
234818899
234908509
234809439
234817542
234817369
234909419
234908469
234909898
234908037
234908119
234809418
234818394
234817997
234909924
234909647
234818251
234817821
234817358
234817248
234817584
234818438
234809371
234909656
234809868
234818393
234818080
234809781
234818452
234909588
234818478
234809676
234809577
234909555
234909789
234809033
234909818
234908573
234909629
234909063
234818510
234818663
234909980
234818856
234908521
234809847
234818256
234817028
234908315
234809397
234817986
234909224
234817924
234909956
234809060
234809177
234817871
234818658
234809851
234909451
234908360
234818908
234818844
234909524
234809864
234818667
234908472
234818404
234809430
234818415
234817043
234818099
234809211
234909945
234809375
234817947
234909400
234809154
234818169
234818788
234908021
234818777
234809147
234809585
234908586
234809373
234909087
234818930
234908500
234908406
234817477
234817693
234809675
234817257
234908783
234908191
234908146
234817465
234908354
234908363
234817568
234818758
234908113
234818650
234818027
234908367
234909625
234818644
234909820
234908051
234908391
234818031
234809479
234817268
234809451
234818619
234909523
234817922
234818872
234817347
234817842
234909458
234818221
234809182
234818168
234809474
234818795
234817473
234909545
234908010
234909416
234818578
234909879
234909664
234809096
234809811
234817503
234818935
234817729
234817681
234818786
234908079
234908624
234817351
234909472
234818887
234818015
234817436
234909070
234809247
234818959
234818530
234908407
234809964
234817399
234809221
234809102
234818327
234909277
234909134
234908692
234817046
234809080
234809386
234817621
234818525
234818055
234909755
234817266
234817651
234809401
234818006
234909780
234818692
234818617
234909136
234908657
234909599
234818790
234909024
234909530
234817031
234908116
234908335
234818506
234908275
234817863
234909226
234817052
234909694
234817832
234818090
234817037
234817139
234818985
234909340
234818696
234817393
234818614
234809827
234809169
234818918
234817504
234817658
234818254
234818442
234817709
234809603
234809699
234818945
234818642
234809941
234909163
234818547
234809260
234909692
234909596
234909525
234818752
234817994
234909914
234809410
234817816
234908325
234817516
234817332
234818679
234908789
234909296
234818117
234818539
234818757
234817636
234817874
234818823
234809611
234817132
234908660
234817970
234908700
234809429
234908145
234818387
234818771
234818929
234818480
234817448
234809200
234909860
234818211
234817191
234809327
234818609
234909141
234809794
234818406
234909673
234909894
234909154
234809459
234817560
234809538
234817027
234817646
234909178
234818247
234909041
234908475
234818982
234818109
234817414
234818191
234908108
234818866
234817835
234817742
234818110
234909046
234817654
234909010
234909004
234809450
234818852
234908593
234809573
234908404
234818963
234817498
234809383
234818183
234817140
234809908
234817152
234809667
234817844
234809626
234817261
234818736
234908324
234818495
234818516
234809240
234818059
234909573
234818943
234909621
234817519
234809525
234909177
234817491
234909715
234908449
234809046
234909787
234908635
234908775
234809021
234809300
234817397
234818400
234817533
234909687
234809610
234809253
234809816
234909758
234809840
234909366
234909712
234817422
234908203
234809896
234909678
234908721
234909361
234817757
234817822
234908876
234817876
234809456
234817904
234909330
234818792
234809705
234817418
234909563
234909181
234809267
234818739
234809111
234809251
234818184
234809833
234818885
234818884
234909032
234909385
234817948
234818903
234908640
234909140
234818395
234809696
234909996
234909935
234909432
234908060
234909434
234818368
234809678
234908717
234818164
234909618
234817807
234909090
234818803
234818978
234817118
234909302
234817200
234817726
234818237
234817578
234818804
234817045
234818630
234909798
234817331
234817602
234909379
234809784
234809469
234909494
234909861
234809135
234818938
234809813
234809512
234909030
234817165
234909473
234817458
234908710
234818864
234809423
234909877
234818493
234909313
234809666
234908031
234909942
234818874
234809416
234909930
234817383
234809629
234909048
234909251
234908888
234809804
234909447
234909807
234909269
234809202
234818992
234818787
234908501
234809977
234908044
234818703
234818441
234909697
234809551
234817108
234909577
234908434
234809116
234809929
234809316
234818545
234908799
234818128
234909291
234818983
234908489
234818328
234908656
234817087
234908409
234909093
234809323
234908135
234909174
234809334
234909124
234817973
234908467
234909203
234909352
234817002
234908155
234909289
234909848
234818579
234809452
234909460
234809203
234818649
234817608
234908358
234818735
234909204
234909402
234809963
234818218
234909859
234908238
234817639
234818204
234909413
234818544
234818826
234818671
234909222
234809076
234809378
234817767
234818927
234809870
234818210
234818346
234817686
234909039
234818594
234818700
234909882
234817561
234909445
234809800
234818892
234817093
234817485
234817655
234908262
234818741
234909263
234909442
234909213
234908277
234909098
234817514
234817809
234809227
234818816
234818209
234817992
234908162
234909339
234809523
234908802
234809711
234908697
234809404
234909144
234908496
234909209
234909122
234818249
234809170
234818439
234818228
234908897
234817506
234908423
234909467
234809895
234909265
234818129
234817531
234809691
234909266
234908743
234909695
234817260
234818260
234817081
234908066
234818056
234817055
234809399
234817556
234908604
234809889
234908474
234809990
234818817
234817551
234909959
234818107
234817612
234909925
234809674
234818815
234818020
234909345
234818146
234809592
234818008
234809179
234809723
234909628
234908583
234909006
234818234
234818201
234909405
234909671
234818378
234909885
234909212
234818814
234817974
234909710
234818475
234908223
234909309
234817717
234809583
234809105
234818690
234818926
234909503
234817429
234809526
234818365
234908898
234909988
234818279
234818633
234809343
234818512
234908163
234809044
234908329
234908008
234809314
234809302
234909540
234818170
234908124
234817082
234809731
234817357
234817653
234818286
234817802
234909477
234818705
234818559
234818435
234809498
234818213
234908603
234909616
234909518
234909508
234817643
234818198
234818995
234809201
234909239
234818014
234909357
234817198
234818106
234909727
234818290
234817607
234909953
234817207
234809222
234909559
234817696
234809520
234809077
234817860
234809718
234818195
234909306
234817536
234908698
234909657
234817121
234908352
234809218
234909829
234909373
234818345
234818045
234817205
234818534
234818675
234809537
234818499
234818011
234908497
234908237
234818418
234909037
234909880
234818161
234818711
234909517
234909558
234817176
234818215
234818427
234817305
234909165
234908410
234909395
234817580
234817881
234818897
234809617
234809690
234909008
234809029
234809924
234809728
234818177
234818068
234908137
234817439
234818829
234809635
234818767
234817573
234817112
234817699
234818335
234809910
234818413
234817836
234909333
234817258
234809820
234908749
234817223
234909586
234818546
234909005
234818053
234909779
234818740
234909169
234818553
