234705516
234811295
234705879
234815522
234905692
234705479
234815037
234805982
234705151
234705681
234905967
234807040
234705347
234811804
234815746
234807280
234811922
234705950
234805185
234905191
234807775
234807449
234807107
234705497
234815835
234805520
234905362
234905109
234805152
234807388
234811503
234805994
234811462
234805991
234705743
234805066
234807049
234807265
234815811
234807444
234815664
234805405
234905236
234811284
234905784
234705356
234815873
234905170
234905591
234811985
234905398
234807135
234905923
234815081
234807966
234905740
234807852
234815807
234805373
234905572
234815904
234815759
234705395
234705570
234811818
234805274
234705671
234905824
234815452
234807535
234815748
234811156
234815165
234815520
234815920
234811703
234811702
234807305
234805756
234811111
234815355
234805750
234805980
234815225
234807237
234811266
234815258
234807222
234815676
234815752
234905736
234811325
234805919
234815689
234805843
234807978
234807051
234807747
234705034
234815818
234905337
234815146
234815840
234811098
234705216
234905443
234811852
234807924
234811709
234807649
234807858
234705548
234805914
234811358
234705250
234815034
234905646
234807371
234705201
234807507
234807229
234815826
234811423
234805281
234805968
234705647
234807090
234811886
234815455
234807302
234805208
234815524
234807210
234705619
234815127
234815507
234905604
234905489
234811554
234805776
234807842
234705711
234705072
234905268
234705224
234705702
234815913
234811478
234811404
234815794
234811308
234705450
234815605
234805746
234815405
234811388
234805201
234805736
234811088
234815344
234705326
234805763
234805716
234705043
234905141
234705897
234705592
234805653
234805235
234705834
234807310
234807060
234705291
234811984
234807896
234815967
234905184
234805562
234807419
234905979
234815306
234815473
234805934
234811089
234815700
234807364
234805782
234705130
234705123
234807337
234805115
234807286
234805936
234905624
234705467
234807321
234807333
234705472
234807792
234807681
234815250
234905399
234805243
234705025
234805500
234815928
234815815
234705112
234807965
234811447
234811102
234815193
234811316
234811874
234807895
234811753
234811810
234807854
234705253
234805579
234805691
234905030
234811533
234815489
234805118
234815086
234815695
234815232
234905165
234807461
234815321
234811997
234815856
234905764
234807752
234807278
234807267
234905013
234905947
234815988
234705089
234811832
234815336
234905382
234805675
234807836
234811376
234815869
234807714
234807882
234905702
234705364
234705825
234905071
234807221
234705920
234811671
234815973
234805428
234811826
234705699
234805613
234815317
234815907
234811401
234805110
234811501
234811393
234805656
234811591
234905156
234705982
234805618
234811374
234811623
234905043
234811558
234805684
234805531
234905324
234805514
234815203
234807931
234905054
234807206
234805417
234815814
234815957
234805578
234807160
234815388
234705100
234815977
234805758
234811444
234815465
234811398
234815458
234815793
234807401
234705676
234811891
234805112
234805530
234815906
234811577
234705810
234811965
234705631
234815608
234805081
234815475
234815068
234815639
234807115
234905637
234807698
234811255
234811231
234805821
234815796
234811053
234705678
234811535
234815121
234805997
234807332
234905588
234811468
234811690
234807761
234815479
234811064
234811029
234805774
234805945
234807050
234815743
234805297
234905127
234815204
234705482
234705841
234805301
234805855
234815571
234815217
234705732
234807731
234811152
234905333
234805220
234815974
234905992
234905922
234905259
234705929
234815940
234807868
234807360
234811725
234815319
234811426
234805250
234815640
234807700
234705614
234805932
234705937
234811829
234705062
234705577
234805778
234807944
234811101
234807702
234805321
234811733
234807565
234815289
234807362
234805978
234705416
234705677
234807765
234811060
234905416
234815496
234815610
234807454
234905848
234815414
234905491
234815809
234811538
234807891
234905953
234811165
234815391
234805581
234705379
234807602
234705748
234905287
234805738
234805255
234805316
234811504
234815205
234905163
234811427
234815687
234811500
234705402
234807940
234807132
234805634
234805870
234807504
234705403
234805401
234807241
234811603
234807576
234807578
234807417
234815679
234811330
234905129
234805084
234905571
234905146
234705984
234811237
234807226
234815459
234805915
234905175
234705107
234807433
234807057
234705087
234811927
234807151
234811822
234805138
234807889
234815955
234805146
234905891
234905566
234807577
234807466
234815197
234811647
234905455
234811976
234705129
234815023
234905269
234805971
234805041
234805345
234805592
234815152
234905631
234905096
234905082
234805726
234815971
234805436
234807177
234815347
234815364
234805829
234815915
234805869
234705722
234807546
234705165
234805260
234905407
234807812
234805863
234807488
234705215
234905248
234807810
234805483
234805205
234905445
234815396
234811506
234807671
234905858
234705303
234811460
234811465
234705642
234805816
234905628
234705869
234811042
234807056
234905984
234807553
234807892
234805884
234705639
234807686
234805683
234805123
234807471
234705770
234811953
234805304
234905413
234811312
234811887
234815189
234705185
234905739
234805949
234705587
234705634
234815104
234815143
234905586
234811290
234805051
234905819
234705510
234805544
234805670
234705052
234815288
234805341
234807668
234705304
234811993
234705615
234805616
234905822
234805277
234905427
234815521
234807630
234705028
234811844
234807861
234805892
234811619
234905983
234815702
234905625
234905570
234807900
234705563
234811604
234705192
234815065
234805731
234807166
234905405
234705024
234811855
234807914
234905055
234805379
234905800
234805336
234811326
234805038
234705813
234905441
234815324
234811864
234811194
234815276
234705605
234705672
234811821
234905859
234807848
234905888
234805353
234705259
234905897
234805079
234905044
234807373
234815304
234815511
234805925
234705300
234905288
234815283
234905951
234815515
234807770
234705411
234811592
234811466
234811410
234805662
234815933
234811323
234805221
234805420
234807964
234815992
234805397
234811687
234905991
234805766
234815825
234705562
234905989
234905395
234807856
234905969
234805489
234811675
234815893
234807173
234805805
234811166
234815681
234807490
234905422
234811177
234807432
234815939
234811375
234811583
234811951
234905347
234705077
234705555
234807629
234705878
234705752
234805600
234905950
234905672
234807777
234811977
234807590
234815221
234805380
234811345
234815260
234815568
234807684
234805403
234805505
234811684
234905145
234805191
234811059
234805057
234705515
234815762
234815912
234705376
234815045
234807350
234815036
234905152
234805026
234905715
234705906
234805857
234807678
234705784
234905986
234905676
234905196
234807532
234805150
234815688
234905045
234811051
234807910
234815943
234805105
234805135
234705883
234807067
234805587
234705289
234811033
234811081
234811188
234705236
234705054
234705601
234811560
234705425
234815382
234815467
234815132
234705689
234705801
234807890
234807737
234905254
234705344
234811307
234905896
234705076
234705085
234705902
234811195
234905904
234705802
234805126
234805632
234805328
234705797
234807670
234805961
234815359
234705040
234807645
234815761
234811100
234811387
234805504
234807740
234705895
234807768
234905866
234811181
234805502
234705459
234815220
234807306
234811005
234805755
234705817
234905158
234905104
234705511
234815956
234807536
234705731
234805365
234905090
234807142
234815637
234815787
234807644
234805102
234705022
234905164
234811784
234905966
234905080
234705561
234811983
234811544
234815481
234807462
234807443
234905734
234905612
234805476
234811658
234705700
234815095
234905678
234705849
234807527
234905246
234807264
234807431
234807259
234805768
234815788
234811789
234811104
234807149
234905114
234905304
234905116
234705762
234811282
234811346
234905423
234815474
234705501
234905241
234905012
234705602
234815727
234811147
234905105
234905192
234811971
234705349
234705370
234815843
234815460
234815424
234805261
234705458
234705194
234807345
234807662
234805167
234811073
234705662
234815512
234805492
234811024
234807075
234811694
234815730
234805848
234815453
234905697
234905789
234811986
234705549
234805664
234811910
234811354
234805408
234815552
234811077
234705323
234905742
234811851
234807646
234815886
234905418
234807440
234811093
234811935
234807930
234805862
234705179
234805902
234805714
234905409
234805954
234807749
234811593
234705578
234807147
234905867
234815850
234811756
234705604
234805444
234805917
234705811
234807352
234811946
234807239
234905365
234805253
234805666
234811406
234705365
234815685
234905040
234905327
234807304
234807947
234811252
234705824
234815878
234807916
234807233
234705764
234811153
234807070
234905221
234815836
234805163
234905089
234807701
234805535
234815487
234705136
234805391
234811110
234805703
234807300
234805984
234807604
234807514
234815821
234705939
234805552
234905840
234811291
234905806
234807799
234805427
234811621
234807481
234815875
234805574
234815456
234811320
234805241
234807867
234905000
234815420
234705730
234805674
234705350
234807876
234811383
234811786
234811783
234905594
234807303
234815079
234805542
234705838
234805464
234807503
234905400
234705494
234807994
234705408
234807489
234811573
234811142
234815510
234807315
234905868
234805745
234807840
234905903
234705685
234805449
234811453
234905745
234811481
234805252
234805908
234807470
234705635
234905251
234815672
234805461
234807435
234807658
234705127
234811954
234705095
234815999
234807853
234805527
234807340
234815951
234705382
234815911
234807547
234815033
234811754
234805509
234705051
234811048
234705786
234805928
234905512
234905849
234807820
234905440
234905733
234807772
234815256
234815621
234815237
234905614
234815272
234905180
234705226
234905546
234807705
234811586
234705237
234815827
234815538
234815031
234805382
234815736
234807277
234805056
234805170
234807292
234805625
234815438
234807249
234807055
234805773
234807917
234807118
234805526
234705793
234807429
234905257
234705128
234805200
234807958
234905485
234807819
234705097
234811485
234811636
234815156
234805275
234811371
234807591
234807725
234805630
234905218
234905396
234807436
234705437
234807515
234811163
234807495
234815372
234705962
234905125
234905238
234807716
234705503
234815179
234705979
234807724
234807739
234807159
234815168
234705240
234905310
234815735
234807878
234805354
234811601
234807094
234905024
234805402
234807886
234805054
234807863
234805376
234905210
234905554
234811550
234811589
234815885
234815214
234811146
234815330
234905457
234805511
234805706
234807110
234905255
234805669
234807860
234805879
234805125
234805510
234705471
234805628
234807063
234805485
234807294
234705581
234811543
234905690
234705792
234905530
234905635
234905069
234905930
234807612
234705251
234905106
234905799
234815952
234905038
234805315
234905011
234815581
234811464
234807236
234905331
234805113
234805754
234807880
234807706
234705645
234805814
234805705
234705455
234905284
234815616
234807136
234805459
234807079
234905861
234905041
234905905
234811112
234905667
234815157
234807635
234807114
234815210
234807430
234807058
234905718
234805481
234807788
234705739
234905874
234807082
234705917
234905768
234807412
234811283
234805178
234807657
234815315
234905330
234805299
234811840
234811313
234811745
234811939
234807997
234811685
234815160
234705029
234807501
234905964
234905036
234905426
234905654
234807789
234815093
234805649
234705261
234811534
234815397
234815463
234811317
234705613
234807421
234807193
234807696
234815985
234905424
234815486
234807043
234807045
234705478
234805495
234815829
234805811
234815219
234905870
234805186
234805872
234811437
234905042
234805887
234905735
234815713
234811788
234815667
234705632
234805194
234807097
234905473
234705957
234815737
234815923
234705260
234805801
234815150
234805741
234815436
234805804
234815719
234905658
234811569
234805028
234905865
234811271
234905651
234805695
234905557
234705688
234905185
234807183
234905987
234811541
234815192
234705058
234905233
234815108
234807813
234805719
234811780
234815879
234705877
234815958
234807088
234905801
234705446
234705206
234905262
234815786
234811850
234807850
234805845
234815617
234905456
234705712
234805327
234815684
234811752
234807253
234815686
234811510
234705158
234705394
234705232
234811413
234811613
234905380
234905207
234705669
234815425
234811912
234805434
234811155
234805157
234705150
234705374
234811182
234807254
234805348
234705999
234815624
234815354
234805053
234705990
234815816
234807750
234807105
234905647
234805468
234815129
234705740
234705913
234807554
234811790
234811145
234905942
234705623
234807934
234705121
234815666
234807192
234805224
234705068
234805100
234915281
234705608
234705413
234705918
234805710
234905057
234807521
234807798
234815180
234905920
234905995
234815240
234807935
234905650
234815326
234705369
234807298
234811175
234705569
234905285
234705317
234805035
234805965
234705612
234805062
234807622
234805596
234705231
234815578
234705443
234807824
234807932
234805213
234815075
234705203
234805472
234807181
234905900
234811656
234805885
234807102
234705595
234811660
234805555
234807977
234815651
234811871
234705881
234811892
234815352
234705496
234811869
234905119
234815476
234705162
234805969
234905621
234905522
234705664
234807713
234807463
234905385
234807865
234811122
234905320
234815259
234805236
234805211
234807406
234815657
234811496
234705637
234805338
234811616
234815993
234815969
234905397
234811842
234815851
234805075
234805603
234705997
234905655
234905657
234805515
234705030
234811141
234815235
234807375
234905112
234805104
234807485
234807108
234805292
234905547
234811987
234807991
234811947
234815471
234811805
234811882
234815273
234811762
234815543
234815899
234705272
234805868
234705909
234905880
234811561
234905620
234807950
234815669
234811801
234805831
234805721
234815024
234805240
234805532
234905769
234905568
234811670
234905188
234807512
234705736
234705071
234805212
234905671
234705331
234815744
234807985
234705198
234705905
234811674
234807089
234815690
234815868
234811828
234905021
234905411
234705943
234805795
234811412
234811859
234815353
234905851
234807487
234807823
234807970
234705670
234811164
234905050
234705757
234905279
234815846
234815674
234807244
234805575
234905061
234815468
234815398
234815964
234807235
234815968
234811115
234807146
234805070
234805249
234805421
234811937
234811552
234805929
234815043
234815088
234811296
234705436
234905168
234705804
234705987
234805326
234805446
234815642
234805059
234905065
234807953
234705862
234705324
234805859
234811637
234807073
234705133
234805598
234811361
234905222
234805103
234905503
234815206
234811772
234805513
234815051
234807814
234815583
234705086
234811458
234807859
234811736
234807718
234807537
234815900
234807475
234805034
234805207
234815027
234811179
234811362
234905178
234811408
234805433
234815932
234811766
234905026
234811528
234705173
234807980
234811622
234905926
234805608
234905642
234805692
234705665
234905223
234705803
234811083
234805423
234807397
234807582
234811605
234705704
234815309
234815102
234811661
234815760
234811579
234807642
234807881
234805497
234815740
234905403
234815917
234807497
234807394
234905593
234807407
234807766
234815859
234905687
234905195
234805742
234905120
234807996
234805474
234805343
234905179
234811028
234815798
234807104
234807127
234815554
234805856
234811945
234807465
234905290
234811515
234807688
234807059
234807260
234811310
234905531
234811052
234705139
234811424
234905499
234811567
234815245
234811724
234815888
234805210
234807195
234807061
234705111
234807627
234807943
234905763
234805689
234805078
234905945
234807946
234807205
234815853
234705098
234815654
234807086
234905281
234905143
234905367
234905353
234807270
234811117
234811474
234815262
234811802
234905569
234905355
234805940
234807979
234811432
234805697
234815500
234905147
234905771
234811094
234805237
234815406
234705078
234705858
234905176
234815589
234811672
234805623
234805871
234905609
234807479
234805484
234705392
234905881
234905705
234815202
234705820
234815462
234705694
234815301
234705726
234905484
234815983
234807474
234805704
234905315
234811493
234815804
234807529
234805320
234905563
234807873
234815519
234905709
234807961
234805638
234805480
234807238
234811384
234815607
234805589
234805077
234805203
234807213
234705056
234905804
234705925
234815630
234807054
234905264
234905454
234807847
234805556
234807851
234705137
234815173
234905589
234905066
234905157
234807651
234811692
234805989
234805467
234805231
234805813
234905482
234815297
234705221
234905944
234815375
234807074
234811791
234815662
234905051
234905842
234815858
234807154
234905582
234905860
234807677
234905921
234815982
234705345
234811814
234815832
234905226
234705653
234815555
234905076
234811728
234905882
234705377
234905378
234811611
234805696
234705630
234705053
234811879
234805906
234807196
234805371
234705687
234805539
234815991
234811249
234705287
234807204
234811803
234805933
234811020
234905516
234815613
234815099
234905063
234705167
234807849
234905085
234905686
234811646
234805149
234811944
234805533
234811715
234807606
234807257
234811531
234705429
234905578
234905580
234705546
234905839
234807047
234815641
234705725
234815298
234807287
234805074
234905215
234805361
234815402
234905691
234815446
234905622
234905694
234815652
234815287
234811757
234811260
234705658
234807150
234815575
234905560
234805109
234807519
234811071
234905214
234805416
234905402
234905710
234811511
234805983
234705038
234815208
234815279
234905101
234905009
234815378
234705457
234807453
234811778
234705142
234807351
234807559
234811769
234811967
234905394
234905155
234807518
234815774
234705598
234805775
234811792
234811551
234815533
234705948
234815644
234815223
234811549
234905131
234815294
234807448
234815042
234705163
234811562
234811470
234807496
234705875
234807951
234811035
234805184
234805808
234905504
234705652
234805407
234807482
234811044
234811845
234705177
234807887
234807194
234807116
234705912
234815482
234805159
234807569
234705313
234805537
234807939
234807427
234807228
234815628
234815556
234705884
234905795
234905731
234905478
234811729
234705204
234815677
234705935
234815905
234815877
234805947
234807710
234705469
234705210
234815404
234807609
234815170
234705667
234811489
234811774
234811057
234705191
234905758
234805190
234805888
234811768
234811242
234805387
234807469
234905925
234905668
234815478
234815310
234805272
234811918
234811920
234815389
234805334
234815167
234705375
234811635
234805222
234705378
234905729
234807356
234905524
234811668
234905911
234905032
234905707
234815683
234905673
234815892
234811497
234811359
234811682
234805962
234905587
234705452
234811347
234905387
234807637
234905816
234805735
234905348
234705903
234815187
234705161
234805588
234811909
234815670
234807855
234705798
234807693
234811553
234807087
234811893
234807251
234807123
234811817
234905379
234807065
234805858
234815417
234905450
234811160
234905629
234805424
234905282
234807841
234905274
234905130
234815238
234805238
234815329
234705728
234905103
234705626
234805477
234811143
234811118
234811294
234705255
234805443
234805777
234815975
234807556
234705280
234905453
234807385
234805866
234905272
234905211
234815196
234705417
234811785
234811329
234807186
234811331
234705265
234811857
234905968
234811537
234705977
234805924
234805452
234815751
234811988
234807650
234805121
234805441
234811442
234805846
234805570
234915528
234807232
234905559
234705751
234905598
234811612
234905821
234815241
234805725
234705641
234705229
234905193
234811597
234811287
234705995
234805569
234815325
234815494
234807905
234905786
234805344
234807835
234905928
234705189
234805635
234705955
234705941
234807615
234805525
234811479
234815731
234805364
234815497
234807099
234811863
234905948
234807231
234815172
234905751
234811931
234807782
234815910
234805450
234805583
234905757
234905812
234815409
234815618
234811739
234705554
234905316
234805920
234905493
234905140
234807216
234705440
234705102
234805471
234811233
234815035
234705560
234705976
234905583
234811858
234705910
234811409
234805479
234807746
234905153
234805289
234811867
234805585
234807409
234815358
234807338
234807372
234905097
234807323
234815182
234807603
234807555
234905574
234811279
234705981
234815934
234807674
234905181
234811281
234905853
234905497
234811980
234815229
234811455
234815656
234905608
234805626
234815083
234815756
234811794
234807676
234805844
234705083
234815228
234705547
234805270
234905577
234905173
234815790
234705870
234905280
234805033
234805842
234807712
234811003
234705217
234905666
234805410
234815191
234705299
234805254
234905825
234811734
234905289
234811265
234811758
234905803
234815363
234807744
234805233
234705230
234905235
234805164
234905889
234815410
234905576
234815175
234811895
234905432
234811298
234811039
234905596
234705286
234705745
234807728
234705568
234811860
234815464
234905025
234807125
234915034
234815785
234807408
234807869
234807516
234807176
234705690
234807942
234807957
234905229
234905837
234807709
234815506
234805318
234805280
234807639
234815064
234705145
234811038
234805604
234815211
234811795
234705696
234705693
234705550
234807911
234905725
234905834
234815948
234815137
234807600
234815339
234811097
234815534
234811677
234815261
234705348
234805781
234807575
234905283
234811443
234807717
234705020
234705848
234811598
234811628
234807968
234811519
234807328
234905579
234807358
234705257
234905869
234705268
234807493
234815558
234811830
234705556
234805644
234807572
234805803
234805963
234807933
234705205
234905520
234905138
234807365
234815118
234805385
234805810
234811555
234807877
234905433
234805286
234811978
234807378
234705332
234811969
234807588
234905212
234811594
234705372
234811835
234811436
234815278
234811968
234705135
234811087
234705118
234805897
234815490
234807601
234705952
234905506
234905039
234815457
234807189
234815020
234807399
234805176
234811105
234805193
234811827
234815937
234705846
234815972
234811737
234807738
234705843
234805678
234705900
234805614
234811572
234905927
234807413
234805979
234807418
234705763
234811655
234805931
234807828
234811721
234811726
234805708
234815771
234811440
234705988
234705868
234705872
234705366
234811595
234805257
234805975
234815550
234815293
234805875
234905419
234905142
234811037
234815757
234905630
234705882
234815383
234805780
234815791
234805701
234815854
234807656
234807445
234905797
234807101
234815185
234807983
234815658
234811162
234815864
234805898
234815653
234815820
234807692
234905877
234805607
234815938
234905391
234705944
234811741
234811191
234905711
234805923
234815615
234811262
234807941
234815812
234815540
234807112
234811798
234807748
234815880
234815194
234705320
234811691
234811378
234815725
234805559
234815726
234815800
234805876
234905136
234815516
234805267
234807862
234805460
234811520
234807046
234811992
234807704
234815750
234905730
234807307
234805456
234905809
234815470
234905699
234805992
234807329
234807975
234811449
234811428
234807581
234905912
234815236
234807044
234811418
234805988
234815443
234805935
234905239
234705860
234807326
234811505
234905632
234705588
234815576
234705866
234705582
234811556
234807446
234705449
234807439
234705262
234815612
234815255
234805818
234905124
234705611
234811370
234805518
234815529
234805828
234905885
234807208
234905115
234705421
234811197
234807363
234811036
234807197
234905213
234811046
234815837
234815284
234905005
234705390
234807754
234705923
234811144
234815514
234905111
234807809
234807857
234905364
234805389
234815505
234705172
234805031
234905564
234805388
234811901
234705414
234815508
234905879
234905018
234805122
234815763
234805564
234807459
234905613
234807872
234807803
234811022
234815412
234815026
234811319
234905133
234807164
234805787
234805265
234815130
234705842
234811590
234905802
234805347
234905015
234811360
234807083
234705026
234805830
234705242
234807623
234905323
234807894
234811581
234815636
234905838
234905829
234815876
234705975
234805363
234905386
234805612
234805799
234811476
234811574
234705032
234905073
234815334
234905167
234905002
234905936
234807870
234805080
234905132
234811226
234815708
234811833
234905363
234805652
234811240
234815314
234815525
234705590
234805085
234905060
234705035
234807785
234805796
234705855
234811238
234805358
234705972
234815773
234805663
234705462
234811962
234705178
234705046
234805995
234807721
234705409
234905334
234811355
234705572
234807355
234815368
234811254
234815303
234815270
234805591
234705033
234811710
234811477
234815914
234811050
234905498
234807967
234905722
234905573
234815091
234805815
234815810
234905693
234811676
234811085
234807317
234705709
234811248
234807697
234815548
234705258
234815824
234807767
234815517
234815647
234905914
234805173
234815805
234815461
234805162
234815226
234805900
234815239
234807592
234905062
234705591
234905517
234805854
234905910
234905956
234705166
234805713
234811782
234705208
234705953
234807161
234905314
234815931
234705048
234905617
234807133
234811609
234815795
234807898
234905883
234805941
234705830
234815629
234905081
234811258
234805128
234705946
234811004
234805333
234705788
234811797
234905034
234705625
234705094
234905752
234815254
234807415
234705159
234811350
234805789
234705209
234805865
234805720
234705571
234807069
234815680
234705928
234705473
234705116
234805797
234811416
234811070
234807534
234705805
234905684
234905031
234807256
234905271
234807742
234705876
234705559
234705840
234905360
234905871
234805825
234815732
234805747
234805419
234705915
234815857
234705924
234807616
234807211
234705355
234807638
234815884
234807580
234805453
234807316
234705055
234805166
234807703
234705363
234705193
234705074
234905898
234807727
234807322
234811235
234705488
234805352
234805462
234805519
234811385
234807128
234811119
234805264
234811959
234805864
234805204
234805602
234807557
234805905
234815386
234807730
234815164
234805290
234805624
234815365
234805356
234807190
234705716
234807548
234815963
234805439
234815564
234815567
234807080
234705183
234805307
234811148
234807143
234807478
234705506
234807926
234805119
234805319
234815782
234705211
234815741
234811787
234705122
234811693
234811096
234811433
234705586
234805245
234811606
234705493
234805793
234905704
234705823
234805729
234815038
234815342
234705886
234905244
234905037
234905990
234807719
234807274
234807661
234811740
234807732
234815472
234705934
234811250
234807484
234815865
234811877
234805534
234811813
234811746
234905113
234811807
234811564
234905067
234905006
234905190
234815090
234811454
234815696
234905357
234805116
234807171
234815441
234807130
234905982
234905663
234905545
234811495
234705720
234905959
234805086
234905162
234905204
234905270
234905217
234811678
234805655
234705799
234805647
234811382
234705624
234807525
234705708
234815246
234705480
234805266
234807117
234705439
234811318
234805752
234811113
234811608
234811269
234905946
234905500
234805139
234705367
234815834
234905850
234905993
234705134
234905137
234805937
234805913
234705800
234811853
234905994
234905899
234807776
234815633
234815590
234805918
234805690
234705490
234705385
234815806
234815693
234805469
234705584
234805837
234705037
234905232
234805551
234815544
234805083
234705481
234815908
234805938
234805730
234815655
234905369
234807918
234811293
234807167
234905313
234905110
234805359
234815895
234705131
234905893
234811607
234815706
234815738
234705281
234815429
234815428
234811127
234815184
234811457
234805642
234815318
234805134
234807336
234905095
234905249
234905208
234705057
234705475
234905955
234815649
234807325
234905665
234905428
234807145
234811498
234905975
234805465
234905425
234905172
234905144
234807807
234905047
234811469
234811025
234807549
234811697
234811747
234811491
234805597
234807660
234815327
234807528
234805021
234811837
234705790
234705140
234905261
234815312
234807531
234905148
234807929
234815227
234705245
234805378
234815435
234811899
234815766
234805351
234811429
234807959
234807214
234807499
234815320
234807261
234815269
234705190
234805372
234811540
234905864
234705845
234905412
234807672
234811251
234705278
234705759
234815125
234807801
234815181
234815976
234807506
234807922
234807735
234805702
234805279
234815252
234805577
234815772
234905118
234815797
234705422
234811421
234905429
234905720
234815962
234905811
234805295
234905377
234815553
234705747
234811508
234815323
234815264
234905873
234905078
234807200
234815728
234815526
234811712
234705735
234905611
234805757
234811781
234807185
234805312
234705271
234811981
234705088
234905070
234905976
234811907
234811881
234811889
234815126
234705974
234705277
234805698
234815697
234811900
234905476
234805268
234811546
234807794
234807949
234705643
234705707
234805650
234807426
234805209
234811730
234815114
234905794
234815501
234811865
234807327
234905442
234815767
234811722
234905420
234815144
234705727
234905458
234811430
234807708
234807786
234815280
234807542
234905451
234807174
234811522
234807296
234705932
234705853
234815257
234705451
234705181
234811490
234705691
234705573
234705734
234905225
234805952
234905607
234811161
234705930
234807404
234905724
234807272
234815176
234811125
234705126
234705184
234807263
234811257
234815431
234807689
234815588
234805174
234811587
234905370
234815929
234805226
234905662
234905937
234815990
234905748
234805571
234905447
234807816
234705683
234807875
234811299
234815377
234905939
234705454
234811225
234811120
234815370
234705330
234815619
234805802
234807625
234905384
234811502
234805383
234905935
234805422
234905856
234811327
234805572
234815141
234815408
234815792
234905670
234811974
234807610
234905275
234805311
234905446
234807072
234905737
234905219
234807617
234705381
234805668
234805993
234805293
234705837
234905832
234805792
234705589
234815823
234811759
234815381
234815419
234811513
234811435
234705978
234811645
234811717
234705252
234805826
234811824
234805499
234811353
234815392
234805998
234905641
234705621
234811934
234811151
234807182
234705794
234705766
234805743
234805501
234805715
234811415
234811405
234705744
234811509
234805305
234811199
234815995
234705337
234805180
234815147
234805349
234811069
234807762
234905338
234905634
234905356
234815903
234807276
234807779
234811836
234811705
234905122
234807141
234805508
234815783
234805629
234807831
234807599
234905495
234807563
234807839
234815566
234815094
234807437
234815107
234905689
234815509
234815376
234905788
234905256
234905435
234905743
234811651
234805882
234815140
234805029
234905234
234815780
234807359
234807248
234815266
234811843
234811972
234811744
234905907
234905892
234705742
234815954
234815987
234805955
234705600
234905909
234815103
234805873
234811256
234705733
234805043
234705718
234811116
234811072
234811516
234807255
234807085
234811575
234807778
234705850
234905561
234807699
234805996
234807053
234815349
234811880
234805946
234807793
234705248
234905996
234705787
234811689
234815488
234815722
234811731
234705307
234807760
234705182
234807318
234807990
234905556
234815174
234815044
234805101
234811638
234805790
234811970
234805586
234805196
234815961
234815663
234705741
234905716
234905189
234807552
234811617
234705851
234807032
234905610
234705171
234905481
234705654
234805442
234811487
234805158
234807258
234805366
234805047
234805156
234705465
234807169
234805337
234905151
234805529
234807165
234905220
234805524
234805930
234807042
234807539
234807391
234807349
234705352
234705616
234805847
234805688
234705188
234705836
234811894
234811172
234815135
234815177
234805195
234807163
234805136
234815218
234811923
234805496
234805785
234815926
234811158
234815813
234811482
234807348
234807076
234807234
234705295
234705498
234815570
234805392
234811748
234807252
234807597
234805633
234805411
234815714
234811686
234705195
234905760
234815997
234705045
234905845
234705644
234805553
234811289
234807472
234705249
234805042
234705109
234805230
234705132
234905286
234905488
234807476
234815966
234807420
234815243
234805127
234811808
234815231
234807954
234811738
234811652
234807683
234705896
234805375
234805619
234805543
234705407
234905741
234807367
234805599
234705412
234811667
234815253
234807805
234811438
234705927
234705468
234807068
234807203
234807219
234807551
234905194
234805824
234815089
234905518
234811473
234805302
234811665
234811527
234905719
234807826
234815340
234805506
234905340
234815403
234807036
234811463
234807679
234705202
234915222
234811547
234807781
234805161
234705899
234805956
234815351
234705267
234905643
234905863
234807389
234811763
234705138
234807687
234905023
234805106
234705288
234905659
234905761
234815311
234815338
234815291
234905339
234805475
234807215
234905307
234905525
234705754
234811626
234805977
234705907
234705958
234811708
234815394
234807570
234805594
234811942
234805880
234905616
234811870
234805432
234905679
234705305
234807077
234705724
234815547
234815449
234811838
234815799
234905584
234905835
234905123
234805360
234811582
234811514
234705828
234811716
234807522
234815734
234705157
234811979
234811839
234815561
234811245
234807925
234805398
234807319
234805717
234807347
234811714
234815930
234705705
234805676
234705222
234811854
234905121
234705864
234807804
234805953
234805487
234805175
234905505
234815387
234805310
234905240
234805590
234905252
234705610
234905793
234705576
234807921
234811106
234805770
234905354
234815133
234807403
234705117
234815485
234815040
234811846
234815454
234811386
234805834
234807106
234807755
234811061
234815066
234705945
234815551
234905551
234811328
234705243
234815313
234905645
234805734
234807584
234705110
234705196
234815626
234815755
234807290
234807508
234807103
234811898
234807821
234815863
234705622
234815277
234815768
234805400
234815393
234807212
234905727
234815120
234805032
234815715
234807341
234815769
234905100
234815153
234705398
234905807
234905669
234705143
234807641
234811278
234805263
234815101
234815729
234811764
234815163
234805712
234811793
234705080
234705269
234705574
234807390
234815356
234905406
234905980
234811640
234807175
234815709
234705434
234807751
234705084
234705070
234815842
234705618
234815889
234705464
234705761
234807995
234705463
234811483
234815092
234811304
234705389
234705396
234815207
234807455
234815331
234905421
234805478
234905343
234807962
234905675
234705042
234815209
234705564
234807199
234805332
234807596
234905656
234705322
234811006
234807467
234807993
234811390
234705580
234805503
234905203
234811180
234705021
234811750
234815305
234811755
234815296
234811924
234805182
234815415
234815399
234905875
234805779
234807764
234815847
234811648
234807673
234811669
234811938
234905134
234807928
234705993
234807907
234705796
234815233
234805189
234811955
234805063
234811507
234811352
234905938
234807526
234811419
234815282
234811414
234905961
234811629
234811075
234807685
234807802
234805340
234705859
234805874
234815316
234811961
234705393
234815411
234805239
234705081
234811065
234805331
234705633
234811530
234805493
234905245
234705321
234905701
234805064
234905366
234705648
234811499
234805680
234811121
234807202
234705791
234805718
234807268
234815300
234705991
234807780
234807081
234805124
234905027
234805615
234807456
234815890
234705176
234805404
234811713
234807691
234705333
234905916
234805976
234705966
234807998
234811933
234705807
234905166
234905770
234805557
234705063
234807790
234805967
234815536
234705124
234905001
234905508
234815947
234705609
234805050
234815941
234805951
234705120
234905818
234811417
234807220
234815944
234805296
234905683
234805183
234705713
234815373
234807729
234905417
234805426
234905661
234805896
234807246
234811915
234905318
234807633
234705959
234705890
234815901
234905317
234811379
234905713
234705922
234811707
234815437
234705256
234815622
234705329
234905915
234805298
234805999
234807396
234811905
234815426
234905562
234811168
234815764
234805309
234705821
234705227
234905361
234811936
234815069
234811230
234905186
234807669
234705660
234705483
234805339
234805129
234807607
234805192
234807885
234905490
234811683
234807416
234807904
234811461
234811631
234807153
234807829
234807119
234805733
234805665
234705319
234815946
234805761
234815638
234811124
234805852
234805820
234807884
234705444
234905019
234815701
234807734
234905932
234705891
234807594
234811364
234807179
234705431
234811926
234811402
234811234
234807441
234805681
234705651
234805609
234811627
234905345
234705567
234905086
234805370
234811548
234905475
234811641
234811157
234811302
234805893
234815565
234705809
234805060
234705160
234805271
234805355
234815539
234811812
234811394
234705518
234905349
234815430
234815678
234805654
234815925
234815112
234815186
234705844
234805399
234807100
234811524
234705386
234815675
234815123
234811076
234815779
234807663
234807457
234705108
234815477
234805435
234905981
234905093
234807168
234705214
234905698
234815087
234807071
234805130
234805108
234805386
234805849
234705640
234805120
234705597
234815661
234705316
234815822
234815959
234905766
234805916
234811770
234811246
234807309
234705460
234811480
234805137
234807170
234705244
234811861
234815874
234815432
234815733
234805639
234815335
234805651
234807864
234705808
234811311
234811760
234807172
234807191
234805369
234705749
234705047
234815545
234905479
234811403
234811914
234807353
234807643
234807753
234811890
234805024
234811173
234805561
234705170
234815400
234805840
234905558
234905933
234811261
234807209
234805303
234807354
234905404
234811610
234905033
234807225
234905941
234811267
234815919
234805447
234805895
234805636
234905472
234705351
234815682
234815918
234705388
234815945
234705327
234807903
234811630
234905902
234815625
234807923
234807223
234811140
234805986
234807567
234905887
234815645
234805769
234815361
234705144
234705212
234805155
234705940
234905844
234705969
234807184
234807952
234811397
234705892
234705679
234705760
234805861
234805798
234807690
234705698
234811982
234815493
234705831
234811963
234905924
234905843
234811719
234815980
234811441
234905231
234811913
234811315
234905401
234905603
234705686
234807666
234807344
234915974
234805154
234805394
234807771
234705223
234705695
234805153
234705186
234815105
234905978
234705650
234811007
234705049
234815213
234705293
234905792
234805744
234811169
234807948
234805437
234811815
234815029
234805699
234807062
234905028
234805065
234805671
234805760
234811711
234805151
234805894
234705168
234811862
234705235
234815190
234815720
234811322
234815499
234807667
234705067
234807976
234705942
234905048
234807636
234807579
234705146
234815841
234811929
234805685
234815234
234815423
234811002
234905128
234807758
234905836
234905087
234705064
234807343
234905205
234705706
234815097
234705096
234811185
234811956
234805617
234905408
234805788
234811521
234811420
234815333
234815244
234705697
234705263
234705302
234805294
234815871
234811450
234811928
234815896
234811578
234807155
234705575
234705239
234811176
234805390
234807380
234705148
234705933
234705275
234805287
234805621
234807538
234905805
234815723
234815216
234815611
234807092
234807520
234805046
234815116
234807640
234805325
234815115
234705039
234805739
234815747
234705829
234807414
234815909
234815718
234811184
234805981
234805899
234811192
234807909
234811253
234805819
234905266
234705430
234807963
234905483
234807398
234811099
234705701
234811700
234805912
234811773
234807920
234807245
234807180
234805939
234815569
234805786
234807626
234905492
234815369
234811086
234807769
234807874
234805723
234805491
234805921
234805329
234815891
234815025
234811224
234805022
234705426
234815166
234905305
234815448
234811272
234807866
234807346
234811372
234807787
234705551
234905335
234811916
234811568
234905744
234815122
234815357
234905198
234815469
234905325
234807815
234811834
234811950
234705865
234811529
234807217
234805030
234805168
234705220
234705149
234815828
234807665
234705360
234807450
234905638
234705822
234705668
234805148
234805463
234805197
234815584
234805020
234807613
234805276
234705889
234805800
234705371
234805466
234905963
234807830
234705717
234811196
234805807
234805667
234811600
234805646
234811303
234807335
234807247
234811095
234807447
234905767
234705502
234705901
234705996
234815724
234807871
234905376
234905507
234811363
234905552
234805985
234705558
234815703
234805454
234905474
234811055
234807844
234705065
234807837
234705353
234705340
234807517
234807502
234811306
234805160
234815444
234705147
234905020
234805228
234705247
234805881
234811883
234705061
234815302
234905117
234815563
234815902
234811247
234705485
234815855
234705904
234807198
234905627
234807593
234807113
234811653
234905415
234905652
234805055
234807833
234815145
234705970
234815128
234807381
234905230
234807334
234705816
234805036
234905444
234807981
234815765
234815631
234705343
234811280
234811706
234805199
234905696
234815078
234905599
234811243
234815817
234905940
234811958
234815867
234705874
234811023
234705721
234807293
234815949
234807330
234705069
234807442
234815379
234805458
234811904
234705296
234905756
234815230
234815050
234807157
234815345
234905017
234805278
234811584
234811292
234815134
234805839
234805040
234705857
234905328
234807096
234811662
234905606
234805258
234811620
234807936
234815286
234705119
234811324
234811109
234905791
234815290
234905623
234705785
234807162
234905174
234807288
234815421
234905258
234807883
234705947
234705971
234811264
234805867
234705629
234807653
234805350
234815074
234815178
234805536
234815582
234705674
234805068
234815049
234905830
234905477
234805512
234815307
234905139
234811800
234815848
234705750
234811049
234815021
234905383
234807138
234905615
234807480
234811878
234905954
234811868
234705213
234905209
234705607
234705406
234705819
234815343
234811078
234815224
234811990
234705832
234905906
234705246
234815422
234811178
234905010
234815609
234815427
234705517
234705758
234905098
234905502
234815148
234807262
234905058
234815808
234811056
234815986
234905957
234705489
234905597
234805833
234805657
234815100
234805023
234905747
234807422
234815274
234705169
234805972
234805323
234811400
234905326
234905876
234805142
234811300
234811563
234811183
234805133
234805049
234705309
234807822
234807545
234807659
234807550
234705445
234815698
234805601
234811459
234815777
234805841
234905700
234705200
234811309
234905949
234815819
234807795
234905600
234811698
234805415
234905511
234805507
234705092
234705433
234811650
234811171
234705073
234815758
234705756
234807811
234811190
234811998
234815111
234807715
234807784
234805909
234811475
234905703
234815362
234905014
234811448
234807583
234811657
234815673
234815503
234815559
234807791
234811952
234815577
234807312
234905817
234805027
234805395
234705847
234805384
234815498
234805445
234815162
234811680
234815418
234705620
234807619
234905653
234811666
234905639
234815922
234705238
234807271
234811074
234705495
234805860
234807400
234807299
234815860
234815413
234815831
234807648
234807066
234811588
234705500
234811321
234705103
234815265
234815789
234815984
234805283
234705499
234807218
234905723
234811820
234807144
234805573
234807605
234815028
234905827
234905857
234811875
234905182
234705585
234805076
234905688
234805659
234807311
234815776
234905917
234705636
234805694
234805891
234905592
234811911
234805314
234811494
234705405
234905549
234705916
234905664
234807783
234811154
234705949
234815149
234807827
234811301
234811580
234915031
234811407
234905388
234807524
234805883
234811957
234807726
234705998
234905273
234807586
234807541
234905358
234805637
234905319
234807428
234815935
234905595
234905243
234805568
234905161
234905826
234705968
234705241
234815627
234805037
234805143
234805111
234905677
234805751
234805490
234815337
234905997
234905585
234807393
234705628
234807324
234905052
234815620
234705338
234815634
234815022
234705090
234811492
234811777
234905732
234807915
234805567
234905496
234805242
234807568
234905501
234705867
234811596
234805217
234705383
234811517
234905515
234805409
234705545
234805541
234705519
234705335
234805131
234815416
234905332
234811799
234705655
234705583
234905077
234705880
234705448
234811906
234705027
234811228
234807682
234905787
234811451
234905486
234805959
234905527
234805368
234811811
234905267
234807339
234815395
234815704
234815953
234811068
234905149
234807473
234807121
234705285
234811973
234905480
234807282
234811615
234807134
234807201
234815084
234807955
234811765
234705657
234811193
234815504
234811536
234705432
234805707
234905814
234815119
234805732
234805367
234815384
234805922
234811001
234807796
234815346
234807756
234807620
234805740
234705218
234705593
234811776
234805374
234815434
234807126
234811735
234705233
234905648
234905308
234815523
234811688
234905247
234811467
234705514
234807558
234905160
234815927
234805560
234705659
234705983
234705513
234811585
234805438
234905526
234905754
234807152
234905706
234905322
234705266
234905833
234807817
234905750
234807434
234805772
234815998
234705885
234905227
234905088
234905674
234705306
234905999
234811380
234815542
234807982
234815562
234811876
234905430
234705435
234811625
234815480
234905389
234805179
234805724
234807098
234705599
234807477
234705105
234905102
234811701
234811908
234705152
234807901
234815248
234807797
234905581
234807574
234807242
234705419
234905680
234705153
234905913
234905759
234705115
234705099
234905815
234705442
234805457
234807500
234905351
234807156
234815292
234805282
234705470
234815450
234705863
234705336
234905738
234815249
234815080
234905436
234805558
234705453
234905708
234905828
234805580
234705401
234815048
234807084
234805072
234807733
234807122
234905291
234905084
234807544
234905309
234905035
234805648
234705101
234705911
234805974
234705346
234807988
234815071
234811649
234905494
234905746
234807919
234905008
234811174
234807078
234705207
234805431
234705854
234807379
234815113
234807618
234705284
234805498
234811557
234815881
234807494
234815770
234805430
234815775
234815442
234905169
234705325
234805611
234811062
234811902
234807614
234905135
234815778
234815532
234811831
234805214
234905685
234705663
234815671
234807423
234815665
234811841
234905521
234815124
234905895
234805926
234905918
234807974
234811349
234805748
234905810
234705617
234811644
234811274
234905636
234905618
234805067
234811357
234805973
234805045
234705673
234807973
234905798
234705420
234905749
234705746
234905438
234807137
234705893
234807158
234805206
234805429
234705391
234807224
234805640
234807384
234805595
234807464
234805216
234905514
234815098
234811643
234705219
234805377
234905183
234807438
234705415
234807902
234807694
234705606
234905049
234807505
234815360
234811633
234705292
234815872
234815308
234805540
234807148
234815374
234705492
234805783
234811749
234905640
234807120
234705141
234811849
234815749
234807291
234705314
234807314
234705963
234815838
234905237
234805494
234815580
234807806
234811356
234805324
234905908
234815535
234807405
234807611
234805412
234905329
234705041
234705091
234815385
234807589
234805944
234811919
234807624
234811816
234805188
234805850
234705155
234705861
234705729
234807879
234807621
234905712
234815660
234805440
234811126
234807711
234805948
234807971
234705311
234905988
234811377
234815830
234805593
234811639
234807571
234807722
234705441
234815668
234811186
234705199
234805262
234805177
234805823
234815574
234905072
234805767
234905962
234905847
234905350
234811949
234905886
234705656
234905820
234811941
234811565
234805061
234705461
234807273
234811663
234815285
234705031
234815077
234705512
234811159
234905960
234705826
234807357
234807598
234905154
234905553
234811856
234805643
234815492
234705298
234815898
234815745
234807999
234805964
234805827
234807091
234705456
234905381
234805889
234807395
234807513
234805762
234705806
234805784
234807281
234905575
234905510
234705228
234815942
234705954
234815484
234905548
234905150
234811149
234905998
234705273
234705264
234705427
234705059
234811559
234805346
234815070
234815916
234807906
234815924
234811486
234807411
234811632
234805631
234815546
234805528
234805677
234905523
234811991
234705294
234811043
234705175
234705476
234705931
234815537
234815439
234807573
234905074
234815451
234805903
234705666
234705424
234805073
234815200
234905368
234807297
234805246
234705594
234807632
234905312
234705544
234807402
234811771
234705508
234807230
234805247
234805044
234905276
234815222
234705692
234811365
234805809
234815445
234815242
234705066
234705174
234805658
234807845
234705428
234807279
234811446
234905374
234705399
234811041
234815585
234805071
234811618
234905509
234805576
234811545
234705753
234811518
234705477
234815502
234811720
234705400
234811775
234815753
234705936
234807908
234807897
234805381
234807560
234807064
234805169
234811999
234815839
234815541
234705719
234807424
234705684
234811723
234805911
234905263
234815110
234705964
234815614
234805284
234811732
234805877
234805812
234815073
234811170
234811599
234805425
234815131
234705093
234805970
234805700
234905855
234805641
234905321
234805522
234811681
234805960
234811996
234811767
234811229
234705487
234815560
234811189
234807655
234815978
234805672
234815082
234807295
234705154
234811602
234905099
234905644
234705771
234811411
234705438
234811896
234807743
234905985
234805610
234905434
234815341
234815970
234811525
234805107
234905200
234705082
234811989
234815295
234815067
234905872
234905565
234805686
234807647
234805851
234705994
234805749
234807095
234905660
234815635
234815572
234811917
234811884
234905228
234805285
234705187
234811021
234705579
234805950
234815263
234805620
234811452
234807240
234811391
234705960
234815866
234805673
234807763
234807912
234905265
234807425
234815643
234705282
234805482
234815921
234805645
234805362
234811241
234805516
234805171
234705397
234805052
234815390
234815632
234811198
234905762
234815328
234805145
234807331
234815447
234807530
234815138
234805132
234811123
234705814
234805251
234905459
234815275
234815692
234815495
234811488
234807800
234905681
234705980
234811369
234811040
234905528
234905126
234805451
234705818
234815527
234705812
234905372
234705649
234811699
234807452
234807808
234705989
234807510
234705986
234807111
234705362
234815215
234811539
234805227
234905359
234807285
234805709
234811526
234807945
234811751
234705961
234811114
234705921
234705274
234815183
234805248
234811872
234905224
234905934
234807139
234705341
234815299
234807533
234807628
234905452
234807960
234811614
234815322
234705359
234905091
234705310
234811727
234815407
234805682
234705992
234807523
234805907
234811344
234815169
234705856
234811779
234805836
234705839
234807587
234905682
234705646
234705354
234805987
234805942
234805198
234805288
234905448
234815271
234705938
234805771
234905177
234811066
234811718
234811925
234705715
234807376
234905846
234807937
234807818
234815852
234811695
234705682
234815366
234807707
234805886
234807188
234811351
234805791
234905075
234905260
234807843
234705507
234807664
234811921
234705565
234805486
234811080
234905003
234811079
234805330
234811031
234807736
234805473
234807564
234815845
234905728
234905714
234705373
234811030
234805727
234815587
234811314
234705297
234805728
234705075
234815171
234805550
234905392
234807562
234705833
234815694
234905808
234815268
234805584
234815801
234807832
234815518
234807774
234705486
234805455
234705225
234905108
234705985
234805087
234815648
234815659
234805627
234905878
234905107
234807140
234807992
234705596
234705967
234805957
234811381
234807368
234705827
234905439
234905449
234805393
234815155
234905605
234805229
234811150
234805759
234811943
234815401
234905278
234805890
234815096
234705914
234815717
234807498
234905414
234905352
234805039
234815466
234807483
234905943
234705871
234705106
234815586
234815212
234705504
234811940
234807266
234905717
234705114
234815981
234811305
234811067
234811885
234905884
234705312
234815742
234905790
234805565
234811054
234805322
234811045
234705060
234807987
234905202
234807250
234807561
234811823
234815784
234705423
234807410
234705908
234805901
234811026
234811276
234811445
234807383
234705553
234811634
234807608
234807723
234807745
234705050
234815195
234811285
234805140
234905053
234807460
234807052
234805661
234905765
234805958
234811047
234807486
234811268
234905633
234815894
234811034
234815989
234805566
234811743
234815710
234815882
234815861
234811903
234905242
234705552
234815106
234807741
234805256
234805181
234811167
234811456
234811297
234815159
234805835
234705505
234807888
234805114
234807243
234905068
234811659
234705894
234815380
234807374
234807342
234705723
234811270
234805794
234811263
234905890
234705361
234811948
234811806
234805218
234807927
234805990
234811084
234805582
234811848
234705474
234705755
234815142
234705279
234905206
234905823
234807187
234705079
234705638
234811434
234807124
234705342
234807284
234905487
234807893
234705714
234815117
234905004
234815440
234705387
234705290
234815201
234705036
234905216
234905250
234705318
234811796
234811566
234905862
234805622
234905344
234815139
234905831
234905094
234811512
234811624
234807131
234807129
234705926
234815705
234805172
234811654
234811273
234705418
234705789
234815076
234811664
234905931
234815754
234815950
234805832
234815936
234805927
234705956
234811819
234705113
234811975
234815158
234905841
234815281
234815803
234807207
234905721
234815883
234815699
234815531
234811187
234805165
234807109
234811542
234807938
234811027
234905929
234905513
234905064
234807387
234905965
234811244
234905187
234705661
234705270
234811570
234805406
234815350
234815606
234811275
234807320
234905601
234915266
234805413
234805147
234815716
234705627
234805219
234811103
234815198
234805737
234705675
234805605
234805753
234905626
234811994
234807308
234815188
234905311
234905016
234807680
234705308
234705234
234811825
234705795
234905431
234815557
234905171
234805187
234805225
234807468
234905201
234805273
234705384
234905007
234705380
234815573
234815960
234811348
234811484
234805058
234807492
234905894
234805904
234705404
234905159
234811930
234805418
234805335
234705852
234807654
234815136
234905785
234705965
234905977
234805470
234815348
234905059
234705358
234811032
234805082
234705898
234807178
234705276
234905346
234905602
234905649
234807956
234905567
234905901
234807540
234815371
234905550
234805943
234815151
234811439
234815085
234811107
234807283
234807913
234807031
234805853
234805722
234905022
234811422
234815332
234805693
234807984
234705888
234811286
234807899
234807695
234815549
234807511
234705368
234807773
234905393
234807972
234815367
234805259
234815528
234811696
234905529
234807543
234815897
234807757
234805269
234905519
234811966
234811108
234807969
234705254
234905619
234905306
234807382
234805910
234807301
234905796
234807369
234815707
234805687
234807986
234807825
234905390
234807275
234815996
234807838
234705680
234805308
234805521
234705104
234811288
234905813
234705447
234805679
234905755
234811392
234905056
234815491
234805764
234805048
234807509
234805223
234705484
234805538
234811960
234905083
234805563
234905092
234905029
234805025
234807759
234807227
234805342
234807631
234815887
234705301
234705410
234905253
234815161
234815199
234807377
234811523
234705125
234905958
234705835
234815802
234905852
234807595
234705566
234905590
234815267
234905726
234905753
234705737
234811742
234811847
234805878
234905079
234905277
234905952
234805300
234705328
234705887
234905695
234905336
234811367
234705767
234811704
234815646
234807361
234807834
234805806
234811964
234705951
234811866
234805448
234811399
234805232
234807720
234807652
234811761
234807675
234815623
234905341
234815833
234805117
234705973
234811995
234705738
234811431
234705156
234811673
234807093
234807634
234705509
234815691
234815433
234811471
234815781
234811888
234705315
234805660
234815579
234815483
234705334
234811373
234811000
234807451
234807313
234815994
234815154
234705769
234805396
234705283
234815530
234805244
234905854
234905919
234805838
234811679
234811576
234905199
234705557
234815604
234705765
234807989
234705603
234805606
234805765
234811063
234807386
234705044
234805144
234811232
234811571
234705919
234811227
234805291
234805306
234705768
234815711
234811425
234705491
234805317
234805711
234807366
234805517
234807370
234807846
234815650
234805414
234705180
234805822
234811472
234815591
234805966
234811873
234811082
234705339
234815844
234805357
234705357
234811277
234807458
234811366
234811809
234805313
234807392
234705466
234815247
234807566
234705873
234905197
234811058
234905555
234705710
234705164
234815870
234805488
234811236
234905410
234805141
234905544
234805234
234705703
234705023
234805215
234807491
234805817
234805202
234905046
234705197
234811239
234805523
234805069
