95926804
95926803
95926802
95926801
95926808
95926807
95926806
95926805
95926800
95925558
95926889
95925559
95925552
95926884
95926883
95925553
95925550
95926882
95925551
95926881
95926888
95925556
95926887
95925557
95926886
95925554
95926885
95925555
95925549
95925547
95926879
95925548
95926878
95925541
95926873
95925542
95926872
95926871
95925540
95926870
95926877
95925545
95926876
95925546
95925543
95926875
95926874
95925544
95925538
95925539
95926869
95925536
95926868
95925537
95926867
95926862
95925530
95926861
95925531
95926860
95925534
95926866
95925535
95926865
95925532
95926864
95925533
95926863
95925527
95926859
95926858
95925528
95925525
95926857
95925526
95926856
95925529
95926851
95925520
95926850
95925523
95926855
95925524
95926853
95925521
95925522
95926852
95925516
95926848
95926847
95925517
95925514
95926846
95925515
95926845
95925518
95926849
95925519
95926840
95925512
95926844
95926843
95925513
95926842
95925510
95925511
95926841
95925505
95926837
95925506
95926836
95925503
95926835
95926834
95925504
95925509
95926839
95925507
95926838
95925508
95925501
95926833
95925502
95926832
95926831
95926830
95926826
95926825
95926824
95926823
95926829
95926828
95926827
95926822
95926821
95926820
95926809
95926815
95926814
95926813
95926812
95926819
95926818
95926817
95926816
95926811
95926810
95925592
95925593
95925590
95925591
95925596
95925597
95925594
95925595
95925598
95925599
95925581
95925582
95925580
95925585
95925586
95925583
95925584
95925589
95925587
95925588
95925570
95925571
95925574
95925575
95925572
95925573
95925578
95925579
95925576
95925577
95926891
95925560
95926890
95925569
95926895
95925563
95925564
95926894
95925561
95926893
95925562
95926892
95926899
95925567
95925568
95925565
95926897
95925566
95926896
95926919
95926925
95926924
95926923
95926922
95926929
95926928
95926927
95926926
95926921
95926920
95926909
95926908
95926914
95926913
95926912
95926911
95926918
95926917
95926916
95926915
95926910
95926903
95926902
95926901
95926900
95926907
95926906
95926905
95926904
95925670
95925679
95925673
95925674
95925671
95925672
95925677
95925678
95925675
95925676
95926990
95925668
95925669
95926999
95925662
95926994
95925663
95926993
95925660
95926992
95926991
95925661
95925666
95926998
95925667
95926997
95926996
95925664
95925665
95926995
95925659
95925657
95926989
95925658
95926988
95925651
95926983
95925652
95926982
95925650
95926980
95926987
95925655
95925656
95926986
95925653
95926985
95925654
95926984
95925648
95925649
95926979
95925646
95926978
95925647
95926977
95925640
95926972
95926971
95925641
95926970
95925644
95926976
95925645
95926975
95925642
95926974
95925643
95926973
95925637
95926969
95925638
95926968
95925635
95926967
95925636
95926966
95925639
95926961
95925630
95926960
95925633
95926965
95925634
95925631
95926963
95925632
95926962
95925626
95926958
95925627
95926957
95925624
95926956
95925625
95926955
95925628
95925629
95926959
95926950
95925622
95926954
95925623
95926953
95925620
95926952
95925621
95926951
95925615
95926947
95926946
95925616
95925613
95926945
95925614
95926944
95925619
95926949
95925617
95926948
95925618
95925611
95926943
95925612
95926942
95926941
95925610
95926940
95925604
95926936
95925605
95926935
95925602
95926934
95925603
95926933
95925608
95925609
95926939
95925606
95926938
95925607
95926937
95925600
95926932
95925601
95926931
95926930
95925691
95925692
95925690
95925695
95925696
95925693
95925694
95925699
95925697
95925698
95925680
95925681
95925684
95925685
95925682
95925683
95925688
95925689
95925686
95925687
95925318
95925319
95926649
95926648
95925316
95925317
95926647
95925310
95926642
95925311
95926641
95926640
95925314
95926646
95925315
95926645
95926644
95925312
95925313
95926643
95925307
95926639
95926638
95925308
95925305
95926637
95926636
95925306
95925309
95926631
95925300
95926630
95925303
95926635
95925304
95926634
95925301
95926633
95925302
95926632
95926628
95926627
95926626
95926625
95926629
95926620
95926624
95926623
95926622
95926621
95926617
95926616
95926615
95926614
95926619
95926618
95926613
95926612
95926611
95926610
95926606
95926605
95926604
95926603
95926609
95926608
95926607
95926602
95926601
95926600
95925390
95925391
95925394
95925395
95925392
95925393
95925398
95925399
95925396
95925397
95925380
95925383
95925384
95925381
95925382
95925387
95925388
95925385
95925386
95925389
95925372
95925373
95925370
95925371
95925376
95925377
95925374
95925375
95925378
95925379
95925361
95926693
95926692
95925362
95926691
95925360
95926690
95926697
95925365
95926696
95925366
95925363
95926695
95925364
95926694
95925369
95925367
95926699
95926698
95925368
95926682
95925350
95925351
95926681
95925354
95926686
95925355
95926685
95926684
95925352
95925353
95926683
95925358
95925359
95926689
95925356
95926688
95926687
95925357
95926671
95925340
95926670
95925349
95926675
95925343
95926674
95925344
95925341
95926673
95925342
95926672
95925347
95926679
95925348
95926678
95926677
95925345
95926676
95925346
95926660
95925338
95925339
95926669
95925332
95926664
95925333
95926663
95925330
95926662
95925331
95926661
95926668
95925336
95925337
95926667
95925334
95926666
95925335
95926665
95925329
95925327
95926659
95925328
95926658
95925321
95926653
95925322
95926652
95926651
95925320
95926650
95925325
95926657
95925326
95926656
95925323
95926655
95925324
95925439
95925437
95926769
95925438
95926768
95925431
95926763
95925432
95926762
95926761
95925430
95926760
95925435
95926767
95925436
95926766
95925433
95926765
95925434
95926764
95925428
95925429
95926759
95925426
95926758
95925427
95926757
95925420
95926752
95926751
95925421
95926750
95925424
95926756
95925425
95926755
95925422
95926754
95925423
95926753
95925417
95926749
95925418
95926748
95925415
95926747
95925416
95926746
95925419
95926741
95926740
95925410
95925413
95926745
95925414
95926744
95925411
95926743
95925412
95926742
95925406
95926738
95926737
95925407
95925404
95926736
95925405
95926735
95925408
95925409
95926739
95926730
95925402
95926734
95925403
95926733
95926732
95925400
95926731
95925401
95926727
95926726
95926725
95926724
95926729
95926728
95926723
95926722
95926721
95926720
95926716
95926715
95926714
95926713
95926719
95926718
95926717
95926712
95926711
95926710
95926705
95926704
95926703
95926702
95926709
95926708
95926707
95926706
95926701
95926700
95925490
95925493
95925494
95925491
95925492
95925497
95925498
95925495
95925496
95925499
95925482
95925483
95925480
95925481
95925486
95925487
95925484
95925485
95925488
95925489
95925471
95925472
95925470
95925475
95925476
95925473
95925474
95925479
95925477
95925478
95925460
95926792
95925461
95926791
95926790
95925464
95926796
95925465
95926795
95925462
95926794
95925463
95926793
95925468
95925469
95926799
95925466
95926798
95926797
95925467
95926781
95925450
95926780
95925459
95925453
95926785
95925454
95926784
95926783
95925451
95925452
95926782
95925457
95926789
95926788
95925458
95925455
95926787
95925456
95926786
95926770
95925448
95926779
95925449
95925442
95925443
95926773
95925440
95926772
95925441
95926771
95925446
95926778
95925447
95926777
95926776
95925444
95925445
95926775
95926408
95926407
95926406
95926405
95926409
95926400
95926404
95926403
95926402
95926401
95926480
95926484
95925152
95926483
95925153
95925150
95926482
95925151
95926481
95925156
95926488
95925157
95926487
95925154
95926486
95926485
95925155
95925158
95926489
95925159
95926473
95925141
95925142
95926472
95926471
95926470
95925140
95925145
95926477
95926476
95925146
95926475
95925143
95925144
95926474
95925149
95926479
95925147
95925148
95926478
95925130
95926462
95925131
95926461
95926460
95926466
95925134
95926465
95925135
95925132
95926464
95925133
95926463
95925138
95926469
95925139
95925136
95926468
95925137
95926451
95926450
95925120
95925129
95926455
95925123
95926454
95925124
95926453
95925121
95925122
95926452
95926459
95925127
95925128
95926458
95926457
95925125
95925126
95926456
95926440
95925118
95926449
95925119
95926444
95925112
95925113
95926443
95925110
95926442
95926441
95925111
95926448
95925116
95925117
95926447
95925114
95926446
95925115
95926445
95925109
95925107
95926439
95925108
95926438
95925101
95926433
95925102
95926432
95926431
95925100
95926430
95926437
95925105
95926436
95925106
95925103
95926435
95925104
95926434
95926429
95926428
95926427
95926422
95926421
95926420
95926426
95926425
95926424
95926423
95926419
95926418
95926417
95926416
95926411
95926410
95926415
95926414
95926413
95926412
95925192
95925193
95925190
95925191
95925196
95925197
95925194
95925195
95925198
95925199
95925181
95925182
95925180
95925185
95925186
95925183
95925184
95925189
95925187
95925188
95925170
95925171
95925174
95925175
95925172
95925173
95925178
95925179
95925176
95925177
95926491
95925160
95926490
95926495
95925163
95926494
95925164
95925161
95926493
95925162
95926492
95925167
95926499
95925168
95926498
95925165
95926497
95925166
95926496
95925169
95926529
95926528
95926527
95926526
95926521
95926520
95926525
95926524
95926523
95926522
95926518
95926517
95926516
95926515
95926519
95926510
95926514
95926513
95926512
95926511
95926507
95926506
95926505
95926504
95926509
95926508
95926503
95926502
95926500
95925270
95925273
95925274
95925271
95925272
95925277
95925278
95925275
95925276
95925279
95926590
95925262
95926594
95926593
95925263
95925260
95926592
95925261
95926591
95925266
95926598
95925267
95926597
95926596
95925264
95925265
95926595
95925268
95925269
95926599
95926583
95925251
95926582
95925252
95926581
95926580
95925250
95925255
95926587
95925256
95926586
95926585
95925253
95925254
95926584
95925259
95926589
95925257
95925258
95926588
95925240
95926572
95926571
95925241
95926570
95925244
95926576
95925245
95926575
95926574
95925242
95926573
95925243
95925248
95926579
95925249
95926578
95925246
95926577
95925247
95926561
95925230
95926560
95925239
95925233
95926565
95925234
95926564
95926563
95925231
95925232
95926562
95926569
95925237
95926568
95925238
95926567
95925235
95925236
95926566
95926550
95925228
95925229
95926559
95925222
95926554
95926553
95925223
95925220
95926552
95925221
95926551
95926558
95925226
95925227
95926557
95925224
95926556
95926555
95925225
95925219
95925217
95926549
95926548
95925218
95925211
95926543
95926542
95925212
95926541
95925210
95926540
95926547
95925215
95925216
95926546
95926545
95925213
95925214
95926544
95925208
95925209
95926539
95926538
95925206
95925207
95926537
95926532
95925200
95925201
95926531
95926530
95925204
95926536
95926535
95925205
95926534
95925202
95926533
95925203
95925291
95925292
95925290
95925295
95925296
95925293
95925294
95925299
95925297
95925298
95925280
95925284
95925285
95925282
95925283
95925288
95925289
95925286
95925287
95926242
95926241
95926240
95926246
95926245
95926244
95926243
95926249
95926248
95926247
95926231
95926230
95926235
95926234
95926233
95926232
95926239
95926238
95926237
95926236
95926220
95926229
95926224
95926223
95926222
95926221
95926228
95926227
95926226
95926225
95926219
95926218
95926213
95926212
95926211
95926210
95926217
95926216
95926215
95926214
95926209
95926208
95926207
95926202
95926201
95926200
95926206
95926205
95926204
95926203
95926293
95926292
95926291
95926290
95926297
95926296
95926295
95926294
95926299
95926298
95926282
95926281
95926280
95926286
95926285
95926284
95926283
95926289
95926288
95926287
95926271
95926270
95926275
95926274
95926273
95926272
95926279
95926278
95926277
95926276
95926260
95926264
95926263
95926262
95926261
95926268
95926267
95926266
95926265
95926269
95926253
95926252
95926251
95926250
95926257
95926256
95926255
95926254
95926259
95926258
95925031
95926363
95925032
95926362
95926361
95925030
95926360
95925035
95926367
95926366
95925036
95925033
95926365
95925034
95926364
95925039
95925037
95926369
95925038
95926368
95925020
95926352
95925021
95926351
95926350
95925024
95926356
95925025
95926355
95925022
95926354
95925023
95926353
95925028
95925029
95926359
95925026
95926358
95925027
95926357
95926341
95926340
95925010
95925019
95925013
95926345
95925014
95926344
95925011
95926343
95925012
95926342
95926349
95925017
95925018
95926348
95925015
95926347
95925016
95926346
95926330
95925008
95925009
95926339
95926334
95925002
95925003
95926333
95925000
95926332
95925001
95926331
95925006
95926338
95926337
95925007
95925004
95926336
95925005
95926335
95926329
95926328
95926323
95926322
95926321
95926320
95926327
95926326
95926325
95926324
95926319
95926318
95926317
95926312
95926311
95926310
95926316
95926315
95926314
95926313
95926309
95926308
95926307
95926306
95926301
95926300
95926305
95926304
95926303
95926302
95925093
95925094
95925091
95925092
95925097
95925098
95925095
95925096
95925090
95925099
95925082
95925083
95925080
95925081
95925086
95925087
95925084
95925085
95925088
95925089
95925071
95925072
95925070
95925075
95925076
95925073
95925074
95925079
95925077
95925078
95926392
95925060
95925061
95926391
95926390
95925064
95926396
95925065
95926395
95925062
95926394
95925063
95926393
95925068
95925069
95926399
95926398
95925066
95925067
95926397
95926381
95925050
95926380
95926385
95925053
95925054
95926384
95925051
95926383
95925052
95926382
95925057
95926389
95925058
95926388
95926387
95925055
95925056
95926386
95925059
95926370
95925042
95926374
95925043
95926373
95925040
95926372
95925041
95926371
95925046
95926378
95925047
95926377
95926376
95925044
95926375
95925045
95925048
95925049
95926379
95926000
95926009
95926004
95926003
95926002
95926001
95926008
95926007
95926006
95926005
95926084
95926083
95926082
95926081
95926088
95926087
95926086
95926085
95926080
95926089
95926073
95926072
95926071
95926070
95926077
95926076
95926075
95926074
95926079
95926078
95926062
95926061
95926060
95926066
95926065
95926064
95926063
95926069
95926068
95926067
95926051
95926050
95926055
95926054
95926053
95926052
95926059
95926058
95926057
95926056
95926040
95926044
95926043
95926042
95926041
95926048
95926047
95926046
95926045
95926049
95926033
95926032
95926031
95926030
95926037
95926036
95926035
95926034
95926039
95926038
95926022
95926021
95926020
95926026
95926025
95926024
95926023
95926029
95926028
95926027
95926011
95926010
95926015
95926014
95926013
95926012
95926019
95926018
95926017
95926016
95926095
95926094
95926093
95926092
95926099
95926098
95926097
95926096
95926091
95926090
95926121
95926120
95926125
95926124
95926123
95926122
95926129
95926128
95926127
95926126
95926110
95926119
95926114
95926113
95926112
95926111
95926118
95926117
95926116
95926115
95926109
95926108
95926103
95926102
95926101
95926100
95926107
95926106
95926105
95926104
95926194
95926193
95926192
95926191
95926198
95926197
95926196
95926195
95926190
95926199
95926183
95926182
95926181
95926180
95926187
95926186
95926185
95926184
95926189
95926188
95926172
95926171
95926170
95926176
95926175
95926174
95926173
95926179
95926178
95926177
95926161
95926160
95926165
95926164
95926163
95926162
95926169
95926168
95926167
95926166
95926150
95926154
95926153
95926152
95926151
95926158
95926157
95926156
95926155
95926159
95926143
95926142
95926141
95926140
95926147
95926146
95926145
95926144
95926149
95926148
95926132
95926131
95926130
95926136
95926135
95926134
95926133
95926139
95926138
95926137
95925957
95925956
95925955
95925954
95925959
95925958
95925953
95925952
95925951
95925950
95925946
95925945
95925944
95925943
95925949
95925948
95925947
95925942
95925941
95925940
95925929
95925935
95925934
95925933
95925932
95925939
95925938
95925937
95925936
95925931
95925930
95925919
95925918
95925924
95925923
95925922
95925921
95925928
95925927
95925926
95925925
95925920
95925909
95925908
95925907
95925913
95925912
95925911
95925910
95925917
95925916
95925915
95925914
95925902
95925901
95925900
95925906
95925905
95925904
95925903
95925999
95925998
95925993
95925992
95925991
95925990
95925997
95925996
95925995
95925994
95925989
95925988
95925987
95925982
95925981
95925980
95925986
95925985
95925984
95925983
95925979
95925978
95925977
95925976
95925971
95925970
95925975
95925974
95925973
95925972
95925968
95925967
95925966
95925965
95925960
95925964
95925963
95925962
95925961
95925709
95925715
95925714
95925713
95925712
95925719
95925718
95925717
95925716
95925711
95925710
95925704
95925703
95925702
95925701
95925708
95925707
95925706
95925705
95925700
95925791
95925790
95925795
95925794
95925793
95925792
95925799
95925798
95925797
95925796
95925780
95925789
95925784
95925783
95925782
95925781
95925788
95925787
95925786
95925785
95925779
95925778
95925773
95925772
95925771
95925770
95925777
95925776
95925775
95925774
95925769
95925768
95925767
95925762
95925761
95925760
95925766
95925765
95925764
95925763
95925759
95925758
95925757
95925756
95925751
95925750
95925755
95925754
95925753
95925752
95925748
95925747
95925746
95925745
95925749
95925740
95925744
95925743
95925742
95925741
95925737
95925736
95925735
95925734
95925739
95925738
95925733
95925732
95925731
95925730
95925726
95925725
95925724
95925723
95925729
95925728
95925727
95925722
95925721
95925720
95925836
95925835
95925834
95925833
95925839
95925838
95925837
95925832
95925831
95925830
95925819
95925825
95925824
95925823
95925822
95925829
95925828
95925827
95925826
95925821
95925820
95925809
95925808
95925814
95925813
95925812
95925811
95925818
95925817
95925816
95925815
95925810
95925803
95925802
95925801
95925800
95925807
95925806
95925805
95925804
95925890
95925899
95925894
95925893
95925892
95925891
95925898
95925897
95925896
95925895
95925889
95925888
95925883
95925882
95925881
95925880
95925887
95925886
95925885
95925884
95925879
95925878
95925877
95925872
95925871
95925870
95925876
95925875
95925874
95925873
95925869
95925868
95925867
95925866
95925861
95925860
95925865
95925864
95925863
95925862
95925858
95925857
95925856
95925855
95925859
95925850
95925854
95925853
95925852
95925851
95925847
95925846
95925845
95925844
95925849
95925848
95925843
95925842
95925841
95925840
95940904
95940905
95940906
95940907
95940900
95940901
95940902
95940903
95940908
95940909
95940910
95940915
95940916
95940917
95940918
95940911
95940912
95940913
95940914
95940919
95940920
95940921
95940926
95940927
95940928
95940929
95940922
95940923
95940924
95940925
95940930
95940931
95940932
95940937
95940938
95940939
95940933
95940934
95940935
95940936
95940940
95940941
95940942
95940943
95940948
95940949
95940944
95940945
95940946
95940947
95940951
95940952
95940953
95940954
95940950
95940959
95940955
95940956
95940957
95940958
95940962
95940963
95940964
95940965
95940960
95940966
95940967
95940968
95940969
95940973
95940974
95940976
95940970
95940971
95940972
95940977
95940978
95940979
95940984
95940985
95940986
95940987
95940980
95940981
95940982
95940983
95940988
95940989
95940990
95940995
95940996
95940997
95940998
95940991
95940992
95940993
95940994
95940999
95940700
95940701
95940790
95940791
95940792
95940797
95940798
95940799
95940793
95940794
95940795
95940796
95940706
95940707
95940708
95940702
95940703
95940704
95940705
95940710
95940711
95940712
95940717
95940718
95940719
95940714
95940715
95940716
95940721
95940722
95940723
95940728
95940729
95940724
95940725
95940727
95940731
95940732
95940733
95940734
95940730
95940739
95940735
95940736
95940737
95940738
95940742
95940743
95940744
95940745
95940740
95940741
95940746
95940747
95940748
95940749
95940753
95940754
95940755
95940756
95940750
95940751
95940752
95940757
95940758
95940759
95940764
95940765
95940766
95940767
95940760
95940761
95940762
95940763
95940769
95940770
95940775
95940776
95940777
95940778
95940771
95940772
95940773
95940774
95940779
95940780
95940781
95940786
95940787
95940788
95940789
95940782
95940783
95940784
95940785
95940800
95940805
95940806
95940807
95940808
95940802
95940803
95940804
95940809
95940810
95940811
95940817
95940818
95940819
95940812
95940813
95940814
95940815
95940820
95940821
95940822
95940827
95940828
95940829
95940823
95940824
95940825
95940826
95940830
95940831
95940832
95940833
95940838
95940839
95940834
95940835
95940836
95940837
95940841
95940842
95940843
95940844
95940840
95940849
95940845
95940846
95940847
95940848
95940852
95940853
95940854
95940855
95940850
95940851
95940856
95940857
95940858
95940863
95940864
95940865
95940866
95940860
95940861
95940862
95940867
95940868
95940869
95940874
95940875
95940876
95940877
95940870
95940871
95940872
95940873
95940878
95940879
95940880
95940885
95940886
95940887
95940881
95940882
95940883
95940884
95940889
95940890
95940896
95940897
95940898
95940899
95940892
95940893
95940894
95940895
95940548
95940549
95940550
95940555
95940556
95940557
95940558
95940551
95940552
95940553
95940559
95940560
95940561
95940566
95940567
95940568
95940562
95940563
95940564
95940565
95940571
95940572
95940577
95940578
95940579
95940573
95940574
95940575
95940576
95940580
95940581
95940582
95940583
95940588
95940589
95940584
95940586
95940591
95940592
95940593
95940594
95940590
95940599
95940595
95940596
95940597
95940598
95940500
95940501
95940502
95940503
95940508
95940505
95940506
95940511
95940513
95940514
95940510
95940519
95940515
95940516
95940517
95940518
95940522
95940523
95940525
95940520
95940521
95940526
95940527
95940528
95940529
95940535
95940536
95940530
95940532
95940537
95940538
95940539
95940544
95940545
95940546
95940547
95940540
95940541
95940542
95940543
95940669
95940670
95940671
95940676
95940677
95940678
95940679
95940672
95940674
95940675
95940680
95940682
95940688
95940689
95940683
95940684
95940690
95940691
95940692
95940693
95940698
95940699
95940694
95940695
95940696
95940697
95940600
95940601
95940602
95940607
95940608
95940609
95940603
95940604
95940605
95940606
95940611
95940612
95940613
95940618
95940619
95940614
95940615
95940616
95940617
95940621
95940622
95940623
95940624
95940620
95940629
95940625
95940626
95940627
95940628
95940632
95940633
95940635
95940631
95940636
95940637
95940638
95940639
95940644
95940645
95940646
95940641
95940647
95940648
95940649
95940655
95940656
95940657
95940650
95940651
95940652
95940653
95940658
95940659
95940660
95940665
95940666
95940667
95940668
95940661
95940662
95940663
95940664
95940272
95940273
95940274
95940275
95940270
95940271
95940276
95940277
95940278
95940279
95940283
95940284
95940285
95940286
95940280
95940281
95940282
95940287
95940288
95940289
95940294
95940295
95940296
95940297
95940290
95940291
95940292
95940293
95940298
95940299
95942969
95940306
95942968
95940307
95940308
95940309
95942970
95940313
95942976
95940314
95942975
95940315
95942978
95940316
95942977
95942972
95940310
95942971
95942974
95940311
95940312
95942973
95940317
95942979
95940318
95940319
95942981
95942980
95940324
95942987
95942986
95940325
95940326
95942989
95942988
95940327
95940320
95942983
95940321
95942982
95940322
95942985
95940323
95942984
95940328
95940329
95942990
95942992
95942991
95940330
95942998
95940335
95942997
95940336
95942999
95940338
95940331
95942994
95940332
95942993
95940333
95942996
95942995
95940334
95940339
95940340
95940341
95940346
95940347
95940348
95940349
95940342
95940343
95940344
95940345
95940350
95940351
95940352
95940357
95940358
95940359
95940353
95940354
95940355
95940356
95940360
95940361
95940362
95940363
95940368
95940369
95940364
95940365
95940366
95940367
95940371
95940372
95940373
95940374
95940370
95940379
95940375
95940376
95940377
95940378
95940382
95940383
95940384
95940385
95940380
95940381
95940386
95940387
95940388
95940389
95942901
95942900
95942907
95942906
95942909
95942908
95942903
95942902
95942905
95942904
95942910
95942912
95942911
95942918
95942917
95942919
95942914
95942913
95942916
95942915
95942921
95942920
95942922
95942929
95942927
95942939
95942936
95942935
95942938
95942937
95942943
95942942
95942945
95942944
95942941
95942940
95942947
95942946
95942949
95942948
95942954
95942953
95942956
95942955
95942950
95942952
95942951
95942958
95942959
95940302
95942965
95940303
95942964
95940304
95942967
95942966
95940305
95942961
95942960
95942963
95940300
95942962
95940301
95940393
95940394
95940395
95940396
95940390
95940391
95940392
95940397
95940398
95940399
95940427
95940428
95940429
95940434
95940435
95940436
95940437
95940430
95940431
95940432
95940433
95940438
95940439
95940440
95940445
95940446
95940447
95940448
95940441
95940442
95940443
95940444
95940449
95940450
95940451
95940456
95940457
95940458
95940459
95940452
95940453
95940454
95940455
95940460
95940461
95940462
95940467
95940468
95940469
95940463
95940464
95940465
95940466
95940470
95940471
95940472
95940473
95940478
95940479
95940474
95940475
95940476
95940477
95940481
95940482
95940483
95940484
95940480
95940489
95940485
95940486
95940487
95940488
95940492
95940493
95940494
95940495
95940490
95940491
95940496
95940497
95940498
95940499
95940401
95940402
95940403
95940404
95940400
95940409
95940405
95940406
95940407
95940408
95940412
95940413
95940414
95940415
95940410
95940411
95940416
95940417
95940418
95940419
95940423
95940424
95940425
95940426
95940420
95940421
95940422
95940030
95942693
95942692
95940031
95942695
95940032
95942694
95940033
95942691
95942690
95940038
95940039
95940034
95942697
95942696
95940035
95940036
95942699
95940037
95942698
95940041
95940042
95940043
95940044
95940040
95940049
95940045
95940046
95940047
95940048
95940052
95940053
95940054
95940055
95940050
95940051
95940056
95940057
95940058
95940059
95940063
95940064
95940065
95940066
95940060
95940061
95940062
95940067
95940068
95940069
95940074
95940075
95940076
95940077
95940070
95940071
95940072
95940073
95940078
95940079
95940080
95940085
95940086
95940087
95940088
95940081
95940082
95940083
95940084
95940089
95940090
95940091
95940096
95940097
95940098
95940099
95940092
95940093
95940094
95940095
95942727
95942726
95942729
95942728
95942734
95942733
95942736
95942735
95942730
95942732
95942731
95942738
95942737
95942739
95942745
95942744
95942747
95942746
95942741
95942740
95942743
95942742
95942749
95942748
95942750
95942756
95942755
95942758
95942757
95942752
95942751
95942754
95942753
95942759
95942761
95942760
95940104
95942767
95942766
95940105
95942769
95940106
95940107
95942768
95940100
95942763
95940101
95942762
95940102
95942765
95940103
95940108
95940109
95942770
95942772
95942771
95940110
95942778
95940115
95942777
95940116
95940118
95942779
95942774
95940111
95942773
95940112
95942776
95940113
95942775
95940114
95940119
95942781
95942780
95942783
95940120
95942782
95940121
95942789
95940126
95942788
95940127
95940128
95940129
95942785
95940122
95942784
95940123
95942787
95940124
95942786
95940125
95942792
95942791
95940130
95940131
95942794
95940132
95942793
95942790
95940137
95942799
95940138
95940139
95942796
95940133
95942795
95940134
95942798
95940135
95942797
95940136
95940140
95940141
95940142
95940143
95940148
95940149
95940144
95940145
95940146
95940147
95942701
95942700
95942702
95942709
95942708
95942705
95942704
95942707
95942706
95942711
95942714
95942713
95942710
95942719
95942716
95942715
95942718
95942717
95942723
95942722
95942725
95942724
95942721
95942720
95940151
95940152
95940153
95940154
95940150
95940159
95940155
95940156
95940157
95940158
95940162
95940163
95940164
95940165
95940160
95940161
95940166
95940167
95940168
95940169
95940173
95940174
95940175
95940176
95940170
95940171
95940172
95940177
95940178
95940179
95940184
95940185
95940186
95940187
95940180
95940181
95940182
95940183
95940188
95940189
95940190
95940195
95940196
95940197
95940198
95940191
95940192
95940193
95940194
95940199
95942848
95942847
95942849
95942855
95942854
95942857
95942856
95942851
95942850
95942853
95942852
95942859
95942858
95942860
95942866
95940203
95942865
95940204
95940205
95942868
95942867
95940206
95940200
95942861
95940201
95942864
95940202
95942863
95940207
95942869
95940208
95940209
95942871
95942870
95940214
95942877
95940215
95942876
95940216
95942879
95942878
95940217
95940210
95942873
95940211
95942872
95940212
95942875
95940213
95942874
95940218
95940219
95942880
95942882
95940220
95942881
95942888
95940225
95942887
95940226
95940227
95940228
95942889
95940221
95942884
95942883
95940222
95940223
95942886
95942885
95940224
95940229
95942891
95942890
95942893
95940230
95942892
95940231
95942899
95940236
95942898
95940237
95940238
95940239
95940232
95942895
95940233
95942894
95940234
95942897
95942896
95940235
95940240
95940241
95940242
95940247
95940248
95940249
95940243
95940244
95940245
95940246
95940250
95940251
95940252
95940253
95940258
95940259
95940254
95940255
95940256
95940257
95940261
95940262
95940263
95940264
95940260
95940269
95940265
95940266
95940267
95940268
95942800
95942802
95942801
95942808
95942807
95942809
95942804
95942803
95942806
95942805
95942811
95942810
95942813
95942812
95942819
95942818
95942815
95942814
95942817
95942816
95942822
95942821
95942824
95942823
95942820
95942829
95942826
95942825
95942828
95942827
95942833
95942832
95942835
95942834
95942831
95942830
95942837
95942836
95942839
95942838
95942844
95942843
95942846
95942845
95942840
95942842
95942841
95942451
95942450
95942453
95942452
95942459
95942458
95942455
95942454
95942457
95942456
95942462
95942461
95942464
95942463
95942460
95942469
95942466
95942465
95942468
95942467
95942473
95942472
95942475
95942474
95942471
95942470
95942477
95942476
95942479
95942478
95942484
95942483
95942486
95942485
95942480
95942482
95942481
95942488
95942487
95942489
95942495
95942494
95942497
95942496
95942491
95942490
95942493
95942492
95942499
95942498
95942503
95942502
95942505
95942504
95942501
95942500
95942507
95942506
95942509
95942508
95942514
95942513
95942516
95942515
95942510
95942512
95942511
95942518
95942517
95942519
95942525
95942524
95942527
95942526
95942521
95942520
95942523
95942522
95942529
95942528
95942530
95942536
95942535
95942538
95942537
95942532
95942531
95942534
95942533
95942539
95942541
95942540
95942547
95942546
95942549
95942548
95942543
95942542
95942545
95942544
95942550
95942552
95942551
95942558
95942557
95942559
95942554
95942553
95942556
95942555
95942561
95942560
95942563
95942562
95942569
95942568
95942565
95942564
95942567
95942566
95942572
95942571
95942574
95942573
95942570
95942579
95942576
95942575
95942578
95942577
95942583
95942582
95942585
95942584
95942581
95942580
95942587
95942586
95942589
95942588
95942594
95942593
95942596
95942595
95942590
95942592
95942591
95942598
95942597
95942599
95942609
95942606
95942605
95942608
95942607
95942613
95942612
95942615
95942614
95942611
95942610
95942617
95942616
95942619
95942618
95942624
95942623
95942626
95942625
95942620
95942622
95942621
95942628
95942627
95942629
95942635
95942634
95942637
95942636
95942631
95942630
95942633
95942632
95942639
95942638
95942640
95942646
95942645
95942648
95942647
95942642
95942641
95942644
95942643
95942649
95942651
95942650
95942657
95942656
95942659
95942658
95942653
95942652
95942655
95942654
95942660
95942662
95940000
95942661
95940005
95942668
95940006
95942667
95940007
95942669
95940008
95940001
95942664
95940002
95942663
95942666
95940003
95940004
95942665
95940009
95942671
95942670
95940010
95942673
95942672
95940011
95942679
95940016
95942678
95940017
95940018
95940019
95942675
95940012
95942674
95940013
95942677
95940014
95942676
95940015
95942682
95940020
95942681
95942684
95940021
95940022
95942683
95940027
95940028
95942689
95940029
95940023
95942686
95942685
95940024
95942688
95940025
95942687
95940026
95942602
95942601
95942604
95942603
95942600
95942291
95942290
95942297
95942296
95942299
95942298
95942293
95942292
95942295
95942294
95942209
95944872
95944873
95942211
95944870
95944871
95942210
95942217
95942216
95942219
95944878
95942218
95944879
95942213
95944876
95942212
95944877
95942215
95944874
95942214
95944875
95944883
95942220
95944884
95942222
95944881
95942221
95944882
95944880
95942228
95942227
95944889
95942229
95944887
95942224
95942223
95944888
95942226
95944885
95944886
95942225
95942231
95944894
95942230
95944895
95944892
95942233
95942232
95944893
95944890
95944891
95942239
95942238
95942235
95944898
95942234
95944899
95944896
95942237
95942236
95944897
95942242
95942241
95942244
95942243
95942240
95942249
95942246
95942245
95942248
95942247
95942253
95942252
95942255
95942254
95942251
95942250
95942257
95942256
95942259
95942258
95942264
95942263
95942266
95942265
95942260
95942262
95942261
95942268
95942267
95942269
95942275
95942274
95942277
95942276
95942271
95942270
95942273
95942272
95942279
95942278
95942280
95942286
95942285
95942288
95942287
95942282
95942281
95942284
95942283
95942289
95944908
95944909
95944906
95944907
95944904
95944905
95944913
95944914
95944911
95944912
95944910
95944919
95944917
95944918
95944915
95944916
95944924
95944925
95944922
95944923
95944920
95944921
95944928
95944929
95944926
95944927
95944935
95944936
95944933
95944934
95944931
95944932
95944930
95944939
95944937
95944938
95944946
95944947
95944944
95944945
95944942
95944943
95944940
95944941
95944948
95944949
95944950
95944957
95944958
95944955
95944956
95944953
95944954
95944951
95944952
95944959
95944960
95944961
95942305
95944968
95942304
95944969
95942307
95944967
95942306
95942301
95942300
95942303
95944962
95942302
95944963
95942309
95942308
95944971
95944972
95942310
95944970
95944979
95942316
95942315
95942318
95944977
95944978
95942317
95942312
95944975
95942311
95944976
95942314
95944973
95942313
95944974
95942319
95944982
95944983
95942321
95944980
95944981
95942320
95942327
95942326
95944988
95942329
95944989
95942328
95944986
95942323
95944987
95942322
95942325
95944984
95942324
95944985
95944902
95944903
95944900
95944901
95942330
95944993
95944994
95944991
95942332
95944992
95942331
95944990
95942338
95942337
95944999
95942339
95942334
95944997
95944998
95942333
95944995
95942336
95942335
95944996
95942341
95942340
95942343
95942342
95942349
95942348
95942345
95942344
95942347
95942346
95942352
95942351
95942354
95942353
95942350
95942359
95942356
95942355
95942358
95942357
95942363
95942362
95942365
95942364
95942361
95942360
95942367
95942366
95942369
95942368
95942374
95942373
95942376
95942375
95942370
95942372
95942371
95942378
95942377
95942379
95942385
95942384
95942387
95942386
95942381
95942380
95942383
95942382
95942389
95942388
95942390
95942396
95942395
95942398
95942397
95942392
95942391
95942394
95942393
95942399
95942404
95942403
95942406
95942405
95942400
95942402
95942401
95942408
95942407
95942409
95942415
95942414
95942417
95942416
95942411
95942410
95942413
95942412
95942419
95942418
95942420
95942426
95942425
95942428
95942427
95942422
95942421
95942424
95942423
95942429
95942431
95942430
95942437
95942436
95942439
95942438
95942433
95942432
95942435
95942434
95942440
95942442
95942441
95942448
95942447
95942449
95942444
95942443
95942446
95942445
95942055
95942054
95942057
95942056
95942051
95942050
95942053
95942052
95942059
95942058
95942060
95942066
95942065
95942068
95942067
95942062
95942061
95942064
95942063
95942069
95942071
95942070
95942077
95942076
95942079
95942078
95942073
95942072
95942075
95942074
95942080
95942082
95942081
95942088
95942089
95942084
95942083
95942086
95942085
95942091
95942090
95942093
95942092
95942099
95942098
95942095
95942094
95942097
95942096
95944629
95945962
95944630
95945961
95944631
95945960
95944638
95945969
95944639
95945968
95945967
95944637
95945966
95944634
95945965
95944635
95944632
95945964
95945963
95944633
95945973
95944641
95945972
95944642
95945971
95944640
95945970
95944649
95944647
95945979
95944648
95945978
95944645
95945977
95944646
95945976
95945975
95944644
95945974
95944652
95945984
95945983
95944653
95945982
95944650
95945981
95944651
95945980
95944658
95945989
95944659
95945988
95944656
95945987
95944657
95945986
95944654
95945985
95944655
95942000
95945995
95944663
95945994
95944664
95945993
95942002
95942001
95945992
95944662
95945991
95945990
95944660
95942008
95942007
95944669
95942009
95942004
95944667
95945999
95942003
95945998
95944668
95942006
95945997
95944665
95942005
95945996
95944666
95944674
95942011
95942010
95944675
95942013
95944672
95942012
95944673
95944670
95944671
95942019
95942018
95942015
95944678
95942014
95942017
95944676
95942016
95944677
95942022
95944685
95942021
95944686
95942024
95944683
95942023
95944684
95944681
95944682
95942020
95944680
95942029
95942026
95944689
95942025
95942028
95944687
95942027
95944696
95942033
95942032
95944697
95944694
95942035
95942034
95944695
95944692
95944693
95942031
95944690
95942030
95944691
95942037
95942036
95942039
95944698
95942038
95944699
95942044
95942043
95942046
95942045
95942040
95942042
95942041
95942048
95942047
95942049
95944704
95944705
95944702
95944703
95944700
95944701
95944708
95944709
95944706
95944707
95944715
95944716
95944713
95944714
95944711
95944712
95944710
95944719
95944717
95944718
95944726
95944727
95944724
95944725
95944722
95944723
95944720
95944721
95944728
95944729
95944730
95944737
95944738
95944735
95944736
95944733
95944734
95944731
95944732
95944739
95944740
95944741
95944748
95944749
95944746
95944747
95944744
95944745
95944742
95944743
95942170
95942176
95942175
95942178
95942177
95942172
95942171
95942174
95942173
95942179
95942181
95942180
95942187
95942186
95942189
95942188
95942183
95942182
95942185
95942184
95942190
95942192
95942191
95942198
95942197
95942199
95942194
95942193
95942196
95942195
95944751
95944752
95944750
95944759
95944757
95944758
95944755
95944756
95944753
95944754
95944762
95944763
95942101
95944760
95944761
95942100
95942107
95942106
95942109
95944768
95942108
95944769
95942103
95944766
95942102
95944767
95942105
95944764
95942104
95944765
95942110
95944773
95944774
95942112
95944771
95942111
95944772
95944770
95942118
95942117
95944779
95942119
95942114
95944777
95942113
95944778
95942116
95944775
95944776
95942115
95942121
95944784
95944785
95942120
95944782
95942123
95942122
95944783
95944780
95944781
95942129
95942128
95942125
95944788
95942124
95944789
95944786
95942127
95942126
95944787
95942132
95944795
95942131
95944796
95944793
95942134
95944794
95942133
95944791
95944792
95942130
95944790
95942139
95942136
95944799
95942135
95942138
95944797
95942137
95944798
95942143
95942142
95942145
95942144
95942141
95942140
95942147
95942146
95942149
95942148
95942154
95942153
95942156
95942155
95942150
95942152
95942151
95942158
95942157
95942159
95942165
95942164
95942166
95942161
95942160
95942163
95942162
95942169
95942168
95944803
95944804
95944801
95944802
95944800
95944809
95944807
95944808
95944805
95944806
95944814
95944815
95944812
95944813
95944810
95944811
95944818
95944819
95944816
95944817
95944825
95944826
95944823
95944824
95944821
95944822
95944820
95944829
95944827
95944828
95944836
95944837
95944834
95944835
95944832
95944833
95944830
95944831
95944838
95944839
95944840
95944847
95944848
95944845
95944846
95944843
95944844
95944841
95944842
95944849
95944850
95944851
95944858
95944859
95944856
95944857
95944854
95944855
95944852
95944853
95944861
95944862
95942200
95944860
95942206
95944869
95942205
95942208
95944867
95942207
95944868
95942202
95944865
95944866
95942201
95942204
95944863
95942203
95944864
95944476
95944477
95944474
95944475
95944472
95944473
95944470
95944471
95944478
95944479
95944480
95944487
95944488
95944485
95944486
95944483
95944484
95944481
95944482
95944489
95944490
95944491
95944498
95944499
95944496
95944497
95944494
95944495
95944492
95944493
95945719
95945718
95945720
95945728
95945727
95945726
95945725
95945724
95945723
95945722
95945721
95945729
95945731
95944400
95945730
95944407
95945739
95944408
95945738
95945737
95944405
95945736
95944406
95944403
95945735
95945734
95944404
95944401
95945733
95944402
95945732
95944409
95945742
95944410
95945741
95944411
95945740
95944418
95944419
95945749
95945748
95944416
95945747
95944417
95944414
95945746
95945745
95944415
95944412
95945744
95944413
95945743
95944421
95945753
95944422
95945752
95945751
95945750
95944420
95944429
95944427
95945759
95944428
95945758
95945757
95944425
95944426
95945756
95945755
95944423
95944424
95945754
95945764
95944432
95945763
95944433
95944430
95945762
95945761
95944431
95945760
95944438
95945769
95944439
95944436
95945768
95945767
95944437
95945766
95944434
95944435
95945765
95944443
95945775
95945774
95944444
95944441
95945773
95945772
95944442
95945771
95945770
95944440
95944449
95944447
95945779
95944448
95945778
95945777
95944445
95944446
95945776
95945786
95944454
95944455
95945785
95944452
95945784
95944453
95945783
95944450
95945782
95944451
95945781
95945780
95944458
95944459
95945789
95945788
95944456
95945787
95944457
95945797
95944465
95944466
95945796
95945795
95944463
95945794
95944464
95945793
95944461
95944462
95945792
95945791
95944460
95945790
95944469
95944467
95945799
95944468
95945798
95945805
95945804
95945803
95945802
95945801
95945800
95945809
95945808
95945807
95945806
95945816
95945815
95945814
95945813
95945812
95945811
95945810
95945819
95945818
95945817
95945827
95945826
95945825
95945824
95945823
95945822
95945821
95945820
95945829
95945828
95945830
95944506
95945838
95945837
95944507
95945836
95944504
95944505
95945835
95944502
95945834
95945833
95944503
95945832
95944500
95944501
95945831
95944590
95944597
95944598
95944595
95944596
95944593
95944594
95944591
95944592
95944599
95944508
95945839
95945841
95944510
95945840
95945849
95944517
95945848
95944518
95944515
95945847
95945846
95944516
95945845
95944513
95945844
95944514
95944511
95945843
95944512
95945842
95944519
95944520
95945852
95944521
95945851
95945850
95944528
95944529
95945859
95945858
95944526
95945857
95944527
95944524
95945856
95945855
95944525
95944522
95945854
95945853
95944523
95944531
95945863
95945862
95944532
95945861
95945860
95944530
95944539
95945869
95944537
95945868
95944538
95945867
95944535
95945866
95944536
95945865
95944533
95945864
95944534
95945874
95944542
95944543
95945873
95945872
95944540
95945871
95944541
95945870
95944548
95945879
95944549
95944546
95945878
95944547
95945877
95945876
95944544
95945875
95944545
95945885
95944553
95944554
95945884
95945883
95944551
95945882
95944552
95945881
95945880
95944550
95944559
95945889
95944557
95945888
95944558
95945887
95944555
95945886
95944556
95945896
95944564
95945895
95944565
95944562
95945894
95945893
95944563
95944560
95945892
95944561
95945891
95945890
95944568
95945899
95944569
95945898
95944566
95945897
95944567
95944575
95944576
95944573
95944574
95944571
95944572
95944570
95944579
95944577
95944578
95944586
95944587
95944584
95944585
95944582
95944583
95944580
95944581
95944588
95944589
95945904
95945903
95945902
95945901
95945900
95945909
95945908
95945907
95945906
95945905
95945915
95945914
95945913
95945912
95945911
95945910
95945919
95945918
95945917
95945916
95945926
95945925
95945924
95945923
95945922
95945921
95945920
95945929
95945928
95945927
95945937
95944605
95944606
95945936
95944603
95945935
95945934
95944604
95945933
95944601
95945932
95944602
95945931
95945930
95944600
95944609
95945939
95944607
95944608
95945938
95945940
95945948
95944616
95945947
95944617
95945946
95944614
95945945
95944615
95945944
95944612
95945943
95944613
95945942
95945941
95944611
95944618
95945949
95944619
95945951
95945950
95944620
95945959
95944627
95945958
95944628
95945957
95944625
95945956
95944626
95945955
95944623
95945954
95944624
95945953
95944621
95945952
95944622
95945566
95944234
95944235
95945565
95944232
95945564
95945563
95944233
95945562
95944230
95945561
95944231
95945560
95944238
95944239
95945569
95945568
95944236
95945567
95944237
95945577
95944245
95945576
95944246
95944243
95945575
95945574
95944244
95945573
95944241
95944242
95945572
95945571
95944240
95945570
95944249
95945579
95944247
95944248
95945578
95945580
95945588
95944256
95944257
95945587
95945586
95944254
95944255
95945585
95944252
95945584
95944253
95945583
95945582
95944250
95945581
95944251
95944258
95945589
95944259
95945591
95944260
95945590
95944267
95945599
95944268
95945598
95945597
95944265
95944266
95945596
95945595
95944263
95945594
95944264
95945593
95944261
95945592
95944262
95944269
95944270
95944271
95944278
95944279
95944276
95944277
95944274
95944275
95944272
95944273
95944281
95944282
95944280
95944289
95944287
95944288
95944285
95944286
95944283
95944284
95944292
95944293
95944290
95944291
95944298
95944299
95944296
95944297
95944294
95944295
95945500
95945508
95945507
95945506
95945505
95945504
95945503
95945502
95945501
95945509
95945511
95945510
95945519
95945518
95945517
95945516
95945515
95945514
95945513
95945512
95945522
95945521
95945520
95945529
95945528
95945527
95945526
95945525
95945524
95945523
95945533
95944201
95945532
95944202
95945531
95944200
95945530
95944209
95944207
95945539
95944208
95945538
95945537
95944205
95945536
95944206
95944203
95945535
95945534
95944204
95945544
95944212
95945543
95944213
95945542
95944210
95944211
95945541
95945540
95944218
95944219
95945549
95944216
95945548
95945547
95944217
95944214
95945546
95944215
95945545
95944223
95945555
95945554
95944224
95944221
95945553
95945552
95944222
95945551
95944220
95945550
95944229
95945559
95944227
95945558
95944228
95945557
95944225
95945556
95944226
95944355
95945687
95944356
95945686
95944353
95945685
95944354
95945684
95944351
95945683
95945682
95944352
95945681
95945680
95944350
95944359
95945689
95944357
95944358
95945688
95945690
95945698
95944366
95945697
95944367
95945696
95944364
95945695
95944365
95945694
95944362
95945693
95944363
95945692
95944360
95945691
95944361
95944368
95945699
95944369
95944370
95944377
95944378
95944375
95944376
95944373
95944374
95944371
95944372
95944379
95944380
95944381
95944388
95944389
95944386
95944387
95944384
95944385
95944382
95944383
95944391
95944392
95944390
95944399
95944397
95944398
95944395
95944396
95944393
95944394
95945607
95945606
95945605
95945604
95945603
95945602
95945601
95945600
95945609
95945608
95945610
95945618
95945617
95945616
95945615
95945614
95945613
95945612
95945611
95945619
95945621
95945620
95945629
95945628
95945627
95945626
95945625
95945624
95945623
95945622
95944300
95945632
95945631
95944301
95945630
95944308
95945639
95945638
95944306
95945637
95944307
95945636
95944304
95945635
95945634
95944302
95945633
95944303
95945643
95944311
95945642
95945641
95945640
95944310
95944319
95945649
95945648
95944318
95945647
95944315
95945646
95945645
95944313
95945644
95944314
95945654
95944322
95945653
95944323
95945652
95945651
95944321
95945650
95944328
95945659
95944329
95945658
95944326
95945657
95944327
95945656
95944324
95945655
95944325
95945665
95944333
95945664
95944334
95945663
95944331
95945662
95944332
95945661
95945660
95944330
95944339
95945669
95944337
95945668
95944338
95944335
95945667
95945666
95944336
95945676
95944344
95944345
95945675
95945674
95944342
95945673
95944343
95944340
95945672
95944341
95945671
95945670
95944348
95945679
95944349
95944346
95945678
95944347
95945677
95945706
95945705
95945704
95945703
95945702
95945701
95945700
95945709
95945708
95945707
95945717
95945716
95945715
95945714
95945713
95945712
95945711
95945710
95945324
95945323
95945322
95945321
95945320
95945329
95945328
95945327
95945326
95945325
95945335
95944003
95945334
95944004
95945333
95944001
95944002
95945332
95945331
95944000
95945330
95944009
95944007
95945339
95944008
95945338
95945337
95944005
95944006
95945336
95944014
95945346
95944015
95945345
95944012
95945344
95944013
95945343
95944010
95945342
95945341
95944011
95945340
95944018
95944019
95945349
95944016
95945348
95944017
95945347
95945357
95944025
95944026
95945356
95944023
95945355
95945354
95944024
95944021
95945353
95944022
95945352
95945351
95945350
95944020
95944029
95944027
95945359
95944028
95945358
95945360
95944036
95945368
95944037
95945367
95944034
95945366
95945365
95944035
95944032
95945364
95944033
95945363
95944030
95945362
95944031
95945361
95944038
95944039
95945369
95945371
95944040
95945370
95945379
95944047
95945378
95944048
95944045
95945377
95945376
95944046
95945375
95944043
95944044
95945374
95945373
95944041
95944042
95945372
95944049
95944050
95945382
95944051
95945381
95945380
95944058
95944059
95945389
95944056
95945388
95945387
95944057
95944054
95945386
95944055
95945385
95945384
95944052
95945383
95944053
95944061
95945393
95944062
95945392
95945391
95944060
95945390
95944069
95944067
95945399
95944068
95945398
95945397
95944065
95944066
95945396
95945395
95944063
95944064
95945394
95945302
95945300
95945309
95945308
95945307
95945306
95945305
95945304
95945303
95945313
95945312
95945311
95945310
95945319
95945318
95945317
95945316
95945315
95945314
95944072
95944073
95944070
95944071
95944078
95944079
95944076
95944077
95944074
95944075
95944083
95944084
95944081
95944082
95944080
95944089
95944087
95944088
95944085
95944086
95944094
95944095
95944092
95944093
95944090
95944091
95944098
95944099
95944096
95944097
95944113
95945445
95944114
95945444
95945443
95944111
95944112
95945442
95945441
95945440
95944110
95944119
95944117
95945449
95945448
95944118
95944115
95945447
95944116
95945446
95945456
95944124
95944125
95945455
95944122
95945454
95944123
95945453
95945452
95944120
95945451
95944121
95945450
95944128
95944129
95945459
95944126
95945458
95944127
95945457
95945467
95944135
95945466
95944136
95945465
95944133
95945464
95944134
95945463
95944131
95945462
95944132
95945461
95944130
95945460
95944139
95945469
95944137
95944138
95945468
95945470
95945478
95944146
95944147
95945477
95944144
95945476
95945475
95944145
95944142
95945474
95944143
95945473
95944140
95945472
95945471
95944141
95944148
95945479
95944149
95945481
95944150
95945480
95945489
95944157
95945488
95944158
95944155
95945487
95945486
95944156
95944153
95945485
95944154
95945484
95944151
95945483
95944152
95945482
95944159
95944160
95945492
95944161
95945491
95945490
95944168
95945499
95944169
95945498
95944166
95945497
95944167
95944164
95945496
95944165
95945495
95944162
95945494
95945493
95944163
95944171
95944172
95944170
95944179
95944177
95944178
95944175
95944176
95944173
95944174
95944182
95944183
95944180
95944181
95944188
95944189
95944186
95944187
95944184
95944185
95945401
95945409
95945408
95945407
95945406
95945405
95945404
95945403
95945402
95945412
95945411
95945410
95945419
95945418
95945417
95945416
95945415
95945414
95945413
95945423
95945422
95945421
95945420
95945429
95945428
95945427
95945426
95945425
95945424
95945434
95944102
95945433
95944103
95945432
95944100
95945431
95944101
95945430
95944108
95945439
95944109
95945438
95944106
95944107
95945437
95945436
95944104
95945435
95944105
95944193
95944194
95944191
95944192
95944190
95944199
95944197
95944198
95944195
95944196
95945104
95945103
95945102
95945101
95945100
95945109
95945108
95945107
95945106
95945105
95945115
95945114
95945113
95945112
95945111
95945110
95945119
95945118
95945117
95945116
95945126
95945125
95945124
95945123
95945122
95945121
95945120
95945129
95945128
95945127
95945137
95945136
95945135
95945134
95945133
95945132
95945131
95945130
95945139
95945138
95945140
95945148
95945147
95945146
95945145
95945144
95945143
95945142
95945141
95945149
95945151
95945150
95945159
95945158
95945157
95945156
95945155
95945154
95945153
95945152
95945162
95945161
95945160
95945169
95945168
95945167
95945166
95945165
95945164
95945163
95945173
95945172
95945171
95945170
95945179
95945178
95945177
95945176
95945175
95945174
95945184
95945183
95945182
95945181
95945180
95945189
95945188
95945187
95945186
95945185
95945195
95945194
95945193
95945192
95945191
95945190
95945199
95945198
95945197
95945196
95945203
95945202
95945201
95945200
95945209
95945208
95945207
95945206
95945205
95945204
95945214
95945213
95945212
95945211
95945210
95945219
95945218
95945217
95945216
95945215
95945225
95945224
95945223
95945222
95945221
95945220
95945229
95945228
95945227
95945226
95945236
95945235
95945234
95945233
95945232
95945231
95945230
95945239
95945238
95945237
95945247
95945246
95945245
95945244
95945243
95945242
95945241
95945240
95945249
95945248
95945250
95945258
95945257
95945256
95945255
95945254
95945253
95945252
95945251
95945259
95945261
95945260
95945269
95945268
95945267
95945266
95945265
95945264
95945263
95945262
95945271
95945270
95945279
95945278
95945277
95945276
95945275
95945274
95945273
95945283
95945282
95945281
95945280
95945289
95945288
95945287
95945286
95945285
95945284
95945294
95945293
95945292
95945291
95945290
95945299
95945298
95945297
95945296
95945295
95945005
95945004
95945003
95945002
95945001
95945000
95945009
95945008
95945007
95945006
95945016
95945015
95945014
95945013
95945012
95945011
95945010
95945019
95945018
95945017
95945027
95945026
95945025
95945024
95945023
95945022
95945021
95945020
95945029
95945028
95945030
95945038
95945037
95945036
95945035
95945034
95945033
95945032
95945031
95945039
95945041
95945040
95945049
95945048
95945047
95945046
95945045
95945044
95945043
95945042
95945052
95945051
95945050
95945059
95945058
95945057
95945056
95945055
95945054
95945053
95945063
95945062
95945061
95945060
95945069
95945068
95945067
95945066
95945065
95945064
95945074
95945073
95945072
95945071
95945070
95945079
95945078
95945077
95945076
95945075
95945085
95945084
95945083
95945082
95945081
95945080
95945089
95945088
95945087
95945086
95945096
95945095
95945094
95945093
95945092
95945091
95945090
95945099
95945098
95945097
