95998490
95997168
95998499
95997169
95997166
95997167
95998498
95997164
95998495
95997165
95998496
95997162
95998493
95997163
95998494
95997160
95998491
95997161
95998492
95997170
95997179
95997177
95997178
95997175
95997176
95997173
95997174
95997171
95997172
95997148
95998479
95997149
95997146
95997147
95998478
95997144
95998475
95997145
95997142
95998473
95997143
95998474
95997140
95998471
95997141
95998472
95998470
95997159
95997157
95998488
95997158
95998489
95997155
95998486
95997156
95997153
95998484
95997154
95997151
95998482
95997152
95998483
95998480
95997150
95998481
95997180
95997181
95997188
95997189
95997186
95997187
95997184
95997185
95997182
95997183
95997191
95997192
95997190
95997199
95997197
95997198
95997195
95997196
95997193
95997194
95998529
95997207
95998538
95997208
95998539
95997205
95998536
95997206
95998537
95997203
95997204
95998535
95997201
95998532
95997202
95998533
95997200
95998531
95997209
95997218
95998549
95997219
95997216
95997217
95998548
95997214
95997215
95998546
95997212
95997213
95998544
95997210
95998541
95997211
95998542
95998540
95998509
95998507
95998508
95998514
95998515
95998512
95998513
95998511
95998528
95998525
95998526
95998523
95998524
95998521
95998522
95998520
95997249
95997247
95998578
95998579
95997248
95997245
95998576
95997246
95998577
95997243
95998574
95997244
95997241
95998572
95997242
95998573
95998570
95997240
95998571
95997258
95998589
95997259
95998587
95997256
95997257
95997254
95998585
95997255
95997252
95998583
95997253
95998584
95997250
95998581
95997251
95998582
95997229
95997227
95998558
95997228
95998559
95997225
95998556
95997226
95998557
95997223
95998554
95997224
95997221
95998552
95997222
95998553
95998550
95997220
95998551
95997238
95998569
95997239
95997236
95998567
95997237
95998568
95997234
95998565
95997235
95998566
95997232
95998563
95997233
95998564
95997230
95998561
95997231
95998562
95998560
95998505
95998506
95998503
95998504
95998501
95998502
95998500
95997280
95997289
95997287
95997288
95997285
95997286
95997283
95997284
95997281
95997282
95997290
95997291
95997298
95997299
95997296
95997297
95997294
95997295
95997292
95997293
95997269
95997267
95997268
95998599
95997265
95997266
95998597
95998594
95997263
95998595
95997264
95997261
95998592
95997262
95998590
95997260
95998591
95997278
95997279
95997276
95997277
95997274
95997275
95997272
95997273
95997270
95997271
95997319
95997328
95998659
95997329
95997326
95998657
95997327
95998658
95997324
95998655
95997325
95998656
95997322
95998653
95997323
95998654
95997320
95998651
95997321
95998652
95998650
95997339
95996007
95996006
95997337
95996009
95998668
95996008
95997338
95998669
95997335
95996003
95998666
95996002
95997336
95998667
95996005
95998664
95996004
95997334
95997331
95998662
95997332
95998663
95996001
95998660
95996000
95997330
95998661
95998628
95998629
95997306
95998637
95997307
95997304
95998635
95997305
95998636
95997302
95998633
95997303
95998634
95997300
95997301
95998632
95998630
95997308
95997309
95997317
95998648
95997318
95998649
95997315
95998646
95997316
95998647
95997313
95998644
95997314
95998645
95997311
95998642
95997312
95998643
95998640
95997310
95996039
95996036
95997368
95997369
95996035
95996038
95997366
95997367
95996037
95998698
95997364
95996032
95998695
95997365
95996031
95998696
95996034
95997362
95998693
95996033
95997363
95998694
95997360
95998691
95997361
95998692
95996030
95998690
95997379
95996047
95996046
95997377
95996049
95997378
95996048
95997375
95996043
95997376
95996042
95996045
95997373
95997374
95996044
95997371
95997372
95996041
95997370
95996040
95996018
95996017
95997348
95998679
95996019
95997349
95996014
95997346
95998677
95997347
95996013
95998678
95996016
95997344
95998675
95997345
95996015
95998676
95996010
95997342
95998673
95997343
95996012
95997340
95998671
95997341
95996011
95998672
95998670
95996029
95996028
95997359
95996025
95997357
95998688
95997358
95996024
95997355
95996027
95998686
95997356
95996026
95998687
95996021
95997353
95998684
95997354
95996020
95996023
95997351
95998682
95997352
95996022
95998683
95998680
95997350
95998681
95998608
95998609
95998606
95998607
95998616
95998613
95998614
95998611
95998612
95998610
95998619
95998617
95998626
95998624
95998625
95998622
95998623
95998621
95998604
95998605
95998603
95998600
95998601
95998258
95998255
95998256
95998251
95998252
95998250
95998269
95998266
95998267
95998265
95998262
95998263
95998260
95998261
95998239
95998237
95998238
95998235
95998236
95998233
95998231
95998232
95998230
95998248
95998249
95998244
95998245
95998242
95998243
95998240
95998241
95998291
95998290
95998299
95998298
95998295
95998296
95998293
95998294
95998270
95998279
95998277
95998278
95998275
95998276
95998273
95998274
95998272
95998280
95998288
95998289
95998286
95998287
95998284
95998285
95998282
95998307
95998308
95998305
95998306
95998303
95998304
95998301
95998302
95998300
95997009
95997007
95998338
95997008
95998339
95997005
95998336
95997006
95998337
95997003
95998334
95997004
95997001
95998332
95997002
95998333
95998330
95997000
95998331
95997018
95998349
95997019
95997016
95998347
95997017
95998348
95997014
95998345
95997015
95998346
95997012
95998343
95997013
95998344
95997010
95998341
95997011
95998342
95998340
95998309
95998318
95998319
95998316
95998317
95998314
95998315
95998312
95998313
95998310
95998311
95998329
95998327
95998328
95998325
95998323
95998324
95998321
95998322
95998320
95997049
95997047
95997048
95998379
95997045
95998376
95997046
95997043
95998374
95997044
95998375
95997041
95997042
95998373
95998370
95997040
95998371
95998380
95997058
95998389
95997059
95997056
95998387
95997057
95997054
95998385
95997055
95998386
95997052
95998383
95997053
95998384
95997050
95998381
95997051
95998382
95997029
95998358
95997027
95997028
95998359
95997025
95998356
95997026
95998357
95997023
95998354
95997024
95998355
95997021
95998352
95997022
95998353
95998350
95997020
95998351
95997038
95998369
95997039
95997036
95997037
95998368
95997034
95997035
95998366
95997032
95998363
95997033
95998364
95997030
95998361
95997031
95998362
95998360
95997081
95997082
95997080
95997089
95997087
95997088
95997085
95997086
95997083
95997084
95997092
95997093
95997090
95997091
95997098
95997099
95997096
95997097
95997094
95997095
95998390
95997060
95998391
95997069
95997067
95998398
95997068
95998399
95997065
95998396
95997066
95998397
95998394
95997063
95997064
95998395
95997061
95998392
95997062
95998393
95997070
95997071
95997078
95997079
95997076
95997077
95997074
95997075
95997072
95997073
95998409
95998417
95998418
95998415
95998416
95998413
95998411
95998412
95998410
95998419
95998429
95998426
95998427
95998424
95998425
95998422
95998423
95998420
95998421
95998406
95998407
95998404
95998405
95998402
95998403
95998400
95998401
95997128
95997129
95997126
95998457
95997127
95998458
95997124
95998455
95997125
95998456
95997122
95998453
95997123
95998454
95997120
95998451
95997121
95998452
95998450
95997139
95997137
95998468
95997138
95998469
95998466
95997135
95997136
95998467
95997133
95997134
95998465
95997131
95998462
95997132
95998463
95998460
95997130
95998461
95997108
95998439
95997109
95997106
95998437
95997107
95998438
95997104
95998435
95997105
95998436
95997102
95998433
95997103
95998434
95997100
95998431
95997101
95998432
95997119
95997117
95998448
95997118
95998449
95997115
95998446
95997116
95998447
95997113
95998444
95997114
95998445
95997111
95998442
95997112
95998440
95997110
95998441
95998094
95998091
95998092
95998090
95998099
95998098
95998095
95998096
95998071
95998072
95998070
95998079
95998077
95998078
95998076
95998074
95998082
95998083
95998080
95998081
95998088
95998089
95998087
95998084
95998085
95998019
95998018
95998015
95998016
95998013
95998014
95998011
95998012
95998010
95998028
95998029
95998026
95998024
95998022
95998023
95998020
95998021
95998008
95998009
95998006
95998007
95998004
95998005
95998002
95998003
95998000
95998001
95998050
95998059
95998058
95998055
95998053
95998054
95998052
95998060
95998061
95998068
95998069
95998067
95998064
95998065
95998062
95998063
95998039
95998037
95998038
95998035
95998036
95998033
95998034
95998031
95998030
95998048
95998049
95998047
95998044
95998045
95998042
95998043
95998041
95998109
95998107
95998105
95998106
95998104
95998100
95998192
95998193
95998190
95998191
95998199
95998196
95998197
95998194
95998195
95998138
95998139
95998136
95998137
95998134
95998135
95998132
95998133
95998130
95998149
95998147
95998148
95998145
95998146
95998143
95998144
95998141
95998142
95998140
95998118
95998119
95998116
95998117
95998114
95998113
95998110
95998111
95998128
95998125
95998123
95998124
95998122
95998120
95998170
95998171
95998178
95998179
95998177
95998175
95998172
95998173
95998181
95998182
95998189
95998187
95998188
95998185
95998186
95998183
95998184
95998158
95998159
95998152
95998153
95998150
95998151
95998167
95998168
95998165
95998166
95998163
95998164
95998161
95998162
95998219
95998217
95998218
95998215
95998213
95998214
95998212
95998210
95998228
95998226
95998227
95998224
95998225
95998222
95998223
95998220
95998221
95998208
95998209
95998206
95998207
95998204
95998205
95998202
95998203
95998200
95998201
95994966
95994967
95994972
95994974
95994977
95994976
95994979
95994985
95994982
95994945
95994953
95994959
95994955
95994956
95994962
95994988
95994987
95994995
95994994
95994996
95994993
95994926
95994925
95994927
95994921
95994924
95994937
95994939
95994942
95994909
95994905
95994914
95994916
95994910
95994913
95994724
95994732
95994735
95994737
95994744
95994722
95994767
95994776
95994773
95994785
95994787
95994745
95994748
95994747
95994752
95994757
95994756
95994759
95994764
95994789
95994791
95994848
95994844
95994852
95994853
95994859
95994857
95994862
95994864
95994826
95994823
95994822
95994825
95994838
95994837
95994839
95994834
95994833
95994898
95994894
95994869
95994868
95994873
95994876
95994884
95995817
95995816
95995819
95995818
95995813
95995812
95995815
95995814
95995820
95995822
95995821
95995828
95995827
95995829
95995824
95995823
95995826
95995825
95995831
95995830
95995833
95994502
95995832
95995800
95995809
95995806
95995805
95995808
95995807
95995802
95995801
95995804
95995803
95995811
95995810
95995857
95994526
95995856
95995859
95995858
95994527
95995864
95995863
95995866
95994534
95995865
95995860
95995862
95995861
95995868
95994537
95995867
95994536
95995869
95994544
95995875
95995874
95994543
95995877
95995876
95995871
95995870
95995873
95995872
95995839
95995838
95995835
95995834
95995837
95995836
95995842
95995841
95995844
95995843
95995840
95995849
95995846
95995845
95995848
95995853
95995852
95995855
95995854
95995851
95995850
95994569
95994577
95994579
95994578
95994574
95994588
95994587
95994589
95994585
95994582
95995879
95994548
95995878
95995886
95994555
95995885
95994557
95995887
95995882
95995881
95995884
95995883
95995880
95994559
95995889
95995899
95995898
95994567
95995893
95995892
95994563
95995894
95995891
95995890
95994599
95994598
95994597
95994596
95995938
95995937
95995939
95995934
95995933
95995936
95995935
95995941
95995940
95995943
95995942
95995949
95995948
95995945
95995944
95995947
95995946
95995952
95995951
95995954
95995953
95995950
95995919
95995916
95995915
95995918
95995917
95995912
95995911
95995914
95995913
95995921
95995920
95995927
95995926
95995929
95995928
95995923
95995922
95995925
95995924
95995930
95995932
95995931
95995978
95995977
95994646
95995979
95994648
95995985
95995984
95995987
95995986
95995981
95994652
95995983
95995982
95995989
95995988
95995996
95994665
95995995
95995998
95995997
95995992
95995991
95995994
95995993
95994662
95995990
95995959
95994628
95995956
95994625
95995955
95994624
95995958
95995957
95994626
95995963
95995962
95994631
95995965
95994634
95995964
95994633
95995961
95995960
95994639
95995967
95994636
95995966
95995969
95994638
95995968
95994643
95995974
95995973
95994642
95995976
95995975
95994644
95995970
95995972
95995971
95995909
95995908
95995905
95995904
95995907
95995906
95995901
95995900
95995903
95995902
95995910
95994697
95994696
95994692
95994668
95995999
95994678
95994677
95994683
95996909
95996907
95996908
95996905
95996906
95996903
95996904
95996901
95996902
95996910
95996911
95996918
95996919
95996916
95996917
95996914
95996915
95996912
95996913
95996921
95996922
95996920
95996900
95995619
95995618
95996949
95996947
95995614
95996948
95996945
95995617
95995616
95996946
95995622
95996954
95995621
95996955
95996952
95995624
95996953
95995623
95996951
95995620
95995629
95995626
95996959
95995625
95995628
95996956
95996957
95995633
95996965
95996966
95994301
95995632
95996963
95995635
95996964
95995634
95996961
95996962
95995631
95994300
95996960
95995630
95996929
95996927
95996928
95996925
95996926
95996923
95996924
95996932
95995600
95996933
95996930
95995602
95996931
95995601
95995608
95995607
95996938
95995609
95996939
95995604
95996936
95995603
95996937
95996934
95995606
95995605
95996935
95996943
95996944
95995610
95995613
95996941
95996942
95995612
95996940
95994397
95994396
95994399
95994398
95994393
95994394
95994391
95994390
95995659
95994328
95995658
95996989
95995666
95996998
95994335
95995665
95996999
95994334
95995668
95996996
95995667
95996997
95994336
95996994
95995662
95994331
95996995
95995661
95995664
95994333
95996992
95995663
95994332
95996990
95996991
95995660
95995669
95994338
95995677
95994346
95995676
95994345
95995679
95994348
95995678
95995673
95994342
95995672
95994341
95995675
95994344
95995674
95995671
95994340
95995670
95994309
95995637
95996969
95995636
95994305
95996967
95995639
95994308
95996968
95995638
95994307
95996976
95995644
95996977
95995643
95995646
95994315
95996974
95995645
95996975
95995640
95996972
95996973
95996970
95995642
95995641
95996971
95995648
95995647
95996978
95995649
95996979
95996987
95994324
95995655
95995654
95996988
95994323
95996985
95995657
95995656
95996986
95994325
95995651
95996983
95995650
95996984
95996981
95995653
95994322
95996982
95995652
95996980
95994379
95994375
95994377
95994371
95994370
95994373
95994372
95994389
95994385
95994384
95994383
95994380
95994349
95995688
95995687
95994359
95995689
95995684
95994353
95995683
95994352
95995686
95994355
95995685
95995680
95994351
95995682
95995681
95995699
95995698
95994369
95995695
95994364
95995694
95994363
95995697
95994366
95995696
95995691
95995690
95995693
95995692
95995701
95995700
95995707
95995706
95995709
95995708
95995703
95995702
95995705
95995704
95995710
95995712
95995711
95994409
95995739
95994408
95995736
95994405
95995735
95995738
95994407
95995737
95995743
95995742
95995745
95995744
95995741
95994410
95995740
95995746
95995749
95995748
95995754
95994423
95995753
95994422
95995756
95995755
95995750
95995752
95995751
95995718
95995717
95995719
95995714
95995713
95995716
95995715
95995721
95995720
95995723
95995722
95995729
95995728
95995725
95995724
95995727
95995726
95995732
95995731
95995734
95995733
95994402
95995730
95994449
95995779
95994448
95995787
95995786
95995789
95994457
95995788
95995783
95994452
95995782
95995785
95995784
95995781
95995780
95995798
95995797
95994466
95995799
95994468
95995794
95995793
95994462
95995796
95994465
95995795
95995790
95995792
95995791
95995758
95995757
95994426
95994429
95995759
95995765
95995764
95995767
95995766
95994435
95995761
95995763
95995762
95995769
95995768
95995776
95995775
95995778
95995777
95994446
95995772
95995771
95995774
95995773
95994442
95995770
95994499
95994493
95994479
95994476
95994475
95994489
95996709
95996707
95996708
95996705
95996706
95996703
95996704
95996712
95996713
95996710
95996711
95996718
95996719
95996716
95996717
95996714
95996715
95996723
95996724
95996721
95996722
95996720
95996701
95996702
95996700
95994177
95994176
95994179
95994178
95994173
95994172
95994175
95994171
95994188
95994184
95994183
95994185
95994182
95994181
95994159
95995489
95994158
95995486
95994155
95995485
95994154
95995488
95994157
95995487
95994156
95995482
95995481
95994150
95995484
95994153
95995480
95995497
95994166
95995496
95994165
95994168
95995499
95995498
95994167
95995493
95994162
95995492
95994164
95995495
95995494
95995491
95994160
95995490
95994199
95994198
95994195
95994194
95994197
95994196
95994190
95996749
95995417
95995416
95995419
95996747
95995418
95996748
95996756
95995424
95996757
95995423
95995426
95996754
95996755
95995425
95996752
95995420
95996753
95995422
95996750
95996751
95995428
95995427
95996758
95996759
95995429
95995435
95996767
95994104
95996768
95995434
95996765
95995437
95994106
95995436
95996766
95994105
95996763
95995431
95994100
95995430
95996764
95996761
95995433
95994102
95996762
95994101
95996760
95996729
95996727
95996728
95996725
95996726
95996734
95995402
95996735
95995401
95996732
95995404
95996733
95995403
95996730
95996731
95995400
95995409
95996738
95995406
95996739
95995405
95996736
95995408
95996737
95995407
95995413
95996745
95995412
95996746
95995415
95996743
95995414
95996744
95996741
95996742
95995411
95996740
95995410
95994129
95994137
95995468
95995467
95994136
95996798
95994139
95996799
95995469
95996796
95995464
95995463
95996797
95994132
95996794
95995466
95996795
95995465
95996792
95995460
95996793
95995462
95996790
95994131
95995461
95996791
95994130
95995479
95995478
95994147
95995475
95995474
95995477
95994146
95995476
95995471
95995470
95995473
95995472
95994108
95995439
95995438
95994107
95996769
95994109
95996778
95995446
95994115
95996779
95994114
95995445
95996776
95994117
95995448
95996777
95995447
95994116
95996774
95995442
95994111
95996775
95995441
95994110
95995444
95996772
95994113
95996773
95994112
95995443
95996770
95996771
95995440
95994119
95995449
95996789
95995457
95994126
95995456
95996787
95995459
95994128
95996788
95995458
95994127
95996785
95995453
95994122
95996786
95995452
95994121
95996783
95995455
95996784
95995454
95994123
95996781
95996782
95994120
95995451
95996780
95995450
95996800
95996801
95996828
95996829
95996826
95996827
95996824
95996825
95996833
95995501
95996834
95996831
95995503
95996832
95995502
95996830
95995509
95995508
95996839
95996837
95995505
95996838
95995504
95996835
95995507
95996836
95995506
95996844
95995512
95996845
95996842
95995514
95996843
95995513
95996840
95996841
95995510
95996808
95996809
95996806
95996807
95996804
95996805
95996802
95996803
95996811
95996812
95996810
95996819
95996817
95996818
95996815
95996816
95996813
95996814
95996822
95996823
95996820
95996821
95994298
95994299
95994294
95994293
95994296
95994295
95994290
95994292
95994279
95994276
95994275
95994272
95994270
95994286
95994289
95994288
95994283
95994285
95994284
95994280
95995538
95995537
95994206
95996868
95994209
95996869
95995539
95994208
95996877
95995545
95996878
95995544
95994213
95996875
95995547
95994216
95995546
95996876
95995541
95996873
95994210
95996874
95995540
95996871
95995543
95996872
95995542
95996870
95995549
95994218
95995548
95996879
95995556
95996888
95994225
95995555
95996889
95996886
95995558
95996887
95995557
95995552
95996884
95994221
95996885
95995551
95994220
95995554
95996882
95994223
95995553
95996883
95994222
95996880
95996881
95995550
95995519
95996848
95995516
95996849
95995515
95996846
95995518
95996847
95995517
95996855
95995523
95996856
95995522
95996853
95995525
95996854
95995524
95996851
95996852
95995521
95996850
95995520
95995527
95996859
95995526
95995529
95996857
95995528
95996858
95996866
95995534
95994203
95996867
95994202
95996864
95995536
95994205
95996865
95995535
95996862
95995530
95996863
95996860
95995532
95994201
95995531
95996861
95995589
95994258
95994259
95994254
95995585
95995584
95994253
95995587
95994256
95995586
95994255
95995581
95994250
95995580
95995583
95995582
95994251
95994269
95995599
95994268
95995596
95995595
95994264
95995598
95994267
95994266
95995597
95995592
95994261
95994260
95995591
95995594
95994263
95995593
95994262
95994229
95995559
95995567
95996899
95994236
95995566
95996897
95995569
95995568
95996898
95996895
95995563
95994232
95996896
95995562
95994231
95995565
95996893
95994234
95996894
95994233
95995564
95996891
95996892
95995561
95994230
95995560
95996890
95994239
95995578
95994247
95995577
95995579
95994248
95995574
95995573
95994242
95995576
95994245
95995575
95995570
95995572
95994241
95995571
95997801
95997802
95997800
95997809
95997807
95997808
95997805
95997806
95997803
95997804
95997812
95997813
95997810
95997811
95995269
95995266
95996598
95995265
95996599
95996596
95995268
95995267
95996597
95996594
95995262
95996595
95995261
95996592
95995264
95995263
95996593
95996590
95996591
95995260
95995277
95995276
95995279
95995278
95995273
95995272
95995275
95995274
95995271
95995270
95995248
95995247
95996578
95996579
95995249
95995244
95996576
95996577
95995243
95995246
95996574
95996575
95995245
95996572
95995240
95996573
95996570
95995242
95995241
95996571
95995259
95995258
95996589
95996587
95995255
95996588
95995254
95996585
95995257
95996586
95995256
95996583
95995251
95995250
95996584
95996581
95995253
95996582
95995252
95996580
95995288
95995287
95995289
95995284
95995283
95995286
95995285
95995280
95995282
95995281
95995299
95995298
95995295
95995294
95995297
95995296
95995291
95995290
95995293
95995292
95996509
95996507
95997838
95997839
95996508
95997836
95996505
95996506
95997837
95997845
95996514
95997846
95996515
95996512
95997843
95997844
95996513
95996510
95997841
95997842
95996511
95997840
95997849
95996518
95996519
95996516
95997847
95996517
95997848
95996525
95997856
95996526
95997857
95996523
95997854
95996524
95997855
95997852
95996521
95996522
95997853
95997850
95996520
95997851
95997818
95997819
95997816
95997817
95997814
95997815
95997823
95997824
95997821
95997822
95997820
95997829
95997827
95997828
95997825
95997826
95997834
95996503
95997835
95996504
95997832
95996501
95997833
95996502
95997830
95996500
95997831
95995219
95995218
95996549
95996558
95997889
95995226
95995225
95996559
95997887
95996556
95995228
95997888
95996557
95995227
95996554
95997885
95995222
95996555
95997886
95995221
95996552
95997883
95995224
95996553
95997884
95995223
95996550
95997881
95996551
95997882
95995220
95997880
95995229
95996569
95995237
95995236
95997898
95996567
95995239
95997899
95996568
95995238
95997896
95995233
95996565
95997897
95995232
95996566
95996563
95997894
95995235
95995234
95997895
95996564
95996561
95997892
95997893
95996562
95995231
95997890
95997891
95996560
95995230
95996529
95997858
95996527
95996528
95997859
95996536
95995204
95997867
95996537
95997868
95995203
95997865
95995206
95996534
95996535
95997866
95995205
95996532
95997863
95995200
95997864
95996533
95997861
95995202
95996530
95997862
95996531
95995201
95997860
95995208
95995207
95997869
95996538
95996539
95995209
95995215
95997878
95996547
95997879
95995214
95996548
95996545
95997876
95995217
95995216
95996546
95997877
95997874
95996543
95995211
95996544
95997875
95995210
95997872
95995213
95996541
95996542
95997873
95995212
95997870
95997871
95996540
95997919
95997917
95997918
95997915
95997916
95997913
95997914
95997922
95997923
95997920
95997921
95997928
95997929
95997926
95997927
95997924
95997925
95996602
95997933
95997934
95996603
95997931
95996600
95997932
95996601
95997930
95997900
95997901
95997908
95997909
95997906
95997907
95997904
95997905
95997902
95997903
95997911
95997912
95997910
95995387
95994056
95995386
95994055
95995389
95994058
95995388
95994057
95995383
95995382
95995385
95995384
95995381
95995380
95995398
95995397
95994066
95994068
95995399
95995394
95995393
95994062
95995396
95995395
95994064
95995390
95994061
95995391
95994060
95995369
95994038
95994037
95995368
95996699
95996697
95995365
95994034
95996698
95994033
95996695
95995367
95994036
95996696
95995366
95994035
95996693
95994030
95995361
95996694
95996691
95994032
95996692
95994031
95996690
95994049
95995379
95994048
95995376
95994045
95995375
95994044
95995378
95994047
95995377
95994046
95995372
95994041
95995371
95994043
95995374
95995373
95994042
95995370
95994099
95994095
95994098
95994097
95994092
95994094
95994078
95994077
95994079
95994074
95994073
95994076
95994075
95994072
95994071
95994089
95994088
95994085
95994087
95994086
95994081
95994083
95994082
95997959
95996628
95996629
95997957
95996626
95997958
95996627
95996635
95995303
95997966
95997967
95996636
95995302
95996633
95995305
95997964
95996634
95997965
95995304
95996631
95997962
95996632
95997963
95997960
95995301
95996630
95997961
95995300
95996639
95995307
95995306
95996637
95997968
95997969
95996638
95995308
95997977
95996646
95995314
95997978
95996647
95995313
95997975
95995316
95996644
95997976
95996645
95995315
95996642
95997973
95995310
95997974
95996643
95997971
95996640
95995312
95997972
95996641
95995311
95997970
95997939
95996608
95996609
95997937
95996606
95996607
95997938
95997935
95996604
95997936
95996605
95997944
95996613
95997945
95996614
95997942
95996611
95997943
95996612
95997940
95996610
95997941
95996619
95997948
95996617
95996618
95997949
95997946
95996615
95996616
95997947
95997955
95996624
95996625
95997956
95996622
95997953
95996623
95997954
95997951
95996620
95997952
95996621
95997950
95994009
95994008
95995339
95995347
95996679
95994016
95995346
95994015
95996677
95994018
95995349
95996678
95995348
95995343
95996675
95994012
95996676
95994011
95995342
95996673
95995345
95994014
95995344
95996674
95996671
95996672
95995341
95994010
95995340
95996670
95994027
95994026
95996688
95994029
95996689
95994028
95996686
95995354
95994023
95995353
95996687
95994022
95996684
95994025
95996685
95994024
95995355
95996682
95995350
95996683
95996680
95995352
95994021
95996681
95995351
95995318
95995317
95997979
95996648
95996649
95995319
95997988
95995325
95996657
95996658
95997989
95995324
95997986
95995327
95996655
95997987
95995326
95996656
95996653
95997984
95995321
95997985
95996654
95995320
95996651
95997982
95995323
95995322
95997983
95996652
95997980
95997981
95996650
95995329
95995328
95996659
95997999
95996668
95994005
95995336
95996669
95995335
95994004
95997997
95996666
95994007
95995338
95997998
95996667
95994006
95995337
95996664
95997995
95995332
95994001
95996665
95997996
95995331
95996662
95997993
95995334
95994003
95997994
95995333
95996663
95994002
95996660
95997991
95996661
95997992
95995330
95997990
95998902
95998901
95998900
95996290
95996299
95996297
95996298
95996295
95996296
95996293
95996294
95996291
95996292
95995028
95995027
95996358
95997689
95996359
95995029
95995024
95997687
95996356
95997688
95996357
95995023
95995026
95997685
95996354
95997686
95996355
95995025
95995020
95997683
95996352
95997684
95996353
95995022
95996350
95997681
95995021
95996351
95997682
95997680
95995039
95995038
95996369
95996367
95997698
95995035
95995034
95997699
95996368
95995037
95996365
95997696
95995036
95996366
95997697
95996363
95995031
95997694
95996364
95997695
95995030
95996361
95997692
95995033
95996362
95995032
95997693
95997690
95997691
95996360
95996329
95997669
95996338
95996339
95997667
95996336
95998999
95997668
95996337
95998998
95996334
95997665
95998997
95997666
95996335
95998996
95997663
95996332
95998995
95996333
95997664
95998994
95995003
95996330
95997661
95998993
95997662
95996331
95998992
95995000
95998991
95997660
95998990
95996349
95995017
95995016
95997678
95995019
95996347
95995018
95997679
95996348
95997676
95996345
95995013
95997677
95995012
95996346
95997674
95995015
95996343
95997675
95995014
95996344
95997672
95996341
95997673
95996342
95995011
95997670
95997671
95996340
95995068
95995067
95996398
95995069
95996399
95996396
95995064
95996397
95995063
95996394
95995066
95996395
95995065
95996392
95995060
95996393
95995062
95996390
95995061
95996391
95995079
95995078
95995075
95995074
95995077
95995076
95995071
95995070
95995073
95995072
95995049
95996378
95995046
95996379
95995045
95995048
95996376
95995047
95996377
95996374
95995042
95995041
95996375
95996372
95995044
95995043
95996373
95996370
95996371
95995040
95995057
95996389
95995056
95995059
95996387
95996388
95995058
95996385
95995053
95995052
95996386
95996383
95995055
95996384
95995054
95996381
95996382
95995051
95995050
95996380
95998928
95998927
95998926
95998925
95997603
95997604
95998934
95997601
95998933
95997602
95998932
95998931
95997600
95998930
95997609
95997607
95998939
95997608
95998938
95997605
95998937
95997606
95998936
95997614
95998946
95997615
95998945
95997612
95998944
95997613
95998943
95997610
95997611
95998940
95998909
95998907
95998906
95998905
95998904
95998903
95998913
95998911
95998919
95998918
95998917
95998916
95998915
95998914
95998924
95998923
95998922
95998921
95998920
95996309
95996307
95997638
95997639
95998969
95996308
95997647
95996316
95998979
95997648
95996317
95996314
95997645
95998977
95997646
95996315
95998976
95997643
95996312
95997644
95996313
95998974
95998973
95996310
95997641
95996311
95997642
95998972
95998971
95997640
95998970
95997649
95996318
95996319
95997658
95996327
95997659
95996328
95998989
95997656
95996325
95998988
95997657
95996326
95998987
95996323
95997654
95998986
95996324
95997655
95998985
95997652
95996321
95998984
95996322
95997653
95998983
95997650
95998982
95996320
95997651
95998981
95998980
95997618
95997619
95998949
95997616
95998948
95997617
95998947
95997625
95998957
95997626
95998956
95997623
95998955
95997624
95998954
95997621
95998953
95997622
95998952
95998951
95997620
95998950
95997629
95997627
95998959
95997628
95998958
95996305
95997636
95998968
95996306
95997637
95998967
95996303
95997634
95998966
95997635
95998965
95996301
95997632
95998964
95996302
95997633
95998963
95997630
95998962
95997631
95996300
95998961
95998960
95995080
95995089
95995086
95995085
95995088
95995087
95995082
95995081
95995084
95995083
95995091
95995090
95995097
95995096
95995099
95995098
95995093
95995092
95995095
95995094
95995149
95995148
95996479
95995145
95996477
95995144
95996478
95996475
95995147
95996476
95995146
95995141
95996473
95995140
95996474
95995143
95996471
95995142
95996472
95996470
95995159
95995156
95996488
95995155
95996486
95995158
95995157
95996487
95995152
95996484
95995151
95996485
95995154
95996482
95995153
95996480
95996481
95995150
95995119
95995127
95996459
95995126
95995129
95996457
95997788
95995128
95997789
95996458
95997786
95995123
95996455
95995122
95996456
95997787
95995125
95996453
95997784
95995124
95996454
95997785
95997782
95996451
95997783
95996452
95997780
95995121
95995120
95996450
95997781
95995138
95995137
95996468
95997799
95995139
95996469
95995134
95996466
95997797
95995133
95997798
95996467
95995136
95997795
95995135
95996465
95997796
95997793
95995130
95996462
95997794
95996463
95995132
95997791
95996460
95995131
95997792
95996461
95997790
95995189
95995188
95995185
95995184
95995187
95995186
95995181
95995180
95995183
95995182
95995190
95995199
95995196
95995195
95995198
95995197
95995192
95995191
95995194
95995193
95995167
95996499
95995166
95996497
95995169
95995168
95996498
95995163
95996495
95995162
95996496
95995165
95996493
95995164
95996494
95996491
95996492
95995161
95996490
95995160
95995178
95995177
95995179
95995174
95995173
95995176
95995175
95995170
95995172
95995171
95997719
95997717
95997718
95997715
95997716
95997724
95997725
95997722
95997723
95997720
95997721
95997728
95997729
95997726
95997727
95997735
95996404
95997736
95996405
95997733
95996402
95997734
95996403
95997731
95996400
95997732
95996401
95997730
95997702
95997703
95997700
95997701
95997708
95997709
95997706
95997707
95997704
95997705
95997713
95997714
95997711
95997712
95997710
95996428
95997759
95996429
95995105
95997768
95996437
95997769
95996438
95995104
95997766
95996435
95995106
95997767
95996436
95997764
95996433
95995101
95995100
95996434
95997765
95997762
95995103
95996431
95996432
95997763
95997760
95996430
95997761
95995109
95995108
95996439
95996448
95995116
95997779
95995115
95996449
95996446
95995118
95997777
95995117
95997778
95996447
95996444
95995112
95997775
95995111
95997776
95996445
95995114
95996442
95995113
95996443
95997774
95996440
95997772
95996441
95995110
95996408
95997739
95996409
95997737
95996406
95997738
95996407
95997746
95996415
95997747
95996416
95997744
95996413
95997745
95997742
95996411
95997743
95996412
95997740
95997741
95996410
95996419
95997748
95996417
95996418
95997749
95996426
95997757
95997758
95996427
95997755
95996424
95997756
95996425
95996422
95997753
95996423
95997754
95997751
95996420
95996421
95997752
95997750
95996070
95996079
95996077
95996078
95996075
95996076
95996073
95996074
95996071
95996072
95996080
95996081
95996088
95996089
95996086
95996087
95996084
95996085
95996082
95996083
95996059
95996057
95997388
95997389
95996058
95996055
95997386
95996056
95997387
95996053
95997384
95996054
95997385
95997382
95996051
95997383
95996052
95997380
95997381
95996050
95997390
95997399
95996068
95996069
95997397
95996066
95997398
95996067
95996064
95997395
95997396
95996065
95997393
95996062
95996063
95997394
95996060
95997391
95996061
95997392
95996091
95996092
95996090
95996099
95996097
95996098
95996095
95996096
95996093
95996094
95996109
95996118
95997449
95996119
95996116
95997447
95998779
95997448
95996117
95998778
95998777
95997445
95997446
95996115
95998776
95997443
95998775
95997444
95998774
95997441
95998773
95996110
95997442
95998772
95998771
95997440
95998770
95996129
95997458
95996127
95996128
95997459
95998789
95997456
95996125
95998788
95996126
95998787
95997457
95997454
95996123
95998786
95997455
95996124
95997452
95996121
95998784
95997453
95996122
95998783
95997450
95998782
95997451
95996120
95998781
95998780
95997418
95998749
95997419
95997427
95998759
95997428
95998758
95997425
95998757
95997426
95998756
95997423
95998755
95997424
95998754
95997421
95998753
95997422
95998752
95997420
95998750
95997429
95996107
95997438
95997439
95996108
95998769
95997436
95996105
95998768
95996106
95997437
95998767
95996103
95997434
95998766
95996104
95997435
95998765
95996101
95997432
95998764
95996102
95997433
95998763
95997430
95998762
95997431
95996100
95998761
95996158
95997489
95996159
95996156
95997487
95997488
95996157
95997485
95996154
95996155
95997486
95997483
95996152
95997484
95996153
95997481
95996150
95996151
95997482
95997480
95996169
95997498
95996167
95996168
95997499
95997496
95996165
95996166
95997497
95996163
95997494
95996164
95997495
95997492
95996161
95996162
95997493
95997490
95996160
95997491
95997469
95996138
95996139
95996136
95998799
95997468
95996137
95998798
95996134
95998797
95996135
95996132
95997463
95998795
95996133
95996130
95998793
95997461
95996131
95998792
95998791
95997460
95998790
95996149
95997478
95996147
95996148
95997479
95997476
95996145
95997477
95996146
95996143
95997474
95996144
95997475
95997472
95996141
95996142
95997473
95997470
95997471
95996140
95998704
95998703
95998702
95998701
95998700
95998729
95998728
95997405
95998737
95997406
95997403
95998735
95997404
95998734
95997401
95998733
95997402
95998732
95998731
95997400
95998730
95997409
95997407
95998739
95997408
95998738
95997416
95998748
95997417
95998747
95997414
95998746
95997415
95998745
95997412
95998744
95997413
95998743
95997410
95998742
95997411
95998741
95998740
95998709
95998708
95998707
95998706
95998705
95998715
95998714
95998713
95998712
95998711
95998710
95998719
95998718
95998717
95998716
95998726
95998725
95998724
95998723
95998722
95998721
95998720
95996190
95996191
95996198
95996199
95996196
95996197
95996194
95996195
95996192
95996193
95996178
95996179
95996176
95996177
95996174
95996175
95996172
95996173
95996170
95996171
95996180
95996189
95996187
95996188
95996185
95996186
95996183
95996184
95996181
95996182
95996239
95996237
95997568
95997569
95996238
95996235
95997566
95998898
95996236
95997567
95998897
95996233
95997564
95998896
95996234
95997565
95998895
95997562
95996231
95998894
95997563
95996232
95998893
95997560
95998892
95997561
95998891
95996230
95998890
95996248
95997579
95996249
95996246
95997577
95997578
95996247
95997575
95996244
95997576
95996245
95997573
95996242
95997574
95996243
95997571
95996240
95997572
95996241
95997570
95997539
95996208
95996209
95997548
95996217
95996218
95997549
95998879
95996215
95997546
95998878
95997547
95996216
95997544
95996213
95998876
95996214
95997545
95996211
95998874
95997542
95997543
95996212
95998873
95997540
95998872
95996210
95997541
95998871
95998870
95996219
95997559
95996228
95996229
95996226
95997557
95998889
95996227
95997558
95996224
95997555
95998887
95996225
95997556
95998886
95997553
95996222
95998885
95997554
95996223
95998884
95996220
95997551
95998883
95997552
95996221
95998882
95998881
95997550
95998880
95996279
95996277
95996278
95996275
95996276
95996273
95996274
95996271
95996272
95996270
95996288
95996289
95996286
95996287
95996284
95996285
95996282
95996283
95996280
95996281
95996259
95997588
95996257
95996258
95997589
95997586
95996255
95996256
95997587
95996253
95997584
95997585
95996254
95996251
95997582
95996252
95997583
95997580
95996250
95997581
95997599
95996268
95996269
95997597
95996266
95997598
95997595
95996264
95997596
95996265
95996262
95997593
95996263
95997594
95996260
95997591
95996261
95997592
95997590
95998809
95998808
95998807
95998806
95998805
95998804
95998814
95998813
95998812
95998810
95998818
95998817
95998816
95998815
95998824
95998820
95998803
95998802
95998801
95997519
95997517
95997518
95998848
95997526
95998858
95997527
95998857
95997524
95998856
95997525
95997522
95998854
95997523
95998853
95997520
95997521
95998851
95998850
95997528
95997529
95998859
95997537
95998869
95996206
95996207
95997538
95998868
95997535
95996204
95998867
95997536
95996205
95997533
95996202
95998865
95997534
95996203
95998864
95996200
95997531
95998863
95997532
95996201
95998862
95998861
95997530
95998860
95998829
95998827
95998826
95997504
95998836
95997505
95998835
95997502
95998834
95997503
95997500
95998832
95997501
95998831
95998830
95997508
95997509
95998839
95997506
95998838
95997507
95998837
95997515
95998847
95997516
95998846
95998845
95997513
95997514
95997511
95998843
95997512
95998842
95998841
95997510
95998840
