57350212
57350508
57350641
57350657
57350757
57350504
57350875
57350822
57350595
57350287
57350690
57350427
57350732
57350696
57350800
57350591
57350285
57350214
57350235
57350497
57350594
57350501
57350495
57350882
57350885
57350859
57350741
57350753
57350272
57350736
57350215
57350290
57350590
57350886
57350334
57350807
57350654
57350895
57350652
57350604
57350653
57350422
57350201
57350731
57350538
57350231
57350464
57350613
57350288
57350519
57350548
57350610
57350491
57350700
57350685
57350634
57350213
57350639
57350356
57350864
57350738
57350505
57350333
57350383
57350457
57350577
57350719
57350575
57350799
57350718
57350697
57350488
57350435
57350265
57350720
57350668
57350337
57350527
57350608
57350373
57350747
57350589
57350887
57350714
57350684
57350794
57350707
57350772
57350704
57350618
57350416
57350803
57350688
57350410
57350485
57350261
57350259
57350525
57350703
57350289
57350503
57350832
57350764
57350721
57350471
57350735
57350236
57350659
57350363
57350827
57350496
57350243
57350267
57350434
57350537
57350425
57350798
57350752
57350717
57350372
57350836
57350692
57350248
57350851
57350884
57350808
57350816
57350814
57350244
57350442
57350691
57350667
57350672
57350614
57350617
57350855
57350631
57350726
57350878
57350246
57350444
57350844
57350797
57350899
57350642
57350232
57350445
57350374
57350419
57350522
57350767
57350856
57350593
57350407
57350888
57350524
57350709
57350783
57350677
57350843
57350343
57350277
57350750
57350774
57350385
57350769
57350262
57350877
57350500
57350791
57350390
57350874
57350896
57350249
57350792
57350581
57350830
57350450
57350532
57350629
57350734
57350587
57350857
57350292
57350858
57350601
57350479
57350644
57350675
57350228
57350615
57350229
57350891
57350534
57350686
57350224
57350252
57350484
57350221
57350625
57350387
57350220
57350693
57350303
57350683
57350540
57350242
57350348
57350771
57350681
57350611
57350576
57350632
57350359
57350869
57350809
57350619
57350282
57350833
57350472
57350624
57350815
57350452
57350506
57350268
57350873
57350779
57350788
57350418
57350517
57350881
57350638
57350338
57350230
57350528
57350326
57350489
57350793
57350841
57350274
57350473
57350296
57350420
57350202
57350512
57350701
57350514
57350463
57350746
57350365
57350705
57350454
57350674
57350566
57350453
57350298
57350204
57350567
57350712
57350860
57350322
57350834
57350770
57350643
57350880
57350208
57350603
57350849
57350219
57350599
57350530
57350513
57350283
57350482
57350876
57350412
57350676
57350819
57350426
57350345
57350413
57350468
57350398
57350399
57350535
57350297
57350446
57350340
57350598
57350295
57350580
57350447
57350461
57350740
57350492
57350275
57350280
57350565
57350862
57350439
57350396
57350842
57350509
57350544
57350487
57350264
57350218
57350596
57350234
57350408
57350806
57350448
57350375
57350486
57350737
57350645
57350393
57350278
57350291
57350559
57350663
57350866
57350811
57350493
57350547
57350784
57350765
57350467
57350813
57350620
57350263
57350260
57350545
57350883
57350828
57350205
57350660
