57323541
57322906
57320939
57312710
57312415
57312764
57310201
57321228
57322226
57313550
57321782
57322289
57322513
57321436
57314728
57310742
57314206
57314690
57313527
57314541
57314373
57321576
57320913
57312218
57312343
57311212
57322663
57314508
57322751
57310650
57320769
57310721
57311438
57311453
57321279
57313723
57322232
57312548
57312270
57321386
57312370
57314301
57311543
57310449
57322763
57313655
57314714
57311564
57323289
57313855
57314362
57311262
57321811
57314735
57312231
57310451
57320689
57321508
57320538
57320208
57311616
57313306
57321736
57311808
57322766
57312414
57322927
57321453
57321619
57321571
57313629
57312760
57321763
57311603
57311801
57310377
57322893
57321965
57310445
57321265
57314896
57314785
57312209
57322633
57321776
57310682
57314829
57311673
57322345
57320409
57322970
57311748
57314250
57314398
57321546
57313781
57312852
57312736
57322468
57320637
57311371
57314807
57320688
57313254
57323412
57310503
57313454
57311736
57320897
57322235
57310719
57321872
57311235
57322821
57312269
57320768
57310208
57313667
57310226
57322425
57311253
57322220
57312827
57313300
57323377
57321310
57321237
57320616
57312677
57312815
57320547
57312518
57310500
57311339
57311595
57311817
57320495
57310494
57313857
57321781
57311305
57322717
57313313
57313636
57321879
57312547
57312462
57312480
57323283
57310284
57314688
57310526
57320454
57313231
57321978
57310572
57312420
57321697
57320441
57322384
57314254
57310737
57314395
57310816
57313774
57321222
57313266
57313738
57313714
57320222
57311200
57314270
57311225
57314725
57314411
57310510
57314637
57320657
57320530
57320321
57323512
57314601
57312789
57322841
57322309
57320383
57311896
57310634
57320687
57314868
57310791
57312284
57313217
57312642
57313683
57314397
57312883
57321443
57321557
57321592
57311632
57320411
57322308
57323543
57310512
57322626
57321292
57322397
57312246
57312473
57314482
57312787
57322415
57311652
57311856
57312382
57321325
57312644
57321612
57320946
57313505
57321681
57312890
57314664
57313492
57321663
57310374
57312550
57313709
57322475
57320810
57314217
57314245
57323393
57313638
57313257
57320880
57322537
57312219
57312378
57320764
57321324
57311599
57322266
57320425
57313732
57310458
57312439
57313779
57323585
57314744
57321822
57321236
57323584
57313294
57310826
57311353
57310772
57322775
57320529
57311898
57320920
57322888
57322890
57311885
57314777
57313548
57321729
57320797
57320517
57320724
57310693
57322807
57321371
57320711
57311717
57322790
57320484
57314476
57312457
57313595
57321634
57312520
57321505
57313260
57311523
57321374
57321805
57311829
57320986
57310715
57312706
57311231
57312524
57314695
57314428
57311210
57313833
57310658
57322976
57311492
57314723
57320696
57311510
57311897
57321673
57320974
57313348
57310400
57323544
57313742
57310450
57314792
57322623
57313897
57320888
57311455
57320978
57312212
57320285
57311593
57312596
57312214
57312466
57314507
57321340
57310891
57322396
57312731
57320561
57322557
57322391
57322497
57312494
57313206
57314581
57320478
57321408
57313446
57314276
57313561
57320591
57313739
57320491
57310764
57321240
57323523
57321363
57321387
57313583
57321899
57322983
57323441
57322851
57311207
57314361
57312612
57320526
57320631
57320876
57320420
57322493
57322270
57322577
57313894
57313242
57322245
57311769
57320894
57322605
57313710
57321480
57313578
57320750
57320572
57321669
57320914
57321370
57310690
57322233
57320832
57311696
57314424
57320317
57320435
57320969
57320551
57310795
57320968
57313663
57322358
57314431
57314640
57320418
57322902
57310418
57320608
57322903
57320286
57310249
57313892
57314399
57311551
57323291
57321364
57313328
57312611
57322514
57310570
57321914
57312499
57312556
57314611
57321786
57314538
57314759
57321517
57323290
57314819
57320632
57312721
57314632
57321996
57322379
57314472
57320268
57321790
57322977
57320548
57310222
57322573
57313692
57312493
57320328
57310558
57320771
57321382
57320390
57310892
57313869
57314348
57310752
57322485
57320384
57322389
57311474
57310502
57321584
57310759
57320471
57322644
57311465
57321478
57320752
57312569
57320905
57311617
57321209
57321886
57322417
57312411
57313479
57311409
57311712
57314773
57311393
57310401
57321296
57314535
57321875
57312878
57320839
57310229
57321648
57312635
57314815
57314597
57321496
57321927
57320640
57323598
57320460
57314836
57310262
57320961
57313457
57311488
57322401
57310708
57310370
57312230
57322267
57322713
57312253
57320594
57311722
57320715
57312895
57321819
57314284
57310575
57312320
57313579
57321319
57322833
57313858
57313644
57311538
57313317
57312762
57314226
57314745
57322256
57322428
57313820
57314703
57320787
57321201
57320446
57311855
57322747
57311318
57322672
57310824
57312594
57314418
57321569
57323243
57320815
57314803
57311725
57313736
57321862
57313267
57313372
57312602
57314716
57320776
57312215
57320453
57322344
57323315
57322628
57321995
57310480
57321257
57313649
57322783
57310320
57311276
57320575
57310747
57321990
57322567
57311699
57320553
57313312
57323446
57310868
57312862
57312608
57311760
57311591
57311495
57322703
57310530
57322799
57310214
57322386
57313559
57310240
57310440
57313722
57322421
57312567
57322530
57320403
57314711
57321905
57314746
57321631
57312874
57311376
57323511
57320662
57322741
57321986
57311508
57311467
57310225
57320671
57322255
57320644
57321931
57311520
57321215
57311882
57310293
57322802
57313537
57313396
57311322
57313398
57314806
57320805
57320659
57313597
57321654
57314609
57310212
57323518
57320540
57322319
57323251
57320885
57313642
57320482
57323594
57313747
57312798
57322687
57320647
57310479
57320211
57314567
57322574
57311601
57311622
57312613
57312628
57310706
57310490
57323396
57320948
57312838
57313764
57313464
57313771
57312220
57310879
57313333
57310409
57322522
57312619
57321684
57320439
57321980
57312756
57321643
57313474
57321881
57312570
57313515
57321225
57323401
57323301
57320855
57310238
57310202
57323424
57321692
57312609
57314274
57322798
57312675
57314405
57310359
57314754
57310390
57314357
57320627
57314378
57313757
57311819
57321450
57311892
57312887
57321488
57310547
57312732
57311682
57312662
57310592
57311554
57314200
57314259
57314336
57310552
57314752
57314811
57320457
57311430
57322610
57310520
57320733
57323453
57320245
57320552
57321792
57310672
57310272
57311853
57323246
57310403
57311674
57312661
57320382
57314243
57323526
57322661
57322867
57322359
57314427
57322400
57310653
57313658
57321982
57312590
57310838
57312299
57320949
57314466
57314861
57322907
57311290
57312225
57312765
57314210
57311726
57310616
57311273
57310362
57320213
57314266
57312249
57314775
57320817
57321801
57313868
57320273
57311328
57314849
57322350
57310531
57321403
57313564
57312476
57311718
57310243
57321323
57310667
57322313
57323466
57322517
57322962
57310889
57314675
57310675
57320915
57321908
57310673
57312849
57314876
57322383
57321762
57311605
57320794
57321874
57313839
57311651
57312584
57314277
57314282
57310803
57322558
57311812
57320661
57314576
57320686
57312673
57321541
57314347
57322448
57321675
57314854
57310489
57322620
57322559
57322446
57311742
57320970
57321367
57312782
57310205
57321333
57320329
57311869
57310763
57321430
57320693
57320991
57313872
57310896
57311346
57322632
57322503
57322615
57323204
57310665
57320719
57323244
57321433
57310888
57310823
57320718
57314262
57313524
57321213
57321500
57320825
57311349
57321440
57321625
57320763
57310585
57314480
57320368
57320443
57322242
57313466
57322945
57312251
57310515
57311827
57320653
57321906
57311571
57314502
57322496
57320737
57322439
57320334
57320331
57312338
57314564
57320288
57312380
57314377
57314302
57314649
57323530
57323319
57310866
57321853
57322963
57310638
57320498
57312749
57311489
57322738
57310630
57322897
57322617
57322727
57313843
57310854
57314570
57312405
57321402
57311561
57310241
57314579
57313269
57322636
57314778
57311268
57323439
57321717
57310640
57310453
57322526
57321595
57313405
57311205
57313447
57312867
57321452
57310522
57322372
57320260
57313202
57310387
57320344
57314478
57322637
57322570
57311280
57310718
57323417
57314435
57312502
57310796
57323520
57312880
57323577
57320744
57310644
57314874
57312790
57312752
57322251
57323231
57322544
57310646
57312879
57313373
57313547
57322938
57312247
57321524
57313428
57322472
57312875
57313647
57312395
57321963
57310425
57320311
57314298
57322824
57322804
57313395
57314555
57323391
57321614
57311840
57320485
57313506
57310704
57313392
57321360
57320730
57322364
57320911
57321212
57310631
57313480
57323492
57323403
57311434
57322399
57311753
57311202
57320501
57314708
57311670
57312483
57321594
57321639
57323249
57310419
57321670
57313362
57312359
57313592
57313401
57323321
57312296
57313632
57310765
57312562
57322230
57322770
57310837
57311683
57322886
57314798
57314536
57311764
57322480
57322819
57321401
57323373
57311766
57321580
57310294
57320834
57323284
57321437
57321656
57312723
57322648
57313677
57311809
57313377
57321247
57310380
57313233
57321865
57310250
57313706
57313703
57311730
57312719
57314364
57322911
57310852
57313349
57313572
57310345
57310727
57313525
57313603
57314394
57313341
57320223
57312702
57322762
57321393
57313614
57314238
57311614
57313318
57320954
57312686
57321957
57320483
57322377
57314796
57312487
57314602
57320279
57322969
57314755
57310745
57313728
57321503
57310780
57312535
57311642
57310389
57311606
57321984
57322303
57314509
57320882
57321414
57312750
57320388
57323392
57310315
57314852
57320408
57312421
57310543
57311545
57323394
57321771
57310317
57314840
57310326
57310804
57311747
57312447
57314314
57321218
57311590
57321637
57313253
57314328
57310535
57312501
57310564
57314316
57313653
57311556
57322213
57311613
57321305
57314487
57320430
57314297
57322968
57313769
57313624
57320367
57314600
57314722
57321470
57322835
57310224
57313419
57321800
57314420
57312263
57313432
57323215
57321476
57312541
57322408
57312357
57322541
57310657
57320993
57320840
57320851
57311220
57311223
57322353
57311286
57312519
57322719
57322340
57321829
57321593
57311338
57310669
57322518
57320385
57312522
57310674
57313261
57312554
57314857
57314255
57321845
57313883
57322239
57313617
57313268
57314804
57313566
57311677
57313351
57321617
57313862
57321826
57323477
57322666
57312453
57323395
57321332
57321997
57310680
57322693
57312744
57320363
57314662
57312832
57312344
57311391
57312257
57321407
57314448
57323461
57312226
57320310
57313418
57323467
57321885
57320545
57311485
57313244
57310897
57314839
57314814
57322678
57313389
57322981
57312738
57322748
57310432
57313873
57321837
57321842
57323471
57312811
57313503
57321516
57314644
57320437
57321542
57312252
57312746
57321243
57313854
57321244
57320941
57313849
57311600
57310760
57312861
57321892
57310709
57321286
57314573
57321262
57322285
57321504
57311707
57314235
57321365
57312332
57322217
57312899
57322331
57310627
57313339
57322676
57312803
57323494
57311342
57314717
57322342
57311539
57320775
57310555
57312460
57321964
57311857
57312430
57314269
57320833
57314660
57322601
57311872
57311552
57310283
57312712
57322665
57320369
57311291
57323385
57321334
57322845
57312207
57310874
57321587
57321992
57323292
57320476
57322551
57312581
57320490
57321688
57310864
57321925
57314784
57320287
57314740
57321512
57314392
57320774
57321624
57322680
57311447
57311303
57323362
57320436
57310351
57312203
57311468
57311491
57322566
57320374
57321565
57313442
57311759
57312285
57322528
57313634
57311633
57313754
57320428
57312639
57311565
57320518
57320589
57314532
57313591
57313440
57314847
57311631
57323521
57313563
57310308
57321952
57321904
57321686
57322294
57312383
57313899
57321847
57313587
57312434
57314233
57312293
57322973
57321356
57313394
57320966
57320781
57320988
57320998
57314643
57312234
57322873
57322817
57310802
57321991
57314481
57310441
57320296
57310614
57320400
57320200
57310869
57321690
57311420
57321928
57314687
57322743
57322972
57310469
57312553
57321809
57314765
57310204
57313643
57312835
57313701
57321566
57313558
57322532
57314454
57313245
57320505
57322940
57313473
57312772
57322700
57310787
57310290
57312276
57322347
57323460
57321445
57310488
57321606
57321474
57311761
57311222
57322339
57310269
57321314
57310696
57322814
57314548
57311542
57322495
57313890
57311214
57312260
57321481
57312551
57313225
57314706
57320829
57311791
57323574
57310607
57321907
57314501
57320413
57312361
57313285
57320889
57314767
57322376
57314528
57313832
57321993
57314551
57310610
57322533
57313286
57320577
57323434
57323553
57312724
57314417
57320307
57313599
57314331
57311581
57321493
57321233
57312229
57320219
57320353
57310399
57320426
57310887
57313551
57321883
57322470
57312791
57311784
57320782
57312262
57314278
57310637
57312441
57311895
57320224
57313336
57313529
57320791
57312446
57320580
57313459
57322669
57312766
57323596
57310482
57314674
57313491
57313385
57312582
57321622
57312418
57322580
57311450
57314593
57310617
57313271
57310237
57313417
57314890
57312631
57323205
57323418
57310365
57313750
57314663
57321559
57311562
57321202
57310689
57313209
57312443
57311598
57322739
57322603
57322259
57314622
57314317
57310265
57320309
57312769
57320741
57312616
57311708
57320952
57321550
57323516
57312216
57320936
57321341
57322407
57321791
57312525
57311263
57313514
57314809
57321764
57314776
57323219
57313467
57312564
57321454
57322440
57313806
57322704
57314595
57322974
57313814
57310743
57310509
57321513
57314617
57320983
57312670
57310392
57312354
57322930
57312427
57310898
57322578
57322826
57313562
57314546
57321376
57321312
57322708
57310528
57320376
57314486
57321934
57313545
57310437
57322275
57311330
57320802
57310361
57321554
57322330
57313281
57311287
57311838
57313678
57313605
57311843
57314737
57322543
57311440
57321511
57314256
57314568
57314471
57310624
57311245
57320811
57321616
57323209
57311749
57314607
57320232
57310857
57314832
57313616
57322862
57312591
57311513
57313792
57311522
57322546
57320455
57313331
57312321
57320738
57310797
57312621
57313273
57310685
57311232
57323531
57321343
57314400
57322382
57311548
57310848
57313690
57321260
57323353
57313413
57313682
57314223
57321351
57311490
57321744
57321366
57310357
57310496
57323440
57314434
57314702
57320950
57310434
57323340
57310681
57320790
57323488
57311529
57322246
57323443
57311596
57312610
57312298
57321897
57313536
57320563
57313375
57321223
57322684
57311879
57322203
57321412
57320305
57310545
57322720
57323247
57314368
57310560
57321693
57322919
57321526
57313827
57314700
57313593
57310836
57311418
57313223
57321499
57312468
57320673
57314202
57321620
57310350
57321724
57313760
57310263
57310334
57310730
57321696
57321667
57322449
57321585
57311634
57310402
57310871
57313885
57313867
57321461
57321385
57314438
57311383
57311361
57311558
57311517
57322241
57322202
57322369
57321689
57321733
57313498
57323538
57321411
57320980
57320863
57312316
57320990
57322392
57313645
57311293
57311756
57312813
57322784
57314477
57312291
57310692
57313743
57321703
57322572
57323413
57320475
57321855
57311692
57312241
57320610
57310687
57322742
57313238
57313761
57323390
57321317
57313836
57323245
57311257
57321575
57322942
57314407
57311363
57322834
57311259
57313324
57314485
57322736
57310589
57320994
57322842
57323404
57322664
57313438
57311701
57314212
57320879
57322459
57320780
57320612
57322652
57310834
57322208
57310508
57322837
57311388
57311229
57323501
57323240
57320272
57320502
57312345
57314455
57310628
57320300
57312433
57310571
57323233
57314491
57323280
57314271
57314310
57321293
57313263
57311597
57320929
57311537
57322215
57314445
57322735
57311481
57310603
57321852
57322750
57312273
57314332
57310740
57322314
57313570
57310369
57314676
57323216
57314881
57314726
57323349
57310367
57322477
57320650
57310313
57311402
57314747
57314669
57314549
57314824
57313569
57312327
57312435
57322523
57321815
57314412
57312768
57323333
57320909
57321422
57314261
57310635
57322554
57310783
57322218
57310248
57313368
57313516
57313759
57311368
57321938
57312735
57322223
57321521
57322752
57313415
57323407
57313388
57313357
57321352
57314590
57313676
57312606
57322432
57314240
57311687
57321211
57314624
57320922
57320293
57311836
57310498
57321353
57310748
57320445
57321545
57320906
57322787
57310421
57311355
57310880
57313422
57321766
57314654
57314260
57310476
57322793
57312808
57322410
57310562
57314467
57314416
57314823
57313881
57323365
57313384
57320438
57310475
57312809
57314492
57310527
57313292
57322702
57323415
57311894
57314214
57312884
57323398
57313528
57311484
57322385
57321864
57320762
57310670
57314667
57312711
57311414
57321613
57310483
57311661
57310291
57310236
57311348
57312871
57314865
57322655
57314682
57310267
57311820
57321671
57314403
57320254
57320592
57320504
57322236
57310861
57314589
57322336
57313896
57313577
57312651
57314505
57320725
57312227
57310218
57323455
57314558
57311204
57313511
57311384
57310701
57312836
57314468
57320760
57322846
57320355
57322244
57313499
57310517
57321331
57322887
57310282
57321280
57310465
57320932
57323296
57312680
57311249
57322788
57320586
57320515
57321473
57313751
57311315
57323579
57312346
57312845
57314533
57310407
57323502
57320381
57311877
57312805
57313483
57323220
57320537
57321379
57321318
57322265
57313870
57313850
57322898
57321721
57322832
57310777
57310255
57312558
57310741
57320651
57314856
57310676
57320783
57310341
57321375
57321514
57310414
57313412
57314531
57313227
57321510
57310532
57313262
57322237
57311275
57321266
57321519
57314518
57310281
57310513
57312528
57311694
57321482
57323450
57321263
57321539
57322811
57322438
57310203
57322870
57313740
57310472
57312869
57321812
57311306
57313660
57310507
57321919
57310404
57314719
57314252
57314340
57311397
57323339
57310207
57320278
57322931
57312863
57322872
57314313
57323210
57314780
57321427
57320394
57313485
57321216
57321200
57311657
57321923
57322521
57320923
57313259
57312312
57313342
57313381
57311813
57321645
57313310
57320837
57322248
57310865
57310784
57314816
57321818
57311786
57310595
57314352
57310856
57312449
57311779
57320624
57310678
57310684
57322884
57314304
57311288
57314586
57314884
57310726
57311744
57313449
57320872
57321551
57313724
57320523
57310274
57313600
57311516
57320235
57313856
57311266
57320421
57320712
57322613
57310246
57322616
57321891
57321894
57310648
57312697
57322677
57310594
57320373
57314889
57321722
57310364
57320838
57320656
57320210
57320930
57312489
57314469
57310733
57322434
57321803
57322941
57322694
57321438
57322649
57320449
57323364
57312351
57313859
57314512
57310645
57312431
57314571
57314678
57320301
57313610
57321268
57310722
57321598
57322681
57310231
57314846
57314461
57310661
57320873
57323500
57323222
57310360
57321418
57320386
57323287
57312568
57313847
57320770
57313463
57312455
57311850
57320233
57322913
57322441
57322880
57313772
57323522
57322596
57313316
57323465
57314673
57314515
57322307
57314524
57320853
57314516
57320243
57313830
57310438
57321745
57314463
57314845
57311846
57321889
57321294
57310388
57320898
57311461
57322506
57320621
57321490
57314342
57322982
57311254
57320255
57312823
57320676
57321754
57320973
57320956
57321987
57320684
57314311
57312709
57310217
57313243
57312574
57322484
57320999
57314858
57312831
57310591
57320542
57312645
57323303
57313799
57310239
57310872
57313249
57310525
57320786
57313345
57321574
57311441
57313406
57322691
57312511
57311501
57321466
57321981
57321783
57311568
57322740
57322395
57313379
57322728
57312531
57320578
57320856
57320248
57320205
57312282
57314738
57313301
57321833
57321278
57312793
57321635
57321924
57311710
57311668
57312281
57320697
57312330
57320803
57321807
57311806
57320720
57312667
57320424
57310426
57320992
57310505
57320921
57321649
57310814
57323342
57311775
57322794
57314757
57320664
57313535
57320700
57313596
57321898
57310642
57322734
57322883
57314704
57323504
57323487
57313326
57314779
57320765
57314307
57311326
57314885
57320890
57313481
57310794
57312848
57322412
57311626
57313376
57314318
57310629
57321823
57311352
57311387
57321419
57312650
57313831
57314825
57320422
57321859
57312243
57320546
57321911
57321389
57313288
57320352
57323491
57312833
57321828
57311703
57323348
57321780
57320324
57312392
57314693
57320865
57312577
57311436
57311805
57313767
57322813
57314387
57314652
57314838
57314294
57322960
57320277
57320807
57321413
57312335
57314603
57314594
57321946
57311884
57322815
57313788
57312266
57322808
57323345
57311874
57320642
57312384
57310548
57312485
57310853
57321749
57312620
57314828
57314561
57322831
57314821
57312893
57313733
57311505
57314425
57314614
57321410
57314621
57314388
57310332
57323311
57314892
57322692
57312847
57321290
57312741
57313787
57312701
57322822
57322361
57322234
57310223
57312704
57322838
57321961
57311810
57310455
57321746
57321252
57313863
57314289
57320908
57312537
57320729
57314749
57323449
57322252
57320302
57322671
57323483
57313337
57322561
57313359
57323318
57323448
57312892
57311527
57312329
57321267
57321707
57313201
57312305
57320348
57313307
57320674
57311883
57313688
57312295
57311341
57314264
57313350
57314634
57312633
57321969
57312589
57311378
57313544
57323507
57321459
57314287
57320861
57311559
57313574
57313282
57310755
57322464
57311860
57320824
57321944
57321954
57312646
57310292
57310435
57322281
57320944
57323586
57320393
57320883
57322200
57320902
57323335
57321758
57310230
57310257
57314457
57311343
57312806
57311419
57322413
57322499
57320962
57322329
57320218
57322935
57320901
57320291
57313808
57314346
57322950
57321962
57320209
57310323
57320521
57310436
57321774
57323293
57310596
57320525
57322594
57322260
57311776
57320899
57321936
57312402
57314871
57320555
57312674
57320618
57322803
57314629
57321761
57322334
57322647
57322378
57314353
57323221
57321636
57323294
57313691
57311381
57314661
57310744
57312488
57320294
57311243
57323445
57322430
57321760
57323375
57323343
57313522
57310349
57311216
57311357
57312244
57312503
57313829
57321274
57314337
57311435
57311507
57311416
57313347
57314215
57322502
57323400
57314359
57322894
57322627
57310894
57314550
57312688
57311566
57323427
57321918
57312479
57310844
57322874
57312286
57322797
57313293
57310485
57323387
57312626
57314799
57310304
57321873
57321665
57320709
57312817
57320391
57313588
57311350
57314224
57320843
57310416
57310433
57314344
57313889
57320754
57313785
57321880
57313429
57321253
57321900
57311369
57323305
57313689
57311615
57312561
57320785
57312369
57322812
57314300
57313494
57313303
57314449
57312698
57320827
57321485
57313234
57310557
57311743
57312264
57311713
57310328
57321561
57314670
57320681
57311261
57311837
57321827
57322562
57323463
57314380
57311610
57320669
57314768
57322928
57311773
57312795
57322800
57323410
57320354
57321920
57310286
57320690
57311325
57322292
57321720
57312634
57311272
57314715
57314572
57321441
57322731
57314379
57313618
57312513
57313725
57323505
57310738
57320318
57322964
57320486
57312221
57311870
57313680
57321830
57311454
57311849
57320703
57321767
57321295
57311844
57313835
57321704
57311405
57313296
57314335
57322744
57321597
57310779
57311340
57323515
57311774
57314636
57320236
57314680
57320895
57314529
57314275
57313284
57314685
57312647
57310491
57320854
57320665
57312740
57321429
57314231
57310464
57310277
57310862
57314789
57310501
57313575
57321772
57314657
57320800
57312605
57320668
57323542
57320748
57322290
57322860
57311655
57321869
57314855
57323359
57313581
57320971
57310285
57321950
57320322
57310633
57321259
57322706
57313648
57312544
57311678
57314324
57310454
57310663
57322776
57310818
57310338
57312761
57322827
57314483
57321251
57323462
57312306
57321662
57323524
57310782
57311577
57312505
57314354
57312729
57322588
57313778
57311375
57310342
57310720
57320884
57313237
57323326
57313704
57320327
57320267
57313390
57323540
57313613
57314383
57322853
57320371
57323599
57322774
57312381
57312304
57313571
57321471
57321738
57312757
57311789
57321709
57312607
57312539
57312755
57311289
57322589
57321896
57321536
57322360
57322683
57321572
57320716
57322311
57322568
57311278
57320481
57321270
57320937
57314219
57311681
57310805
57321694
57311679
57311645
57310235
57321563
57322258
57312896
57313622
57314273
57310863
57321338
57321603
57322507
57320761
57322732
57322505
57311270
57311648
57310346
57320576
57313403
57311446
57312842
57310544
57321716
57311778
57311389
57322854
57313737
57323368
57322471
57320283
57311464
57322429
57314565
57320357
57321951
57312595
57313360
57314883
57322221
57321718
57312477
57322789
57311226
57320361
57323328
57310420
57312358
57312705
57321533
57313507
57320900
57320735
57311637
57321887
57313652
57321506
57312854
57311802
57320472
57321611
57312339
57321888
57311893
57312663
57322772
57321739
57311360
57322450
57320907
57310725
57322979
57322565
57320230
57312643
57321730
57311811
57320429
57322984
57312637
57310778
57320982
57314325
57320605
57310519
57313470
57310551
57323355
57313232
57310300
57310855
57323428
57312349
57320636
57320891
57321741
57310537
57311750
57321989
57314459
57312373
57313247
57311567
57310878
57321834
57311515
57322780
57321929
57321921
57321599
57312342
57312843
57321271
57322325
57322443
57323374
57314605
57312376
57312802
57321851
57323420
57312317
57320312
57313311
57312323
57320262
57314384
57311218
57320706
57310705
57311575
57322586
57320593
57323528
57321843
57311667
57323433
57314422
57310735
57320893
57311483
57310397
57321753
57312250
57314333
57312777
57311354
57313541
57310613
57310751
57320451
57321339
57322552
57312840
57312597
57312824
57320784
57320958
57321246
57314893
57311295
57311765
57311359
57313585
57321384
57311899
57311234
57313568
57323288
57320544
57312681
57314580
57313274
57310831
57322301
57322781
57314258
57310221
57311688
57322624
57323312
57320849
57323200
57310521
57321757
57322569
57323597
57313822
57320203
57314204
57321719
57320377
57320942
57313297
57314537
57323384
57321405
57311625
57311570
57314787
57311818
57322515
57310597
57321726
57310220
57312671
57321840
57312603
57313560
57322212
57321871
57320380
57313207
57310252
57314432
57313409
57314490
57310750
57312521
57310234
57323341
57312730
57323379
57312496
57311309
57312208
57311851
57313865
57322357
57310443
57310832
57312638
57313443
57312894
57321369
57314517
57312846
57311284
57322492
57320816
57321588
57311540
57313620
57313543
57313424
57320326
57320654
57311737
57322777
57323589
57310700
57310273
57323399
57311480
57314689
57312508
57310771
57310731
57314585
57322695
57312779
57322961
57320456
57310593
57321711
57322658
57312450
57322871
57310395
57311392
57310244
57310353
57320246
57310280
57314666
57322606
57320953
57320846
57314390
57312300
57310256
57310318
57311848
57313698
57314587
57313224
57314882
57311382
57320292
57312665
57310626
57320917
57320271
57313687
57310398
57312205
57312432
57310523
57321808
57322954
57321522
57323336
57322444
57312858
57320270
57313354
57320543
57320638
57314355
57322729
57321586
57320804
57322291
57321447
57322343
57310590
57322621
57311792
57322426
57313441
57310625
57312224
57312747
57311227
57322634
57311754
57311547
57313666
57312532
57312307
57311867
57321203
57320734
57311366
57312592
57310798
57322317
57311518
57311715
57311365
57323476
57321943
57320635
57321217
57311211
57310396
57311700
57313631
57321752
57313752
57322418
57322916
57312690
57310366
57310881
57310835
57321315
57320581
57310639
57310456
57313469
57311215
57323320
57321221
57314591
57311583
57310790
57311876
57312660
57312391
57312206
57313252
57314363
57310827
57321797
57310815
57321653
57322563
57311248
57310514
57313565
57312796
57314207
57311732
57320306
57311740
57321909
57313675
57313684
57320360
57322654
57320325
57322214
57310817
57312664
57311307
57311239
57320864
57312728
57322786
57320440
57321383
57312401
57323357
57323537
57310460
57320338
57323397
57311412
57322247
57321320
57310536
57311294
57321850
57310581
57310580
57310683
57313335
57311327
57313265
57312492
57320264
57322843
57322745
57312718
57313222
57314619
57322388
57320943
57320412
57322433
57310375
57321740
57310288
57312885
57310343
57321685
57314291
57311292
57310506
57311624
57311676
57322295
57321377
57323508
57313518
57313308
57314869
57311267
57310656
57322564
57323472
57313664
57314805
57313794
57312691
57312604
57322423
57320698
57313248
57312659
57310330
57312393
57310516
57311394
57311456
57314648
57313239
57314878
57313765
57314853
57320463
57310233
57311560
57321917
57312737
57310601
57312387
57314577
57321714
57323414
57311890
57311639
57311663
57310660
57323242
57314574
57321326
57312860
57321732
57314539
57322679
57313607
57320904
57321942
57312759
57320333
57310620
57313633
57313408
57320562
57310247
57311443
57311219
57323347
57310206
57314817
57311664
57312536
57312478
57312337
57322278
57323307
57310666
57310766
57312807
57310893
57312632
57322411
57311572
57321647
57313433
57310710
57313721
57310599
57311854
57322674
57320337
57310358
57310348
57312482
57323223
57321543
57320541
57313817
57313626
57322697
57311274
57310384
57311406
57313411
57311337
57314229
57321930
57313715
57320903
57311356
57312630
57313534
57321583
57320767
57313681
57314739
57310884
57311627
57321912
57314376
57310695
57311662
57321854
57321308
57322587
57320345
57313374
57322608
57312614
57314251
57320389
57310808
57321589
57311800
57311555
57310786
57312255
57312676
57320751
57312324
57311711
57311698
57321748
57321231
57321464
57320830
57311301
57321487
57313694
57310376
57322892
57314285
57321731
57310549
57321515
57313801
57314525
57320813
57314552
57311511
57314545
57312412
57323314
57314562
57311666
57321913
57310394
57312438
57321661
57322764
57323324
57311463
57320458
57320910
57321642
57312557
57311536
57322593
57312275
57320798
57311705
57312325
57321813
57320539
57311460
57320599
57322452
57322381
57320836
57310446
57312261
57320258
57320935
57320289
57312530
57320603
57314612
57320611
57314230
57313699
57313630
57311237
57312641
57313323
57321525
57321232
57314443
57314470
57323406
57320964
57321933
57321456
57323588
57314788
57311787
57323369
57322437
57314877
57314547
57322393
57323232
57323468
57310736
57312822
57311308
57314358
57322910
57313387
57314677
57322689
57321421
57312693
57323331
57311424
57310754
57310840
57322287
57314748
57314782
57320432
57313431
57313305
57322277
57320660
57323248
57313584
57314488
57311452
57314641
57321451
57311431
57314879
57310299
57320965
57321708
57322957
57310306
57313812
57311504
57314247
57313726
57322427
57323595
57320392
57313697
57323473
57320773
57322531
57310448
57322943
57321725
57310845
57313391
57313611
57313287
57311697
57310271
57314608
57313641
57310363
57311296
57314306
57322825
57314712
57320615
57320808
57311628
57320304
57314290
57312794
57323380
57321779
57310774
57310529
57322284
57311751
57311386
57312812
57321651
57313399
57312375
57313205
57320319
57314493
57320606
57322352
57323250
57322914
57313332
57320336
57310757
57313604
57313783
57314460
57312889
57311563
57313361
57320870
57323444
57310337
57320613
57323539
57313662
57313554
57323580
57314843
57320423
57322604
57314372
57321368
57322274
57321261
57313818
57322333
57314613
57323503
57320534
57314208
57311816
57310356
57314343
57313444
57311332
57322550
57320365
57321820
57313309
57314873
57322510
57320532
57321715
57321789
57321743
57323591
57312228
57323350
57322924
57313669
57314519
57322619
57313478
57314426
57322474
57321446
57314351
57313882
57314557
57320759
57321495
57320506
57321281
57311594
57321966
57313802
57322555
57322584
57310266
57312458
57321255
57323496
57322714
57323402
57313386
57322830
57313369
57322306
57321999
57323378
57310636
57321706
57321380
57322849
57321245
57312461
57312739
57323519
57310321
57314329
57320247
57313450
57313497
57320626
57312362
57323416
57314771
57322952
57321494
57321269
57322312
57312245
57321975
57310707
57320202
57313841
57311421
57322465
57314880
57310339
57322422
57310298
57312222
57312265
57312277
57310588
57311821
57312271
57321953
57310604
57312318
57323236
57310327
57321483
57314225
57322348
57312495
57320886
57320835
57322614
57320494
57313844
57323297
57321932
57322540
57320263
57311502
57322338
57312413
57320997
57312302
57321531
57314423
57313719
57312566
57322901
57312683
57310875
57320701
57320244
57322508
57312720
57321849
57320253
57310393
57322949
57320489
57321344
57312767
57312653
57311439
57320231
57313573
57320228
57311859
57311506
57314406
57310486
57310405
57320821
57320695
57313646
57313878
57310260
57320788
57311584
57310890
57321309
57320598
57314530
57314279
57320928
57321810
57313804
57314410
57312853
57314295
57314249
57322792
57314851
57320282
57313671
57312290
57313705
57313608
57321291
57311422
57321444
57311752
57313256
57313346
57310415
57311459
57313340
57311244
57312753
57311889
57322612
57322618
57313627
57310210
57321235
57321844
57321660
57311319
57312859
57322458
57314875
57322581
57310484
57311407
57322690
57321698
57323421
57323330
57311331
57321664
57310439
57321676
57310534
57312211
57322667
57320564
57313549
57314626
57320682
57312745
57320852
57310316
57322877
57312627
57322882
57320358
57322922
57320977
57322542
57313430
57323425
57321838
57313510
57310511
57320308
57321596
57320822
57320579
57314791
57322701
57314375
57310542
57322556
57313887
57314559
57314479
57320528
57310723
57322753
57320702
57310556
57313668
57321555
57314514
57322900
57313214
57322280
57310758
57313241
57314732
57322773
57311746
57322857
57320987
57320753
57312436
57311372
57320239
57313258
57321994
57321863
57313589
57321303
57311423
57313670
57321498
57313280
57312571
57313236
57322473
57322322
57321507
57321591
57312684
57314610
57310812
57322460
57323224
57320251
57312898
57311432
57311390
57314721
57321342
57312666
57321282
57311458
57321700
57320979
57320633
57313755
57313344
57311832
57314489
57322733
57312406
57310279
57320609
57310487
57320554
57313837
57321867
57320464
57321530
57310209
57310227
57320527
57314724
57310828
57322757
57313813
57310641
57313884
57321910
57321627
57311646
57320916
57314733
57312538
57312897
57313598
57320404
57310712
57313628
57312575
57321778
57313842
57311845
57313886
57313758
57311828
57322431
57310799
57321540
57312360
57313468
57320340
57314692
57312552
57320739
57313200
57311831
57310495
57312512
57310276
57314623
57322651
57314393
57313477
57310762
57311401
57310698
57312636
57313425
57322829
57322424
57320875
57312326
57313329
57320351
57320708
57321501
57321577
57321769
57312828
57323218
57313251
57320402
57312672
57314257
57321915
57312773
57311709
57320346
57314237
57312510
57311579
57314837
57321205
57311762
57311620
57320335
57323317
57314727
57321759
57314686
57313748
57313567
57310411
57310694
57314866
57320666
57310800
57312708
57321974
57320237
57310806
57313782
57321652
57320850
57322980
57310662
57314760
57320549
57314651
57314522
57313796
57311476
57312865
57314566
57311541
57313651
57323479
57312523
57320841
57320227
57311224
57321806
57321882
57321404
57313488
57311782
57322844
57314645
57322858
57312365
57321406
57311671
57320648
57322288
57310429
57311739
57322597
57321350
57313338
57321941
57311863
57314794
57321426
57310373
57314705
57311310
57320314
57310775
57312797
57322726
57312891
57320234
57322457
57310278
57312559
57313434
57314802
57314560
57322756
57314638
57314730
57322419
57321646
57310876
57312629
57310703
57310259
57311702
57310573
57320342
57314731
57322885
57310307
57314242
57313426
57313500
57312886
57323382
57321755
57313834
57312751
57312565
57314615
57313482
57320241
57310431
57312579
57320488
57313364
57311781
57320975
57310467
57314774
57310811
57313343
57322310
57311886
57310344
57313210
57310336
57320728
57311643
57310457
57313713
57323201
57310518
57322476
57320685
57313456
57311574
57312529
57310296
57314543
57320756
57320777
57311680
57322875
57312837
57320652
57322224
57314864
57321937
57314793
57311641
57322525
57314234
57311757
57311470
57320556
57322326
57322337
57312713
57321802
57320480
57320981
57311693
57313609
57320229
57312507
57320585
57321527
57321227
57321935
57311602
57322895
57311427
57321484
57321737
57322436
57322598
57322948
57312283
57312239
57311496
57310877
57313353
57310413
57323356
57313452
57322354
57310606
57310578
57322504
57320707
57320867
57320848
57321301
57314653
57312289
57310847
57310493
57314713
57311345
57311316
57312469
57310576
57313397
57312839
57312580
57310447
57323381
57323513
57320240
57313823
57321870
57321472
57322585
57313696
57311203
57321581
57320828
57322642
57321948
57314750
57323214
57314563
57320259
57314475
57322341
57312792
57323582
57313707
57314812
57322848
57320434
57320604
57321793
57314633
57320497
57311618
57312311
57322512
57310444
57313221
57312587
57323438
57323469
57313650
57311833
57321564
57313435
57320510
57320818
57311500
57311364
57321825
57313445
57312656
57312363
57312319
57322466
57321967
57311861
57320959
57321424
57312578
57314389
57322710
57311734
57313846
57310867
57310275
57320857
57310820
57320745
57322855
57322662
57313219
57311630
57313891
57313526
57312625
57321224
57312410
57322206
57321878
57312855
57312543
57321868
57323310
57313502
57310305
57312648
57322454
57320511
57313276
57310322
57312407
57313582
57311362
57320531
57314743
57314241
57312292
57312497
57322225
57312829
57311206
57313838
57314696
57322262
57322293
57312888
57323329
57322810
57311557
57312279
57321590
57323548
57314521
57321394
57321626
57312810
57320512
57320595
57322600
57314296
57313895
57312451
57311868
57312315
57314462
57312654
57313517
57321890
57321248
57313330
57313770
57312328
57313216
57320395
57310378
57310303
57321337
57314569
57320448
57320359
57320410
57313455
57322685
57322538
57310352
57310756
57310540
57310584
57313763
57321712
57322409
57323484
57311580
57321832
57312303
57323509
57311494
57321486
57314582
57314526
57314848
57312408
57312274
57320479
57323435
57312423
57314408
57310850
57313365
57311514
57311841
57312390
57311358
57314709
57310428
57320533
57312445
57322878
57314596
57320934
57320799
57312850
57311866
57320938
57312583
57314894
57321348
57323593
57311321
57322332
57311478
57320831
57312235
57310825
57322204
57321416
57314872
57322805
57313272
57322809
57323344
57320496
57320677
57322921
57314827
57320963
57311466
57312504
57314267
57312331
57322625
57311426
57322229
57320343
57321751
57310423
57320692
57313355
57314265
57313278
57313712
57311329
57312448
57323457
57311519
57314239
57310810
57312758
57323308
57323429
57323323
57312540
57310567
57312471
57310809
57323456
57313540
57310860
57311285
57323495
57320844
57321831
57320473
57323325
57312652
57323489
57310770
57312465
57311534
57312366
57314639
57320634
57314650
57310242
57311649
57321355
57313619
57310462
57314381
57312526
57322516
57320583
57322545
57321417
57322403
57312774
57310371
57322362
57322315
57321821
57321926
57321388
57313693
57311429
57322479
57320522
57321395
57313717
57321657
57323409
57321529
57312841
57311720
57321795
57320550
57320995
57313366
57314322
57312498
57313594
57322592
57310608
57320789
57321949
57323354
57321604
57321378
57320713
57313230
57310200
57321723
57311241
57321206
57320492
57323590
57320714
57314419
57321347
57322349
57322660
57310789
57311660
57314701
57314437
57321535
57320266
57322253
57313532
57312801
57321713
57321835
57320399
57320819
57311878
57321973
57314671
57310734
57321553
57320536
57321458
57310459
57323430
57321396
57313637
57314286
57322905
57310333
57323383
57320795
57320419
57322571
57312472
57311873
57320984
57322304
57322796
57322529
57313320
57313711
57320588
57320356
57310671
57311790
57321238
57322257
57312585
57322300
57322765
57323432
57312258
57321420
57310886
57312484
57312500
57313797
57322406
57323361
57320316
57314841
57314870
57311839
57310609
57320303
57313496
57314604
57322387
57322944
57320469
57322366
57311403
57323322
57321322
57321687
57322758
57313277
57313334
57320924
57320398
57311230
57321605
57314606
57323313
57312280
57323533
57321457
57313860
57311250
57322370
57323363
57310686
57310717
57312396
57311314
57311379
57320758
57310851
57312734
57313853
57322953
57313819
57312404
57321756
57322653
57314360
57310216
57314366
57314672
57323459
57321742
57320560
57312371
57313877
57322404
57320670
57310424
57311733
57320516
57314859
57321523
57311731
57310553
57311471
57313811
57322279
57314350
57313322
57321903
57310664
57313845
57310659
57314371
57310319
57323302
57310213
57313768
57312428
57322955
57321668
57321532
57313791
57310261
57311675
57323360
57314665
57321702
57313461
57312785
57322227
57311528
57320989
57311336
57321354
57312333
57314684
57320641
57312640
57320467
57314430
57310602
57320820
57311509
57313864
57314228
57320570
57313773
57313420
57321848
57314808
57312389
57310354
57312657
57310830
57310651
57321976
57310899
57321537
57313606
57322879
57314556
57311487
57320590
57320257
57310385
57314345
57311612
57321629
57320508
57313685
57312336
57321632
57321330
57311497
57321400
57321570
57323554
57310254
57312467
57313851
57310761
57314513
57314421
57314402
57322836
57321328
57310781
57311217
57323527
57312403
57311608
57311755
57310746
57310287
57311822
57312204
57321548
57310579
57313383
57322243
57322926
57313555
57321544
57311479
57322205
57311302
57314575
57320461
57321287
57314679
57311448
57323464
57310504
57312786
57313226
57320645
57320513
57322501
57322591
57312725
57313400
57310600
57312340
57310533
57312669
57321735
57323304
57311794
57312763
57310895
57321552
57312242
57313612
57322965
57320887
57323334
57321423
57311578
57323419
57320918
57311588
57314736
57321399
57320514
57321242
57310813
57311279
57321465
57321556
57321272
57322643
57322481
57322638
57321398
57312475
57321432
57320396
57310841
57312442
57313673
57323485
57313380
57322622
57322414
57322273
57312515
57312287
57320845
57322657
57311269
57322659
57320742
57314753
57314786
57321208
57321284
57321297
57320323
57311672
57314382
57311644
57322398
57320339
57313861
57313211
57321861
57323583
57320878
57312400
57312695
57312527
57313250
57312425
57312313
57313458
57313476
57310619
57323552
57314646
57320976
57322207
57322650
57310355
57310309
57321638
57310574
57311473
57311729
57311635
57320290
57320433
57311247
57311317
57321857
57321650
57322840
57322271
57311745
57322560
57310329
57322602
57310347
57321311
57323529
57311417
57322746
57321895
57320630
57311824
57311475
57320252
57314833
57322816
57322769
57321502
57314309
57321258
57311433
57320452
57320814
57313790
57313686
57311408
57323237
57311780
57310412
57311535
57322645
57322724
57312516
57311221
57322828
57312379
57314742
57322478
57313542
57321623
57312347
57312776
57314764
57311656
57312440
57322211
57314321
57320216
57311304
57322956
57311842
57311803
57320375
57320680
57311796
57311526
57320919
57322250
57313295
57322951
57310677
57312364
57322707
57314542
57321770
57322283
57311477
57322865
57310253
57320204
57311208
57320643
57311228
57310245
57321893
57313487
57323423
57312818
57310843
57313777
57312687
57320747
57322723
57312820
57321435
57320465
57312452
57320826
57320566
57321679
57323482
57312409
57311425
57322318
57312297
57310492
57312600
57312572
57314694
57311704
57321788
57311549
57312775
57312856
57322856
57310699
57320955
57322891
57322889
57320499
57314248
57310655
57312278
57313215
57322795
57323436
57310478
57320871
57313635
57314320
57313212
57321214
57312573
57313462
57314451
57322881
57311404
57313716
57312422
57311246
57322524
57320717
57321276
57310559
57312386
57310470
57312655
57314303
57313729
57322583
57322869
57312882
57310654
57311783
57320519
57312771
57312717
57310829
57321971
57311486
57310554
57313471
57321877
57321230
57323203
57313731
57322323
57322320
57320250
57320275
57320414
57311823
57322442
57311410
57312576
57310410
57311415
57323475
57321346
57311582
57311300
57323230
57320295
57313741
57321264
57320755
57313898
57310471
57311374
57311772
57313521
57322231
57320628
57322582
57311724
57313283
57314415
57320732
57322263
57320869
57313402
57321615
57314897
57312288
57313352
57321534
57311719
57314464
57320699
57312474
57314436
57323202
57310807
57321817
57321798
57310546
57311240
57311881
57311758
57310232
57320896
57313531
57322896
57313314
57313363
57320297
57320663
57313821
57314504
57321750
57320736
57320378
57321785
57320655
57310768
57314201
57314203
57311213
57311735
57321467
57314221
57314396
57311323
57323535
57314444
57313875
57321250
57323366
57313240
57321492
57312703
57321349
57321373
57312733
57320931
57311260
57312352
57311623
57311830
57310258
57312210
57320407
57314456
57311647
57311271
57310473
57311553
57310461
57323229
57312356
57321220
57322590
57322754
57322759
57322268
57312397
57313289
57322394
57313639
57321734
57311396
57313508
57322850
57313720
57323442
57321345
57310668
57322760
57322527
57320466
57310211
57322705
57312202
57321431
57314401
57312348
57320874
57311607
57312308
57320925
57311788
57311793
57313735
57312267
57321210
57314697
57312213
57320639
57320933
57322904
57312722
57322749
57313623
57314473
57313776
57313546
57312694
57323306
57321640
57314751
57313229
57312238
57314356
57314367
57314349
57321644
57323351
57312272
57314758
57323252
57310215
57314888
57321884
57311380
57314465
57314220
57313356
57314474
57320731
57322768
57322778
57322519
57321307
57321922
57314232
57313749
57312259
57312355
57312236
57314642
57314218
57313702
57321304
57312872
57322925
57312416
57311835
57313695
57314729
57314628
57322435
57321970
57314710
57314659
57321449
57313255
57313880
57313795
57313730
57314830
57310463
57320996
57322611
57314770
57321207
57310427
57322767
57311251
57311650
57314592
57310481
57321409
57311728
57320947
57313416
57320796
57321945
57320806
57321241
57320212
57312514
57311785
57313378
57311716
57320503
57313708
57323227
57312314
57320574
57321727
57314442
57320201
57312256
57311891
57320242
57312268
57310702
57321397
57313204
57322609
57312429
57310372
57322447
57312546
57321434
57312783
57313504
57321448
57310565
57323295
57321560
57313414
57322933
57312309
57313734
57314769
57314850
57314625
57320341
57311324
57311442
57320276
57320858
57322847
57312424
57321959
57313621
57323226
57310382
57311585
57314369
57314511
57320442
57312463
57314288
57322453
57323299
57321608
57310842
57323572
57322725
57322675
57311592
57322511
57320573
57321455
57321568
57323207
57314863
57321699
57313523
57322721
57321784
57314831
57311493
57323367
57320558
57310632
57311411
57311531
57310792
57314205
57320694
57322909
57322210
57320406
57322806
57322346
57310310
57314500
57312560
57314683
57314867
57311804
57314763
57310391
57312685
57312866
57310541
57310649
57313654
57311437
57311768
57321229
57312873
57322509
57321674
57322380
57311714
57321321
57321460
57311887
57310767
57323506
57312781
57320726
57310713
57312825
57314339
57321658
57311653
57320379
57323454
57320881
57313718
57313824
57321562
57314583
57313448
57310270
57313358
57314453
57312742
57312816
57313370
57310340
57310611
57320313
57311281
57320866
57313275
57323352
57320727
57321358
57312623
57312624
57320462
57320623
57320559
57314520
57323217
57320557
57314386
57313486
57310623
57312780
57313407
57313439
57321701
57321677
57310301
57323327
57311621
57310732
57320416
57311413
57320877
57321816
57311695
57311344
57322335
57310379
57313810
57323234
57311233
57321329
57310652
57322656
57323431
57311385
57314741
57312788
57313840
57314658
57311503
57311377
57323212
57320474
57314293
57311807
57312716
57320691
57310577
57320507
57310728
57312464
57310312
57311706
57312864
57313602
57321633
57311521
57320710
57322482
57314584
57320779
57310846
57311609
57323372
57313784
57313472
57323371
57320967
57320722
57312784
57313871
57313553
57320569
57311691
57310688
57313826
57321285
57322467
57321442
57314534
57310302
57320364
57314860
57320646
57311312
57313756
57323332
57312658
57313421
57312454
57310468
57323338
57321747
57322375
57323346
57314315
57314510
57312715
57321860
57320520
57310524
57311741
57311546
57310499
57322771
57310268
57313815
57321839
57312804
57321641
57320582
57310561
57312388
57323300
57320597
57310568
57313762
57311589
57313674
57322599
57322462
57320743
57314283
57322228
57320672
57320772
57321968
57322923
57310324
57313475
57311530
57313451
57313874
57311532
57322390
57314446
57312372
57310801
57314441
57313665
57311619
57311457
57314323
57310819
57321977
57322978
57323213
57321390
57311659
57322868
57322356
57313367
57310383
57310711
57310833
57310621
57313679
57321439
57313513
57313816
57312696
57320951
57310422
57313780
57312394
57310335
57314818
57321357
57314631
57321988
57321573
57311795
57320757
57323474
57314506
57310643
57313490
57321655
57311469
57314766
57321796
57312622
57311400
57310883
57323490
57314527
57321462
57314544
57321567
57320584
57320926
57314263
57320565
57311814
57311858
57323573
57312618
57320217
57311398
57322498
57323358
57322709
57311472
57312377
57321824
57313246
57321372
57313601
57311252
57321775
57320847
57310587
57313382
57320315
57322549
57310442
57314655
57314458
57322686
57310550
57314834
57311777
57312726
57323447
57311311
57320206
57314761
57312201
57322405
57320459
57311658
57310885
57312459
57313427
57314370
57322451
57311847
57320809
57313264
57310615
57320444
57320330
57322201
57321558
57320614
57320704
57313661
57323549
57322374
57312353
57321359
57311283
57320960
57311586
57310849
57322947
57311544
57312542
57322730
57320679
57311313
57320940
57310647
57314292
57313803
57312727
57321275
57323592
57322711
57320417
57320238
57314842
57311727
57311665
57310430
57314312
57311498
57323208
57311738
57312374
57314414
57322908
57311770
57323206
57321497
57322328
57314404
57314391
57312248
57313512
57313279
57312668
57322863
57322534
57320658
57311573
57320372
57311209
57312857
57320265
57322818
57314334
57314327
57321846
57313576
57312481
57322276
57321666
57310314
57312301
57323281
57314627
57310605
57311334
57314523
57321468
57320387
57310582
57312509
57314668
57311684
57323517
57323499
57312678
57322688
57314588
57314209
57320568
57310691
57312826
57320284
57313876
57313493
57313489
57314620
57321428
57320280
57312486
57313848
57312437
57321479
57311255
57312682
57312491
57311880
57320274
57310739
57321234
57312830
57311265
57321958
57322670
57323241
57320225
57321489
57311428
57311512
57322579
57321765
57312240
57321856
57314447
57314227
57314734
57313213
57310769
57323388
57311799
57311576
57314630
57320812
57314452
57320859
57320746
57313745
57311373
57311335
57311445
57313805
57312834
57311604
57322368
57323497
57313410
57312334
57314618
57322351
57312534
57312821
57312692
57323376
57314246
57320619
57311277
57313556
57313657
57321680
57321538
57322254
57322272
57321773
57322791
57311611
57312322
57321579
57310583
57322365
57321520
57320607
57321277
57323532
57323437
57311826
57322646
57311771
57310325
57320487
57321876
57313290
57310563
57322286
57321979
57322463
57322839
57312506
57322718
57313235
57312233
57311689
57313465
57320749
57313460
57323286
57322456
57313744
57310714
57314253
57320620
57311864
57314616
57311636
57323253
57313786
57320427
57310566
57323546
57313327
57314553
57321518
57313270
57320927
57311888
57322631
57321239
57313539
57314305
57321916
57321361
57321283
57310417
57322668
57313800
57310793
57322363
57311686
57322367
57311370
57311333
57314330
57320723
57321691
57313825
57313700
57321621
57312490
57311462
57313793
57310622
57323405
57311533
57313520
57314440
57322355
57310598
57312426
57313672
57320649
57314433
57320447
57321710
57321947
57314707
57321469
57322539
57322737
57311865
57311871
57312876
57320862
57320397
57322607
57321226
57312350
57312615
57320892
57311525
57320401
57323225
57320215
57313852
57314299
57311638
57323551
57313828
57313625
57322469
57321582
57313393
57312679
57320269
57322535
57322936
57310729
57310311
57322316
57314681
57321302
57313315
57314236
57310538
57322373
57322673
57321316
57313371
57321463
57313656
57311587
57313208
57321381
57312533
57321273
57314783
57320860
57321362
57322785
57310753
57310858
57320567
57321787
57320705
57311629
57323337
57320214
57322640
57311763
57321306
57320450
57322779
57312588
57321509
57323470
57320571
57312770
57314244
57323228
57311297
57310264
57320431
57313325
57322327
57314635
57322934
57311395
57322639
57313753
57312456
57320675
57310776
57313319
57322971
57320868
57314781
57312223
57313798
57314891
57322917
57314835
57310497
57314484
57321256
57310452
57313879
57314772
57313727
57313775
57321289
57322500
57321549
57314718
57321607
57320972
57310477
57322305
57313495
57313423
57310788
57322324
57321804
57312419
57320261
57312754
57321683
57312870
57310539
57322975
57320683
57323545
57312444
57312555
57312601
57312563
57321705
57323298
57310368
57314554
57322915
57322712
57310822
57310618
57311875
57322238
57320766
57313557
57310716
57314887
57312844
57322536
57322576
57320349
57312714
57320740
57314801
57320256
57323525
57311825
57311451
57311444
57322222
57310406
57311797
57320985
57312868
57311862
57312707
57321814
57320500
57313746
57314813
57323481
57310697
57312593
57321672
57311347
57313615
57314409
57322852
57310859
57322755
57312743
57313302
57323238
57314413
57321204
57321956
57314450
57323486
57322958
57320332
57321682
57321425
57312200
57312877
57312814
57311351
57310251
57311524
57322716
57320281
57320629
57312778
57311640
57312368
57322209
57311320
57311449
57314338
57312341
57314656
57312232
57320493
57311690
57314795
57322912
57321618
57321219
57313766
57320220
57323285
57310773
57321695
57320625
57320524
57311236
57312819
57321477
57321836
57312237
57313893
57313220
57320477
57314810
57320801
57312881
57313304
57322696
57314862
57320320
57322216
57313552
57322823
57322371
57322864
57321841
57313866
57311256
57320226
57313538
57314281
57321288
57323510
57320721
57323578
57312470
57322820
57311550
57312417
57311852
57313809
57320370
57322635
57323389
57323426
57312799
57322920
57310381
57321940
57312367
57321609
57321392
57313437
57323452
57314503
57313888
57314895
57312310
57314213
57310870
57314756
57313519
57311834
57310474
57323386
57314341
57321998
57320622
57313590
57311798
57310331
57311238
57320405
57314268
57310821
57321415
57322641
57320468
57312689
57322461
57310882
57320778
57321985
57314720
57313291
57322595
57313203
57321901
57322402
57310295
57321630
57312549
57313404
57313321
57320793
57313533
57311499
57313509
57321578
57320945
57322899
57321972
57321254
57322861
57310785
57314365
57314385
57320249
57314800
57322240
57314844
57310679
57321528
57320347
57320509
57314211
57314308
57313807
57314319
57322722
57310408
57314326
57312851
57310297
57311723
57322682
57320823
57321983
57322946
57313228
57321902
57312545
57323370
57310289
57321475
57311654
57321491
57311721
57310219
57321335
57313453
57322219
57322715
57313501
57322929
57312294
57323480
57320207
57321313
57323422
57321336
57313580
57320912
57322761
57312517
57314280
57313218
57312586
57311569
57320221
57321547
57322416
57320366
57311669
57313436
57320617
57314797
57311201
57310228
57313586
57314762
57322918
57312217
57314820
57312385
57313659
57310586
57323309
57312254
57321300
57311264
57314647
57313530
57310569
57320587
57320362
57314374
57310386
57321659
57311767
57323478
57321391
57321728
57314886
57321249
57311685
57311258
57312748
57322866
57310839
57320678
57310612
57321960
57321768
57311282
57322520
57311367
57310466
57313484
57320415
57314216
57314439
57314578
57320957
57314222
57314691
57323493
57311242
57322420
57312649
57311482
57314272
57313640
57320470
57314822
57321327
57314540
57321858
57322876
57321777
57314790
57314429
57321610
