57315418
57318773
57317424
57315527
57316297
57316837
57318374
57315485
57317267
57315775
57315594
57315379
57316555
57316453
57315450
57315512
57317519
57318478
57318813
57315530
57318567
57316849
57316709
57318219
57318467
57318878
57316235
57315345
57318603
57316325
57318471
57317764
57317681
57317541
57318432
57316392
57316695
57315406
57318591
57318226
57315509
57316874
57315761
57315261
57316339
57316273
57318497
57317487
57317421
57315318
57318808
57315383
57317529
57315429
57317288
57317786
57317355
57315882
57316347
57315325
57315397
57317520
57317892
57317553
57318552
57318218
57316371
57317466
57317865
57318890
57315310
57318714
57318573
57317371
57317606
57317814
57316869
57318786
57318572
57317238
57315654
57315808
57317399
57315712
57317723
57316867
57317325
57317485
57318886
57315830
57315555
57316673
57316621
57318744
57318659
57318260
57316543
57316716
57315824
57318701
57317386
57317601
57316771
57316685
57317560
57316789
57316535
57316804
57315426
57318216
57317281
57317247
57317884
57315742
57316668
57315799
57317609
57318534
57318817
57316303
57316443
57318377
57317859
57318457
57316898
57315467
57315667
57316335
57316525
57318705
57316477
57316467
57316287
57317213
57315739
57315859
57315621
57317305
57318378
57318247
57317731
57316523
57315717
57316866
57316829
57316488
57317521
57316366
57315255
57316810
57315614
57315597
57317534
57315314
57318406
57317362
57318403
57316672
57318767
57318521
57317697
57315861
57318281
57315803
57318719
57318896
57315582
57316284
57315427
57316539
57316630
57317599
57318633
57318461
57316311
57318496
57317490
57318610
57317393
57317721
57315515
57315648
57317722
57316706
57317476
57315630
57318820
57317768
57316355
57317441
57315231
57316728
57318565
57318580
57315662
57318202
57318302
57316452
57315690
57317322
57317262
57315452
57315672
57317567
57317525
57318495
57318238
57318352
57318675
57315228
57317449
57316757
57317279
57318246
57318614
57316493
57317257
57318785
57317746
57318585
57316678
57315488
57317564
57315291
57318654
57317741
57316635
57317006
57315268
57316624
57317273
57315719
57315264
57315520
57317797
57316699
57316413
57315247
57316308
57315475
57317569
57316818
57315342
57316247
57317457
57315365
57316691
57318459
57318592
57316607
57318575
57317341
57317316
57315899
57317538
57317528
57317763
57318787
57315237
57315721
57316401
57316294
57315793
57315494
57316638
57317875
57318248
57317817
57316397
57315217
57318619
57318601
57315646
57318440
57315349
57317624
57318393
57317615
57317255
57316632
57315526
57316836
57315639
57317323
57316464
57315346
57316457
57318441
57317719
57317296
57315287
57316842
57315425
57318637
57318631
57317652
57315517
57316715
57315502
57317656
57318391
57318554
57315583
57316773
57315230
57315836
57315641
57316383
57317887
57318491
57316418
57317436
57318587
57318395
57317692
57318351
57317302
57317871
57316474
57317477
57318473
57317375
57315507
57316478
57315454
57315316
57315505
57318723
57317833
57316817
57318819
57317682
57317472
57316319
57318210
57316654
57317756
57315399
57316282
57315518
57315438
57316405
57315528
57316359
57317707
57318323
57316684
57317644
57315240
57315616
57317507
57316293
57315216
57316828
57317445
57318776
57318486
57316786
57318689
57318763
57315772
57316741
57317543
57315478
57318658
57316655
57318254
57316377
57315273
57315896
57317691
57316897
57318576
57318898
57317401
57315446
57318754
57317870
57315879
57315894
57316447
57317640
57318333
57317348
57318464
57317437
57316764
57316285
57316571
57316501
57318862
57317512
57316446
57315301
57315432
57315270
57315693
57318669
57318563
57315726
57318780
57315306
57318883
57318524
57318385
57317244
57315384
57318789
57315326
57316456
57316223
57316727
57317300
57318650
57318715
57318871
57318389
57318741
57318800
57317861
57316267
57315757
57316459
57316338
57315769
57316687
57316412
57318748
57318446
57316296
57315481
57316816
57316600
57315733
57315214
57316774
57315299
57317760
57316206
57317289
57316880
57318329
57315422
57316643
57316619
57318465
57315774
57318649
57315421
57316690
57315678
57315353
57317408
57315328
57316864
57316807
57318439
57317879
57315797
57318851
57316663
57315936
57317459
57315259
57317368
57315354
57316257
57315670
57318289
57315465
57316641
57317759
57318227
57315317
57318894
57318523
57318477
57317265
57317498
57315629
57318550
57316445
57318444
57316508
57315716
57315634
57315208
57316505
57315280
57315371
57316745
57316227
57316224
57316243
57316343
57315566
57318607
57317857
57317842
57315592
57316357
57316354
57315783
57317828
57316312
57318512
57317848
57318466
57317223
57318228
57316556
57318308
57318616
57315760
57317863
57316520
57316777
57318599
57318860
57315404
57316361
57315558
57316692
57318494
57316349
57316237
57318866
57318256
57316381
57317356
57318888
57316479
57315780
57315415
57318438
57316331
57316529
57317270
57315486
57315751
57315493
57316229
57317784
57317499
57318761
57316780
57318356
57318881
57318795
57315802
57318722
57317665
57315334
57316680
57315589
57318743
57317349
57315786
57317249
57317330
57318877
57316538
57316700
57316385
57317751
57316674
57317710
57318868
57317571
57317775
57316409
57318720
57318791
57318532
57317242
57317689
57318636
57317214
57315498
57318334
57318436
57316831
57317800
57316490
57318739
57317816
57315673
57318482
57316735
57318493
57315792
57315233
57315752
57317804
57315222
57315459
57316531
57315420
57315395
57318857
57316805
57316434
57315645
57316318
57315272
57317352
57318875
57318339
57318691
57315883
57318211
57317416
57315815
57318643
57316344
57317771
57315556
57318388
57317574
57316725
57315403
57317264
57315703
57315588
57318606
57316860
57317841
57316393
57318765
57315297
57316428
57315289
57315436
57315376
57318481
57316550
57316698
57315347
57318568
57316708
57317404
57316271
57317650
57316258
57318350
57316384
57315878
57317864
57318429
57315928
57318449
57316618
57318419
57315434
57316760
57316802
57317481
57318597
57315684
57318758
57316280
57318250
57316652
57317648
57316360
57316320
57315286
57316449
57316719
57316275
57316328
57317595
57317667
57317328
57318730
57315455
57318326
57317532
57315740
57315401
57316283
57318252
57316310
57317594
57315355
57315391
57315804
57318551
57318435
57315285
57315725
57318214
57318557
57317893
57316548
57315750
57315568
57315437
57318663
57318782
57318223
57316461
57318746
57318392
57317635
57315844
57318655
57316734
57318434
57315366
57318542
57317638
57315890
57318859
57316890
57317801
57317551
57318570
57316893
57318410
57315428
57317744
57316259
57316486
57317683
57316813
57317443
57317895
57318757
57315374
57315695
57315615
57316498
57317727
57315300
57317734
57318331
57318876
57316251
57316628
57317405
57318225
57316819
57317357
57316315
57317643
57316778
57317586
57317705
57317336
57318841
57315730
57316762
57318794
57315352
57317620
57315549
57318736
57316622
57318346
57318284
57318330
57317739
57318891
57315442
57318536
57316269
57318724
57317843
57315866
57315500
57315776
57317577
57317822
57316582
57318830
57317367
57316442
57317645
57315547
57318684
57315734
57315206
57318297
57317293
57317446
57316821
57316736
57318796
57316601
57316852
57315664
57318398
57316232
57318840
57318450
57317344
57315862
57318749
57317233
57315338
57316883
57318683
57318266
57316416
57317761
57315469
57317570
57318740
57315212
57317676
57316562
57317788
57317649
57315852
57315220
57318852
57317596
57315571
57315762
57315842
57318527
57318460
57317802
57317846
57318809
57318861
57315814
57317324
57315373
57316605
57316316
57315225
57315523
57316491
57315651
57317815
57317699
57317639
57315501
57318397
57315496
57316516
57317561
57317545
57316843
57317470
57318647
57316299
57316795
57316830
57318287
57315262
57315457
57318537
57315444
57316578
57315700
57315705
57316358
57317549
57318880
57317556
57316610
57318454
57317823
57315405
57315542
57317563
57316814
57318258
57318217
57316841
57316394
57316435
57318865
57315765
57317461
57316454
57315888
57318469
57315893
57318213
57315643
57317314
57316639
57315559
57317778
57317831
57318335
57315504
57318400
57317818
57318517
57315718
57315586
57318314
57316657
57315435
57315627
57316688
57316419
57317806
57317597
57317241
57317774
57315576
57315278
57318604
57315835
57317444
57317808
57318453
57316356
57318511
57315683
57316768
57317675
57317276
57318272
57317836
57318751
57315531
57317463
57318316
57316662
57318319
57318867
57316274
57315617
57317354
57317295
57316395
57317646
57316834
57315784
57317439
57318670
57316848
57317583
57316604
57317492
57317781
57316472
57316487
57318661
57315393
57315604
57318418
57315253
57315319
57315248
57317779
57315284
57316664
57317326
57316425
57317365
57318671
57315313
57318332
57316448
57316611
57317340
57318531
57316289
57315795
57317228
57315441
57315738
57318899
57315927
57317412
57317617
57315782
57315409
57316557
57318535
57318779
57318801
57317852
57317860
57315356
57317517
57316324
57317587
57316559
57318612
57316738
57318822
57315339
57318274
57318674
57317299
57316234
57318372
57318280
57316326
57317694
57318501
57317493
57316642
57315293
57315474
57316540
57316509
57317782
57317636
57315209
57316755
57316483
57318639
57318708
57317565
57318641
57316420
57315613
57316291
57317578
57315741
57317360
57315464
57317245
57315843
57318806
57316620
57317790
57318879
57318784
57318259
57316438
57316270
57316713
57317791
57315868
57318384
57316631
57316484
57318414
57318608
57318679
57316233
57316295
57318574
57317637
57315881
57318721
57318291
57317377
57316801
57317878
57317381
57315682
57317581
57316010
57315816
57318427
57318804
57317426
57316363
57316212
57318220
57315778
57315440
57318317
57315256
57315897
57317331
57316881
57317868
57316787
57315853
57316281
57315886
57317693
57315311
57316495
57317735
57318268
57317589
57317516
57318224
57318667
57316570
57318376
57317698
57316856
57317539
57317668
57317434
57318579
57318387
57316511
57317448
57318321
57316513
57317268
57317674
57315573
57316266
57317877
57317673
57317502
57315707
57318831
57315200
57317686
57316440
57315513
57316480
57316882
57316569
57316388
57315603
57316579
57315652
57318362
57315657
57318725
57315898
57316471
57317740
57316769
57316437
57316337
57318559
57316510
57317812
57316313
57318416
57318673
57315698
57317227
57318615
57318345
57315754
57316211
57316566
57317881
57316752
57315529
57318810
57317533
57316892
57318666
57318682
57316615
57315288
57316876
57318555
57316502
57316254
57317765
57318383
57315822
57318518
57318255
57317415
57315770
57318735
57315806
57316577
57315490
57318343
57317312
57318382
57318711
57315537
57316444
57316544
57315735
57315749
57317391
57317394
57315798
57315884
57316833
57315333
57317334
57316660
57315755
57316797
57315747
57317215
57315221
57316244
57318282
57316341
57316422
57318337
57315274
57318562
57318229
57317226
57316785
57318401
57317726
57318488
57315497
57318571
57317891
57318538
57316246
57318700
57317684
57318769
57316407
57315562
57316792
57318417
57317626
57317709
57317769
57315265
57317504
57316506
57316521
57315819
57318893
57316398
57315377
57315458
57318627
57316732
57315618
57316798
57318290
57318311
57318828
57316390
57315411
57317882
57316526
57315779
57315470
57318728
57315839
57315609
57315477
57318348
57315660
57318897
57317220
57318375
57318546
57317321
57316222
57317235
57318347
57318413
57318718
57317835
57315756
57318895
57315266
57316640
57318869
57315688
57317376
57318349
57318371
57315574
57317690
57316750
57318232
57316783
57318618
57318270
57315545
57318468
57317809
57315524
57315620
57316439
57318273
57317847
57317685
57316791
57317688
57316838
57316871
57318530
57315875
57315337
57317568
57317250
57317753
57316306
57318832
57318873
57317514
57315642
57318533
57315292
57316748
57317537
57315584
57318688
57316572
57315781
57317550
57317757
57318635
57316225
57316239
57315709
57316353
57315790
57316430
57318394
57315891
57317343
57315628
57318263
57316614
57316766
57315385
57316749
57315540
57317266
57318357
57318492
57318777
57315360
57315398
57318525
57316696
57318430
57317659
57316665
57315207
57317217
57317414
57316653
57318428
57315666
57317750
57317259
57316332
57317621
57317603
57316835
57316414
57318543
57315340
57315412
57318778
57317588
57317389
57318514
57315892
57316547
57315324
57315746
57315424
57316863
57317224
57316304
57316391
57315579
57318327
57317297
57318212
57317874
57317661
57315414
57316891
57317729
57316575
57315553
57317474
57316854
57317883
57318451
57318798
57318581
57318433
57316589
57316541
57315210
57316603
57315370
57318234
57316636
57318790
57318208
57317221
57317829
57318781
57315611
57318553
57317584
57315303
57318207
57317566
57318423
57316450
57315400
57316726
57315538
57317714
57315668
57317657
57315492
57318200
57317821
57318267
57316470
57317664
57318463
57315663
57316350
57317388
57317508
57317708
57318299
57316648
57318364
57315659
57317880
57315572
57315304
57318275
57315532
57318244
57315407
57317431
57315619
57318408
57316250
57318566
57317256
57317335
57318833
57318623
57317423
57316492
57316427
57316703
57318367
57315386
57317702
57317251
57317491
57315661
57317246
57318519
57317546
57318360
57316272
57316307
57318447
57316790
57318586
57318315
57316565
57317489
57316411
57316625
57316743
57315640
57318526
57317396
57315612
57317840
57317805
57317758
57318620
57318884
57315880
57315439
57315224
57315548
57317522
57318849
57316408
57317799
57315260
57317442
57315351
57318839
57316875
57318241
57317292
57318279
57318515
57315389
57315694
57318328
57315252
57316765
57317772
57316650
57315298
57318642
57316249
57315357
57316747
57317278
57316739
57317384
57317419
57317795
57316617
57315462
57317351
57318474
57315431
57316670
57317669
57318609
57318206
57316451
57315323
57315608
57315605
57316724
57316238
57316276
57317743
57318479
57315794
57318325
57317467
57318605
57316378
57317452
57315674
57315724
57317347
57318625
57317834
57317531
57316441
57317732
57317678
57315624
57316629
57318470
57318539
57315889
57315419
57317662
57318445
57315557
57315245
57316877
57317642
57316894
57318340
57316236
57318285
57318653
57316240
57316870
57316808
57315820
57317825
57315381
57316406
57318874
57318448
57316374
57317309
57316723
57316207
57317524
57315635
57317776
57318690
57317438
57317706
57318561
57315321
57318703
57318738
57318365
57316268
57318426
57318872
57315375
57315390
57316806
57316826
57318358
57316564
57318230
57315711
57317679
57316846
57317364
57316286
57318293
57317579
57315506
57317548
57315392
57315479
57318443
57318664
57315202
57317767
57315468
57316528
57315607
57315315
57316812
57317345
57318889
57315805
57315723
57317258
57316333
57317234
57317327
57315773
57317407
57317827
57315644
57318499
57318240
57315704
57315341
57315796
57316868
57316767
57318324
57317433
57316862
57316825
57317733
57318815
57318584
57318338
57318651
57315276
57317555
57316503
57316399
57315539
57315495
57316702
57318480
57316423
57315669
57316608
57318558
57317793
57316561
57317318
57315869
57318870
57315219
57318215
57317777
57318802
57317378
57317374
57316686
57318253
57315601
57318696
57315926
57316458
57318322
57316292
57318409
57316228
57316469
57316681
57316330
57315417
57318646
57316884
57316512
57318455
57316647
57315687
57317395
57317353
57316380
57318770
57318848
57316585
57315564
57318733
57316322
57318737
57317222
57317231
57318797
57318838
57316889
57318301
57315218
57316656
57316301
57318668
57317666
57317810
57316879
57318645
57316583
57317716
57318306
57317677
57315823
57316779
57318843
57316602
57317282
57317737
57316754
57315536
57316545
57315361
57317482
57317580
57318759
57318309
57315777
57315294
57316720
57315251
57318816
57318569
57318713
57315575
57315364
57318821
57317283
57316396
57317240
57318381
57316221
57316432
57317807
57318854
57318660
57315771
57317232
57315244
57318694
57316667
57316500
57315587
57317653
57315277
57317660
57315554
57317888
57316573
57317619
57317540
57318205
57318307
57316609
57316517
57315658
57316746
57317385
57317306
57316494
57318549
57318344
57317515
57315565
57316887
57317272
57317500
57315653
57317854
57316799
57318420
57316482
57316731
57315236
57317576
57317350
57317598
57318709
57317346
57318593
57315329
57315344
57317229
57316651
57315388
57317511
57316342
57315813
57315445
57315463
57316627
57317845
57316522
57318882
57316872
57317308
57315851
57315625
57316586
57317747
57315282
57316721
57316793
57317523
57315267
57317687
57316873
57317310
57317417
57315817
57316279
57315697
57316850
57317236
57316431
57317701
57316387
57318589
57316277
57317422
57317700
57317851
57315514
57317849
57316820
57316694
57315787
57318693
57318458
57318522
57315211
57315358
57315330
57317280
57318294
57318373
57316809
57317853
57317440
57317593
57315320
57315858
57316782
57317402
57317454
57317332
57318699
57317724
57317413
57315569
57316772
57315309
57316473
57316327
57316370
57318452
57318835
57317430
57315472
57315665
57315764
57315243
57315788
57315708
57318685
57318386
57317745
57317625
57316515
57316847
57316375
57315348
57318292
57317592
57316839
57317773
57317230
57317471
57315826
57317715
57317872
57315257
57318547
57316519
57317303
57316507
57315560
57317658
57318885
57316553
57317337
57315785
57317252
57315503
57315423
57317435
57318237
57316348
57315234
57315759
57315369
57318702
57315837
57315387
57317212
57318313
57317403
57318336
57316372
57318304
57317510
57317392
57318596
57317453
57318829
57316623
57318807
57316373
57317749
57317462
57317886
57315763
57315850
57318760
57316524
57318303
57315848
57318305
57315677
57317387
57315845
57317239
57318475
57318407
57317496
57315534
57317766
57318245
57315307
57318768
57318548
57315543
57315846
57316711
57318507
57316886
57317622
57318300
57315623
57315250
57317486
57318363
57317826
57316788
57315857
57318824
57315649
57317844
57315650
57316722
57316475
57316314
57317479
57316811
57316832
57317383
57317762
57318540
57316730
57318588
57318405
57318834
57318529
57318657
57317216
57316552
57316815
57317274
57317794
57315483
57315476
57317342
57318634
57315812
57316827
57316855
57318203
57318342
57318716
57318528
57315767
57317713
57317361
57318827
57315831
57315877
57315510
57316633
57316389
57316248
57317429
57317333
57315728
57317410
57316658
57316518
57317503
57315887
57316851
57316823
57315416
57318487
57318677
57317672
57315632
57317712
57315258
57318652
57315290
57315546
57318630
57316606
57318264
57318506
57318415
57315456
57315834
57317447
57315269
57318544
57317243
57316581
57316645
57316712
57317803
57316784
57316551
57315860
57315367
57315689
57318286
57317536
57318887
57316364
57318613
57316415
57318399
57316704
57318251
57317409
57318788
57316895
57315656
57318355
57317558
57315849
57316536
57317320
57317428
57318312
57317819
57318510
57317311
57315302
57316242
57318632
57316421
57316756
57318456
57315818
57318621
57318602
57315622
57315552
57316323
57315590
57318283
57318665
57317338
57317839
57317225
57318485
57318318
57317269
57315680
57316514
57317796
57318644
57317275
57317867
57317260
57315331
57315791
57317789
57317253
57315402
57315825
57317382
57318489
57317494
57316476
57316549
57315729
57318697
57317785
57317363
57316682
57315832
57315863
57315473
57318235
57315336
57315829
57317641
57317858
57316844
57315699
57317379
57316580
57317406
57318681
57318726
57315706
57315838
57317752
57317455
57315567
57315715
57318771
57317695
57317286
57318257
57315585
57317420
57317535
57315854
57318892
57316265
57316376
57317894
57318412
57315600
57317313
57318823
57316329
57317304
57317372
57318516
57318858
57317373
57315840
57317600
57315281
57318390
57316634
57318505
57315335
57317509
57315471
57316649
57315312
57315885
57317284
57316853
57316759
57317552
57318648
57315745
57318249
57317780
57318803
57318242
57315610
57316822
57317742
57318411
57318560
57318404
57318850
57315867
57315279
57318656
57316888
57318707
57318856
57317261
57318442
57318695
57317427
57317738
57317271
57316321
57318756
57316305
57317218
57318814
57317287
57316386
57316761
57318353
57317838
57317530
57318261
57318598
57317885
57315296
57315633
57316896
57318243
57315408
57318271
57318826
57317505
57317557
57315821
57317501
57315696
57318437
57316241
57318462
57316637
57315873
57315841
57315482
57318508
57316751
57317554
57315533
57316462
57318755
57317696
57317876
57317703
57318472
57315466
57316616
57317307
57317366
57318396
57318500
57318731
57316753
57318594
57315443
57315484
57315350
57316369
57316527
57317456
57318662
57316840
57318368
57316379
57315676
57317898
57315811
57315809
57315563
57315710
57316669
57316740
57315895
57315322
57318734
57317711
57316857
57317623
57316865
57317358
57318402
57318541
57315327
57315727
57318236
57316800
57317655
57315602
57316404
57317618
57316796
57318793
57318296
57315223
57315410
57315768
57316584
57315578
57315691
57316429
57317478
57316878
57318864
57317400
57315626
57318750
57318676
57317663
57317418
57315570
57317671
57315308
57316683
57318484
57315487
57317783
57316255
57317559
57316530
57317869
57315591
57316612
57317464
57316546
57317458
57316770
57317798
57317837
57318853
57315203
57317432
57316309
57315550
57315631
57315744
57317544
57316496
57315271
57318626
57317237
57315363
57316858
57318706
57316534
57317469
57316352
57318811
57318774
57315305
57316468
57315647
57316288
57317811
57316742
57315249
57317513
57315855
57317604
57315595
57317830
57315847
57315461
57315232
57315372
57318370
57318783
57317573
57317339
57317813
57316576
57317792
57317717
57318422
57318265
57315800
57317572
57318513
57316504
57316336
57317380
57318483
57318678
57316693
57318424
57318545
57318277
57316040
57317390
57316245
57317370
57316845
57315449
57318231
57316253
57315238
57317518
57318366
57315596
57316497
57315731
57317475
57315380
57318766
57317473
57318624
57318310
57316460
57317294
57316231
57317832
57317285
57317506
57316317
57318747
57316861
57315871
57316644
57318818
57316671
57318221
57316226
57317369
57315535
57317850
57316697
57318611
57318692
57318775
57317219
57316537
57315577
57317582
57316705
57316298
57316744
57317497
57318222
57318239
57316489
57318837
57315522
57315241
57316208
57318421
57316368
57318847
57318704
57318361
57315876
57317329
57315508
57315378
57318622
57316455
57315685
57316776
57316481
57316661
57316563
57316290
57318638
57317873
57315743
57318583
57317575
57317298
57315332
57315283
57318836
57316499
57315382
57316803
57316466
57315229
57316532
57318799
57315215
57315447
57316533
57317542
57316256
57315433
57317290
57317468
57318672
57316463
57317585
57317562
57318564
57315521
57318698
57315226
57315204
57315227
57315519
57316701
57317451
57315766
57317607
57318278
57315580
57315551
57316213
57315736
57317725
57316567
57318712
57315692
57315865
57315675
57315239
57318498
57317718
57316659
57317211
57318640
57315263
57315413
57316588
57315758
57315511
57318209
57317359
57318582
57317480
57317680
57318431
57317855
57317277
57318792
57315925
57315714
57318204
57315491
57317736
57316675
57315525
57318503
57317889
57315254
57317787
57316410
57315246
57316252
57318844
57316345
57318825
57317526
57316574
57318855
57316758
57317862
57318595
57317425
57316424
57318502
57317398
57318298
57316300
57316465
57318846
57316426
57316677
57317495
57315201
57315581
57318772
57316351
57318600
57317890
57318556
57316433
57316626
57315679
57315671
57317608
57316763
57318762
57318276
57318812
57318504
57316340
57318201
57315870
57318380
57315205
57318425
57317647
57318727
57317770
57318288
57317670
57318354
57316403
57315480
57317547
57316775
57315722
57316542
57318578
57315359
57315686
57315343
57316781
57318379
57315753
57317315
57315801
57317527
57315448
57318369
57317411
57318359
57317319
57315235
57316382
57315737
57316560
57318628
57318753
57317748
57316402
57318687
57316824
