57301268
57301213
57301334
57301312
57302379
57300778
57302709
57305242
57302234
57300743
57324506
57304463
57305359
57301429
57304561
57300558
57304628
57300729
57301458
57300330
57302450
57300722
57301326
57302582
57300797
57304420
57324316
57300211
57302462
57305348
57301440
57324317
57305423
57324366
57302594
57300764
57304352
57301544
57304461
57305749
57305227
57301333
57300532
57300434
57301290
57304223
57302406
57300783
57300635
57300519
57300874
57301488
57300359
57304270
57324564
57304280
57324492
57304353
57305353
57302702
57301357
57302387
57304421
57304530
57302722
57301201
57305405
57301309
57304359
57300419
57301612
57302337
57324277
57302468
57301606
57300751
57324294
57302584
57305763
57304367
57302843
57300718
57301456
57304670
57305457
57301304
57324275
57301404
57301533
57305221
57324280
57302572
57300415
57300761
57304405
57305443
57300647
57302236
57301348
57300723
57304266
57300608
57300248
57302714
57305247
57302855
57301273
57300339
57324588
57304294
57324646
57301299
57302302
57301297
57304578
57302433
57304247
57301650
57300287
57304354
57301682
57301698
57301421
57302451
57300829
57300765
57305352
57301696
57300257
57324514
57300850
57301655
57300485
57324396
57300467
57305246
57300206
57300528
57300406
57324479
57300539
57302393
57305264
57301474
57302519
57300489
57302223
57305243
57301619
57302286
57304627
57305201
57302700
57301566
57300473
57304248
57301548
57305413
57300715
57304301
57304640
57301647
57300848
57300553
57302217
57301557
57302407
57304342
57302296
57300612
57302601
57301602
57300431
57300794
57305296
57305465
57301253
57302499
57301507
57300613
57304669
57300375
57300880
57304381
57304221
57301209
57301563
57300649
57300517
57324319
57304589
57300665
57304623
57301532
57300813
57304379
57301208
57302636
57301318
57304588
57302857
57300296
57300205
57301472
57301565
57305262
57300606
57300501
57301672
57305466
57304375
57304468
57304377
57301410
57301352
57302661
57302600
57300552
57304415
57301559
57300546
57302864
57305458
57300367
57305772
57324545
57300704
57305306
57300450
57305213
57305263
57305248
57304585
57301336
57324370
57304384
57302206
57300438
57300763
57304645
57304335
57305257
57304232
57300767
57301386
57300679
57301772
57304362
57324672
57305378
57302402
57324563
57300721
57301379
57304436
57324532
57301719
57301320
57301745
57300278
57301325
57302610
57301216
57302290
57300442
57301332
57300204
57301659
57304614
57301798
57305328
57300814
57300609
57305479
57305304
57302375
57324279
57301520
57302327
57300801
57304618
57302420
57324642
57300690
57302362
57324381
57302514
57305390
57301547
57300840
57301554
57304470
57302473
57300786
57300203
57302668
57304523
57304262
57301397
57305398
57301469
57300413
57305751
57324489
57302343
57324573
57301670
57304388
57300757
57302240
57300320
57302294
57302447
57301712
57304602
57301436
57301287
57300664
57300636
57305261
57304319
57324517
57324281
57300544
57304638
57302260
57300444
57301709
57324258
57302330
57301224
57305323
57300436
57305292
57324529
57300568
57301204
57301759
57301499
57302380
57300662
57300225
57301794
57300800
57301628
57302574
57324315
57300477
57301292
57305382
57304365
57300691
57300463
57304259
57304525
57304595
57300858
57324481
57301258
57304681
57301298
57302392
57301267
57304302
57300417
57300389
57305230
57301392
57324611
57300543
57300591
57324343
57301583
57301746
57301769
57300259
57304625
57302570
57305380
57304543
57301450
57301308
57302829
57300820
57300210
57302666
57301470
57302474
57300677
57301316
57300292
57301731
57305314
57304424
57300378
57300756
57304218
57300833
57304220
57301515
57301446
57300479
57301646
57324438
57305926
57300871
57300282
57305753
57300351
57301441
57302413
57305372
57324538
57300217
57300492
57302425
57304368
57300488
57301365
57301481
57304329
57301747
57301230
57301310
57302378
57324341
57301372
57324436
57301687
57300563
57304211
57304624
57300428
57301231
57300776
57302438
57301505
57324618
57301683
57304499
57300365
57301664
57302267
57302489
57305317
57302488
57304427
57305228
57301501
57301727
57301240
57300486
57302705
57301294
57300782
57301473
57300392
57301667
57304392
57300458
57300433
57305422
57324285
57305276
57324395
57302321
57300234
57301434
57301335
57302429
57304303
57301674
57300639
57301460
57300574
57300775
57324590
57302588
57324589
57300271
57301699
57302328
57301423
57300628
57301760
57300247
57324313
57300807
57324403
57324516
57300356
57324394
57300275
57324505
57324656
57304596
57301300
57301724
57302293
57300252
57301537
57302216
57305700
57324332
57324437
57301498
57302289
57304204
57300390
57302681
57301734
57304419
57300773
57301588
57300706
57304396
57301467
57302307
57300688
57300314
57302543
57300360
57324271
57305482
57304305
57302385
57301516
57302367
57302360
57300842
57301713
57304226
57324662
57302325
57305344
57324586
57300493
57324204
57301535
57301468
57302701
57304339
57304349
57302355
57302356
57300456
57301783
57301679
57304558
57304626
57302850
57301476
57301485
57304490
57304533
57324398
57304288
57300837
57304636
57304327
57324201
57301758
57304447
57301228
57302316
57304249
57301269
57302527
57301510
57324647
57324421
57324615
57304224
57324358
57300824
57301260
57301346
57301799
57302494
57302298
57300311
57305366
57300676
57305368
57300590
57302279
57324679
57300632
57324625
57301688
57301521
57301277
57302427
57302215
57300471
57301519
57302458
57301315
57300470
57300627
57302409
57300334
57324340
57300416
57300335
57302300
57300825
57300846
57304472
57304481
57305341
57304601
57301237
57304324
57300769
57324415
57304382
57304674
57301399
57324241
57301651
57300659
57304216
57324382
57304631
57304242
57324587
57300629
57304345
57304563
57324602
57305303
57300892
57300753
57324288
57304604
57302326
57324342
57302259
57302229
57301706
57305253
57300777
57305233
57300737
57302858
57305707
57305906
57300516
57302512
57302547
57301736
57301321
57304432
57302711
57302274
57301203
57305373
57324493
57300368
57300672
57300831
57304467
57300437
57324327
57301528
57304441
57301675
57301249
57305301
57300427
57300201
57324475
57300666
57304679
57301571
57305232
57300426
57304655
57301730
57301755
57300640
57301306
57301218
57301721
57302319
57304611
57302352
57305249
57304295
57301562
57300475
57300432
57305364
57324594
57324515
57300499
57300435
57324620
57301248
57300779
57304274
57324504
57324399
57302318
57300719
57324484
57300421
57300480
57300530
57305446
57304487
57300655
57300214
57305488
57302235
57324423
57300884
57302828
57302414
57324675
57304395
57301238
57300593
57304212
57301323
57301743
57302434
57300303
57304205
57304600
57304532
57302421
57324248
57300810
57324233
57324582
57300418
57302649
57302581
57301639
57301350
57302611
57324295
57301341
57300283
57302222
57300596
57300887
57300600
57304347
57301509
57300626
57301247
57304557
57302269
57300727
57305295
57300681
57302423
57324635
57300304
57324205
57302597
57324482
57300400
57304307
57300766
57300469
57300344
57302361
57302366
57301394
57304235
57305854
57305322
57324459
57300834
57301257
57300828
57301477
57302280
57300347
57302650
57304454
57300569
57300879
57301733
57304489
57302348
57300376
57324608
57324236
57301761
57301408
57305284
57302418
57301636
57300598
57324411
57305819
57300685
57300883
57301609
57304370
57301749
57304358
57300256
57300760
57300297
57300396
57302371
57302624
57324450
57305275
57302411
57301545
57301453
57300224
57302546
57302245
57304241
57302535
57324448
57304251
57324240
57300363
57324455
57304574
57324631
57324429
57302440
57302457
57301681
57304482
57300843
57300495
57304213
57302350
57300398
57302404
57301276
57304406
57304203
57304529
57300384
57300391
57324633
57304684
57305320
57301705
57300895
57301234
57300819
57304200
57301225
57304497
57324680
57302713
57304437
57324609
57302841
57301789
57302605
57301575
57302538
57302369
57304435
57305447
57301210
57324670
57300758
57301784
57302410
57304450
57324296
57324458
57302281
57304542
57300447
57300401
57305336
57300720
57302249
57300350
57305291
57301500
57305310
57305431
57304284
57302640
57304348
57301286
57300713
57301211
57302459
57302708
57324534
57300881
57301347
57302317
57301311
57304630
57302657
57304330
57301412
57324345
57300863
57302551
57324558
57304231
57304610
57301697
57324373
57302568
57324215
57302436
57302622
57302541
57305770
57324575
57304429
57300770
57304658
57324480
57300821
57301417
57300286
57305392
57301259
57302853
57324303
57305473
57301503
57304338
57305397
57302301
57300784
57324393
57304369
57304341
57300611
57304471
57301740
57300509
57324628
57302394
57300859
57324469
57302827
57301205
57304371
57301217
57324645
57302631
57301364
57302856
57301644
57300733
57302852
57300560
57324477
57304584
57302395
57302591
57300424
57304334
57324259
57302272
57302311
57302479
57300872
57305737
57301382
57324544
57305406
57302840
57324244
57300277
57300809
57324369
57305440
57304273
57302256
57305238
57300370
57301380
57301728
57301708
57300645
57301676
57301489
57300348
57324669
57301561
57301781
57304263
57305203
57305757
57302567
57300468
57305229
57301748
57305307
57324428
57302848
57300521
57302398
57304423
57300515
57302831
57304526
57324566
57302261
57300745
57301608
57301264
57301448
57300686
57300300
57302247
57302523
57300464
57324293
57300604
57304401
57302278
57301313
57305251
57305468
57300697
57302282
57300329
57300889
57324640
57300703
57304289
57301729
57301615
57301797
57301779
57300826
57300338
57324257
57305399
57324509
57304346
57301219
57302593
57305260
57300755
57304292
57302626
57304326
57305420
57304603
57300411
57324234
57300386
57302561
57300744
57300345
57302209
57302586
57301506
57301725
57302846
57305815
57302390
57324552
57300648
57304214
57324391
57305766
57304402
57302270
57301605
57324209
57300430
57324462
57302412
57304206
57324214
57301666
57300506
57304540
57301793
57304522
57300236
57304560
57300693
57302849
57304448
57305439
57305412
57300671
57300619
57304659
57324461
57302678
57302241
57302435
57302667
57301305
57301635
57305370
57304366
57301690
57304438
57300565
57301523
57300354
57300237
57302243
57300251
57324312
57324616
57304647
57301762
57304582
57301447
57305255
57324331
57301599
57300317
57305349
57304545
57305818
57302446
57301546
57302308
57324434
57324260
57305351
57304573
57302614
57302443
57300302
57302335
57302618
57324451
57301378
57324574
57300865
57324577
57304312
57300759
57301757
57300780
57300321
57304541
57300856
57301387
57304246
57300408
57324612
57301207
57300402
57304287
57324363
57302432
57304620
57300490
57304612
57304591
57302349
57304549
57300774
57304569
57302477
57304308
57305385
57304340
57300561
57305946
57305326
57301200
57305485
57324356
57301785
57301254
57302715
57300888
57301459
57304473
57302590
57302220
57301714
57300337
57324367
57324335
57300548
57324488
57304622
57301530
57300472
57302576
57301595
57302415
57301349
57304598
57324289
57301242
57304594
57300853
57305266
57301462
57305484
57305432
57324330
57302515
57304550
57305212
57305768
57300620
57302263
57324632
57300536
57300308
57301367
57302707
57301593
57324572
57301322
57305315
57302553
57324677
57304416
57300446
57304667
57300208
57300272
57324338
57302342
57301339
57300537
57300650
57305812
57302287
57300739
57304665
57324555
57301241
57324641
57301428
57305384
57301342
57324384
57304446
57301461
57305316
57300633
57324583
57301751
57305469
57302313
57324433
57302210
57301402
57304268
57302283
57324405
57305324
57304660
57324368
57300701
57301775
57300285
57305419
57304215
57304606
57301331
57324603
57324300
57302630
57300564
57300309
57324562
57304372
57304201
57301634
57300423
57304389
57304453
57324311
57324643
57324388
57324406
57300566
57304538
57300555
57300559
57324557
57304568
57300372
57300298
57324556
57300898
57305487
57302271
57302208
57305345
57305220
57302299
57324229
57302428
57305250
57301742
57324379
57302408
57305747
57300336
57301222
57300870
57304652
57302345
57302475
57300653
57304426
57301220
57301570
57305453
57305449
57301645
57304639
57324357
57324512
57302273
57305813
57302200
57302545
57304390
57302312
57304207
57301464
57304662
57305407
57300301
57300605
57300680
57305467
57324284
57324442
57301717
57300312
57301403
57304444
57305450
57301351
57300223
57302563
57300266
57301452
57302358
57305394
57305441
57301542
57302669
57305369
57304537
57300844
57300705
57300667
57324599
57304306
57305414
57301359
57324246
57302492
57324527
57301270
57300587
57302496
57301776
57305286
57304351
57301329
57304404
57304449
57301437
57304376
57302449
57304534
57302437
57302211
57304458
57301654
57305454
57304524
57302416
57301614
57301581
57302419
57305712
57304609
57300273
57301398
57301524
57301443
57300213
57300328
57304551
57324200
57301263
57305396
57302658
57324471
57300409
57304217
57302204
57302585
57305750
57301723
57305357
57300222
57304460
57301787
57301673
57300694
57302254
57300504
57304466
57304331
57305425
57301471
57300586
57305283
57305767
57300816
57300781
57301576
57324639
57300209
57302613
57300507
57302868
57301701
57301750
57305371
57305321
57301407
57301678
57301625
57301630
57301795
57301202
57301395
57300708
57302324
57300592
57324291
57302619
57302482
57300714
57324250
57324638
57302373
57301536
57300726
57301245
57300578
57302201
57302483
57300595
57305710
57305339
57300510
57300698
57300562
57304271
57300230
57304264
57304398
57300380
57301541
57304445
57305285
57304320
57300520
57304666
57302712
57302364
57302218
57304397
57305736
57301401
57304355
57304399
57302522
57302396
57324501
57305209
57301438
57324634
57305225
57300890
57300699
57301754
57300284
57300818
57324371
57301617
57324273
57302384
57305224
57300617
57301652
57302399
57304672
57302266
57304646
57300482
57324617
57304544
57301343
57304663
57302442
57300385
57301513
57301491
57324225
57300534
57300462
57300200
57302659
57302257
57301618
57304642
57300736
57300414
57304661
57300216
57300696
57300244
57305333
57324230
57305461
57300567
57304378
57304455
57300692
57324551
57305298
57304521
57302310
57305287
57301763
57304676
57304310
57305362
57304651
57305415
57300614
57302508
57301531
57302865
57305252
57304648
57304586
57300494
57301236
57301607
57305434
57324210
57324410
57301517
57300725
57304583
57304433
57302250
57304553
57324344
57300656
57300815
57301773
57301552
57302830
57305327
57305234
57301555
57300291
57301281
57301598
57304498
57305325
57304373
57304337
57301684
57305207
57304210
57305386
57324213
57302391
57304285
57304577
57302596
57300325
57305200
57304418
57304496
57300453
57300388
57304682
57301324
57305222
57301551
57305335
57301722
57300545
57302460
57300349
57302555
57300250
57302490
57300235
57302246
57300861
57301790
57301317
57304374
57305411
57302595
57324372
57301624
57302566
57304202
57300549
57302544
57324571
57304480
57302507
57301483
57305442
57305481
57324601
57324547
57304363
57302417
57300642
57305477
57304440
57301502
57300772
57304680
57300331
57302422
57300547
57301580
57301215
57301274
57302347
57302238
57301362
57324206
57301279
57324510
57305331
57305319
57302336
57302627
57305471
57305941
57302224
57302314
57300343
57304548
57300830
57301232
57301416
57304239
57324339
57301574
57304434
57304587
57304547
57300836
57300873
57300253
57304616
57302207
57302382
57302592
57302863
57300526
57300373
57302556
57302340
57304245
57301642
57301694
57301486
57302497
57304633
57300867
57304291
57300791
57300524
57300849
57300393
57324457
57302202
57304491
57301427
57302526
57301752
57302529
57324546
57301435
57300240
57305393
57305210
57300383
57305208
57304410
57305346
57324606
57301482
57301449
57300511
57301393
57300838
57305797
57305363
57301314
57301704
57300646
57300817
57300326
57300243
57305259
57302359
57301777
57304479
57301377
57300484
57305462
57300622
57305274
57300876
57301720
57304570
57302844
57305391
57302859
57300579
57300487
57300445
57301328
57302539
57300841
57302466
57324626
57300500
57305299
57302520
57324364
57300455
57324203
57305706
57300533
57324336
57305850
57302620
57300847
57300728
57301689
57302305
57301568
57305223
57302632
57304456
57300663
57301573
57304290
57300550
57305329
57301613
57302832
57300712
57300295
57300270
57302262
57300623
57301766
57305375
57302264
57302244
57300443
57301693
57300465
57301641
57305279
57304314
57324636
57301702
57300371
57301594
57324392
57304257
57300407
57324674
57301493
57301433
57301337
57301711
57301589
57302548
57304657
57302388
57301480
57300852
57302493
57304650
57300866
57302686
57301640
57300333
57300803
57300420
57304492
57302329
57305448
57301388
57301558
57304474
57304555
57300483
57324232
57302465
57302255
57300512
57302444
57300523
57300366
57301732
57302476
57305265
57304322
57302251
57305814
57301431
57302580
57305428
57305786
57324409
57302341
57301753
57302867
57301376
57300771
57301494
57300768
57302339
57300294
57300229
57301550
57305273
57300864
57305244
57300798
57305427
57302441
57304485
57301250
57301291
57304296
57300823
57301252
57301265
57301792
57301422
57324629
57302495
57305395
57300518
57300202
57304409
57305401
57324308
57301405
57301603
57305745
57304566
57304632
57305816
57324407
57300891
57302623
57304605
57301744
57300439
57301680
57300293
57305214
57301796
57304281
57300261
57300476
57304272
57300207
57300615
57302854
57300886
57301716
57302306
57302699
57300307
57302219
57304654
57302376
57300641
57300459
57304386
57302710
57304641
57324607
57324290
57301671
57301658
57302455
57301293
57304469
57304408
57300319
57301374
57304332
57304673
57304571
57300787
57300395
57300387
57301782
57301569
57304278
57300246
57302599
57300274
57324673
57305474
57302518
57304536
57304411
57302484
57302510
57304422
57324397
57300258
57305318
57300657
57305361
57305417
57304431
57324378
57302616
57324355
57300474
57305387
57301538
57304486
57300631
57304683
57300306
57300327
57302226
57302374
57324242
57304275
57302833
57302703
57305245
57324610
57301633
57300788
57305302
57305280
57300893
57301256
57305237
57300658
57302252
57305377
57304559
57301539
57305470
57300299
57304309
57301771
57300607
57324253
57302284
57302689
57301578
57301700
57302389
57300702
57300342
57301235
57300503
57302386
57324570
57300634
57305202
57300710
57324595
57301549
57302275
57324490
57301597
57302334
57300621
57305437
57302680
57302472
57300441
57305379
57324614
57300882
57300254
57305254
57300305
57300594
57304494
57305430
57304653
57300513
57304219
57300410
57324283
57300827
57302233
57302363
57301466
57324535
57301353
57301737
57305435
57301767
57304567
57324385
57302565
57300452
57304425
57305445
57305281
57300262
57302587
57305338
57301692
57301631
57301665
57300851
57304403
57302682
57301622
57301455
57304597
57301373
57324533
57301280
57300806
57304261
57305312
57301685
57300288
57300310
57302323
57302230
57324613
57324664
57301632
57302265
57300403
57304464
57300218
57324208
57302463
57300281
57305424
57324667
57324301
57301409
57302331
57301695
57304417
57304564
57301368
57300313
57300341
57324676
57301212
57302445
57302578
57324543
57302397
57304387
57300352
57302332
57324605
57301604
57304572
57324621
57300862
57301345
57300404
57304552
57301648
57300616
57300276
57301718
57302213
57302869
57301358
57304344
57300226
57301296
57304283
57324243
57300289
57301340
57324304
57301425
57300860
57302549
57324596
57301301
57305429
57300812
57300695
57301765
57304400
57324334
57305459
57305715
57304592
57301239
57302304
57302706
57304668
57304414
57301661
57302704
57300644
57324568
57304528
57300716
57304350
57300220
57302697
57304477
57304531
57300661
57300429
57300280
57324247
57301611
57304671
57301389
57304364
57301756
57301278
57305418
57301439
57301354
57324292
57302516
57300527
57304356
57301426
57300687
57301400
57301768
57300542
57301707
57300260
57302268
57300732
57301303
57304208
57300227
57324306
57301344
57301390
57300357
57300630
57302562
57304608
57305937
57300752
57300497
57324276
57300538
57301275
57304243
57304313
57304244
57300394
57301739
57302638
57304225
57300599
57300231
57304430
57301355
57300239
57302577
57305282
57324425
57302603
57302383
57302487
57304637
57301567
57301669
57305240
57302481
57300855
57304234
57302344
57302665
57302228
57304615
57304664
57301778
57301233
57300571
57324624
57302531
57300448
57324539
57302486
57324435
57324412
57300670
57300215
57304634
57300637
57302621
57301629
57304299
57300362
57324593
57305204
57300597
57300731
57302405
57300221
57301600
57300808
57305817
57301414
57300654
57302537
57301504
57302353
57300556
57304459
57305350
57300514
57300440
57301601
57324520
57301662
57302617
57302552
57300750
57300822
57302583
57304478
57304325
57324584
57305355
57304361
57301454
57301284
57302365
57324237
57301261
57302672
57301591
57301413
57301251
57301495
57304462
57302285
57304617
57304443
57324222
57304336
57301419
57300845
57301526
57301663
57301262
57300496
57304293
57301445
57302511
57304590
57324478
57301385
57304250
57301282
57300233
57301371
57300868
57300802
57302403
57301361
57300839
57300451
57300454
57300238
57301656
57302288
57304465
57302430
57301508
57304539
57304593
57304258
57302338
57304276
57301475
57300738
57300249
57301514
57300707
57300535
57302303
57302861
57301518
57324251
57301788
57324320
57302469
57301710
57324542
57304298
57300457
57300340
57300894
57300689
57302354
57304495
57302253
57300792
57300525
57302505
57300660
57304343
57302675
57300267
57301271
57301577
57301715
57302557
57302454
57302662
57301512
57300875
57302453
57301686
57324314
57304233
57301356
57300265
57301529
57300603
57300741
57302203
57301587
57302480
57301360
57324665
57301770
57304656
57302664
57300269
57301465
57324447
57301223
57301668
57305290
57302719
57300572
57304581
57324553
57300219
57304493
57305226
57305343
57300364
57301457
57300700
57301626
57302456
57302315
57300374
57304222
57301442
57300877
57300735
57324299
57305483
57301627
57300346
57300790
57302860
57324548
57305708
57324503
57305436
57304451
57305713
57324540
57304599
57301592
57301396
57305309
57300508
57305451
57300711
57301227
57305381
57304488
57300730
57324441
57301244
57300377
57302221
57301415
57301556
57324671
57302431
57302524
57301596
57300811
57300638
57301266
57301451
57305239
57324472
57305410
57300610
57324491
57304380
57301391
57301285
57301584
57302212
57304209
57304579
57324282
57301791
57302309
57301726
57300460
57301363
57301492
57300673
57305258
57302448
57324550
57324401
57300724
57304476
57300625
57301221
57304255
57304556
57301478
57301582
57300232
57304360
57304413
57300551
57300601
57301330
57324569
57300717
57300682
57301703
57302683
57300734
57301214
57302467
57301780
57301327
57301430
57301786
57305330
57301383
57305313
57300318
57305354
57304621
57304649
57300323
57300255
57302598
57300381
57302670
57301649
57300570
57301677
57305360
57301540
57304643
57304300
57300324
57305215
57305403
57305337
57305478
57324255
57305347
57300478
57301738
57300832
57301735
57305887
57300316
57304407
57304316
57302478
57324261
57304644
57301564
57301381
57301572
57300652
57304607
57302320
57300740
57301411
57300742
57301534
57304546
57302426
57304619
57324597
57300651
57302242
57301432
57300522
57304565
57301479
57324449
57324637
57305402
57302862
57300805
57300573
57302517
57324541
57301487
57304554
57301420
57324333
57300481
57301623
57324408
57300241
57300466
57300683
57304391
57300379
57302439
57300554
57300399
57324252
57302205
57302452
57300747
57300674
57300899
57301288
57324227
57302461
57300263
57300491
57305754
57304613
57300804
57302214
57300498
57305294
57301424
57300264
57304527
57300749
57305288
57300212
57305460
57300425
57304562
57300405
57302851
57324604
57302464
57302291
57304457
57302232
57304253
57324565
57301246
57324212
57304267
57324440
57300245
57301637
57302401
57304580
57324287
57300678
57301406
57301653
57324256
57300748
57302532
57324579
57304677
57324453
57300449
57324387
57324513
57302258
57304412
57302368
57300754
57301384
57300322
57300624
57305235
57302231
57324235
57301463
57301511
57304277
57301226
57301370
57301289
57324310
57305455
57304393
57324519
57302322
57300529
57301418
57302276
57304635
57324623
57301621
57304260
57305486
57302579
57305340
57300668
57324218
57302227
57300315
57301484
57300279
57300857
57300675
57302528
57300885
57301272
57302381
57300618
57324211
57300684
57304252
57300576
57304357
57305272
57324668
57300358
57305452
57302696
57300355
57302646
57301643
57304442
57304475
57300290
57302239
57302569
57302295
57301560
57300789
57304576
57324274
57304394
57300575
57302424
57301620
57324346
57324622
57301660
57305421
57300835
57302333
57302866
57300242
57302292
57300878
57300502
57302248
57324298
57300422
57301764
57324627
57304333
57304317
57301229
57301657
57324508
57305293
57304385
57304675
57300785
57300228
57305241
57305300
57301691
57301375
57301585
57304383
57324309
57300746
57300557
57302498
57301366
57305365
57300643
57302346
57324226
57301444
57304629
57300709
57300397
57301610
57300268
57300412
57301283
57300762
57302372
57304678
57301590
57305426
57324249
57305438
57301553
57304328
57300602
57324389
57300854
57324600
57324219
57302377
57305311
57302237
57302370
57304520
57305456
57304483
57302277
57305256
57324221
57301319
57301307
57302297
57324460
57302485
57300361
57324286
57300382
57301741
57304311
57305444
57301522
57301206
57302225
57301338
57302609
57304318
57301525
57304439
57301543
57305433
57324644
57301638
57300531
57302530
57324400
57302357
57301243
57300461
57304428
57305389
57301586
57300541
57301295
57304484
57302351
57305308
