92335111
92333585
92335813
92335199
92334787
92336808
92336996
92332921
92335301
92334369
92334752
92332454
92337820
92334751
92332870
92333815
92335735
92333159
92333038
92333039
92331014
92335905
92331438
92331130
92331979
92332382
92332918
92331379
92334671
92336665
92335427
92331354
92334430
92333175
92333463
92332915
92332403
92333354
92333171
92330701
92331479
92333319
92335809
92333458
92333260
92330259
92336988
92332408
92337717
92331344
92333633
92331991
92332967
92336006
92334154
92335708
92330922
92335126
92334393
92332621
92333245
92331858
92333661
92333840
92331493
92332020
92333521
92332522
92331558
92332867
92335014
92332268
92334743
92333969
92333360
92336648
92332485
92332483
92336024
92336275
92335232
92332352
92332686
92334112
92333860
92333529
92333906
92336037
92334462
92333194
92332171
92332191
92334185
92335289
92333072
92337744
92336391
92332345
92333755
92334975
92334423
92334465
92331551
92333591
92333732
92334248
92332555
92333952
92332311
92334609
92331424
92336039
92336916
92336610
92335380
92333427
92334739
92335001
92333989
92332575
92332585
92334284
92333512
92334268
92332372
92333725
92334341
92331836
92334503
92334032
92335214
92335820
92336816
92333833
92331217
92335312
92335140
92336223
92335146
92336798
92333481
92336417
92335916
92335858
92336001
92334451
92332571
92331812
92333416
92335354
92333326
92334362
92334773
92331751
92333362
92332425
92331919
92331702
92333675
92334352
92332909
92336468
92333682
92332620
92333690
92336426
92333123
92331937
92335256
92333695
92333570
92336186
92335157
92334280
92336862
92333003
92334655
92333233
92334403
92335323
92333392
92333100
92336970
92336626
92335949
92336246
92333767
92336376
92334583
92332240
92332524
92332242
92333627
92331932
92333396
92333985
92335292
92335200
92332227
92334445
92335293
92333136
92332959
92331602
92333808
92336403
92335562
92333219
92336203
92335840
92334862
92336274
92336259
92334905
92332960
92335042
92335208
92330848
92335304
92332590
92332955
92331515
92335192
92333061
92333716
92333849
92333440
92334674
92336807
92336255
92334427
92332351
92333205
92336967
92336394
92332036
92333807
92333756
92335406
92333610
92333631
92336452
92336912
92332399
92331397
92335345
92332625
92333660
92333644
92333984
92334586
92334307
92331481
92333706
92333667
92336999
92335980
92333160
92331356
92335814
92335365
92334101
92333306
92336699
92335504
92333052
92335027
92336393
92332610
92336727
92334887
92336446
92337801
92336511
92333291
92333837
92334053
92331516
92333356
92335555
92336345
92331457
92336829
92335357
92333574
92333297
92335979
92333826
92333641
92333503
92335255
92336974
92334254
92335272
92334041
92336803
92331309
92333655
92332252
92336585
92334694
92332215
92334406
92334811
92334987
92336088
92331633
92331418
92335307
92333252
92331596
92336509
92336612
92333835
92332299
92333865
92333724
92336286
92336599
92332295
92332026
92331353
92336086
92332417
92331839
92333918
92332500
92334973
92330251
92331229
92334384
92332878
92336536
92331359
92331694
92333976
92331772
92331215
92333227
92331306
92336913
92331832
92332853
92334347
92332094
92334814
92332476
92336382
92334044
92336318
92336526
92336921
92333614
92331907
92333678
92335375
92333330
92333487
92333723
92335392
92332435
92334377
92332942
92336806
92333911
92336678
92331815
92334625
92333777
92331934
92334346
92334493
92332380
92332992
92331545
92331546
92331302
92332726
92336931
92334484
92333384
92333125
92331671
92332821
92333583
92333572
92337782
92332277
92331029
92332592
92334219
92333945
92336714
92331117
92332976
92333432
92333888
92331222
92336147
92334136
92332825
92333703
92334954
92333533
92334276
92333790
92334349
92336858
92334329
92331342
92332384
92334912
92332856
92334422
92334861
92332596
92335998
92333277
92336313
92335589
92333261
92331810
92333959
92335384
92334244
92334548
92333097
92330226
92336713
92335162
92334529
92333502
92334491
92334478
92334703
92331367
92332744
92331346
92333632
92333919
92335518
92336145
92335948
92333266
92332004
92334530
92331876
92334030
92335430
92335397
92333616
92333743
92331503
92334545
92336683
92332451
92334806
92333295
92331318
92335210
92332741
92335258
92331940
92333307
92332566
92334150
92336281
92336633
92332143
92331843
92336805
92334552
92336003
92334885
92332316
92335595
92336962
92333324
92336918
92331607
92333218
92336129
92333768
92333960
92332200
92333832
92333285
92334221
92333812
92332449
92333820
92336947
92333714
92333726
92330264
92336498
92334607
92331578
92336214
92331993
92333301
92336023
92332577
92333064
92331988
92331951
92331986
92334573
92332356
92331437
92334865
92332851
92333549
92330393
92336305
92336613
92333571
92332810
92333169
92335159
92333683
92335052
92331983
92332098
92333195
92335924
92336420
92332794
92332358
92333773
92334487
92335592
92335359
92333431
92331771
92332194
92332306
92331288
92333939
92335247
92335030
92333200
92334400
92331552
92336251
92332310
92335227
92331840
92332972
92334907
92336833
92331423
92331333
92336598
92335331
92332210
92332981
92334190
92331499
92336309
92332906
92331878
92335249
92331846
92335501
92333759
92333518
92333420
92330237
92331732
92335092
92333452
92330242
92333187
92335605
92331034
92332057
92331594
92335332
92332377
92333729
92332136
92334828
92336212
92333476
92333640
92331753
92330234
92336846
92335443
92336811
92331417
92332280
92333020
92333202
92334929
92332196
92334252
92333622
92336911
92333735
92332225
92333091
92333216
92332393
92333552
92332488
92331035
92332663
92336554
92336438
92334855
92333538
92334181
92336253
92332872
92330025
92334939
92333425
92333569
92336392
92332664
92333577
92332541
92333744
92332230
92336500
92331139
92332999
92332804
92335348
92331925
92331568
92336481
92334443
92333970
92334246
92334864
92333937
92333659
92335940
92334958
92331338
92335559
92332052
92336666
92332644
92332359
92334960
92335262
92334969
92331498
92335133
92335055
92336261
92336218
92337035
92334946
92334686
92333317
92336046
92334375
92331259
92333013
92334426
92336923
92337033
92334387
92333878
92333340
92332289
92333337
92336087
92336254
92335900
92336404
92334263
92335234
92334328
92331627
92337864
92332344
92334747
92334460
92331542
92334247
92336810
92332517
92335963
92334750
92331903
92334701
92334610
92333697
92331221
92333652
92331009
92335421
92336030
92333819
92334667
92334611
92331560
92332228
92335507
92334992
92336736
92334205
92332933
92331455
92333228
92332206
92333868
92332968
92332626
92333235
92335154
92332391
92333598
92336206
92334359
92331816
92331440
92336119
92336348
92333154
92332390
92335026
92334587
92336264
92335090
92334554
92332452
92334265
92332717
92333707
92334551
92333304
92330352
92331308
92331675
92333972
92331957
92334850
92334813
92331285
92332789
92337972
92336041
92331128
92334202
92332253
92333278
92330873
92332080
92332113
92335211
92332919
92333670
92333887
92334578
92333146
92333882
92333250
92334576
92335915
92335007
92331460
92333135
92333438
92331246
92333241
92333663
92336611
92332082
92333059
92334615
92332333
92334920
92336779
92333936
92335339
92331550
92330849
92334271
92331629
92333980
92334203
92336744
92334820
92335956
92335438
92333870
92333721
92332845
92333525
92333139
92336572
92333092
92334343
92332033
92332446
92337921
92336053
92336966
92331636
92335265
92334950
92331559
92336567
92335051
92336285
92333719
92332322
92334055
92333739
92333075
92331584
92331461
92332535
92335442
92336470
92330861
92337762
92334903
92335370
92336562
92330585
92330587
92335099
92333350
92331214
92333817
92332987
92332520
92333497
92331622
92331700
92331433
92332991
92334327
92332731
92336959
92331656
92330280
92331396
92336700
92335500
92333366
92331290
92333603
92336544
92332973
92332368
92331572
92336101
92336960
92335035
92334401
92336202
92331211
92336772
92333527
92333212
92333548
92333792
92331803
92334299
92335221
92336604
92332709
92335296
92333692
92336939
92331575
92332557
92335416
92335153
92331307
92333687
92331504
92331452
92332141
92334130
92331805
92331265
92332788
92332478
92331508
92334470
92333875
92331666
92336364
92334389
92336528
92331040
92335526
92332587
92330547
92333530
92334211
92335015
92336192
92335677
92332474
92332263
92333954
92334550
92332868
92334134
92336835
92332060
92331585
92335429
92333776
92335455
92336356
92336235
92331292
92333890
92332820
92332027
92334381
92333978
92333286
92332645
92336815
92331037
92331646
92336620
92332494
92337311
92332239
92336650
92334004
92332385
92331439
92335022
92337975
92331140
92335990
92331564
92334729
92336310
92331024
92334947
92332204
92331855
92336735
92335975
92333153
92333238
92335495
92332646
92333894
92334090
92336379
92336885
92336848
92332202
92335445
92333270
92333876
92332205
92331544
92330567
92333251
92335343
92336300
92336994
92332905
92334207
92335041
92336422
92336204
92332885
92336818
92333543
92333709
92335279
92332766
92332193
92333383
92334321
92336357
92335582
92333829
92334216
92330304
92332046
92333961
92331324
92336946
92331539
92333296
92333589
92331489
92334601
92336924
92331984
92334510
92333344
92334357
92336171
92330257
92336852
92333928
92331239
92333765
92331429
92331909
92335201
92336541
92335280
92333625
92332722
92334897
92332829
92332724
92333043
92333174
92333560
92333465
92332325
92331459
92333299
92331355
92334214
92332781
92332499
92334531
92335261
92332467
92335914
92334720
92333318
92331668
92333624
92336250
92336332
92335557
92336579
92336501
92335593
92332458
92336451
92333025
92336316
92333374
92333342
92333027
92335325
92335565
92332582
92333040
92331896
92335260
92332889
92332394
92331872
92333418
92330653
92333331
92335045
92336244
92335338
92336400
92332059
92333581
92330537
92333504
92333657
92336136
92335811
92334886
92331389
92336837
92336555
92336257
92332737
92335812
92331910
92334740
92335522
92331311
92332208
92331240
92331442
92333426
92331357
92331992
92335388
92335020
92330357
92333511
92334320
92333535
92332217
92331655
92331416
92331780
92332259
92331766
92332367
92332886
92336844
92334279
92334012
92334345
92333593
92331245
92335550
92334397
92333364
92335586
92334217
92333804
92332600
92335458
92335341
92336333
92332862
92333668
92331640
92335845
92336381
92333539
92335344
92335720
92330314
92332801
92332112
92336822
92333394
92336090
92331623
92334513
92333390
92334830
92336005
92334500
92331378
92335967
92336240
92335929
92332245
92331313
92332055
92335320
92336661
92334911
92331571
92333749
92336838
92331867
92331837
92333785
92335411
92333901
92333454
92336644
92336004
92331045
92336920
92335236
92336581
92336234
92332945
92335548
92331603
92331390
92332785
92336670
92333922
92333805
92331811
92331505
92330193
92334047
92334980
92336539
92334798
92336793
92333943
92336595
92336230
92334633
92334494
92336975
92336724
92333908
92331470
92331923
92336341
92336458
92335756
92333555
92331364
92335424
92333920
92336158
92331404
92335277
92332469
92334296
92334902
92332988
92336319
92332588
92332151
92335002
92335136
92336236
92331583
92331218
92334871
92333931
92331847
92333209
92331207
92331667
92335369
92332486
92333880
92332003
92332830
92332655
92337920
92336869
92336135
92334710
92331892
92332396
92333312
92331998
92332597
92335137
92336717
92333824
92333933
92334942
92336052
92333718
92333957
92336197
92336813
92335568
92333680
92331886
92330853
92332584
92331804
92336958
92331425
92330212
92332526
92336891
92335721
92333872
92334527
92331398
92334829
92336750
92334553
92332611
92336308
92331446
92332035
92333858
92332480
92334547
92332177
92337315
92335754
92334490
92334222
92333406
92333492
92335212
92332902
92332589
92335385
92335033
92336514
92331574
92332413
92333618
92336373
92337590
92334669
92333256
92336019
92333442
92331662
92336929
92335569
92332536
92333748
92333557
92334516
92335368
92332421
92334091
92333037
92336104
92335012
92336591
92335324
92333380
92331253
92332447
92334259
92332371
92332946
92336535
92336956
92332562
92333164
92334646
92333737
92333688
92336351
92335386
92333523
92332246
92333987
92333965
92332927
92334836
92336423
92331868
92331543
92337145
92333429
92336586
92332916
92335428
92332563
92333424
92333579
92336334
92332024
92332102
92334297
92331536
92334778
92337039
92333066
92336664
92331521
92333358
92335110
92333063
92333373
92335391
92336026
92335196
92337727
92334528
92336190
92335719
92333796
92332369
92331408
92331422
92331905
92333265
92334046
92333794
92336459
92334982
92335594
92336282
92334868
92332309
92336538
92335381
92334330
92331273
92331310
92334051
92334434
92336408
92336277
92334311
92333893
92331902
92331520
92334037
92332319
92336856
92333855
92333480
92332401
92333300
92332284
92333436
92333619
92332463
92335390
92332871
92332236
92332558
92333839
92335377
92333129
92334189
92332336
92334039
92334292
92332533
92333264
92334245
92333693
92335223
92331534
92331410
92335769
92336276
92331997
92332213
92333203
92336707
92331612
92336560
92332798
92332438
92333528
92335257
92336914
92333733
92332699
92336222
92334805
92331877
92333166
92331233
92332624
92334908
92333223
92331271
92334595
92333679
92332201
92332607
92334404
92335276
92332216
92332077
92336231
92333178
92331426
92331777
92331670
92332913
92333992
92335502
92333483
92331942
92333866
92333357
92333904
92337800
92333397
92335730
92331120
92334081
92333409
92333704
92335032
92332466
92334405
92334860
92332256
92336290
92333144
92334429
92331261
92335315
92333353
92332930
92335747
92336419
92331634
92332941
92333232
92332572
92332264
92331647
92334730
92333485
92334944
92334539
92333601
92332221
92335402
92334155
92336963
92332515
92333599
92333520
92331327
92336002
92334900
92333746
92335810
92333407
92334418
92334444
92332730
92332869
92332175
92332866
92336304
92331250
92335297
92332439
92335318
92333439
92333877
92331474
92334471
92334872
92333051
92336386
92334519
92335943
92335122
92333620
92334365
92336875
92335363
92334411
92333095
92333263
92332665
92334001
92333553
92334052
92335005
92331270
92333780
92336570
92332793
92332727
92332318
92333559
92333133
92333365
92333103
92333211
92334153
92333140
92334448
92334579
92331592
92333580
92334433
92334775
92334581
92331465
92334721
92333861
92333369
92332347
92332593
92333909
92333138
92333647
92333940
92331023
92336770
92331225
92335244
92333524
92332234
92335456
92334138
92332841
92332581
92334249
92332779
92333413
92333951
92331226
92336287
92335521
92333674
92334915
92333186
92334267
92332599
92331478
92331421
92331831
92333472
92335700
92332260
92334386
92333605
92333983
92333273
92332931
92331930
92333981
92331708
92332543
92336155
92336380
92334045
92331648
92334704
92331213
92331519
92333827
92334421
92332302
92333289
92333930
92333378
92333098
92331323
92336518
92336344
92335957
92334764
92336270
92333946
92331524
92336337
92333290
92331027
92336561
92335134
92331579
92331813
92331283
92331555
92331569
92333757
92332465
92335925
92332370
92336262
92336643
92331911
92331802
92332532
92336847
92335803
92333586
92336721
92331210
92333197
92331216
92336789
92332598
92332222
92331278
92335036
92332373
92332461
92333310
92331678
92332994
92331967
92331808
92331689
92334437
92332619
92332218
92334166
92334306
92333298
92333944
92334825
92333720
92331920
92332809
92334371
92334255
92333896
92336359
92336895
92332303
92332030
92332508
92334562
92333590
92334731
92330526
92333932
92330283
92332241
92333864
92331500
92336731
92334956
92336926
92335347
92334737
92331523
92336663
92333473
92331652
92333962
92335981
92336457
92333341
92334884
92333565
92332362
92334580
92335450
92334270
92333423
92332539
92333403
92335588
92331487
92335665
92331899
92331299
92334881
92335563
92330256
92336428
92332282
92335091
92331476
92334009
92330539
92331294
92331403
92335920
92333881
92335520
92336461
92334744
92331382
92333927
92333764
92334525
92335860
92332383
92331336
92332579
92335239
92334391
92334289
92334968
92336402
92336997
92333370
92332436
92336556
92334104
92331462
92335299
92333287
92333727
92333541
92331363
92335425
92333234
92335512
92331435
92335441
92332580
92332361
92333801
92334963
92332214
92335131
92333151
92336569
92330023
92335966
92333883
92336686
92334374
92336508
92332556
92331148
92332604
92336219
92332982
92334243
92334232
92334058
92334120
92336894
92335722
92332509
92332652
92331305
92331926
92336329
92335440
92332468
92333448
92336154
92333924
92331582
92332255
92333453
92335587
92332429
92335954
92331528
92333762
92334035
92334541
92332961
92334976
92335508
92333963
92331477
92334355
92334285
92333996
92333566
92331841
92336080
92330858
92333071
92333411
92336580
92333831
92334822
92333375
92331392
92333258
92335242
92332445
92332041
92333950
92334501
92333542
92332281
92333913
92333821
92335758
92332633
92333172
92331393
92333437
92330243
92332876
92331413
92331727
92334790
92333466
92337976
92334613
92336545
92333852
92334979
92333522
92334639
92335334
92333034
92336367
92332224
92336622
92330464
92334416
92335460
92333065
92336976
92333953
92332569
92330238
92335278
92332852
92334125
92333315
92333456
92331962
92334440
92331280
92335511
92333772
92336563
92333910
92330267
92331042
92332339
92334308
92332250
92335372
92335083
92336600
92335252
92332739
92335552
92331507
92333848
92331412
92332279
92331522
92336047
92336982
92332096
92332738
92334304
92332728
92333249
92332969
92333994
92334749
92332244
92336521
92335161
92333268
92332513
92332519
92336788
92334449
92334335
92332271
92332133
92333582
92332332
92331913
92335558
92332786
92336095
92333795
92336150
92334662
92331436
92334515
92334919
92335804
92334336
92333684
92334139
92330546
92333410
92336085
92334200
92332304
92335822
92331431
92334522
92332156
92335253
92331885
92332603
92333649
92333049
92333321
92335353
92332331
92336034
92332778
92333761
92336889
92332860
92333850
92333274
92335805
92335490
92336237
92335240
92333612
92333713
92334317
92335401
92333977
92332051
92336647
92333623
92336957
92332386
92332787
92336103
92334546
92331894
92331332
92332140
92336830
92330268
92332237
92336100
92333311
92335224
92332315
92336571
92336180
92334436
92336311
92331800
92334943
92333597
92335103
92333382
92331778
92334909
92332770
92331781
92333361
92331549
92332276
92335808
92331525
92334238
92335530
92331882
92333355
92333685
92336972
92334220
92333122
92333763
92330225
92331663
92333283
92333634
92336245
92331495
92337780
92336980
92332772
92331637
92334763
92334295
92334212
92333253
92332412
92332784
92331770
92336767
92334974
92336951
92331995
92332328
92333415
92334262
92331141
92334488
92331606
92332595
92332516
92334544
92333147
92336032
92336568
92335527
92336195
92330235
92333242
92334851
92333271
92331293
92335031
92334098
92332552
92334668
92331631
92336306
92336732
92332936
92332838
92336322
92333498
92332504
92334256
92335123
92332012
92331244
92332854
92334026
92333800
92333225
92330394
92335308
92333477
92331020
92332042
92332950
92336248
92335144
92332997
92335398
92331509
92336247
92336505
92334941
92332130
92333026
92336252
92333494
92333710
92336853
92332952
92336908
92335329
92335802
92331511
92336932
92332771
92336900
92335710
92335666
92332835
92336785
92335827
92332495
92333460
92334877
92330361
92333741
92333999
92337036
92331960
92333363
92332455
92331343
92333974
92336952
92336845
92333042
92336110
92332805
92334876
92332661
92333398
92335037
92333046
92332330
92331483
92333457
92335829
92332800
92334638
92333148
92333207
92335243
92335291
92333626
92334717
92331341
92332700
92334210
92332335
92333422
92331492
92334354
92336826
92331272
92333352
92332457
92333779
92332900
92332998
92336324
92336215
92336055
92332144
92333248
92334534
92332366
92332419
92336564
92331538
92332978
92333822
92335284
92334995
92336258
92331985
92333745
92333220
92336828
92336018
92336955
92332353
92333891
92334399
92332305
92336283
92334593
92336036
92331531
92334363
92335741
92333499
92333479
92331660
92335786
92334928
92331605
92336363
92333567
92332272
92333484
92332842
92330389
92332342
92335219
92332964
92335313
92332550
92331573
92334699
92336007
92335660
92333517
92331340
92336998
92332714
92333275
92331200
92334853
92334208
92332723
92331517
92336424
92333788
92331430
92335523
92334504
92331419
92332951
92332261
92336132
92336303
92333470
92333715
92331415
92332734
92330364
92336126
92333935
92332320
92333973
92336102
92331849
92331588
92335350
92336000
92335539
92331262
92333444
92333024
92333446
92334983
92333841
92331898
92335225
92332733
92337925
92335454
92333556
92336362
92336949
92331252
92331624
92336181
92331286
92334922
92331651
92334447
92334206
92334420
92333816
92336031
92337700
92334568
92332892
92337482
92334904
92332898
92331980
92331893
92336552
92336302
92331391
92332103
92330289
92332934
92333664
92331242
92332670
92333505
92335266
92334677
92334839
92334093
92331834
92334277
92332398
92331833
92336990
92336948
92334536
92333449
92331325
92330354
92336399
92331475
92333152
92335066
92334955
92333348
92334021
92336499
92334015
92336945
92335959
92334309
92333302
92332612
92333997
92332048
92334278
92334489
92335285
92334921
92332021
92333349
92336443
92335135
92332334
92331334
92332884
92333292
92335271
92336854
92333309
92333639
92334368
92333193
92332777
92336226
92336503
92332365
92333854
92331230
92331635
92333926
92333419
92332471
92333532
92336919
92335231
92333447
92333775
92334727
92336437
92334092
92335356
92331276
92333823
92336940
92334962
92331486
92331236
92334281
92334050
92333592
92331021
92333351
92335996
92333646
92336689
92333968
92335393
92334023
92332948
92334590
92333459
92333701
92335336
92334096
92333126
92334056
92334353
92334316
92334841
92333669
92333691
92334011
92336256
92333828
92332769
92331414
92334463
92334115
92334272
92334549
92333797
92331943
92334570
92336198
92334875
92331540
92336083
92332137
92331205
92332540
92331530
92333758
92334585
92336593
92333900
92331234
92334636
92334332
92332534
92334997
92334936
92335570
92331955
92332505
92331228
92332623
92333774
92333451
92333323
92332232
92333588
92336184
92332293
92334800
92331224
92336917
92335549
92331965
92335757
92331365
92331933
92332573
92335510
92331611
92333467
92332473
92336354
92332350
92330254
92334003
92335960
92334602
92332570
92331581
92336217
92336533
92335049
92335781
92337321
92335828
92333912
92332917
92336112
92334114
92333240
92333516
92334558
92333276
92335327
92332521
92332032
92332975
92331256
92332910
92335203
92333563
92336614
92331380
92335050
92336485
92334651
92334040
92333124
92331038
92334827
92336396
92334199
92334110
92333482
92330543
92336284
92333636
92335238
92334957
92336971
92332971
92335603
92334854
92336624
92336720
92333450
92331807
92336187
92337034
92333455
92331441
92333846
92336038
92333254
92336515
92333742
92334866
92336583
92331501
92336527
92331665
92334315
92333475
92333752
92330275
92335376
92336227
92331673
92334910
92333132
92333998
92334888
92333501
92335919
92334231
92330391
92331405
92333672
92336131
92333847
92331735
92331220
92334656
92331918
92335525
92333717
92334965
92332538
92332564
92334953
92334204
92330249
92332780
92331562
92334234
92335528
92334777
92333873
92333393
92334931
92333506
92334383
92334722
92336385
92333468
92331939
92336127
92331369
92331632
92336108
92331506
92332314
92333537
92333508
92333658
92334127
92333546
92336416
92331963
92331227
92331557
92331328
92334409
92336701
92335580
92332397
92332827
92333486
92332329
92335326
92333971
92335611
92336902
92334812
92334325
92333550
92331447
92332527
92332226
92337037
92335965
92336519
92336336
92333645
92333303
92334483
92334577
92333681
92335127
92334301
92336892
92331377
92335113
92332292
92335378
92331201
92334431
92336824
92332551
92334036
92336987
92332223
92333915
92330248
92336121
92333496
92331204
92336814
92332732
92332893
92334835
92331976
92333648
92331533
92331033
92334819
92333825
92332490
92334029
92336786
92333907
92332039
92333305
92331787
92332273
92332923
92337030
92336060
92335054
92334940
92333012
92336410
92331616
92331752
92336896
92332863
92331620
92332381
92336196
92334425
92334002
92330392
92333022
92336667
92331386
92333157
92333131
92333510
92335029
92335581
92334985
92330204
92331806
92332616
92335529
92333226
92334290
92332040
92332636
92336114
92336069
92332247
92336646
92335130
92333168
92331553
92334209
92333711
92331400
92334466
92331032
92333421
92332142
92333897
92332883
92330213
92333979
92334719
92332512
92335962
92334767
92331848
92335806
92330595
92333279
92333230
92336374
92333461
92332229
92333055
92332338
92333531
92333030
92334901
92335748
92331254
92333666
92332301
92331434
92336365
92334945
92331966
92336857
92336377
92332340
92331232
92336456
92336371
92333490
92337510
92331241
92334105
92335039
92334392
92332427
92336656
92336842
92337802
92331372
92334376
92333958
92334935
92334161
92335645
92335358
92336366
92333628
92334396
92332388
92333145
92335322
92336831
92335371
92332481
92332609
92336209
92332045
92334688
92333554
92332966
92331301
92336909
92336950
92332554
92333662
92334298
92333347
92333441
92333578
92334312
92333665
92332977
92334472
92334342
92334891
92335355
92333377
92336389
92336517
92332836
92336015
92336482
92336907
92336479
92332855
92335053
92336398
92333903
92331566
92333811
92331203
92334390
92335245
92332956
92334288
92332574
92333244
92335536
92335801
92331887
92331590
92334339
92331320
92333863
92332873
92331395
92335351
92334588
92333478
92333914
92333576
92331999
92334630
92332312
92336043
92333339
92334948
92333284
92335220
92333834
92334971
92336706
92334006
92335120
92334970
92332924
92332164
92330216
92331004
92336827
92333671
92331890
92332630
92334287
92337317
92334340
92334614
92334100
92333000
92332914
92331361
92331373
92332395
92333236
92332428
92333947
92335263
92335847
92336243
92333853
92331820
92334388
92333986
92334559
92333857
92336413
92332944
92335506
92334382
92333568
92333343
92335215
92332858
92334022
92334191
92332531
92333308
92336582
92330707
92334242
92334005
92333033
92333856
92334446
92336260
92336208
92333191
92333938
92333611
92334644
92336205
92333428
92332423
92333391
92331625
92333898
92336091
92334765
92331644
92334676
92335991
92333259
92336733
92336185
92333237
92334344
92332070
92335228
92334283
92330797
92336390
92333021
92332707
92334218
92332482
92330261
92336321
92334952
92333400
92336790
92334832
92336578
92331653
92331502
92333845
92334282
92336520
92334435
92335656
92333654
92334300
92333329
92332560
92332343
92331279
92331891
92332929
92332850
92332324
92331381
92334959
92335155
92334863
92334690
92335542
92332668
92334141
92331703
92333722
92331264
92331565
92334182
92333385
92335807
92337613
92332840
92336660
92333595
92334467
92335532
92333316
92331330
92332475
92331617
92336008
92336534
92334468
92335038
92336961
92331854
92332267
92333395
92331711
92333617
92336685
92332459
92334364
92332549
92335461
92336130
92336009
92332155
92332231
92333784
92334591
92334565
92333222
92334323
92333561
92331352
92331630
92336272
92333851
92334981
92335410
92331025
92334038
92334826
92332882
92334223
92332462
92331526
92333995
92332346
92334978
92334441
92336407
92333269
92335838
92333336
92331513
92333793
92336730
92331734
92330851
92334521
92335413
92331030
92337316
92332392
92331291
92335576
92335204
92331219
92332248
92331449
92333433
92335235
92330202
92331818
92332307
92335540
92335061
92333964
92333054
92335294
92333462
92333699
92333871
92334184
92336051
92334967
92334804
92335911
92333196
92332503
92336151
92336532
92336474
92332269
92332139
92333694
92336378
92335912
92334213
92331964
92331888
92336368
92332518
92334215
92332450
92336201
92333215
92332749
92332378
92335574
92334918
92333327
92333500
92331608
92333540
92333513
92330518
92330247
92333014
92336787
92332410
92336343
92331944
92331895
92331315
92333753
92335132
92336464
92332422
92336476
92335749
92334533
92333941
92335209
92333949
92335349
92332958
92331532
92332833
92333551
92336968
92332750
92334571
92331274
92336092
92336315
92335057
92336444
92331908
92336849
92331600
92335150
92336969
92337713
92330549
92333067
92333929
92333810
92333243
92335746
92334324
92335330
92331316
92336992
92332165
92334840
92336477
92336687
92330146
92331456
92335202
92333333
92331464
92333208
92332776
92333376
92336922
92333053
92333536
92333545
92332083
92334567
92331409
92331897
92331554
92334658
92333769
92334414
92331255
92334801
92336979
92331576
92332926
92333600
92332298
92333635
92332828
92332290
92333229
92331133
92331248
92336278
92335034
92331987
92334168
92334192
92333387
92335606
92332212
92332243
92332084
92333966
92331618
92334990
92333892
92333630
92334810
92336239
92336809
92330534
92333381
92332433
92336454
92332321
92335626
92334998
92334505
92336115
92333386
92334313
92331247
92334025
92334663
92333770
92333434
92332546
92333314
92335394
92332782
92335819
92333201
92335824
92335968
92335314
92336825
92336576
92331482
92334808
92332235
92336011
92331385
92332983
92332568
92331824
92331814
92334326
92336893
92331595
92333728
92332622
92333514
92334360
92334933
92334502
92333150
92333272
92334318
92335800
92334637
92334477
92335678
92331287
92334428
92332058
92331399
92331733
92334896
92335958
92335229
92331260
92331471
92332050
92333925
92332203
92336288
92334629
92332444
92332161
92331613
92336812
92335551
92331450
92332947
92334569
92337803
92333210
92334555
92337923
92333035
92332796
92333224
92335251
92332903
92334010
92331953
92332970
92334450
92332286
92336587
92335190
92332602
92333791
92336821
92332341
92333130
92332266
92334867
92333738
92331028
92332251
92332792
92336241
92332355
92331786
92332606
92332849
92333029
92333942
92333783
92333313
92334305
92335842
92334303
92336804
92331296
92333651
92336543
92332881
92332095
92332288
92333673
92336676
92334102
92333602
92336934
92334028
92332044
92334334
92332360
92333399
92332441
92332192
92333167
92332219
92335182
92333750
92333402
92336146
92334852
92333798
92333899
92333698
92332274
92331917
92334924
92336182
92331514
92335023
92336326
92333239
92331411
92334930
92332755
92336384
92336327
92331295
92333637
92334735
92334007
92333282
92335361
92336111
92334351
92335729
92332047
92333607
92335373
92331237
92336551
92334014
92336242
92332496
92333705
92336548
92331015
92333830
92330500
92331591
92332530
92336983
92331202
92331842
92331135
92335352
92334803
92336406
92335310
92335553
92335584
92334240
92334000
92335554
92335121
92334402
92336616
92332489
92336623
92334224
92331036
92336512
92332348
92332375
92332464
92332402
92333643
92333346
92332034
92334526
92331959
92336565
92332415
92332832
92332986
92333842
92332400
92333700
92333332
92333843
92336440
92331304
92331563
92335969
92334991
92336850
92335306
92331284
92333534
92336662
92330246
92330655
92336542
92332278
92334456
92333606
92333405
92332963
92331969
92330817
92333789
92336927
92333062
92334899
92336995
92335395
92333093
92336608
92331921
92334338
92334027
92331488
92333214
92333028
92335944
92331484
92334631
92334934
92333608
92335815
92333766
92331757
92330829
92335303
92335906
92332643
92333862
92336734
92331443
92330245
92331331
92334779
92334834
92331835
92332443
92332323
92336355
92332559
92334641
92335976
92333653
92333471
92333544
92331537
92336606
92333781
92331420
92336473
92336989
92333489
92335403
92336540
92332387
92334535
92335534
92333469
92333280
92334996
92335646
92335112
92334508
92334121
92332506
92336232
92332806
92332327
92330028
92336655
92336383
92330351
92332349
92336320
92336347
92332014
92336684
92331376
92336991
92332265
92331773
92334080
92336953
92335484
92333988
92332545
92334348
92331830
92330581
92333604
92337211
92333736
92336358
92331672
92333045
92333047
92335509
92333689
92334926
92333948
92333137
92335382
92336372
92336636
92332493
92335566
92333335
92333575
92336559
92333712
92334454
92331916
92336977
92334509
92332586
92331282
92334600
92335759
92337312
92336506
92334455
92335125
92331599
92331329
92336801
92335707
92333708
92334949
92334673
92333564
92331358
92335216
92333345
92336194
92332537
92336369
92334294
92334923
92335250
92331337
92333206
92334932
92333799
92333491
92334786
92331339
92331929
92330305
92330285
92336430
92332618
92334702
92331819
92336592
92334124
92331906
92335270
92331347
92333844
92333338
92331707
92333686
92333751
92330205
92331676
92335489
92333048
92333213
92331775
92334358
92332567
92334753
92336128
92331362
92331601
92335346
92330811
92335013
92332847
92335992
92334844
92333802
92333246
92330596
92332826
92333388
92333247
92334378
92336323
92333231
92334736
92333368
92333895
92333493
92332158
92334314
92335693
92334700
92335328
92334846
92332297
92336360
92335059
92333886
92334266
92334666
92332907
92335152
92334291
92335561
92334984
92330217
92335578
92330300
92335268
92336516
92332416
92335466
92336388
92333417
92334898
92333731
92331319
92333955
92331717
92333325
92331981
92334123
92333519
92335164
92335396
92333073
92333613
92335003
92334986
92336884
92331134
92336058
92333031
92332547
92333170
92336986
92332767
92333573
92335241
92336669
92333086
92330390
92333389
92335596
92335945
92335422
92336594
92333526
92335974
92334780
92333902
92333404
92332594
92334496
92335434
92332735
92336412
92334183
92330986
92332928
92336433
92335024
92332890
92336405
92336510
92336414
92334925
92332430
92335544
92335213
92337722
92331277
92336738
92335248
92335591
92336475
92334711
92334604
92335259
92336630
92336221
92331137
92336441
92332666
92331615
92334523
92334128
92330328
92331335
92336553
92332283
92337981
92334042
92333262
92334442
92336557
92331388
92333430
92335305
92334337
92333778
92336584
92334237
92333786
92332440
92334031
92336834
92332656
92334664
92336878
92336352
92331736
92334643
92331300
92332376
92334410
92335449
92331610
92335909
92334413
92335543
92334543
92333367
92333650
92336273
92333176
92336596
92334167
92331518
92336021
92335973
92331570
92336213
92332448
92335233
92331243
92333787
92333656
92335288
92332667
92332939
92331258
92334373
92333096
92336120
92333371
92332953
92332285
92333967
92331445
92330855
92334816
92331915
92335171
92331597
92334506
92332937
92333445
92331351
92333587
92333818
92336113
92333803
92334512
92334485
92335994
92336978
92333041
92336861
92333414
92334916
92334999
92335274
92336984
92332432
92332995
92336549
92331972
92336839
92336530
92332565
92332819
92335755
92334732
92335230
92336307
92334439
92336013
92334833
92332262
92331866
92335360
92336134
92336524
92331360
92332150
92336832
92335821
92334514
92335264
92332007
92331106
92334356
92331031
92336387
92336766
92333488
92336361
92333320
92334685
92332578
92333629
92336188
92332364
92333104
92333734
92333615
92333435
92333889
92336573
92333696
92336157
92331448
92332477
92332207
92332979
92333036
92334407
92335993
92333917
92330262
92332954
92334459
92333609
92336800
92335340
92336531
92333879
92334556
92336330
92331266
92333288
92334394
92334241
92332920
92331235
92331497
92335254
92331838
92333158
92332510
92334802
92334838
92333558
92332525
92335515
92330253
92333412
92331889
92335044
92330223
92333156
92334809
92335583
92335414
92334882
92333257
92330378
92334370
92336480
92334603
92333408
92334874
92332974
92333142
92335025
92332031
92336199
92335547
92333677
92334563
92333359
92333916
92335841
92330244
92335295
92333515
92331463
92335590
92330319
92336887
92335415
92332249
92331561
92334111
92333562
92333754
92333771
92337038
92335387
92333127
92331268
92332839
92331935
92333162
92331641
92335505
92333596
92334895
92336817
92335577
92333594
92333464
92336868
92334561
92331251
92333874
92331114
92337971
92333547
92336688
92334734
92331535
92334380
92331556
92336944
92332424
92333334
92333730
92333173
92331263
92333328
92331989
92330345
92331821
92334520
92334847
92337147
92334322
92333921
92336550
92333379
92331472
92336863
92330306
92333584
92336985
92331314
92334994
92334848
92333443
92332233
92331383
92333702
92333782
92334831
92332591
92332861
92333322
92333221
92334880
92331817
92336797
92330321
92332542
92333867
92335141
92331209
92331368
92336301
92333991
92332484
92332857
92334350
92332379
92332965
92334645
92335364
92330347
92336682
92332844
