3462291
3472257
3463362
3462242
3462256
3463363
3472255
3472244
3462245
3463370
3462270
3472280
3462257
3462255
3462267
3463388
3472248
3462243
3472233
3462216
3462288
3462265
3472222
3462276
3462217
3463390
3472217
3462263
3472266
3472246
3463391
3472218
3462209
3463381
3472224
3462253
3472241
3462289
3472211
3472242
3472225
3463369
3462266
3472289
3462268
3462228
3462212
3472276
3462283
3462219
3472232
3472288
3463372
3472271
3472226
3472265
3462215
3462222
3472235
3462275
3472256
3463394
3472254
3472261
3462279
3472287
3463396
3472252
3462224
3463392
3462285
3472272
3462258
3463378
3462232
3462205
3462281
3472229
3462290
3472277
3462223
3472247
3462248
3463385
3462233
3462252
3472220
3462221
3472285
3463373
3472234
3463389
3462203
3462295
3472286
3463377
3472221
3462251
3462262
3472231
3472278
3472227
3472281
3463366
3463382
3472216
3462211
3472210
3472249
3462207
3472236
3472262
3462280
3463367
3463383
3462220
3472228
3462272
3463360
3472253
3462284
3472237
3462202
3462249
3472260
3463361
3462236
3463376
3472240
3463375
3462229
3462277
3472215
3472223
3472268
3472267
3462227
3462286
3472273
3462292
3462261
3462287
3462260
3462230
3463364
3462259
3462293
3472214
3463365
3472245
3472284
3472213
3462247
3462235
3472250
3472212
3472282
3463379
3472283
3462244
3472219
3462214
3463395
3462240
3463380
3472238
3462218
3472270
3462264
3462254
3463393
3463397
3472275
3472263
3462226
3462238
3462294
3462269
3462274
3462246
3472269
3462241
3462273
3463371
3462200
3462239
3472264
3463386
3463387
3462206
3462210
3462231
3472274
3462204
3462201
3462225
3472239
3472258
3462278
3463374
3462282
3462237
3463384
3462213
3472243
3472279
3462234
3462208
3462250
3472251
3472259
3472230
3463368
3462271
