3460567
3467536
3468552
3469235
3465834
3463533
3469830
3465232
3465238
3462568
3460588
3469378
3463559
3463562
3469577
3461576
3462567
3466507
3464497
3465324
3463579
3465103
3465855
3468569
3464443
3460165
3461559
3469208
3460551
3465309
3465762
3465361
3463565
3467541
3465720
3463556
3467567
3460556
3464488
3465660
3460501
3465867
3463583
3465346
3463588
3465686
3465897
3465813
3469112
3469237
3469247
3465685
3467544
3465657
3465746
3464435
3465191
3465494
3465154
3465138
3466511
3460542
3464402
3461529
3469161
3465110
3461548
3469875
3465344
3465136
3465814
3465492
3464510
3465564
3468532
3468501
3464473
3461519
3465735
3463560
3462547
3464516
3465623
3469368
3462518
3463515
3465169
3465858
3464588
3469525
3469598
3462588
3460564
3469265
3469280
3465505
3465241
3465418
3468803
3469540
3465483
3469543
3461518
3469147
3465419
3469541
3465249
3464484
3469842
3464586
3466553
3465732
3462559
3465684
3465727
3460560
3465206
3465143
3469394
3469864
3469127
3468802
3464581
3466543
3463599
3462572
3465516
3465547
3465712
3460562
3465894
3461521
3468540
3465693
3465585
3463547
3462582
3461511
3462594
3462517
3460546
3465472
3469390
3463585
3465252
3469567
3465455
3465584
3469442
3465338
3465328
3465463
3464445
3461590
3465218
3464498
3469527
3465184
3468163
3465156
3465370
3465804
3469246
3465410
3465753
3468541
3465148
3467582
3466512
3469183
3465404
3461593
3460516
3462519
3468570
3465507
3469845
3465480
3462544
3465672
3468533
3465742
3465132
3465755
3465341
3465117
3464559
3469321
3464574
3465273
3474749
3467571
3469175
3469373
3464578
3465871
3465354
3465661
3468534
3464551
3468161
3465287
3465294
3462586
3461580
3465203
3469298
3469178
3464520
3461598
3464447
3465353
3466586
3464475
3465429
3463517
3466559
3465845
3465589
3468164
3467598
3463586
3469857
3465636
3462504
3464505
3465257
3465857
3465465
3465484
3464587
3460509
3467590
3465581
3461586
3460552
3469528
3474777
3465229
3461551
3463522
3467540
3462598
3465256
3467589
3465514
3465510
3466583
3465240
3465424
3463557
3469872
3468513
3465425
3468582
3460584
3465793
3461587
3460524
3465358
3465567
3465304
3469829
3463576
3464423
3469196
3469860
3464425
3469870
3465235
3468828
3468525
3465286
3467583
3460538
3465616
3464599
3467523
3465225
3465489
3465421
3468549
3468564
3465227
3465844
3463589
3465137
3465230
3465748
3469591
3465226
3464593
3464440
3465176
3467553
3467577
3469374
3468508
3467570
3466565
3465651
3465658
3469509
3461504
3468809
3465775
3469386
3465105
3465331
3465544
3465254
3469215
3463595
3465340
3465285
3469887
3467546
3460521
3465643
3465540
3464452
3469261
3465349
3465159
3465837
3469881
3468846
3463521
3463501
3466501
3467539
3462503
3465595
3465718
3465848
3462512
3468521
3462528
3465428
3469108
3465825
3468511
3467538
3465738
3469572
3474779
3467502
3465457
3465368
3464472
3465822
3469352
3465714
3467562
3463519
3469231
3465795
3464523
3463597
3469503
3469530
3465645
3462533
3469305
3465587
3465420
3464476
3465697
3465342
3465280
3469550
3469549
3462531
3465239
3461596
3468527
3465459
3465591
3468826
3465245
3465387
3461561
3469128
3468547
3468553
3469153
3468849
3465839
3465487
3461566
3465190
3469332
3468535
3465631
3460163
3460530
3469203
3462577
3465180
3465406
3467572
3460519
3469275
3469296
3469338
3465818
3464412
3469253
3460595
3465351
3465782
3469551
3460535
3469384
3474747
3465725
3469553
3465171
3469179
3467556
3465841
3469365
3465694
3467511
3469398
3465139
3465267
3461583
3465642
3464596
3474774
3469858
3465776
3469285
3474776
3464552
3462538
3467512
3468824
3462564
3462562
3464404
3465760
3465517
3469534
3465321
3465461
3465794
3469538
3461564
3469823
3464451
3468595
3469220
3467501
3465430
3462501
3465167
3464408
3468839
3465522
3465811
3463572
3463598
3463571
3461584
3468539
3465873
3462552
3469391
3462580
3463555
3465625
3466557
3468517
3469562
3465478
3465532
3468536
3465278
3465701
3462532
3469176
3468819
3460532
3467537
3469106
3460507
3465854
3468587
3469336
3461501
3464490
3462516
3468502
3463592
3464591
3468832
3465583
3465363
3469440
3465568
3461520
3460543
3467561
3464434
3469359
3463582
3469585
3461574
3465886
3465836
3466574
3465337
3469267
3461562
3467529
3465555
3469149
3462505
3469224
3468560
3465545
3469260
3465323
3467599
3465898
3466519
3465654
3469500
3465373
3469448
3463563
3465427
3465326
3460511
3469511
3465767
3465861
3465628
3465246
3461536
3462593
3464557
3469353
3460576
3464530
3469564
3466509
3461513
3468510
3463540
3469877
3465883
3466569
3465774
3464415
3469114
3461594
3465446
3464526
3468576
3465619
3467531
3469111
3469284
3460593
3463543
3463507
3465449
3465731
3464499
3465112
3465750
3465709
3466528
3465572
3465882
3469204
3469180
3462570
3467524
3468546
3469198
3465316
3465789
3462537
3460586
3460527
3468830
3465679
3468815
3465530
3465306
3469197
3466506
3465730
3465683
3464527
3466532
3465887
3465149
3465188
3465663
3464573
3469597
3465539
3466526
3469596
3465711
3469590
3465816
3469154
3469569
3464446
3461573
3466537
3465332
3465856
3465733
3462555
3465274
3469251
3465708
3467527
3464508
3462521
3465667
3466556
3465546
3465671
3467534
3469824
3466518
3469142
3465314
3461570
3467530
3464595
3460590
3460561
3465366
3464536
3462520
3467517
3464495
3469187
3464487
3465399
3466548
3468542
3469370
3464403
3464439
3465403
3465220
3469520
3468563
3468584
3465187
3465549
3465872
3462509
3460515
3465592
3468544
3469839
3467566
3465728
3467550
3465265
3469599
3460599
3464448
3465664
3465411
3464580
3469145
3462523
3461546
3465442
3464538
3469395
3468831
3464579
3467586
3461577
3469385
3465380
3465201
3468585
3465618
3466523
3468800
3465491
3469340
3460574
3464474
3465435
3463535
3462561
3465719
3464462
3468578
3474743
3462566
3469506
3465450
3465849
3465108
3465115
3469156
3467545
3463587
3469135
3461535
3467526
3460580
3464430
3468821
3461515
3460500
3465270
3465541
3465308
3469372
3469232
3464550
3469505
3462553
3463508
3465496
3465889
3468519
3468568
3465863
3464517
3465405
3465508
3464466
3469116
3468580
3460573
3468822
3465851
3467554
3465538
3464568
3465835
3467515
3465676
3469592
3465785
3465131
3469109
3464411
3465145
3465269
3465382
3468562
3465506
3469269
3469302
3469133
3469101
3469134
3469843
3465704
3467580
3464548
3467549
3469192
3461514
3469177
3465170
3463510
3469444
3467533
3460534
3465864
3474740
3469335
3460549
3465261
3465662
3465158
3463550
3469524
3464458
3469205
3465680
3469223
3465578
3469866
3465729
3468524
3465879
3467519
3465821
3469143
3469107
3460559
3469188
3465847
3463503
3469167
3469292
3465805
3469191
3465807
3469376
3464567
3462596
3465438
3468812
3465810
3465560
3469271
3461528
3466564
3462549
3463551
3469238
3465865
3469512
3460594
3469214
3466594
3465899
3465678
3462595
3466555
3462540
3460596
3461517
3468509
3467591
3469522
3468505
3465689
3469580
3464569
3461588
3465475
3464414
3465515
3467565
3464540
3465350
3468516
3461585
3465869
3465379
3466521
3460508
3465147
3469570
3469392
3469501
3465391
3464563
3469846
3466527
3460503
3464441
3465501
3465469
3469865
3464583
3465895
3469266
3469129
3464598
3465295
3465598
3465174
3465168
3464575
3469323
3465470
3469219
3469837
3466857
3465754
3465102
3465562
3465454
3469554
3467506
3469218
3466538
3460557
3465885
3468591
3469248
3469575
3469256
3465189
3465186
3464407
3465550
3469252
3465290
3467587
3463581
3465197
3467568
3460563
3465476
3469821
3469182
3463574
3469324
3466544
3466581
3469581
3468837
3464502
3463509
3465796
3474778
3468169
3468813
3460581
3467542
3463591
3462599
3467547
3465838
3465151
3469329
3469162
3465417
3465165
3464419
3465590
3464431
3468531
3463594
3465111
3465258
3465870
3465319
3465166
3465275
3464420
3462527
3465164
3467596
3460583
3469867
3467522
3465205
3469587
3465792
3464494
3465426
3465486
3465222
3469163
3460537
3469165
3462563
3465474
3469836
3469249
3461557
3465783
3466502
3465781
3469168
3469825
3465649
3465384
3465571
3467503
3463506
3465118
3468574
3466597
3465600
3469548
3465413
3465204
3467585
3464562
3465668
3469533
3464542
3468559
3464597
3465412
3465509
3465296
3465247
3465853
3463542
3461544
3461531
3469140
3465345
3466504
3466570
3469447
3466566
3469379
3469523
3469561
3465335
3464459
3464565
3469595
3464432
3474772
3465495
3469121
3468825
3462502
3465559
3465525
3465633
3464572
3465237
3464547
3464409
3469320
3465150
3467508
3468575
3466591
3469840
3466575
3462536
3467551
3466531
3460506
3465389
3465716
3465119
3465473
3467532
3465444
3465573
3464418
3466541
3464468
3466596
3469363
3465199
3469151
3469291
3461534
3465817
3466505
3465369
3469130
3460522
3469310
3469445
3467581
3469883
3468842
3466533
3464455
3465653
3465315
3466539
3464506
3465397
3465329
3465456
3469150
3469270
3465161
3469264
3468543
3465511
3466536
3460571
3460547
3464421
3469545
3469185
3463580
3466542
3461558
3465580
3466573
3469242
3469574
3461506
3463573
3460529
3460531
3466571
3463505
3468597
3463567
3461556
3469558
3465347
3469297
3465632
3467535
3465208
3469327
3465407
3467584
3462543
3463566
3469536
3464438
3465707
3465292
3465528
3466599
3467555
3469330
3465402
3465135
3462507
3465212
3465524
3465768
3465566
3465283
3469446
3469369
3469563
3466503
3469851
3469287
3469236
3461540
3464427
3465769
3463554
3464528
3469221
3464522
3465531
3465806
3463558
3465453
3469144
3466593
3468551
3465561
3466546
3465371
3469181
3468807
3462514
3465248
3465443
3465627
3465888
3465376
3465692
3469355
3463548
3465434
3465415
3464584
3465299
3465221
3465183
3465200
3465253
3462597
3469566
3465644
3465721
3461552
3469289
3464493
3465673
3466561
3460517
3469546
3465670
3465441
3464577
3461507
3465157
3468848
3469539
3460597
3465313
3465723
3465339
3468530
3465597
3468512
3466588
3464405
3462526
3467516
3465570
3465878
3464429
3467500
3465875
3461524
3462506
3468572
3465637
3465219
3460566
3465852
3465233
3469125
3465327
3465378
3466576
3465828
3465228
3467513
3465717
3469850
3462589
3469360
3461522
3466868
3469171
3465276
3464486
3465266
3462530
3465464
3465808
3465751
3465393
3464521
3467593
3462548
3464469
3469211
3468590
3465877
3466514
3465173
3460502
3465181
3463545
3469584
3466856
3464537
3460536
3465687
3465758
3463538
3469159
3464560
3461533
3474741
3469334
3460578
3465815
3465772
3465691
3469262
3465699
3468507
3469212
3469537
3464546
3469848
3469822
3468556
3469217
3466530
3460545
3468571
3463534
3469339
3465243
3469174
3463504
3469139
3460553
3461527
3465260
3465163
3469189
3465317
3463511
3465647
3465552
3469157
3464554
3465333
3465787
3460541
3462535
3465529
3468557
3464571
3465740
3465773
3469300
3465690
3468503
3465734
3468160
3465293
3463518
3460577
3465765
3468577
3462574
3465577
3463529
3465272
3465809
3465715
3465152
3468814
3464511
3465305
3461579
3465282
3465803
3469542
3465312
3466582
3469366
3465652
3464491
3469173
3465830
3469351
3460528
3464544
3469241
3465579
3461592
3466592
3461510
3469210
3468579
3465352
3469552
3466522
3467510
3465277
3466545
3466551
3464481
3465477
3465638
3469589
3463520
3468567
3463541
3469254
3469282
3469517
3464470
3460565
3460579
3465193
3469583
3465375
3465891
3465271
3465302
3465537
3469186
3464436
3465101
3465318
3462551
3469123
3465364
3465634
3469103
3465513
3469200
3462508
3469299
3465242
3460540
3465502
3466500
3464518
3465440
3460585
3465497
3465262
3469257
3465833
3464416
3469113
3466567
3469557
3469117
3469110
3465780
3468526
3469244
3464489
3465698
3469263
3465518
3464503
3466529
3463528
3465790
3465677
3469800
3468566
3465172
3466577
3465881
3465700
3465146
3465831
3460504
3465791
3465846
3469856
3469560
3465752
3460513
3469859
3474742
3460575
3464428
3464401
3469361
3469276
3465141
3465526
3465749
3469852
3469888
3462585
3465739
3465763
3464534
3467594
3467548
3460505
3465866
3462592
3465648
3464558
3465458
3465594
3469573
3465650
3465771
3469358
3469510
3465460
3466855
3468518
3468554
3467597
3469559
3465284
3469158
3467559
3465291
3469102
3465586
3467560
3461547
3469450
3462541
3465770
3465394
3465114
3465386
3460548
3466517
3465140
3460518
3467576
3462565
3465655
3464463
3469826
3464492
3462534
3465244
3465432
3469172
3461525
3465298
3460587
3463530
3464543
3469120
3465656
3465553
3463500
3465629
3462510
3469579
3469504
3464471
3461591
3468586
3465826
3465682
3460526
3460544
3465398
3465843
3469532
3461532
3462554
3464576
3468165
3464501
3465116
3469348
3465640
3465259
3464485
3464514
3468583
3465824
3467592
3465381
3465859
3469345
3469396
3467504
3469399
3465325
3468504
3465874
3464483
3465862
3464453
3465390
3469152
3468506
3466590
3461589
3465471
3466549
3464541
3466579
3468840
3469206
3469841
3465185
3464479
3465113
3463569
3465356
3464422
3463549
3469876
3465144
3467575
3465224
3467578
3466508
3469519
3469104
3462575
3468168
3468545
3464524
3465408
3463564
3462542
3465764
3469170
3463524
3465784
3469871
3461516
3466858
3465759
3461543
3465192
3462587
3465558
3461512
3469571
3465178
3464532
3465823
3469124
3468845
3461568
3465829
3465890
3465713
3468818
3464585
3462573
3465536
3465761
3462511
3466572
3465722
3461523
3465695
3465512
3465674
3469286
3469555
3464442
3469322
3465535
3469383
3465348
3465416
3462546
3469164
3463536
3464519
3465641
3467507
3465377
3465307
3461508
3469105
3464549
3469880
3469356
3465104
3465626
3465436
3465778
3465360
3469119
3463552
3464589
3466516
3465281
3468808
3465301
3469230
3468581
3469274
3465445
3465401
3469136
3465217
3464424
3466589
3465209
3465423
3465575
3469381
3469250
3469222
3466513
3469228
3465433
3460162
3465799
3463539
3466552
3461549
3469828
3465223
3469126
3469547
3465466
3465162
3465451
3465868
3461541
3465681
3465850
3468596
3465395
3465311
3468823
3468833
3469190
3465745
3465523
3461560
3465710
3468801
3465896
3469226
3464480
3468592
3463532
3469184
3465130
3461597
3465599
3465106
3467528
3466578
3465109
3469531
3469514
3461542
3469820
3469132
3465310
3465488
3465737
3469535
3465582
3463537
3464504
3460558
3468599
3461567
3465383
3466534
3465289
3465702
3467552
3468555
3469443
3468550
3468537
3468166
3466515
3469874
3465736
3464555
3464417
3469268
3463568
3462513
3467579
3465756
3464454
3462557
3466520
3463531
3474744
3464594
3464525
3466598
3469240
3469586
3465812
3465100
3469293
3465520
3466558
3465330
3469303
3469861
3465766
3469544
3463577
3464437
3469216
3468844
3467520
3469853
3466525
3465840
3469461
3460582
3465635
3464460
3465160
3463502
3468834
3465801
3465263
3469521
3469243
3469367
3462578
3468558
3469593
3465498
3464556
3462584
3469838
3460568
3464590
3464465
3465396
3465688
3474786
3464545
3465588
3465659
3469594
3461581
3465542
3463526
3469283
3463544
3462558
3464533
3469148
3464461
3469835
3467573
3461582
3460589
3463570
3461599
3469166
3460539
3467564
3469273
3465521
3460555
3465880
3464477
3461503
3465519
3461578
3465437
3469502
3463575
3469393
3460550
3460570
3467505
3464507
3465543
3463514
3465414
3466550
3461565
3469272
3466563
3469306
3469137
3465392
3469556
3468806
3469578
3465297
3465554
3465860
3465639
3465422
3465479
3465786
3465198
3463596
3463546
3469526
3461553
3465250
3467574
3464478
3469259
3465548
3465357
3469346
3462576
3464515
3465482
3465439
3466540
3464482
3468594
3469582
3469255
3469855
3465216
3464449
3468838
3464467
3468805
3463525
3465779
3465504
3464413
3461595
3467588
3462583
3468593
3462569
3460514
3463523
3465788
3464410
3469141
3465832
3464464
3460569
3465726
3465214
3465359
3465448
3465268
3469122
3464433
3465493
3465777
3464582
3461502
3468523
3461550
3465802
3464444
3469854
3462550
3460572
3468588
3465574
3465279
3469375
3460592
3467514
3466584
3465593
3469304
3469294
3465211
3465744
3464406
3465194
3468548
3465565
3469565
3465481
3469362
3464513
3469515
3465447
3469115
3469863
3466568
3462579
3467521
3468538
3464564
3462545
3466595
3465182
3465320
3465215
3465385
3464426
3468515
3469202
3463561
3467543
3469138
3460554
3465892
3465665
3465251
3469508
3465747
3465234
3469131
3465231
3463553
3461571
3464535
3467525
3460533
3467569
3469193
3469507
3469225
3465468
3469288
3460591
3469245
3465288
3465107
3465741
3465179
3465355
3465669
3465372
3465452
3469873
3467595
3465334
3465666
3469516
3465842
3465213
3466510
3466585
3468520
3465797
3465884
3468820
3466560
3462581
3461526
3461545
3465374
3463527
3468528
3465485
3464457
3462524
3469518
3464496
3465705
3466554
3463516
3465195
3465743
3469350
3461563
3467557
3462539
3468589
3465336
3463578
3462571
3461572
3462591
3465388
3469449
3465255
3468841
3466535
3462590
3465499
3465362
3465893
3465431
3465196
3463590
3469301
3463593
3460512
3465133
3465596
3464531
3465557
3464539
3468514
3464456
3469160
3461575
3462525
3460164
3465876
3469207
3461569
3465757
3465236
3464592
3466524
3469844
3460510
3469809
3466580
3469227
3465827
3469886
3463512
3465724
3468529
3465646
3465210
3465630
3465367
3468162
3461505
3465576
3465503
3461539
3464512
3469194
3465303
3464561
3469234
3469233
3465177
3464529
3465706
3460598
3461509
3465134
3464570
3465820
3465207
3466587
3463513
3465409
3469239
3465155
3465175
3469333
3467518
3469397
3465142
3469885
3468522
3464553
3461530
3465322
3460520
3465533
3465551
3464509
3465798
3462556
3465696
3465264
3468573
3465153
3469295
3465569
3462522
3465556
3469869
3461537
3465343
3465819
3461554
3465365
3464400
3463584
3462560
3465462
3469341
3460525
3468598
3469347
3461555
3467563
3464450
3467509
3469808
3469213
3469831
3466547
3465490
3461538
3465703
3464566
3467558
3465563
3469155
3465675
3465527
