673864
673865
673866
673867
673860
673861
673862
673863
673868
673869
673875
673876
673877
673878
673871
673872
673873
673874
673879
673880
673881
673886
673887
673888
673889
673882
673883
673884
673885
673890
673891
673892
673897
673898
673899
673893
673894
673895
673896
673710
673711
673712
673713
673718
673719
673714
673715
673716
673717
673721
673722
673723
673724
673720
673729
673725
673726
673727
673728
673732
673733
673734
673735
673730
673731
673736
673737
673739
673743
673744
673745
673746
673740
673741
673742
673747
