521449906
521449990
521449100
521465163
521495119
521449291
521449897
521449290
521449368
521449452
521449213
521449345
521449259
521449323
521449168
521449501
521449234
521449193
521449102
521449285
521449164
521449453
521465154
521449469
521449184
521449434
521465105
521449366
521449385
521449468
521449121
521449432
521449195
521449279
521449187
521465101
521449137
521449141
521449283
521449898
521449105
521449125
521449633
521449496
521449592
521449182
521449542
521465117
521449456
521449154
521449263
521449256
521449198
521449492
521449346
521449564
521449415
521449481
521449391
521449400
521449123
521449389
521449143
521449463
521449178
521449907
521449940
521449438
521449155
521449435
521495120
521465955
521449301
521465121
521495104
521449928
521449113
521449960
521495111
521449169
521449108
521449540
521449451
521449560
521449387
521449254
521449552
521449244
521449229
521449868
521449185
521449118
521449267
521449425
521449126
521465109
521449201
521449414
521449805
521449460
521449461
521495121
521449313
521465120
521449170
521449115
521449210
521495132
521449232
521449231
521449491
521449344
521449498
521449806
521449569
521449554
521449543
521449273
521449348
521449203
521449349
521449466
521449199
521465114
521449576
521449157
521449538
521449890
521449577
521449557
521449246
521449386
521495103
521465118
521449369
521449327
521449359
521449173
521449930
521449980
521449156
521449467
521465108
521495127
521465102
521449261
521449546
521449581
521449150
521465107
521465135
521449587
521449908
521449550
521465119
521449571
521449342
521449148
521449629
521449260
521449365
521449895
521449558
521449504
521449398
521449353
521449205
521449419
521449508
521449212
521449582
521449204
521449465
521449227
521449903
521449395
521449288
521449197
521449455
521449433
521449166
521465113
521449457
521449220
521495133
521495107
521465104
521449311
521449526
521465149
521449399
521449867
521449355
521449278
521449152
521449111
521449127
521449129
521449549
521449585
521449429
521449372
521449181
521449547
521449548
521449390
521449541
521449512
521449172
521449383
521465124
521449165
521449186
521465122
521449402
521449142
521495126
521465103
521449539
521449189
521449439
521449257
521449502
521449497
521449264
521449103
521449216
521449545
521449180
521449191
521449299
521449309
521449493
521449405
521449298
521449513
521449363
521449230
521495102
521449147
521449268
521449280
521449287
521449396
521465126
521449343
521449286
521449490
521449188
521449265
521465112
521449324
521449401
521449427
521449119
521449605
521449275
521495195
521449364
521449120
521449598
521465129
521449516
521449495
521449537
521449179
521449326
521449262
521449128
521449448
521449393
521449196
521449190
521449106
521449252
521449894
521449572
521449117
521449418
521449417
521449358
521449356
521449579
521449144
521449566
521449371
521465125
521449112
521449370
521449222
521449277
521449352
521449565
521465150
521449475
521449950
521449114
521449101
521449437
521465128
521449192
521449514
521449459
521449116
521449446
521495101
521449507
521449289
521449807
521449384
521449424
521449999
521449340
521449413
521449476
521495958
521449255
521449124
521449404
521449167
521449110
521449494
521449920
521465141
521449233
521449578
521449487
521449107
521449568
521449217
521449544
521449911
521449919
521449258
521449228
521449412
521449151
521449499
521449104
521449276
521449362
521449337
521449206
521449373
521449480
521449183
521449357
521449163
521495105
521449586
521449209
521449553
521449489
521449321
521449338
521449584
521449225
521495109
521449426
521449312
521449138
521449341
521449804
521449397
521449406
521449243
521449580
521449294
521449224
521449109
521449211
521495106
521449458
521449215
521449284
521449375
521449223
521449904
521449570
