521981242
521981185
521938176
521938386
521938385
521981207
521938383
521981100
521982829
521982134
521981123
521981203
521938142
521981112
521981133
521982731
521938130
521981736
521981170
521938255
521982826
521982118
521981101
521981193
521981205
521981819
521982117
521981108
521981157
521981241
521981120
521982107
521981106
521981160
521982109
521981199
521981805
521938183
521981126
521981206
521982119
521982136
521938132
521981131
521981137
521981178
521981136
521982435
521938169
521938387
521981140
521981139
521938109
521981814
521981138
521981204
521981182
521981181
521981168
521981102
521981103
521981129
521982104
521982130
521938145
521981130
521938191
521982103
521938141
521981818
521981171
521982125
521938135
521982139
521982106
521981109
521981124
521981116
521981829
521981200
521938134
521981821
521982110
521982100
521981114
521981224
521982122
521982126
521981195
521982116
521981141
521982102
521982108
521982124
521982131
521981118
521981593
521996144
521981180
521981208
521982127
521982433
521982115
521982105
521981186
521938388
521938207
521938219
521981143
521981121
521982129
521981110
521938139
521938136
521938147
521981147
521981217
521982184
521981159
521996963
521982121
521981111
521981175
521982822
521981107
521938146
521938389
521938133
521981132
521981187
521981167
521981125
521982120
521982132
521981113
521981169
521981104
521981134
521938243
521981135
521981177
521938137
521981117
521981223
521981209
521996730
521981197
521981105
521981158
