521656243
521656589
521614131
521636536
521656373
521649197
521656122
521656175
521639123
521656213
521656304
521656581
521656418
521627174
521656273
521639136
521656133
521639114
521656532
521656355
521656121
521656286
521648465
521614602
521656757
521656864
521656184
521656412
521656645
521656300
521614521
521656776
521625118
521639138
521636117
521656743
521649101
521656275
521656166
521656773
521656402
521656115
521625121
521614314
521636136
521639104
521656384
521656262
521656365
521627521
521636109
521656265
521614319
521625120
521614427
521614378
521656745
521656496
521639165
521656774
521656498
521614510
521614124
521614361
521625109
521656443
521614302
521639231
521627279
521656260
521636123
521649107
521627121
521625130
521639177
521625115
521656181
521614515
521614533
521648121
521629127
521614599
521614457
521656702
521656376
521656306
521656266
521614105
521656749
521656302
521656670
521614155
521656284
521639190
521656123
521639100
521656255
521656167
521656550
521614588
521656163
521614522
521636134
521656481
521627177
521656125
521649103
521625101
521656214
521656825
521656586
521614494
521635112
521656296
521629521
521656516
521614394
521656285
521614106
521614471
521614112
521656131
521614383
521639110
521627178
521629106
521625108
521656854
521656551
521614118
521656706
521656758
521656493
521614463
521656789
521636111
521656886
521625152
521656467
521614597
521614108
521656857
521614356
521656458
521614469
521614598
521614343
521648146
521614473
521656256
521639172
521656699
521635105
521656179
521656297
521656584
521627106
521656305
521656760
521639125
521629124
521627149
521614103
521652105
521614362
521639155
521656852
521627102
521614123
521639230
521648505
521656110
521614159
521656819
521636700
521656572
521656483
521659103
521639489
521656332
521656744
521636128
521639148
521656160
521656826
521639194
521614366
521614384
521614280
521656768
521629101
521614594
521614538
521627173
521656149
521656132
521656574
521614339
521614382
521656182
521614474
521656222
521639118
521614275
521656435
521614563
521656459
521656279
521656156
521656555
521625111
521656674
521656374
521656606
521639188
521635119
521656241
521656863
521639149
521614610
521656484
521614470
521656660
521614523
521614355
521629123
521636116
521656775
521625106
521656849
521656573
521614281
521625594
521636698
521625105
521656564
521614487
521656821
521656598
521639192
521614126
521656235
521656823
521614586
521627119
521614104
521614120
521639116
521614467
521656814
521656698
521656426
521614603
521639131
521614327
521656274
521656565
521656287
521656799
521656158
521656272
521614385
521614288
521656363
521614132
521639101
521639112
521656643
521649104
521656827
521614128
521649114
521614595
521649102
521656527
521625159
521656441
521639150
521659102
521614153
521656475
521636693
521656244
521656571
521656820
521656824
521656201
521635107
521656486
521614285
521614502
521656138
521614405
521636114
521614609
521656463
521614453
521652104
521614372
521614141
521656588
521649111
521614136
521627103
521635294
521656708
521636101
521656447
521656476
521656216
521656270
521614354
521614337
521656585
521659101
521614127
521648469
521656264
521614157
521614381
521614551
521656763
521656602
521656135
521625110
521614338
521639121
521656797
521656217
521614528
521656742
521648106
521627150
521656385
521656114
521614488
521614608
521656276
521614122
521656150
521639471
521627147
521636103
521648132
521656169
521656428
521625196
521656593
521656381
521656206
521639168
521639119
521625842
521656751
521656239
521614549
521614456
521656174
521656788
521614607
521614444
521649117
521656129
521625147
521614377
521649105
521656765
521656466
521614353
521614373
521614142
521625206
521629519
521656228
521656360
521614345
521652101
521656817
521656495
521656777
521639154
521656594
521648101
521649116
521649110
521656145
521656461
521656746
521656533
521656845
521614370
521614504
521636127
521635120
521656267
521614462
521614100
521614454
521656492
521614351
521639147
521656377
521639549
521635111
521656667
521639129
521656111
521656582
521656534
521627131
521614110
521656419
521656851
521635592
521614151
521656120
521656608
521656858
521656469
521656238
521656583
521614375
521639166
521656293
521656394
521625161
521614530
521614552
521656430
521614529
521614495
521656762
521627105
521614289
521636110
521636137
521627143
521627114
521614537
521656126
521614300
521656816
521656591
521627132
521614407
521635114
521656127
521639115
521656626
521636699
521656161
521656211
521656271
521625104
521656215
521656403
521656818
521656879
521656526
521656354
521635118
521614600
521656482
521656479
521614283
521656764
521614349
521627112
521656859
521639152
521656554
521656187
521656850
521656422
521656431
521656607
521649109
521614408
521627524
521635113
521656528
521614138
521656280
521635106
521656531
521627120
521639191
521627133
521656162
521656497
521656168
521659393
521614539
521656844
521639122
521648122
521614468
521614486
521614326
521656473
521614464
521656755
521627113
521656696
521625122
521656299
521656234
521614313
521656494
521614548
521656378
521614511
521614397
521625100
521656513
521656460
521639113
521656662
521656148
521656137
521614139
521639124
521652106
521625150
521649392
521614604
521614156
521614367
521656812
521625205
521656393
521635293
521656748
521614630
521639501
521656386
521639107
521656176
521656186
521656112
521614364
521614479
521656815
521656822
521656437
521656350
521648107
521656772
521614606
521635104
521656636
521656144
521656841
521614403
521656372
521636104
521656178
521656761
521636100
521625119
521656766
521656128
521656480
521656553
521614476
521625157
521629110
521639109
521639465
521656224
521614601
521627144
521656597
521648109
521656307
521614125
521656669
521649196
521639117
521656254
521629109
521656278
521636102
521614133
521656659
521635117
521648102
521614368
521625153
521656644
521656471
521656853
521614404
521625589
521652103
521656638
521656575
521656301
521656861
521656642
521614116
521614374
521625103
521656414
521656579
521625145
521656250
521656136
521656205
521656202
521614516
521649113
521656530
521614371
521656856
521656514
521614344
521614460
521627115
521625114
521614109
521614509
521656709
521636122
521656410
521656468
521639176
521627517
521656651
521627148
521656781
521639120
521627110
521656249
521636112
521648108
521656862
521639167
521625134
521656778
521656474
521656157
521648124
521614101
521635109
521656580
521625158
521614369
521614447
521656592
521656563
521614321
521636124
521656452
521614336
521656134
521627142
521614119
521656246
521636115
521656445
521656769
521614395
521656164
521656375
521614536
521656359
521625837
521656771
521614561
521625102
521614458
521656752
521656562
521636132
521614547
521639173
521614514
521625195
521614130
521627139
521639193
521614342
521639133
521656405
521656587
521627108
521614396
521635116
521625126
521656223
521639174
521614358
521614363
521639175
521639106
521614398
521656124
521656570
521614140
521614121
521639232
521656352
521627104
521625146
521636130
521614534
521656855
521656590
521656557
521614111
521614540
521614550
521656404
521614286
521639128
521625154
521625207
521614323
521656263
521625591
521639169
521656489
521656268
521656436
521625133
521656364
521636125
521614461
521656356
521614477
521656780
521629118
521614535
521656842
521627123
521614379
521656759
521614475
521656609
521656600
521656529
521656658
521656180
521656177
521656504
521614115
521656449
521625579
521625197
521639153
521656395
521639161
521656453
521614357
521656392
521656675
521614152
521656704
521656281
521639111
521614107
521656813
521656860
521656308
521656353
521656556
521656203
521656604
521659105
521636121
521639102
521627117
521614496
521656247
521656754
521648100
521656578
521614393
521614546
521656756
521656810
521656747
521656253
521629152
521614102
521656770
521614503
521614154
521656200
521656269
521656442
521656811
521639399
521656448
521656309
521656603
521656601
521614318
521656277
521625156
521625151
521614406
521656787
521656221
521656596
521614352
521614360
521656185
521656577
521614512
521614365
521636135
521614531
521656599
521614117
521639130
521649115
521656491
521614150
521635589
521656358
521614149
521656576
521656697
521614129
521656444
521656656
521614466
521656767
521649106
521656809
521656413
521656298
521656499
521652192
521625160
521614137
521614569
521625127
521627140
521656130
521614605
521614465
521614376
521636131
521656750
521639398
521627111
521656595
521639134
521656113
521656351
521656782
521656245
521614554
