521871392
521877192
521871273
521844196
521671107
521871157
521871246
521844130
521871275
521844236
521844195
521871466
521878887
521871399
521844122
521864106
521861111
521844163
521871460
521844118
521878108
521844341
521871585
521844585
521871189
521877129
521871365
521861131
521878155
521871184
521844464
521871218
521844347
521871316
521871287
521878126
521671767
521844329
521877191
521844880
521871484
521864116
521844161
521877113
521844393
521844534
521871409
521844381
521671111
521871482
521871334
521864103
521871377
521844583
521844290
521878788
521844297
521871125
521861116
521871120
521862120
521844225
521871338
521871181
521871450
521861105
521871151
521844246
521871414
521871512
521871142
521871509
521871378
521861101
521844622
521871260
521871140
521877164
521844369
521871336
521844442
521866102
521871786
521871135
521844530
521844222
521871413
521871526
521871173
521844113
521864126
521871356
521878117
521844879
521844388
521878143
521844597
521844494
521844300
521871411
521842118
521671106
521871329
521877117
521671115
521844443
521871394
521871332
521844427
521844487
521878211
521671105
521844505
521844294
521844600
521864100
521866101
521871178
521871110
521844220
521844106
521862628
521871564
521871359
521871162
521844306
521844567
521844102
521844310
521877788
521871170
521871386
521844607
521866282
521866100
521842113
521878154
521844542
521871106
521844608
521878136
521871115
521871579
521844103
521844538
521878210
521877128
521844158
521844203
521871523
521878789
521871360
521844299
521871571
521844205
521871427
521871483
521844296
521844232
521844148
521871152
521871614
521866255
521871158
521844362
521878100
521844204
521871475
521878702
521844528
521871355
521871243
521844353
521844536
521871101
521871458
521844372
521871114
521871481
521844764
521877770
521871185
521878115
521844349
521844198
521842116
521844541
521871519
521871417
521844892
521871415
521871220
521844260
521871461
521877112
521871270
521844493
521871406
521871395
521871113
521844243
521871211
521866277
521844330
521871580
521844359
521871795
521871468
521844224
521844550
521871578
521844332
521871327
521871136
521878703
521844105
521844456
521844537
521871380
521877109
521866253
521871507
521871328
521871166
521871566
521871345
521878121
521878790
521878124
521871133
521878785
521844155
521844563
521844602
521844361
521871402
521871498
521871574
521871242
521871736
521871789
521871418
521871437
521878791
521871364
521871768
521877115
521871344
521864105
521844498
521871121
521871487
521871447
521844147
521871102
521844311
521844451
521871425
521844598
521877131
521871348
521871503
521878153
521871382
521871375
521844455
521871324
521877118
521866283
521871262
521844344
521871124
521866256
521871183
521844319
521871469
521866652
521844326
521861135
521871176
521842112
521844594
521871347
521871408
521877149
521871477
521844107
521871446
521844587
521844127
521844178
521878122
521871279
521871453
521844591
521844184
521844307
521844606
521871576
521861109
521866116
521871186
521871845
521871308
521842148
521844584
521842423
521877789
521871570
521844351
521871358
521862100
521844336
521844437
521861132
521871584
521871117
521871735
521878157
521844212
521871139
521871141
521871784
521871335
521871612
521871165
521844201
521871577
521871331
521871190
521844179
521871161
521844452
521871888
521844197
521871549
521844449
521871265
521844405
521871465
521871709
521844531
521871785
521871410
521862101
521871350
521871754
521871547
521844156
521844159
521844453
521844869
521871223
521878102
521864132
521871174
521871108
521844138
521871887
521871144
521871449
521871438
521871513
521871206
521844504
521871232
521864114
521871109
521871727
521871171
521844245
521871474
521866630
521871535
521877137
521844383
521871710
521866280
521871363
521862123
521871642
521844256
521871230
521878103
521871782
521844298
521871199
521871196
521862110
521878700
521871600
521844459
521871404
521877114
521871499
521871686
521844100
521844312
521871201
521844183
521844140
521861104
521844592
521844104
521871520
521871506
521861160
521871467
521871534
521871518
521871692
521671114
521844145
521671108
521844125
521864617
521844356
521871787
521871575
521871448
521871796
521871434
521873747
521871154
521871563
521871522
521844463
521871131
521877139
521844110
521871405
521866115
521878158
521871734
521877108
521844354
521671109
521866650
521844223
521871582
521871581
521871179
521844419
521871137
521871385
521844176
521877126
521871616
521871613
521871471
521877101
521866113
521844385
521862109
521862113
521844263
521877147
521878114
521844609
521871451
521871554
521871168
521862124
521871473
521844320
521844160
521871681
521871357
521871233
521844239
521844350
521871439
521871508
521844267
521866112
521844119
521871241
521844501
521878156
521844291
521844292
521861113
521866111
521844335
521878119
521871153
521866281
521871116
521878137
521871479
521861114
521844590
521871608
521871393
521871797
521878132
521844595
521844244
521871134
521871398
521844229
521844539
521871435
521871167
521871514
521871384
521871342
521871284
521844551
521844182
521844133
521844893
521871551
521844348
521871264
521844806
521871251
521861102
521871138
521844327
521871769
521871783
521844202
521844461
521871504
521871274
521871212
521871553
521871105
521844492
521871343
521878145
521671113
521842100
521871366
521871381
521871452
521866642
521866258
521871401
521844357
521871565
521844295
521842108
521866257
521844506
521871781
521844207
521877148
521844129
521871567
521871552
521844527
521844552
521877105
521871177
521871511
521871379
521871250
521844355
521871217
521871240
521871126
521871283
521844331
521844342
521844603
521844360
521871525
521861128
521844265
521871145
521871127
521871330
521844343
521844540
521871163
521878110
521861112
521866252
521844254
521864111
521878146
521844392
521844589
521844269
521844358
521871373
521871562
521866254
521877140
521871263
521844544
521844186
521844858
521844175
521844497
521844496
521844502
521878123
521844128
521871590
521844503
521871353
521871588
521871315
521871118
521844120
521844564
521871485
521871463
521844328
521871708
521844293
521871788
521878159
521844404
521878116
521871156
521844371
521871236
521844258
521844881
521844352
521878701
521844532
521871239
521871572
521871568
521871202
521844533
521871556
521871756
521844870
521844174
521671110
521871111
521844484
521877136
521871459
521844444
521844499
521878125
521878162
521871172
521871480
521861798
521871524
521844340
521871219
521844599
521871234
521844314
521866107
521844139
521878111
521871403
521877190
521844126
521862127
521866651
521871149
521871354
521871281
521844495
521671101
521871188
521871470
521844213
521871307
521871362
521877116
521871391
521844460
521877793
521844121
521861126
521844173
521871412
521671112
521844448
521871100
521877165
521844206
521871743
521844808
521871107
521871103
521871536
521871516
521871573
521844368
521844233
521871235
521844228
521871372
521844559
521871369
521844543
521871886
521864102
521871388
521844218
521871333
521871502
521878147
521871457
521871755
521871221
521844227
521862102
521844370
521871305
521844807
521862629
521871160
521844208
521844259
521871104
521861110
521866638
521871462
521871400
521871387
521866643
521844146
521877163
521871266
521878148
521871521
521871200
521877103
521871261
521844238
521844334
521871583
521878138
521871464
521878770
521878135
521878109
521844318
521871280
521844535
521871164
521844185
521844221
521844668
521871269
521842101
521844101
521871132
521844588
521844240
521877146
521844132
521871346
521871476
521871351
521871428
521844390
521871371
521871326
521844219
521844554
521878133
521877100
521871416
521871586
521871501
521844667
521871226
521844264
521862111
521871231
521844593
521844211
521871436
521871143
521871396
521871277
521871422
521878209
521871407
521842115
521844586
521877792
521871198
521844529
521871615
521871397
521871517
521844604
521844157
521877120
521871122
521871349
521871505
521861108
521871112
521871383
