521556338
521559161
521553080
521556055
521551932
521553786
521557836
521554917
521556248
521552901
521552821
521554332
521554826
521558140
521554386
521553951
521554355
521556368
521554338
521551939
521557371
521559147
521552418
521554892
521554462
521554343
521554852
521554223
521553664
521557352
521554145
521554936
521556093
521552877
521556540
521558009
521557441
521552819
521553499
521553250
521554380
521554905
521557540
521558334
521558776
521551259
521557673
521554854
521553354
521551127
521556673
521557662
521553123
521554556
521553841
521558415
521555105
521556446
521552016
521553584
521553580
521552551
521553901
521551602
521552200
521556899
521558442
521551505
521552265
521553143
521556529
521551122
521551528
521556874
521552864
521554048
521553935
521554346
521551284
521554716
521552054
521557181
521558564
521554810
521551483
521557337
521558459
521557416
521556295
521556787
521554359
521552417
521552566
521558400
521553562
521554949
521551149
521558326
521558193
521551506
521554030
521552184
521558336
521556901
521551761
521553398
521556802
521554890
521554554
521553217
521551882
521556892
521558516
521552405
521551808
521554415
521553360
521552848
521557201
521556228
521553107
521556317
521553132
521557488
521556404
521553859
521552940
521558763
521551263
521558541
521558354
521557365
521555214
521551907
521551883
521551775
521558371
521557513
521551682
521552946
521557658
521557544
521551651
521554636
521552783
521558487
521552677
521551024
521556875
521557814
521552687
521554474
521551155
521555289
521558721
521553555
521554887
521554316
521553535
521553181
521556688
521552050
521551296
521557066
521551333
521554492
521557783
521554562
521554034
521556025
521556774
521556153
521554500
521556464
521556434
521552800
521552140
521553553
521557870
521554309
521551230
521554725
521558385
521553934
521556483
521552726
521556471
521551512
521557983
521558460
521555198
521555902
521552758
521553038
521551531
521554641
521552196
521553792
521553677
521552048
521553703
521554395
521552329
521552264
521555460
521552328
521557171
521553919
521553280
521558295
521558321
521557661
521553403
521557903
521553359
521558328
521553460
521554507
521558732
521556064
521558796
521551278
521555076
521559121
521557871
521554436
521553408
521553127
521554517
521551690
521553131
521552869
521553517
521552880
521557942
521557902
521553390
521551488
521555274
521553434
521551437
521558538
521553762
521553929
521557863
521557913
521556816
521553633
521554453
521555157
521557505
521557606
521555418
521558583
521557880
521557868
521556211
521553481
521553756
521554361
521558333
521554820
521553860
521554027
521551227
521556613
521554215
521553879
521558217
521557557
521554993
521556185
521554638
521551934
521554376
521552718
521552529
521552177
521556799
521552377
521556494
521552042
521554296
521552662
521556930
521553857
521554572
521552409
521551743
521556908
521553493
521558676
521552137
521553265
521558454
521551300
521554447
521554214
521552920
521557898
521554499
521553910
521557843
521557885
521552751
521554379
521558829
521556444
521554468
521552889
521553335
521554609
521552528
521551679
521553150
521552280
521558142
521557635
521558809
521554696
521554795
521552654
521553079
521554023
521554577
521558548
521558409
521554584
521557925
521556758
521554952
521553521
521554513
521556134
521556607
521558005
521557914
521553197
521559109
521556489
521551920
521551306
521556888
521556034
521556699
521553073
521557802
521552433
521551609
521558685
521558228
521551842
521558221
521558607
521556036
521552058
521551495
521553085
521553281
521554491
521554996
521553456
521556184
521553346
521551092
521552022
521557172
521554459
521554108
521557720
521552689
521551020
521553448
521556865
521551292
521556988
521557910
521553839
521553956
521553897
521552575
521554791
521554675
521558126
521551080
521558303
521551459
521555031
521557485
521557727
521558482
521556173
521556373
521555210
521553011
521553785
521553295
521554063
521552555
521558309
521553395
521558478
521556669
521558493
521559104
521554929
521556979
521553902
521556336
521556105
521556200
521553053
521553463
521554718
521557302
521555190
521554174
521554920
521553966
521557399
521554065
521557405
521558299
521551176
521556877
521551947
521557723
521556477
521554587
521552713
521559108
521556325
521553522
521551956
521557136
521558562
521552981
521553026
521558504
521554647
521554939
521553717
521556609
521556324
521551703
521551074
521553950
521557169
521551987
521556630
521557982
521556735
521554591
521558815
521556233
521558581
521551019
521554515
521558359
521551930
521557859
521553171
521553383
521553235
521553747
521556126
521551160
521556191
521558826
521554678
521558391
521557548
521555504
521553906
521551091
521554729
521555505
521552870
521557919
521557069
521552950
521554310
521553077
521552736
521554601
521553863
521553529
521554298
521553371
521557543
521555195
521557904
521556212
521552017
521557380
521556330
521552181
521553040
521553796
521554358
521556231
521551076
521556791
521553388
521554811
521553487
521554127
521557282
521554458
521558733
521558835
521558483
521553730
521553169
521557476
521552962
521556287
521554087
521556006
521554488
521556333
521557751
521554594
521554922
521555478
521552988
521554870
521554843
521553938
521554526
521552991
521557378
521552014
521556562
521552983
521553439
521558176
521552912
521554832
521558110
521556500
521558236
521553505
521553435
521558254
521554078
521556061
521557068
521551581
521553698
521553967
521557470
521558432
521551973
521556420
521554056
521552802
521553172
521555413
521552805
521551215
521552047
521553349
521554933
521555508
521556975
521552922
521558586
521553378
521551975
521558689
521557719
521556775
521555403
521553081
521554178
521558545
521551281
521551681
521553192
521556160
521554031
521554475
521557177
521551189
521557881
521558096
521551199
521557178
521551007
521557180
521556615
521552853
521553758
521554954
521556468
521553389
521551211
521554542
521553148
521556506
521557900
521557671
521559141
521552930
521552561
521551228
521552039
521551003
521553989
521556164
521554238
521553163
521556742
521557848
521558088
521551096
521554138
521556970
521558115
521557531
521558579
521558615
521553445
521556226
521552863
521552412
521556691
521554560
521553311
521553661
521553679
521553737
521556129
521554256
521558338
521553232
521554945
521553158
521551961
521557344
521553022
521553283
521554278
521557975
521554252
521557412
521553583
521559165
521551247
521553865
521554442
521552111
521554568
521556707
521553016
521557222
521551768
521551636
521551815
521551631
521551655
521554377
521551198
521557166
521552967
521552171
521553903
521558507
521553483
521557077
521553254
521553551
521558559
521552728
521554805
521553955
521554847
521555826
521551529
521554816
521552027
521554224
521553246
521551969
521553273
521559124
521552731
521554840
521553231
521551860
521554008
521554942
521551510
521551845
521557495
521553923
521552394
521552019
521553443
521551492
521556690
521555454
521554766
521552771
521554131
521552532
521552493
521557780
521551536
521552663
521554785
521554050
521551863
521559190
521552336
521552816
521553775
521557992
521551688
521556321
521553426
521557681
521556499
521553595
521552415
521558642
521552768
521557928
521557404
521552667
521554865
521556210
521553866
521558554
521558049
521554276
521557388
521554965
521551837
521558474
521558094
521554035
521552899
521551618
521551974
521552082
521552110
521556911
521557950
521551013
521557610
521552303
521553055
521551235
521555410
521555381
521552413
521557961
521554911
521557846
521552534
521557225
521558078
521551420
521552113
521557525
521551929
521556166
521552295
521554877
521551457
521554731
521556072
521559163
521558573
521553523
521553916
521557289
521556159
521553278
521554643
521557645
521551870
521554498
521551140
521556967
521553057
521555288
521552479
521557448
521551818
521551254
521558623
521559195
521552868
521558233
521557473
521553288
521554727
521556654
521552248
521558252
521556023
521552665
521559169
521557620
521552352
521552010
521553244
521552089
521551914
521551179
521557435
521553895
521557817
521553267
521557397
521553370
521552360
521556442
521554072
521553234
521557560
521552810
521551892
521558319
521555499
521551097
521556180
521553574
521556000
521559146
521557517
521551288
521551232
521554990
521554051
521553230
521556619
521553920
521554466
521552843
521553142
521554807
521556009
521553579
521556428
521553419
521551632
521552898
521554698
521553964
521552993
521553575
521554289
521556457
521557849
521552294
521553829
521552172
521556421
521554450
521556177
521556447
521553164
521558369
521554673
521553530
521556531
521557559
521554695
521555498
521552653
521556781
521554077
521554011
521553949
521552324
521552704
521553469
521558575
521557639
521553339
521558759
521553372
521552277
521556355
521551143
521553606
521556078
521553882
521554054
521553031
521552951
521556486
521554778
521558342
521558061
521551594
521554024
521551535
521557008
521558552
521553527
521556815
521558476
521552446
521551908
521552102
521553030
521558781
521552194
521558345
521551617
521556805
521554028
521553875
521557510
521554217
521557940
521553195
521554129
521557549
521553842
521553190
521551504
521554523
521554908
521552556
521555495
521553591
521551195
521556663
521552241
521556041
521556695
521556508
521556419
521554472
521558778
521551455
521554540
521558075
521558204
521551685
521554653
521551028
521557426
521553357
521553963
521553400
521559186
521558010
521553048
521554227
521556866
521556172
521556136
521558276
521553467
521556145
521558147
521554894
521554861
521554856
521555053
521556476
521553072
521553676
521554651
521554962
521557300
521557434
521551831
521553876
521554724
521556098
521554787
521553928
521557191
521556026
521558603
521553659
521552302
521556068
521558274
521557991
521557324
521558393
521553182
521553635
521557896
521556629
521556473
521552792
521555177
521552321
521553888
521558020
521557978
521558123
521557986
521558209
521557934
521554254
521553379
521553512
521553211
521556493
521554525
521552306
521553145
521556422
521558804
521552320
521556292
521554322
521557831
521553707
521551023
521553218
521554130
521557292
521554606
521557608
521557214
521553257
521556288
521552091
521558054
521557628
521558770
521554388
521558814
521552149
521553856
521554368
521556318
521556882
521551153
521554280
521556981
521558693
521554524
521557360
521558532
521556162
521553861
521557355
521552661
521551607
521552296
521556601
521553482
521554535
521556939
521556503
521557865
521556524
521552664
521554736
521552059
521556694
521554902
521551044
521553862
521557498
521554465
521556544
521552671
521551246
521553546
521554958
521552886
521556203
521557122
521557310
521556413
521554006
521557117
521558429
521554262
521552979
521555450
521558033
521558705
521556579
521558386
521558683
521557011
521553436
521553471
521553494
521558134
521557144
521554759
521552020
521551859
521552269
521552678
521556576
521552907
521553331
521551637
521553491
521556433
521558691
521553059
521553930
521557342
521551079
521558783
521558563
521554446
521557660
521552333
521556425
521558370
521554259
521552450
521552699
521558015
521554784
521557192
521552490
521554966
521554648
521552066
521558106
521554277
521558766
521556504
521557188
521556344
521551750
521555415
521552056
521556436
521558703
521552203
521553464
521557082
521552966
521557338
521554708
521554848
521553704
521552314
521553761
521553159
521551201
521551698
521554070
521552538
521557893
521551297
521551489
521553233
521551099
521552118
521553797
521552965
521557182
521556487
521555944
521558746
521559105
521553407
521553413
521557929
521555199
521557985
521551171
521551196
521552094
521553731
521551597
521557431
521552130
521551916
521552823
521558103
521558302
521553632
521558195
521551493
521558565
521552362
521553078
521558616
521552807
521557816
521554918
521554260
521558226
521556349
521551499
521552773
521553892
521551480
521555153
521552191
521556752
521553503
521552034
521553605
521555402
521558122
521552896
521552363
521552284
521554080
521558408
521551972
521557503
521557185
521558130
521552725
521554075
521552812
521554179
521558441
521556120
521558300
521556990
521558178
521551645
521557522
521556255
521553315
521556110
521552053
521555040
521553560
521555474
521551152
521554094
521552695
521554878
521557568
521556375
521557890
521551010
521559192
521552506
521557911
521556684
521556096
521558012
521553777
521556655
521555073
521551436
521557901
521551178
521553393
521551574
521553140
521556223
521554126
521558037
521558498
521553420
521554351
521553918
521551479
521555409
521553570
521557138
521554818
521557664
521557922
521558700
521556502
521551702
521553297
521552949
521559103
521559196
521553936
521553293
521556561
521556857
521557226
521556435
521554009
521554919
521556437
521552879
521554776
521558451
521556671
521558578
521558394
521553333
521555178
521558199
521551729
521557149
521552117
521557686
521553488
521555502
521554866
521556873
521556605
521552915
521557339
521552557
521554364
521554913
521554732
521554528
521554068
521556980
521558686
521554585
521551112
521558577
521554387
521551191
521551385
521558225
521556117
521558540
521551591
521554093
521553458
521556491
521551210
521551979
521554901
521557850
521554250
521554099
521554796
521552571
521553514
521558259
521551172
521557208
521556003
521558206
521554582
521552769
521557353
521551723
521558006
521551732
521553887
521551701
521553058
521551279
521554315
521557711
521553836
521552986
521558304
521553706
521551835
521552422
521552353
521554175
521553643
521551778
521553745
521552752
521558996
521558473
521551760
521553428
521551877
521552766
521557858
521553525
521552383
521557131
521556168
521551880
521551308
521558322
521556289
521557418
521554613
521553397
521554086
521556602
521551047
521553133
521558238
521556528
521557425
521556870
521558419
521557049
521556686
521558455
521551090
521556347
521557099
521552904
521553417
521554760
521556215
521553751
521554536
521558750
521556936
521557835
521558803
521551629
521558127
521556337
521554290
521554937
521557449
521553489
521554234
521556515
521558398
521552811
521552913
521557345
521552189
521558169
521552742
521558775
521551478
521552368
521556150
521553135
521554775
521553146
521552153
521554789
521551270
521557805
521557507
521551746
521552267
521556103
521552337
521554460
521552419
521556521
521557073
521555496
521558286
521552192
521552851
521551424
521551469
521552866
521554874
521557832
521557150
521551048
521552316
521553166
521553213
521552481
521558481
521556915
521551991
521556917
521555907
521555904
521558251
521558194
521556497
521554494
521554301
521553917
521556465
521551188
521556564
521552676
521557958
521553109
521554838
521551806
521552559
521551138
521552072
521553025
521558312
521552806
521554117
521556982
521553201
521557496
521553941
521555943
521553051
521553200
521558569
521553241
521552425
521556485
521551576
521557725
521557546
521557509
521558390
521554502
521556677
521557109
521551473
521558480
521554719
521551725
521557137
521552025
521551303
521551642
521554879
521552708
521553492
521557941
521558372
521557512
521557603
521553137
521556414
521558245
521552358
521558180
521551687
521557811
521555493
521551589
521551623
521553117
521551796
521551590
521553496
521556766
521555158
521557206
521558335
521553226
521559122
521554516
521558107
521554951
521553136
521557215
521554598
521556914
521553215
521558780
521551851
521557979
521556534
521555215
521556965
521551867
521558404
521552220
521554876
521552496
521558237
521558172
521557421
521558060
521554176
521551677
521554888
521551304
521557231
521551801
521553675
521552578
521554544
521553528
521558591
521553461
521558034
521556512
521551137
521557862
521554482
521551275
521557009
521552128
521554621
521558298
521554642
521551906
521555185
521554084
521559123
521554645
521551434
521552259
521558144
521556622
521553356
521552989
521551792
521558189
521555465
521557351
521553881
521554907
521551216
521557847
521554825
521551242
521553444
521554177
521556960
521551257
521554281
521557944
521551133
521558198
521551809
521558675
521553958
521551427
521554064
521559166
521551305
521551925
521553566
521552562
521553931
521552372
521557551
521551781
521553788
521558041
521552882
521559187
521556069
521554448
521557943
521558141
521554039
521553415
521557175
521556334
521552411
521552131
521552435
521558224
521554846
521551264
521557184
521554602
521552070
521553017
521557500
521554079
521556109
521558160
521554981
521554483
521553655
521555167
521557294
521553913
521554531
521557456
521553908
521558241
521553784
521556986
521556123
521557273
521557755
521552342
521557636
521551273
521552987
521557829
521551177
521556680
521557333
521558773
521553263
521556898
521553650
521557759
521552311
521551911
521556727
521554616
521552906
521557478
521554605
521557804
521554812
521551400
521557013
521557336
521553457
521554455
521552115
521554486
521552366
521556761
521553781
521551986
521558681
521554707
521551482
521557390
521557625
521552892
521555507
521554003
521557866
521552780
521554055
521555458
521554959
521556169
521554683
521559125
521551438
521556672
521554339
521558146
521558827
521552389
521551619
521551978
521556193
521556745
521555056
521551834
521551021
521558618
521558346
521555973
521556339
521556035
521552325
521552431
521552761
521553045
521552533
521554363
521553029
521554589
521557877
521551780
521558064
521557888
521553811
521551289
521553264
521558340
521553581
521554270
521551463
521556058
521558648
521554859
521556449
521552903
521557383
521553791
521557694
521555197
521554634
521558014
521557972
521558128
521558469
521558352
521553299
521555434
521552970
521556894
521558362
521554765
521553431
521557186
521558831
521553409
521558355
521558357
521552885
521551287
521556376
521552727
521556962
521556118
521551773
521551193
521552380
521551030
521557555
521556346
521556359
521558748
521553516
521554932
521552737
521552936
521556514
521558039
521553260
521555946
521553554
521554757
521556964
521559164
521553285
521556410
521552703
521553152
521553015
521554091
521554682
521558101
521553767
521553894
521557895
521558183
521558347
521556983
521557828
521552739
521556658
521554509
521557851
521551615
521558738
521552331
521558598
521552233
521553392
521551147
521552842
521557276
521557296
521558420
521551689
521552729
521557565
521551119
521558529
521558348
521554590
521553344
521556247
521552245
521558109
521558401
521554758
521558680
521554928
521553454
521553663
521554761
521551917
521554522
521558344
521553422
521555995
521559168
521552711
521552784
521557332
521557729
521553037
521554835
521557469
521554985
521554841
521551652
521558168
521558102
521552844
521553225
521552069
521551174
521554381
521553177
521552874
521556005
521553502
521553653
521553275
521557834
521552684
521556358
521555945
521555404
521552371
521558768
521556125
521552830
521553112
521553782
521552201
521556399
521558724
521557120
521556667
521557012
521551430
521553243
521556535
521558840
521554137
521558131
521556402
521551111
521552765
521553960
521552957
521557949
521556415
521552873
521551268
521556498
521553840
521554294
521553878
521556135
521553940
521553854
521551004
521554258
521551448
521554734
521554242
521554607
521551182
521554831
521555471
521554764
521554266
521553702
521552672
521556398
521552440
521551077
521551759
521553227
521558677
521556048
521557228
521556017
521551146
521553466
521556687
521556202
521554666
521557855
521554850
521557010
521553385
521554132
521553121
521554293
521557630
521555337
521551245
521552994
521552085
521557468
521553515
521554366
521554512
521557290
521558151
521551922
521557721
521554228
521551601
521558045
521551145
521555991
521554938
521557789
521555064
521553018
521552144
521552954
521551744
521554527
521554863
521551647
521557853
521558174
521559111
521551290
521558186
521556543
521551578
521557334
521556089
521552492
521551475
521558280
521554552
521554304
521557461
521557801
521558366
521551935
521554233
521558416
521557075
521558509
521551639
521552530
521557528
521558243
521558003
521552788
521552381
521558485
521553552
521558200
521556418
521558019
521556697
521558031
521556817
521551238
521551526
521558468
521553648
521551919
521557717
521555050
521556557
521554991
521557932
521552540
521554299
521558802
521553261
521557229
521552357
521552655
521551476
521552744
521551899
521553381
521551441
521554392
521556440
521551582
521557224
521553366
521554269
521556290
521554331
521556372
521556932
521557921
521555997
521551502
521557367
521552574
521554961
521552796
521554883
521557111
521557617
521555156
521551431
521554032
521553798
521553065
521558508
521554061
521554344
521556518
521556142
521556624
521554327
521555104
521551954
521553705
521558812
521557113
521558706
521553007
521558635
521554257
521553429
521551866
521554467
521556051
521554347
521551501
521554558
521558397
521557465
521557515
521554271
521552243
521554772
521559110
521551418
521552929
521553173
521551221
521557462
521553450
521554456
521554574
521551012
521554802
521556776
521558720
521556178
521553816
521554308
521554101
521556204
521553332
521558216
521554872
521555193
521557715
521558148
521552698
521553013
521553760
521552564
521557415
521552847
521553291
521552822
521557674
521555807
521555275
521553896
521551985
521551887
521557800
521551410
521551959
521557007
521554906
521552767
521553014
521552204
521557908
521553043
521557490
521556906
521553314
521554470
521553563
521553585
521557995
521556405
521551824
521554337
521554292
521556509
521554893
521557897
521557396
521556708
521555042
521555057
521556912
521551309
521553139
521555045
521554476
521555054
521554656
521558136
521556213
521556067
521553424
521557084
521557561
521557420
521558161
521551249
521557362
521552021
521553196
521556158
521554916
521554667
521554497
521553669
521557486
521557613
521552673
521553404
521554328
521557516
521554045
521556302
521554664
521556940
521553674
521556332
521554511
521555069
521552318
521556976
521553558
521554940
521553375
521557909
521551486
521554046
521557607
521554670
521558118
521553012
521551822
521556431
521555509
521558672
521556012
521553292
521554487
521558453
521553294
521556895
521557838
521558479
521557432
521558556
521551795
521556091
521554504
521557615
521553259
521558388
521558687
521556342
521557697
521554546
521558179
521552968
521556209
521552182
521554081
521554005
521557143
521558291
521552087
521553130
521553221
521552261
521557121
521554833
521551811
521552697
521554612
521554549
521556128
521557401
521557981
521552508
521554105
521553694
521554769
521554237
521552198
521551565
521558222
521552218
521552444
521558135
521554686
521551277
521558684
521557424
521553909
521554480
521554813
521553597
521551606
521558257
521554464
521551291
521553900
521551592
521554323
521553262
521553509
521553500
521552786
521551813
521554265
521553944
521554010
521553290
521554044
521555466
521552067
521558305
521556617
521554439
521558153
521553472
521554881
521555192
521558731
521553586
521556227
521554668
521558185
521558069
521557614
521553532
521553498
521558360
521556710
521556199
521554026
521557327
521559198
521556059
521554537
521558484
521556777
521552092
521551829
521555152
521553114
521556294
521557506
521558694
521555168
521559142
521554484
521551032
521553251
521555332
521557335
521554948
521552712
521556179
521554463
521557996
521552088
521557083
521558816
521552569
521553741
521551868
521558611
521553559
521554565
521556941
521551890
521558679
521558426
521551451
521552369
521556696
521551654
521556800
521558330
521553066
521553732
521551742
521556913
521558353
521556183
521556115
521558139
521552754
521557714
521556316
521558389
521558567
521557127
521558533
521557444
521558719
521557452
521558150
521557696
521556087
521551098
521553825
521553652
521553401
521556492
521553826
521554773
521558084
521557071
521552179
521557400
521553890
521557067
521558013
521552349
521553817
521553105
521554925
521553755
521556206
521553772
521552722
521558834
521551910
521557939
521557080
521554561
521557386
521556016
521551049
521551692
521558023
521558470
521556749
521554097
521551861
521558381
521551372
521555213
521558414
521553662
521554297
521556146
521551898
521552359
521553047
521554672
521556653
521558821
521557381
521551586
521556853
521554799
521556082
521558412
521551192
521556163
521557764
521551805
521557935
521555917
521551901
521558279
521551770
521551804
521551132
521557373
521556133
521552416
521553904
521555453
521553104
521553313
521551414
521552861
521552081
521553377
521557930
521556662
521552347
521558506
521553470
521552281
521558158
521551029
521551421
521552247
521554885
521555468
521552260
521554090
521554914
521551307
521558698
521558329
521553629
521557152
521553672
521551293
521554851
521552972
521556616
521554240
521553237
521554674
521554232
521555464
521552270
521557637
521556969
521554553
521558125
521557200
521554829
521556634
521552914
521554284
521551081
521553899
521558170
521556322
521558166
521553345
521551260
521553245
521558515
521551678
521552393
521552762
521557634
521554845
521554697
521558561
521553666
521552038
521558837
521558365
521554393
521551624
521557839
521554980
521558820
521558234
521557063
521558428
521557279
521554669
521556818
521555903
521557656
521557407
521553925
521557646
521556810
521557167
521558171
521558619
521555501
521553269
521551142
521555933
521554342
521552240
521554128
521556039
521551705
521556935
521553915
521552326
521558833
521553476
521556149
521551353
521558741
521555965
521552498
521556219
521553124
521551776
521552955
521556217
521553508
521556455
521553134
521558055
521556208
521553222
521558317
521555191
521557198
521552298
521556111
521554934
521558424
521554047
521556151
521551798
521556789
521558048
521558137
521551237
521551731
521557450
521551072
521557072
521552254
521553271
521552694
521554808
521552706
521554514
521551511
521551881
521556511
521558605
521553405
521556188
521557354
521552531
521556872
521552526
521551827
521558083
521554067
521557153
521553270
521557384
521557349
521558062
521554687
521558477
521559162
521554903
521554157
521553441
521555184
521557966
521552242
521556698
521554619
521552862
521552399
521553373
521556703
521557369
521556328
521552272
521552028
521558264
521551608
521558828
521558674
521556623
521552757
521557322
521556614
521553249
521556505
521558407
521553787
521557803
521556675
521551872
521558004
521553822
521553587
521552285
521554501
521553001
521554213
521552527
521557343
521551089
521552772
521551684
521557959
521557455
521552244
521552741
521552846
521557491
521551093
521555408
521557504
521557667
521557998
521553188
521556625
521558406
521556138
521552008
521555435
521556738
521557394
521555432
521558576
521557303
521551022
521553103
521558167
521557854
521555467
521554763
521553239
521553119
521554950
521554927
521551407
521552961
521557534
521552858
521557234
521554111
521557060
521552199
521553853
521553021
521553507
521557852
521552933
521551465
521551116
521553440
521556225
521558212
521556102
521556438
521553402
521555461
521554066
521552668
521553010
521552219
521558208
521558384
521556704
521557526
521555163
521556905
521557410
521552952
521553382
521551567
521552071
521552293
521557519
521557869
521552246
521557632
521557879
521551121
521553724
521557233
521553126
521554713
521552801
521553049
521553637
521557112
521556884
521553660
521553850
521558235
521557657
521558095
521558197
521557518
521557668
521552817
521558805
521551783
521552714
521554797
521558695
521557659
521554083
521552005
521553776
521556090
521554156
521551626
521553567
521553224
521557195
521557275
521556482
521557142
521557511
521555451
521558518
521554062
521551294
521556427
521555164
521558356
521557417
521556861
521556207
521551435
521552106
521557472
521557479
521557923
521552004
521552770
521558510
521551924
521558702
521554082
521557475
521558617
521552273
521551156
521557680
521558765
521558543
521553296
521556029
521552365
521551784
521556683
521554593
521551481
521554506
521558008
521554349
521556855
521551650
521557530
521558327
521556760
521551197
521552133
521553722
521551073
521554637
521553364
521558032
521557048
521555067
521551527
521558761
521556256
521551803
521557487
521551186
521553070
521554982
521558156
521553149
521558275
521558708
521553518
521556523
521557164
521554904
521554295
521554235
521551697
521554569
521551005
521552535
521557392
521551161
521551649
521554020
521555401
521554360
521554578
521557993
521554984
521556450
521552436
521557882
521557176
521552375
521552865
521556079
521553645
521556963
521554551
521553883
521553111
521552746
521557190
521557499
521552856
521553479
521558743
521552976
521556335
521554899
521551696
521552278
521553921
521557709
521558644
521557666
521554330
521552136
521556104
521557466
521555324
521555194
521557684
521555099
521557440
521552134
521554547
521553446
521557406
521555159
521556578
521557872
521553510
521557438
521556582
521554283
521551915
521556610
521552724
521556757
521554246
521556170
521551446
521552948
521554830
521553497
521552760
521556973
521552565
521558099
521554085
521558786
521554889
521557810
521553651
521556804
521557368
521557227
521553248
521554976
521551406
521551575
521553168
521556205
521552685
521554013
521557626
521557529
521553046
521558475
521552542
521551522
521558599
521558211
521558308
521557221
521553205
521553437
521556112
521552997
521554352
521556608
521552286
521553253
521557274
521553680
521557756
521551644
521551095
521558825
521554519
521558745
521558349
521551449
521557393
521557483
521558546
521552065
521551622
521557809
521556472
521557086
521552378
521552470
521554267
521552343
521554715
521551299
521557422
521558092
521553102
521554882
521557722
521558806
521553735
521558528
521556890
521552550
521552036
521551948
521554321
521556620
521556122
521555433
521558439
521553743
521558813
521551014
521558542
521552334
521552905
521558367
521552077
521552709
521556759
521553957
521557110
521554049
521552747
521557669
521551415
521553406
521552813
521558772
521553565
521552900
521552062
521551747
521553971
521556084
521557395
521554896
521552335
521557750
521553534
521554530
521554592
521554303
521558584
521552414
521553927
521552400
521554604
521556406
521551800
521552943
521557999
521556230
521553289
521553279
521558087
521558223
521552206
521552797
521554135
521554837
521552803
521553946
521555032
521558076
521553790
521553138
521552854
521553638
521552180
521551507
521558021
521554921
521553418
521551931
521556458
521554559
521558520
521554717
521554532
521559139
521557874
521553646
521554015
521558028
521556581
521554828
521556554
521555436
521558445
521554762
521551981
521554088
521556756
521558410
521555059
521553905
521554555
521553701
521553572
521558402
521553610
521557988
521557492
521558519
521556453
521552068
521553082
521554371
521553912
521553922
521558433
521552305
521554721
521557291
521555430
521554679
521556536
521556516
521553678
521556786
521551965
521553880
521556479
521558587
521558490
521552523
521554069
521553115
521551856
521552447
521557785
521551218
521556942
521554586
521551976
521552442
521557638
521552057
521557309
521555146
521551131
521553449
521551170
521553247
521552006
521551417
521556190
521552386
521554451
521551897
521554190
521557376
521553100
521557611
521558537
521557409
521553744
521553153
521554710
521556856
521554839
521553116
521557442
521554230
521553749
521552546
521556116
521557427
521557193
521556784
521557539
521551596
521557493
521557990
521554930
521553284
521556047
521553350
521551830
521557989
521553223
521552850
521555472
521558351
521553162
521558764
521558723
521552969
521556966
521559144
521558791
521552084
521551445
521553681
521554495
521552675
521556900
521552656
521551955
521554821
521554946
521556010
521551821
521552748
521551523
521554614
521556867
521551843
521553161
521553412
521556806
521554384
521552577
521551411
521558068
521552187
521552271
521553774
521558574
521554798
521551921
521557532
521558097
521558782
521556580
521551928
521553649
521552710
521557633
521555457
521556341
521555058
521556474
521553858
521554957
521557757
521554422
521557683
521558149
521553358
521556004
521556702
521556222
521552018
521556902
521552787
521558396
521551301
521552825
521551283
521556137
521556879
521554947
521558726
521557688
521557784
521558218
521551194
521551621
521556094
521551927
521556367
521556858
521557537
521558143
521552985
521553725
521558838
521551836
521553156
521556329
521552776
521556527
521556101
521553783
521558535
521551466
521553545
521556467
521557556
521556783
521551118
521552439
521556224
521553656
521557196
521557379
521552798
521552292
521551464
521552401
521552963
521551889
521553670
521556097
521557403
521558471
521553830
521558570
521551977
521556106
521551534
521556243
521551110
521553298
521553374
521555155
521551568
521557375
521555145
521552032
521558580
521558495
521554842
521558536
521554089
521557547
521554794
521559107
521556021
521558100
521552945
521551752
521552964
521553129
521551885
521551053
521554566
521556429
521558489
521553997
521552090
521552897
521554353
521551638
521558089
521552795
521551769
521552170
521552079
521558760
521552250
521552139
521557631
521551027
521552669
521557389
521552398
521553812
521554226
521557864
521553086
521557460
521551807
521558263
521553075
521551572
521552003
521552339
521554783
521553459
521554263
521551070
521557218
521553759
521552895
521551937
521551422
521558277
521559193
521555930
521552274
521551274
521554489
521554792
521557204
521553495
521558182
521556020
521552186
521552086
521556038
521558523
521553754
521559189
521558071
521553274
521551150
521558606
521552251
521558553
521554663
521552441
521553823
521555463
521557807
521554793
521557618
521555497
521557916
521551587
521554583
521554926
521553556
521557619
521551158
521551058
521552536
521551766
521552887
521552553
521558774
521556501
521558282
521556740
521555098
521552175
521558449
521553430
521557907
521558248
521551970
521558818
521554953
521553376
521556670
521557718
521558710
521551491
521556665
521552893
521554771
521554660
521553576
521556854
521557501
521554853
521553342
521552309
521552597
521557458
521553175
521553242
521558682
521552396
521554420
521554461
521553202
521558742
521552935
521551423
521552755
521552374
521558514
521552410
521552749
521556040
521556689
521556018
521556195
521557134
521557663
521551405
521552428
521556182
521556257
521558108
521553752
521558395
521553524
521556532
521552831
521556809
521551485
521558762
521554538
521551820
521551384
521556095
521558836
521557248
521552424
521556201
521558229
521554720
521552205
521551134
521556977
521551627
521558604
521555494
521552507
521556357
521551683
521557571
521558707
521553229
521556522
521556755
521552670
521553658
521558646
521558422
521555437
521558450
521559167
521551751
521551129
521555476
521551826
521552427
521552521
521556541
521557293
521558704
521552392
521554340
521554221
521552093
521551078
521551789
521552319
521558058
521553778
521552745
521557366
521556657
521552255
521554706
521556108
521551396
521558727
521553593
521558392
521551190
521552178
521551802
521554635
521551905
521551335
521556520
521554733
521553421
521556043
521556099
521553035
521558040
521557833
521556762
521556618
521552408
521554389
521555477
521551109
521551267
521553050
521557151
521553068
521553071
521551812
521552011
521554688
521555075
521551173
521556778
521551891
521556181
521554012
521553228
521552344
521557436
521556353
521558643
521555183
521554060
521552304
521553416
521558824
521554391
521552723
521551425
521555800
521556083
521554041
521553165
521557325
521552925
521553052
521554454
521556249
521551286
521555007
521552820
521553926
521554639
521554703
521554855
521551059
521557873
521551126
521552176
521558247
521558417
521554563
521552315
521554610
521558152
521557875
521556565
521556454
521551640
521554967
521554140
521557217
521555909
521557081
521555407
521558242
521559197
521556659
521556656
521551853
521552884
521555400
521557232
521558739
521552971
521552049
521554690
521553433
521556753
521557348
521559188
521552572
521556878
521558066
521557753
521554312
521554873
521557347
521557194
521551699
521557061
521556323
521553734
521553569
521554822
521553750
521552756
521557107
521556403
521556507
521556074
521554219
521558138
521555331
521557915
521552944
521551241
521556252
521553240
521554313
521558830
521554508
521558550
521552301
521552055
521557146
521551471
521556801
521552083
521551583
521553504
521552043
521556080
521557477
521552721
521552407
521551258
521553818
521556343
521554880
521557564
521552024
521553838
521551875
521557520
521556987
521554834
521554341
521554043
521557283
521551458
521554282
521559101
521553204
521552828
521554581
521556077
521554671
521552323
521556412
521552193
521557889
521553141
521552023
521554912
521551791
521551585
521556370
521553316
521554058
521554274
521551213
521552560
521554354
521556085
521553386
521555416
521551148
521557713
521551026
521552505
521557179
521557321
521555503
521558499
521553384
521554956
521554036
521558524
521558531
521551895
521551577
521551841
521551878
521554362
521556751
521553069
521554372
521553039
521553367
521556156
521556088
521558255
521557924
521552818
521552044
521556779
521551971
521558227
521556100
521554365
521553209
521553353
521554370
521553647
521553636
521554518
521554496
521551983
521553155
521553084
521553821
521554968
521558430
521556119
521554095
521558056
521557147
521558737
521558688
521556152
521558256
521556113
521558444
521552548
521557459
521556737
521554915
521554112
521557765
521553983
521558249
521554548
521552808
521554350
521556887
521554251
521557429
521557285
521558767
521557508
521553207
521554779
521554345
521552829
521553596
521553806
521553809
521552730
521553827
521558044
521556736
521552959
521555978
521551339
521556186
521557340
521558413
521552494
521554694
521556748
521552524
521552188
521558159
521554801
521551151
521553969
521556907
521555287
521555376
521554285
521554665
521555187
521553044
521557046
521556253
521553198
521552350
521557356
521557210
521558797
521551467
521556768
521557821
521556214
521552107
521554931
521558232
521552215
521557808
521556326
521552499
521553594
521556033
521558035
521558645
521558173
521556216
521551498
521556746
521558214
521551525
521555334
521557199
521554580
521556937
521556155
521555074
521557288
521551620
521558808
521557997
521554019
521558175
521552764
521552143
521556864
521552931
521553898
521557050
521553118
521552253
521556024
521553425
521554712
521551918
521552857
521553550
521551888
521552909
521551580
521551740
521556407
521553347
521551691
521556743
521557987
521558505
521554545
521553474
521552890
521553174
521551913
521552938
521555154
521556626
521552777
521557331
521558513
521553578
521556891
521553208
521553478
521558472
521557108
521558668
521552116
521557883
521553867
521557695
521553268
521556533
521558521
521557994
521554229
521558361
521554248
521553937
521558341
521554505
521551428
521553886
521557129
521557391
521556480
521553365
521551183
521554768
521557430
521552145
521552183
521554803
521552911
521556984
521552835
521556469
521555186
521558350
521553907
521558301
521554225
521554490
521557682
521558735
521551938
521551886
521555180
521556807
521556814
521558314
521555459
521551017
521557752
521552256
521558497
521556175
521557977
521551461
521551828
521557818
521556886
521556519
521558810
521556174
521555320
521554220
521553272
521555196
521557527
521553206
521558273
521554767
521556448
521552942
521551265
521557969
521554481
521552908
521553771
521551015
521552385
521558133
521554620
521552037
521556631
521556141
521553477
521558016
521553363
521554723
521556451
521555492
521554007
521552919
521554042
521557647
521556668
521558527
521553396
521554382
521554617
521554002
521552841
521557820
521555030
521558203
521554969
521558332
521553520
521551009
521558339
521551154
521553990
521554375
521553480
521557845
521553753
521556808
521553631
521552007
521552141
521556604
521558427
521557078
521552996
521557552
521556556
521553911
521554139
521557621
521556073
521551011
521558027
521554860
521552753
521557437
521558184
521557446
521557433
521553033
521552420
521551871
521551460
521551614
521551123
521556909
521551953
521551894
521554018
521557884
521554520
521556470
521555051
521552437
521558585
521552297
521554287
521553564
521558832
521556060
521554988
521554074
521557133
521554944
521553023
521551730
521557145
521551787
521556513
521555506
521553847
521557781
521553312
521556792
521558496
521552815
521556633
521554541
521553799
521557886
521557763
521557423
521553719
521553034
521558467
521551521
521553952
521553953
521556883
521557787
521558747
521554618
521558017
521552403
521551135
521558431
521553609
521554133
521551573
521558491
521552213
521557672
521554886
521557514
521557128
521552982
521553557
521557970
521551653
521551046
521556559
521554910
521553667
521554457
521552568
521553671
521557058
521559106
521557174
521558794
521554814
521551439
521556679
521556076
521553644
521558785
521557533
521558692
521552778
521556456
521553193
521553673
521557474
521556575
521556319
521553438
521556463
521552522
521557326
521556019
521557984
521556481
521556611
521553486
521558104
521553020
521551234
521552190
521557523
521552878
521557148
521556070
521558294
521551094
521557385
521558368
521553736
521554790
521554404
521553932
521553310
521556764
521552894
521552429
521558231
521554261
521551912
521557411
521553465
521551745
521556189
521551538
521556904
521551159
521558380
521554640
521558057
521551533
521554935
521551239
521554098
521556187
521554092
521554200
521554575
521553036
521555469
521553006
521556144
521554862
521553642
521552720
521557076
521552002
521551700
521554102
521552941
521558800
521551625
521558405
521554037
521554449
521557980
521552212
521553210
521553654
521558792
521552482
521552849
521551816
521556245
521556439
521555052
521551660
521557563
521553005
521551613
521555419
521558030
521556065
521557132
521558571
521551686
521556340
521552743
521551497
521551214
521553738
521556765
521556754
521551269
521552332
521556254
521551261
521558022
521552421
521553019
521556666
521552543
521558822
521552738
521551180
521556167
521552257
521557074
521552351
521553733
521553178
521551846
521555182
521558823
521556176
521556066
521552108
521558297
521558600
521551879
521552307
521556131
521553884
521554817
521554728
521558187
521551704
521558105
521557497
521554557
521552947
521554875
521554579
521558253
521551082
521555143
521556862
521551984
521551248
521557341
521551240
521554740
521558018
521558588
521556132
521556880
521552300
521558544
521551487
521557844
521556014
521551777
521556462
521554730
521554275
521558196
521554022
521555189
521551124
521554857
521557346
521556490
521558154
521556345
521553914
521557670
521551224
521557806
521551584
521558387
521554021
521556291
521551964
521551588
521556739
521558285
521551774
521558558
521551950
521551635
521552252
521554804
521556475
521551570
521558077
521552740
521553501
521554452
521554680
521551657
521556971
521556032
521556147
521556197
521554782
521557451
521552395
521553399
521553147
521552030
521552202
521551962
521553561
521552696
521554029
521558621
521554383
521557323
521552438
521558132
521557857
521557605
521556542
521558293
521552135
521556600
521552558
521553214
521552109
521552679
521557550
521557489
521558124
521558213
521551695
521553252
521551031
521558261
521553452
521552503
521554288
521556369
521552779
521556037
521554654
521558007
521554244
521557295
521557933
521558262
521554573
521553170
521552693
521551356
521552031
521555297
521551633
521555293
521552104
521557374
521558080
521555127
521557209
521552567
521554441
521551819
521552916
521556525
521558572
521556635
521551298
521558155
521555412
521552432
521554356
521554017
521552214
521554503
521554208
521554104
521553154
521557956
521554836
521553948
521553276
521553968
521558296
521558145
521551374
521557299
521553189
521557644
521554144
521555248
521551855
521553589
521558512
521557270
521557918
521557484
521552151
521552990
521554073
521557079
521552364
521551470
521554943
521551447
521554809
521554239
521553511
521551605
521553864
521551219
521557413
521555438
521557569
521551432
521551797
521551753
521558701
521551016
521558795
521551075
521552547
521556674
521552715
521554249
521558403
521555296
521552859
521553157
521554649
521556692
521554858
521552953
521551648
521557960
521553657
521552719
521554076
521553485
521553122
521556627
521557402
521551810
521556423
521552563
521556250
521559119
521558364
521552875
521552026
521554113
521553668
521554806
521553427
521558411
521557271
521558614
521559194
521554325
521552705
521553568
521556171
521552799
521552029
521554143
521553334
521558363
521558793
521553113
521558744
521556013
521551175
521557812
521554071
521552467
521552683
521552902
521557377
521553742
521551295
521556896
521558098
521558162
521558207
521556445
521556693
521552814
521557640
521558729
521558188
521556443
521556790
521552690
521551045
521552937
521552268
521556989
521554681
521551903
521554326
521558070
521553108
521551884
521552195
521554025
521551302
521553780
521551409
521552855
521558320
521557211
521556897
521554373
521556706
521551266
521551413
521553893
521556192
521557051
521552276
521554478
521554819
521557330
521554963
521555299
521551980
521556978
521557202
521556555
521552860
521552891
521557912
521558318
521551320
521554367
521553793
521552060
521558260
521553607
521553933
521551598
521558163
521553128
521551236
521558784
521551503
521556889
521551902
521557223
521554895
521556075
521551443
521554236
521552775
521552497
521552035
521551864
521557414
521551071
521558801
521556682
521555940
521556938
521551706
521558425
521554867
521559200
521557467
521553008
521557687
521553258
521552500
521552105
521556563
521557272
521553106
521553060
521553236
521555110
521558399
521558011
521557502
521556194
521553455
521553834
521554735
521552390
521553765
521554543
521553340
521552707
521552013
521553451
521557301
521553110
521553889
521556229
521551949
521551128
521551646
521553807
521551599
521553199
521552101
521552917
521558324
521551630
521551693
521558210
521552716
521552313
521557269
521556517
521553577
521551610
521552995
521556733
521554786
521552539
521551844
521556772
521551852
521554971
521554469
521556416
521556538
521558722
521558734
521554677
521554473
521556092
521558278
521554279
521552258
521554567
521557387
521557494
521553120
521552836
521551923
521551604
521553604
521558740
521556603
521554539
521554378
521556628
521551444
521552373
521556251
521554416
521552174
521554255
521551490
521556218
521552078
521553959
521551728
521558165
521552308
521557168
521552939
521552926
521558239
521555298
521558534
521554052
521553484
521557170
521558601
521556220
521551229
521552999
521554964
521551231
521552138
521551968
521557361
521551869
521553961
521552397
521553411
521556350
521556709
521554924
521558549
521552674
521551966
521554369
521554900
521555456
521551452
521551656
521554479
521557819
521553074
521553220
521555068
521554800
521552341
521551008
521552322
521552701
521555043
521558085
521557439
521556196
521552423
521554868
521552998
521554897
521554443
521553592
521557786
521558461
521558443
521552216
521556530
521554788
521551896
521553573
521551817
521557541
521552666
521554611
521555285
521553056
521557612
521554844
521556741
521552686
521554241
521554059
521556331
521555417
521552112
521558557
521553191
521554815
521551494
521551025
521554871
521555462
521553054
521557372
521552338
521557363
521558065
521558181
521552406
521553843
521557604
521556763
521552114
521556371
521556972
521553343
521551571
521557463
521551343
521553287
521553490
521555947
521551641
521553819
521555072
521551840
521554646
521556574
521554521
521554374
521551513
521554564
521558129
521557311
521553076
521551762
521553877
521557216
521558093
521553571
521558038
521556495
521559191
521551141
521553852
521557685
521554136
521551130
521558592
521555455
521553924
521552927
521558036
521556916
521552459
521551960
521556750
521555217
521553757
521556127
521554319
521554134
521558522
521553795
521554662
521552763
521553954
521552809
521554053
521554534
521553473
521558266
521554329
521557118
521557212
521558202
521551848
521551717
521554955
521554106
521555406
521558539
521556539
521556488
521554245
521555470
521551680
521551262
521557052
521557329
521557447
521551222
521552520
521558671
521552100
521558769
521555106
521554096
521558358
521557428
521554615
521551184
521554827
521557878
521551825
521552883
521559120
521554471
521556863
521558447
521556769
521558337
521556606
521557938
521558699
521558486
521557570
521556478
521554318
521557566
521558240
521551403
521553286
521558492
521557946
521552692
521551767
521552717
521553993
521554603
521556961
521555414
521554891
521553380
521556496
521551408
521556881
521554253
521554691
521558258
521551748
521558331
521554421
521553083
521557140
521552774
521554849
521554286
521552150
521553041
521557545
521554243
521556678
521553794
521556968
521551426
521554222
521552541
521553835
521557782
521557454
521554057
521557837
521559170
521554652
521554864
521553087
521552573
521551782
521553533
521554493
521552119
521553125
521551220
521554004
521551566
521557542
521557213
521551233
521553414
521554693
521551634
521552263
521554109
521556401
521558560
521556107
521557712
521553815
521554001
521553748
521555060
521554884
521551754
521558177
521558205
521558608
521551524
521556931
521556139
521551052
521558316
521556121
521552249
521559185
521559199
521551757
521552096
521551244
521558566
521554324
521556885
521552404
521556374
521555906
521556510
521553506
521554550
521557205
521556124
521554941
521553939
521554100
521552888
521557891
521558121
521552148
521554570
521554485
521551865
521556461
521556910
521553368
521558819
521554394
521551537
521557197
521556560
521556062
521553634
521557183
521553962
521557624
521557627
521556409
521553144
521553027
521552317
521551530
521555939
521556140
521558517
521558568
521557963
521557830
521557358
521558343
521557536
521552794
521558024
521553665
521556860
521552502
521557471
521554247
521555172
521552554
521551402
521552658
521557277
521555165
521555818
521556071
521552537
521557876
521555405
521554403
521552197
521558230
521552525
521553432
521556734
521554110
521558446
521552827
521557304
521554588
521551814
521551779
521558669
521556803
521556432
521553885
521551952
521552657
521558799
521558462
521556572
521556484
521556871
521554291
521556460
521554016
521558696
521558029
521551139
521557535
521559145
521558046
521557976
521551040
521554348
521556773
521554781
521552545
521556148
521557062
521551958
521556459
521551484
521556400
521553101
521551136
521553992
521553475
521558120
521554307
521556130
521553442
521552129
521554529
521552980
521553965
521551926
521553266
521558610
521552310
521551900
521557187
521551764
521557100
521554711
521557920
521551909
521554595
521551847
521553543
521557553
521557899
521553848
521553391
521558749
521557130
521557419
521552275
521552217
521553824
521556232
521557894
521552330
521553032
521551749
521554571
521552445
521551763
521552095
521557219
521553855
521557892
521556165
521554823
521551839
521559143
521557101
521551477
521551357
521554038
521551125
521556441
521553462
521551593
521554909
521551496
521555452
521552918
521551256
521554997
521551849
521551562
521558292
521556081
521554142
521557887
521557286
521553590
521557207
521554357
521553468
521553700
521551758
521552910
521556157
521557382
521556869
521555181
521551202
521553513
521552660
521558050
521551694
521557917
521557665
521551785
521553203
521553639
521555173
521555500
521551957
521552491
521555041
521558678
521552434
521553277
521553355
521557861
521551823
521551838
521556974
521552702
521553387
521556747
521552921
521552103
521552759
521556052
521557087
521551187
521552544
521551963
521553369
521556705
521551440
521553845
521557284
521556676
521552804
521551243
521552691
521552549
521554599
521558423
521554576
521553453
521552495
521556537
521552355
521557931
521557357
521552845
521556876
521555431
521556430
521558458
521554141
521551416
521551790
521556934
521552732
521556632
521558725
521554477
521554194
521556770
521557567
521554650
521553009
521558452
521553238
521556868
521553851
521553943
521553348
521557464
521558448
521558440
521552852
521552785
521551532
521555473
521557965
521552073
521556114
521558697
521553814
521552426
521553813
521554533
521552327
521555479
521553194
521551564
521552354
521556198
521558709
521552340
521552960
521555475
521553410
521553423
521556063
521552152
521553519
521551850
521554699
521557203
521557070
521558201
521556221
521558119
521557906
521558530
521554033
521551951
521553362
521551854
521552750
521553641
521557370
521555218
521554869
521554272
521554320
521553630
521554923
521551474
521551217
521556526
521556426
521552045
521552312
521557119
521556893
521552984
521555008
521557867
521554014
521556788
521555055
521556452
521551833
521554824
521557408
521556154
521554273
521554510
521558593
521552299
521551200
521551832
521557609
521554390
521556411
521553042
521555252
521552570
521551419
521552185
521553447
521551933
521552142
521552080
521558811
521551225
521552781
521553789
521554676
521551611
521558323
521551144
521551157
521553891
521554396
521558219
521551771
521552132
521551936
521553394
521551006
521556903
521551355
