521771356
521773182
521771137
521772117
521776154
521771180
521771260
521771112
521771330
521771385
521771302
521771178
521773739
521773175
521771729
521775229
521771115
521776163
521771383
521773265
521775227
521771207
521775103
521775159
521771708
521771163
521772116
521771186
521791110
521773128
521775771
521771208
521771195
521775281
521772153
521775757
521775189
521775121
521771149
521776102
521771159
521771712
521771486
521771141
521771179
521771123
521771427
521772162
521771498
521776112
521771176
521771142
521773233
521775131
521771175
521773112
521772126
521771150
521775593
521771402
521771104
521775160
521776120
521771120
521771422
521776134
521775137
521771746
521773122
521771161
521771351
521773169
521775209
521773147
521771318
521771359
521771242
521771205
521776133
521771202
521775758
521775127
521771240
521771430
521771182
521772148
521771183
521771436
521779125
521775133
521771144
521773127
521775241
521773129
521771526
521789111
521771102
521771292
521773111
521773131
521771215
521773134
521771315
521772104
521771438
521771139
521771146
521789104
521775111
521775232
521772101
521771357
521779106
521773190
521771140
521772112
521771338
521771432
521772140
521771424
521771404
521775243
521772105
521775117
521771157
521771136
521775158
521771386
521789118
521771327
521771405
521789106
521771113
521771243
521771201
521773731
521771747
521772151
521773140
521779102
521771233
521771117
521771525
521775196
521771499
521775188
521775187
521771355
521773223
521771132
521771131
521775166
521771303
521771127
521771272
521771364
521776104
521773148
521771501
521771232
521772109
521791100
521775150
521776123
521775134
521771147
521775151
521771426
521771726
521773736
521773123
521772114
521771245
521772157
521771124
521775152
521775139
521773170
521772160
521772113
521771218
521775163
521771485
521773138
521776113
521775132
521779117
521771110
521771370
521771238
521773158
521771177
521771125
521789100
521771268
521776126
521775164
521771194
521773126
521779116
521771403
521771423
521772169
521775225
521779135
521771703
521776125
521779115
521771384
521791113
521771365
521771105
521775124
521772122
521775185
521771258
521775162
521779124
521771346
521771271
521771297
521771348
521773163
521771236
521771264
521771502
521775205
521773188
521773133
521773192
521771447
521776130
521771774
521773179
521771300
521773116
521773101
521771234
521771353
521771390
521771152
521771546
521775182
521771114
521775760
521775138
521771705
521771168
521771414
521772167
521775100
521773187
521772159
521773156
521772100
521775115
521775105
521771227
521775191
521772111
521775104
521771135
521771777
521775224
521775759
521771188
521771329
521772150
521772135
521775251
521772130
521773234
521773180
521775206
521771111
521773124
521773198
521791103
521771216
521771443
521772154
521775155
521771118
521773139
521775215
521771219
521775236
521772110
521771381
521789108
521771795
521771420
521779109
521789109
521775108
521771314
521771210
521773680
521772138
521775126
521776106
521775228
521775141
521771700
521772146
521771198
521775156
521772164
521775242
521773113
521771203
521771352
521775146
521779113
521771720
521771122
521776124
521771350
521773153
521775214
521771143
521773130
521771279
521773186
521771229
521771155
521775198
521772189
521773141
521771701
521771239
521771189
521771181
521771349
521771484
521771344
521771778
521771214
521773125
521771392
521775110
521771435
521789105
521771323
521771184
521772120
521771220
521775145
521772158
521776139
521771204
521771293
521776135
521771396
521772749
521773682
521775154
521775128
521771222
521771151
521775129
521772144
521789125
521773119
521771162
521773114
521772163
521772180
521775113
521771129
521776767
521771331
521776593
521773185
521772128
521771684
521773183
521775123
521776769
521775179
521776100
521772166
521775235
521771699
521771328
521771363
521779133
521776107
521771267
521773232
521771421
521775109
521776109
521773178
521789120
521775114
521773150
521771793
521772107
521773260
521775161
521771158
521771103
521772142
521773149
521775784
521772115
521775102
521771709
521771266
521789101
521771518
521775120
521775101
521775165
521789107
521772156
521771106
521771172
521773173
521775234
521771231
521776129
521771794
521773168
521775125
521771126
521771325
521775199
521771200
521775707
521775167
521773199
521773136
521771265
521771109
521773189
521773117
521775143
521789898
521775190
521772106
521775752
521771342
521772165
521771191
521789112
521776105
521775144
521771722
521776153
521772131
521791106
521771235
521789119
521771121
521772119
521772134
521771339
521773137
521772133
521771374
521772161
521771372
521772137
521771333
521772108
521771776
521773103
521771366
521771156
521771244
521771345
521789121
521775706
521771411
521771213
521771321
521771316
521776121
521775153
521771397
521771416
521789891
521771775
521776115
521771373
521773143
521771134
521772143
521776768
521772118
521775169
521771354
521773174
521771410
521779108
521772136
521771393
521775142
521773181
521771433
521771101
521771503
521771434
521771289
521772124
521771217
521773144
521776103
521771221
521773152
521771173
521771343
521771284
521775118
521775750
521773155
521771772
521779134
521771467
521771130
521773193
521775256
521773104
521773121
521771154
521771192
521773120
521771306
521771206
521771439
521771683
521789113
521772125
521773151
521771417
521789130
521775136
521773157
521772139
521771288
521771116
521773102
521771322
521789124
521772132
521775183
521772141
521771335
521771382
521771100
521773734
521773171
521771431
521775202
521775157
521771291
521772181
521771295
521775135
521771334
521773109
521773195
521772182
521771391
521771174
521775226
521771324
521789103
521771500
521771568
521771301
521772155
521771187
521771371
521771209
521771199
521775149
521772121
521779112
521775122
521775192
521771415
521771409
521771263
521771128
521771341
521771185
521773166
521772129
521775106
521771261
521771190
521772736
521773146
521771298
521773172
521771375
521775275
521773105
521773106
521775756
521776189
521775193
521773154
521771361
521775130
521771425
521771259
521771309
521771119
521775260
521771702
521776101
521791105
521771444
521776110
521791102
521771165
521775237
521772102
521772123
521771358
521771406
521773108
521772179
521773132
521773110
521771262
521771160
521771362
521771332
521773115
521775119
521789114
521771340
521771601
521772145
521773107
521773135
521775751
521789110
521771228
521775203
