521722356
521729240
521722141
521729143
521722311
521726104
521722627
521729241
521729125
521722684
521427109
521729342
521722372
521722855
521729180
521722144
521722110
521722626
521722791
521722117
521722381
521427273
521714549
521722139
521729145
521729224
521729344
521729177
521722203
521427196
521729182
521722253
521722653
521729321
521722122
521722346
521722682
521722154
521729156
521722339
521427427
521722858
521729158
521722883
521595116
521712112
521729231
521712194
521722347
521427162
521722789
521729377
521712268
521722355
521722657
521722745
521722125
521712245
521712193
521722907
521729346
521729369
521714106
521712143
521722601
521729173
521722707
521722404
521729160
521722395
521729368
521712199
521722628
521712149
521712172
521712320
521722309
521722310
521722300
521722856
521729168
521722360
521712108
521427299
521712191
521427191
521722898
521729236
521722802
521427117
521712113
521729161
521722291
521722908
521427121
521722851
521729498
521722123
521729155
521729142
521712314
521427207
521729591
521722691
521427227
521712260
521722396
521722588
521729301
521729248
521427201
521722659
521427100
521595115
521722420
521722622
521722887
521722409
521712264
521427137
521722160
521722803
521722562
521722779
521722382
521722884
521595120
521595114
521722365
521712142
521729385
521712115
521722840
521722290
521729237
521729127
521722358
521729135
521712279
521729172
521729133
521729500
521729118
521722377
521722429
521722245
521427183
521722415
521729144
521722782
521722247
521722362
521722778
521427181
521729349
521722764
521722647
521722876
521712114
521722771
521595102
521427189
521427179
521722910
521722683
521712165
521427111
521722843
521722155
521729229
521595110
521712102
521722149
521722644
521427184
521722583
521722716
521427275
521729264
521722637
521712101
521722785
521729112
521722885
521712180
521722225
521722411
521712151
521729347
521427195
521722652
521722267
521427290
521722686
521729170
521729167
521722302
521722560
521722100
521712153
521722374
521427288
521722847
521722315
521712280
521722422
521595112
521729136
521722352
521722121
521722295
521722822
521427106
521722844
521712160
521722158
521729247
521427298
521722246
521722868
521729307
521722307
521729286
521722159
521722841
521722137
521722850
521722768
521729528
521722224
521722633
521427172
521722343
521729331
521722698
521714100
521722877
521729350
521712177
521722701
521722105
521729152
521722170
521722364
521729235
521427202
521729471
521427126
521722639
521712278
521722116
521729130
521427242
521722153
521722893
521427229
521722681
521722873
521722334
521722576
521427165
521712118
521722754
521712198
521722260
521722390
521712139
521722906
521427159
521712300
521722648
521729169
521722568
521427150
521722759
521722244
521722642
521722264
521722793
521722112
521729292
521722183
521722804
521722439
521722397
521729280
521712126
521729578
521722700
521712105
521712195
521712179
521722425
521729123
521729128
521722596
521427205
521712299
521722872
521722786
521712150
521722373
521712154
521712107
521729181
521722848
521722106
521722371
521595108
521729327
521427119
521722181
521729140
521722428
521722755
521722175
521722221
521722572
521722313
521729162
521722412
521712261
521712128
521722586
521722164
521722431
521722332
521722797
521722233
521427194
521722406
521729111
521722115
521722369
521712133
521729325
521729348
521712159
521427306
521722658
521722389
521726131
521712188
521712197
521722376
521712103
521729134
521712174
521722760
521722799
521427127
521722150
521722410
521722904
521722231
521427182
521722387
521729176
521722649
521722399
521722419
521712170
521712164
521722306
521722392
521427244
521722157
521722361
521712130
521722593
521722769
521729175
521722465
521722189
521722821
521712228
521722430
521722592
521722790
521595122
521729154
521722561
521729359
521722148
521729166
521722304
521729139
521729137
521712262
521722111
521722857
521729281
521722417
521729501
521722314
521729330
521427243
521722655
521722173
521712305
521427123
521722574
521722744
521722838
521729185
521427225
521427222
521722156
521729322
521729174
521722241
521427279
521729308
521712181
521722368
521722366
521729226
521722336
521726100
521722252
521729103
521427120
521595101
521595957
521712263
521722570
521729336
521427166
521722835
521729343
521722126
521729138
521729150
521712146
521722104
521595952
521722756
521729443
521729378
521729102
521722308
521722301
521712231
521729352
521427130
521722912
521729234
521729527
521722185
521729246
521427103
521427102
521729366
521729470
521722875
521722349
521722878
521722636
521722234
521722297
521722807
521722357
521712168
521729131
521722152
521729132
521729105
521722569
521722748
521712155
521712313
521722565
521722312
521712183
521729402
521427289
521729159
521729384
521729300
521722178
521722294
521729242
521722891
521722251
521722168
521729238
521722867
521729529
521427168
521729151
521722101
521712166
521722643
521427112
521729239
521722900
521595107
521722781
521722124
521722839
521712185
521729171
521722634
521722388
521729323
521595106
521729124
521712116
521722407
521712158
521729367
521729324
521729503
521722414
521729283
521722108
521729302
521722133
521722598
521722711
521722177
521722805
521722166
521722672
521729304
521722861
521722784
521722794
521722761
521722710
521712134
521729345
521729499
521427276
521712190
521722836
521722640
521712152
521729290
521712173
521722393
521722130
521427167
521722284
521722378
521722292
521722418
521722113
521722398
521722566
521729117
521722746
521712334
521427115
521729306
521722351
521722102
521722775
521722335
521722702
521729282
521722367
521722905
521729149
521729141
521729227
521722103
521729115
521722413
521722680
521722151
521722890
521722826
521712117
521729249
521729178
521722375
521722859
521729365
521722798
521427141
521729183
521726102
521729525
521712175
521722400
521722758
521729364
521722350
521722792
521427128
521712267
521722743
521712141
521712147
521722594
521427114
521722654
521722161
521722673
521726101
521427219
521729491
521722269
521722895
521729332
521722286
521729338
521722687
521427108
521722434
521722787
521729116
521729360
521712135
521427132
521722331
521427224
521729284
521722254
521427228
521722621
521712163
521722194
521722837
521722337
521729588
521722864
521722204
521729121
521714110
521722201
521729147
521722192
521722753
521427161
521722585
521722830
521722870
521729526
521427118
521722852
521712176
521722869
521722405
521722629
521722109
521722281
521722423
521722433
521722656
521722780
521722573
521712100
521729184
521712192
521722783
521729362
521722692
521722806
521722120
521712343
521722909
521722143
521427197
521712178
521712272
521729104
521722261
521427152
521722718
521712246
521712248
521722709
521729110
521427104
521722348
521427300
521722765
521722250
521722229
521722239
521722825
521722671
521729107
521722162
521712189
521712148
521722147
521722107
521712167
521427107
521427200
521712329
521722186
521722206
521427163
521722341
521729469
521712140
521722834
521712171
521722567
521712138
521722340
521722421
521712169
521712136
521729361
521722849
521722140
521722750
521595104
521729357
521729113
521722747
521712247
521729337
521729243
521722303
521722888
521729245
521722796
521722333
521722846
521722646
521729339
521427278
521729129
521729232
521427164
521722863
521722571
521427231
521722426
521427158
521729320
521729340
521722338
521726126
521729329
521722635
521722770
521722645
521427203
521729335
521722118
521722353
521722342
521722896
521712187
521729153
521729228
521722289
521722380
521712196
521722595
521729233
521722631
521729120
521427226
521722142
521427180
521729468
521722408
521722432
521427185
521427151
521729230
521722584
521722394
521712132
521729106
521722762
521722129
521722620
521729114
521722638
521722853
521427206
521722685
521722563
521729305
521722193
521722354
521722882
521729358
521712162
521722391
521722119
521722202
521722774
521729100
521427145
521722715
521722854
521722145
521729126
521729165
521729328
521722288
521722871
521722845
521722641
521427186
521722128
521729341
521722146
521595109
521722424
521427593
521729287
521722172
521722862
521722833
521722165
521722801
521722243
521427116
521729225
521722437
521722169
521729309
521722889
521712182
521427124
521722717
521722138
521729157
521722363
521722597
521722772
521729244
521722860
521595113
521722625
521427110
521722435
521427156
521722248
521729119
521427277
521722564
521729163
521729108
521427122
521722842
521722587
521722670
521595121
521722131
521722266
521722708
521722874
521427204
521427149
521722370
521722240
521722427
521722776
521722403
521722182
521722383
