521352110
521443671
521443358
521351105
521354135
521753106
521753154
521715159
521453531
521353145
521452144
521452305
521443526
521443412
521443239
521715114
521443286
521443565
521443237
521443734
521443218
521352165
521351122
521753116
521351104
521452199
521447126
521443377
521425134
521351281
521443364
521443727
521443725
521443557
521351500
521715124
521443338
521354125
521443584
521353963
521452179
521443465
521452517
521353132
521351143
521715173
521452112
521753105
521452145
521351177
521443354
521443385
521443735
521715105
521453156
521352105
521351216
521443380
521453128
521452180
521453515
521453127
521753104
521434175
521351306
521443611
521443223
521443185
521351228
521443216
521353127
521443414
521443580
521443574
521443127
521434169
521443174
521353120
521453133
521452143
521443641
521753157
521447114
521434562
521443372
521443499
521443194
521443217
521435106
521452195
521447101
521443471
521443632
521443363
521459114
521443330
521351169
521452130
521351305
521443406
521452198
521443646
521447171
521753125
521452529
521443110
521351130
521753102
521452235
521443576
521443260
521425140
521453152
521351134
521453112
521452156
521443188
521459123
521434104
521452303
521354117
521453148
521452282
521453105
521353152
521354118
521443119
521443730
521452111
521452306
521425123
521443582
521351118
521443265
521452124
521351223
521447132
521715138
521753120
521443581
521351181
521453539
521353103
521443561
521425117
521435120
521353230
521353101
521452248
521715102
521443337
521452159
521434148
521453137
521452201
521352593
521452272
521434102
521353106
521353100
521351224
521425122
521443231
521447104
521443840
521715218
521352155
521452114
521753146
521351121
521353231
521443311
521443224
521443361
521753163
521352193
521352154
521452191
521352107
521434103
521453999
521443402
521443551
521434130
521425115
521452276
521715141
521354541
521443371
521434151
521452190
521443729
521459104
521352115
521452287
521354127
521452169
521352113
521443389
521425150
521351225
521753130
521452197
521715593
521443405
521447118
521434105
521425133
521447167
521352156
521452504
521753112
521434101
521443220
521443107
521715146
521452118
521443726
521443336
521425131
521351132
521443491
521459120
521443205
521352161
521453516
521352207
521715164
521715136
521443257
521447172
521447145
521447146
521443101
521443325
521352133
521715112
521452520
521443302
521351222
521453132
521352144
521753122
521443118
521443513
521453134
521786163
521443410
521452526
521452196
521351548
521353536
521452220
521443512
521452121
521351519
521443399
521452140
521452100
521354100
521715115
521354136
521753147
521443225
521443545
521443357
521443221
521715143
521443182
521443841
521351128
521753139
521753155
521443370
521435112
521453122
521453136
521351115
521443345
521447103
521443485
521443533
521715167
521715134
521451100
521443571
521353148
521443201
521443643
521351179
521434132
521443411
521351160
521453107
521443480
521351185
521443672
521452117
521452146
521753111
521434119
521715169
521452129
521753109
521715163
521353184
521452126
521452168
521453155
521443264
521352139
521786182
521753534
521352123
521715166
521443541
521353144
521452281
521443401
521443192
521443493
521443683
521443252
521453111
521753213
521352120
521353142
521452200
521353153
521453165
521443335
521351107
521352117
521425109
521452104
521351120
521351150
521786162
521354126
521425100
521452167
521453154
521452525
521786188
521443270
521351135
521753119
521351129
521352100
521715144
521425112
521351123
521452103
521443481
521453140
521453197
521715197
521434149
521351203
521452154
521452120
521354109
521452304
521715154
521443378
521434156
521351147
521443487
521351348
521434144
521453158
521447106
521354119
521443731
521352188
521443116
521434136
521443367
521425148
521715108
521459109
521351308
521443686
521452108
521434100
521435115
521715110
521443253
521351108
521452133
521425114
521452122
521443583
521753168
521453110
521443386
521434135
521443178
521459122
521447130
521786199
521452203
521353563
521351309
521351113
521354108
521352129
521443266
521453157
521447110
521351167
521352146
521447116
521753148
521443269
521443198
521715145
521459115
521354120
521453114
521443258
521447150
521443183
521443106
521452194
521447111
521715255
521447119
521443288
521753124
521452518
521452139
521443117
521352116
521443181
521443390
521351162
521443588
521447120
521452480
521353109
521443214
521443483
521443199
521459113
521443570
521434137
521753533
521452229
521452301
521715127
521353113
521443184
521443592
521443189
521443111
521753121
521452308
521434188
521443331
521453126
521352151
521452217
521425121
521351111
521715254
521351304
521443393
521353172
521453115
521443230
521425126
521452134
521443475
521443245
521453123
521443495
521459100
521353173
521452128
521351913
521443702
521452187
521443301
521352147
521443206
521443362
521443115
521352229
521715100
521425127
521351119
521351302
521715109
521753145
521443300
521715106
521453145
521715179
521753126
521447115
521352106
521452522
521352208
521443535
521443528
521715253
521459121
521352145
521443177
521443226
521443418
521443687
521715188
521452101
521443723
521443242
521354149
521447135
521434106
521443494
521753143
521351102
521443318
521425110
521443413
521354114
521452225
521443650
521453138
521443305
521434138
521351513
521443684
521452283
521452202
521353123
521434116
521443170
521425108
521443246
521353135
521351114
521447107
521453108
521453103
521351109
521443492
521786165
521443103
521443172
521443240
521753113
521459119
521443243
521753173
521351157
521351278
521443562
521753137
521434107
521352102
521443639
521452521
521443200
521443578
521753152
521443707
521443272
521459134
521353138
521453226
521452307
521452166
521434127
521443569
521715147
521715131
521352112
521443685
521459110
521443490
521452545
521443622
521443261
521715150
521443486
521459105
521443105
521443586
521452219
521443348
521354115
521452284
521443256
521453228
521715118
521753107
521351509
521715217
521452234
521352103
521351283
521715140
521425147
521434115
521351307
521354122
521443404
521443273
521351747
521452182
521353205
521452153
521435103
521443649
521351112
521452174
521453131
521351183
521425139
521786113
521715101
521352132
521425104
521354107
521443328
521425128
521425103
521351349
521443306
521443342
521352108
521352163
521443238
521353107
521443681
521434128
521354128
521352124
521434167
521753162
521352528
521753210
521715152
521452253
521453101
521351103
521786181
521443527
521452269
521425111
521443722
521443640
521354113
521753118
521452135
521753144
521443191
521453159
521459107
521434133
521352523
521353134
521452170
521443567
521443400
521435107
521459118
521753180
521453116
521447125
521425105
521351279
521452137
521352529
521452500
521352138
521443259
521352142
521715148
521443579
521443408
521443271
521351208
521434147
521715123
521443733
521443721
521447108
521753141
521352136
521753100
521753167
521453227
521353133
521443682
521425125
521352561
521443186
521452116
521351158
521443100
521453173
521753165
521452131
521351262
521425119
521443477
521447105
521425146
521453144
521443638
521443514
521443171
521425118
521452226
521452164
521753142
521452158
521353204
521753101
521353539
521351234
521452193
521443403
521353126
521351139
521452268
521351227
521447124
521351133
521443104
521452285
521351204
521452188
521351347
521452123
521786209
521715120
521447109
521452136
521753136
521453117
521753108
521443173
521443102
521351259
521351280
521425106
521434155
521453141
521453104
521353104
521425124
521447151
521443285
521443504
521452172
521353112
521443236
521452177
521351182
521351282
521452125
521353124
521443351
521443207
521352217
521443365
521453167
521453150
521351156
521452149
521453530
521447112
521443187
521753153
521443228
521353108
521351186
521351205
521452505
521447141
521443476
521353131
521443396
521452138
521353140
521753164
521452132
521351510
521452141
521443732
521453532
521753115
521434170
521443516
521459111
521453166
521354101
521443517
521443196
521354124
521354543
521353168
521443366
521453146
521351168
521434112
521443479
521443482
521715139
521453100
521452115
521434187
521443394
521453135
521459106
521354123
521443539
521443388
521452171
521351124
521452165
521452127
521435100
521452213
521443213
521354129
521354134
521452181
521753114
521351159
521459116
521352125
521443543
521443484
521452102
521434108
521715113
521351180
521434139
521434168
521453119
521452211
521351188
521443550
521443229
521753160
521443383
521443254
521452105
521443222
521447153
521353105
521443498
521443349
521443529
521353206
521715158
521753127
521425107
521715196
521443219
521352164
521425154
521425132
521352111
521351350
521443645
521434121
521354105
521453139
521715121
521351125
521351127
521351206
521443416
521443202
521443544
521452204
521443651
521452107
521434114
521453121
521443573
521352101
521353535
521443610
521459112
521459117
521753131
521443724
521452142
521443489
521452443
521351101
521452150
521753110
521425116
521434131
521452175
521753140
521443373
521715128
521443728
521443227
521353110
521452176
521443161
521452106
521715119
521452228
521443190
521351161
521353125
521352206
521715104
521351202
521443419
521443392
521351184
521443409
521453169
521459133
521443193
521715135
521351100
521453109
521452245
521443109
521435101
521459103
521434120
521352194
521354545
521443241
521447100
521715103
521452157
521352557
521443244
521753539
521353102
521443470
521443395
521443355
521354110
521453153
521425120
521425135
521354106
521352153
521715162
521351226
521443379
521447117
521443376
521452113
521453102
521452178
