521322181
521322190
521311106
521322156
521322380
521322239
521311255
521322230
521322274
521389105
521311367
521322362
521322125
521322318
521322240
521322236
521311108
521322728
521322231
521324101
521322779
521311285
521322370
521322220
521311383
521322132
521322123
521311189
521323121
521322168
521322158
521322888
521311291
521311142
521327115
521311269
521311262
521323118
521311192
521322194
521322266
521311125
521323151
521322155
521322304
521311112
521322373
521322307
521389109
521322218
521322135
521322263
521322171
521324106
521322201
521324112
521327152
521311127
521311847
521311246
521322154
521325103
521311184
521311104
521322238
521327105
521311268
521311331
521311746
521322166
521322143
521323153
521322148
521324120
521322108
521311341
521324105
521324114
521311392
521322189
521322147
521311121
521322254
521322117
521322126
521311389
521311182
521322217
521311593
521311253
521322302
521327121
521322160
521322103
521322303
521323116
521322144
521322288
521322360
521311195
521322203
521311139
521327103
521322289
521311193
521311301
521324116
521311101
521311254
521311339
521311267
521389102
521323100
521322294
521311118
521322326
521323117
521322182
521311241
521324103
521322356
521322368
521325100
521327111
521324108
521322100
521311280
521322332
521311260
521311141
521311119
521311105
521325102
521311395
521322384
521311354
521323127
521311100
521322172
521325141
521323120
521322110
521311135
521322306
521325167
521389112
521322134
521322372
521322131
521322175
521322124
521327104
521311146
521311282
521323104
521311103
521323175
521322377
521311240
521311149
521322146
521319101
521311289
521325111
521322245
521311168
521322104
521311266
521322216
521322348
521322255
521322323
521311743
521322322
521311279
521322191
521323174
521311122
521311167
521323110
521322214
521311145
521322353
521311375
521389100
521322169
521322369
521322141
521322400
521322243
521322105
521311136
521322157
521322153
521323126
521322183
521322399
521322137
521322321
521322379
521322265
521327109
521323103
521322275
521311248
521322320
521322291
521322351
521322242
521322129
521311102
521322319
521322197
521319100
521323123
521311247
521324102
521322383
521322210
521325112
521322109
521311909
521322282
521311288
521311110
521322199
521311363
521322193
521322140
521323105
521311300
521311165
521322267
521322121
521311876
521322227
521311393
521322139
521311265
521324100
521311292
521311243
521311123
521322118
521322128
521322241
521322378
521311263
521311128
521311373
521311376
521311250
521322344
521322270
521311259
521311190
521311340
521323112
521311257
521389119
521322232
521389108
521322228
521322200
521322133
521311132
521311740
521311120
521311186
521322352
521322173
521323108
521322180
521327102
521311143
521323124
521322235
521311290
521323152
521311338
521322138
521311877
521311346
521322150
521322127
521323101
521311429
521322151
521322198
521311175
521322192
521323113
521322889
521325105
521322101
521311144
521311384
521323122
521322159
521322237
521322305
521311281
521322107
521322170
521323232
521323282
521322301
521322205
521324111
521322350
521311244
521311138
521322142
521322116
521322149
521322208
521323102
521311117
521322215
521322381
521322244
521311372
521311126
521322382
521311374
521311109
521311302
521311111
521311191
521322253
521327978
521327112
521322120
521325114
521322371
521311397
521323106
521322213
521311114
521327100
521322152
521311256
521327108
521324104
521311890
521322229
521323129
521322174
521324127
521322102
521322278
521311249
521311131
521322292
521311353
521311183
521311137
521323729
521311148
521322349
521322136
521322271
521311343
521322188
521311107
521323142
521311270
521311147
521322429
521311174
521311130
521327110
521324126
521324133
521311394
521311342
521322111
