521826158
521828114
521821107
521826123
521828289
521821111
521821102
521828113
521828101
521892100
521821160
521821100
521828768
521824126
521821159
521824105
521826136
521821117
521821121
521826106
521826159
521824102
521826154
521826151
521829101
521828173
521826195
521826126
521826101
521828144
521826104
521826161
521826769
521824620
521828143
521826135
521824177
521821126
521826114
521826102
521826174
521825100
521826100
521826108
521824106
521826264
521821122
521828457
521821119
521821142
521826129
521828107
521828120
521828102
521828100
521828119
521826127
521826262
521828131
521828105
521826115
521821145
521826169
521892104
521826261
521828118
521828146
521826103
521821191
521824104
521826130
521828108
521821104
521828294
521828281
521826125
521821211
521821118
521826170
521826162
521824100
521821146
521821103
521821219
521826265
521824107
521828148
521821141
521828122
521828121
521826105
521824101
521826116
