521287154
521971155
521953112
521953195
521951414
521951588
521951170
521951429
521274141
521954123
521951550
521954100
521971218
521951208
521951269
521953122
521972101
521971170
521951234
521995102
521951322
521951366
521971264
521971150
521971104
521994104
521953163
521971160
521971121
521274122
521274101
521951272
521954130
521951365
521951135
521971100
521287406
521951222
521274111
521954114
521951634
521287165
521951221
521287125
521954544
521951220
521951100
521954141
521951203
521951313
521951468
521953540
521951399
521971215
521951566
521953189
521953103
521951652
521971161
521954185
521951342
521281116
521958143
521287156
521954207
521951256
521287151
521951324
521951526
521958108
521951415
521971179
521971153
521953126
521954154
521951654
521958118
521953123
521951509
521953187
521281879
521951201
521953151
521951636
521951316
521958141
521951113
521951318
521287111
521971195
521954166
521951107
521951102
521972104
521971194
521972121
521954132
521971221
521951606
521971287
521274741
521951195
521287162
521951396
521274102
521274144
521951363
521951655
521954128
521951402
521951323
521951394
521994101
521971711
521951462
521951303
521951198
521951273
521953144
521953194
521951115
521953137
521281102
521951478
521958125
521951213
521274115
521951392
521951643
521954151
521951258
521971139
521951341
521971168
521951593
521971180
521951106
521954202
521274104
521287107
521951494
521953171
521971119
521953129
521287110
521951128
521954145
521954126
521958109
521951648
521287113
521971185
521287127
521951271
521971126
521951290
521971120
521951105
521951347
521954588
521287112
521954161
521951412
521971186
521281113
521951578
521954137
521951199
521951477
521958219
521971107
521954152
521951180
521953133
521954184
521953142
521951527
521951421
521995101
521995103
521287108
521951547
521951117
521951615
521287131
521953538
521951467
521951216
521958111
521951510
521951355
521953107
521951304
521951218
521287155
521953156
521951196
521971137
521951274
521951472
521951607
521951666
521951346
521281106
521951508
521951343
521954540
521954559
521951280
521971132
521953155
521951297
521958147
521951614
521951348
521951590
521951330
521954119
521287145
521971261
521951563
521951248
521954139
521951367
521971156
521954118
521953196
521972100
521274136
521951278
521951397
521951333
521951569
521951305
521958131
521971118
521274121
521951580
521951344
521953214
521274133
521951286
521951260
521971208
521281870
521958106
521287109
521972110
521951232
521951577
521951184
521954204
521951279
521972727
521951235
521953173
521971231
521953153
521958587
521951288
521951587
521951519
521951473
521953105
521951530
521971349
521951239
521953556
521951474
521951463
521954144
521951331
521953152
521953100
521971125
521951584
521951417
521274140
521951188
521994103
521951460
521287123
521971127
521951350
521954134
521972724
521274154
521274109
521951641
521958220
521951320
521951253
521287116
521951413
521954129
521951382
521971128
521951300
521951294
521951420
521951268
521972112
521951276
521287163
521951400
521951561
521951262
521951210
521971147
521971136
521287888
521953168
521971124
521287881
521958122
521274114
521951642
521954177
521951328
521953150
521951404
521951109
521951453
521951227
521951393
521287141
521951608
521951267
521958128
521951329
521951114
521951257
521958113
521971265
521287138
521953102
521951644
521951620
521951609
521995105
521951657
521994113
521951419
521951178
521953139
521951190
521951252
521951416
521951475
521951311
521971151
521281869
521951361
521951275
521953117
521951531
521995106
521951254
521951200
521953188
521954203
521951471
521958116
521951493
521953111
521958144
521951291
521953119
521953115
521958119
521971157
521951186
521951154
521953172
521951409
521274113
521951310
521951284
521274134
521971159
521274142
521971158
521951358
521954107
521951264
521951110
521951548
521954120
521953114
521951265
521951476
521287102
521954190
521954208
521951171
521951179
521287144
521951349
521971222
521954157
521951362
521951270
521951116
521287139
521954111
521954182
521971102
521971219
521951461
521953536
521951448
521971176
521274155
521951319
521951211
521971110
521958107
521287183
521951283
521953106
521971187
521994263
521951601
521951497
521951174
521971173
521951194
521951197
521954133
521951564
521274106
521951312
521951287
521954160
521954181
521971146
521287105
521951498
521971109
521958142
521951172
521954162
521951228
521951182
521951499
521951236
521951576
521951255
521951360
521951638
521954159
521951586
521951214
521953143
521951635
521951247
521287153
521951631
521287142
521953134
521953174
521951187
521971103
521287104
521951585
521958589
521951231
521958121
521951465
521972102
521953104
521953116
521954216
521954201
521972109
521953132
521951189
521971702
521954135
521951309
521954149
521951582
521972107
521958150
521951466
521954150
521971122
521951637
521951282
521953158
521958585
521951277
521287100
521951505
521951204
521954155
521951192
521972114
521971262
521951302
521287883
521951565
521954127
521971131
521954205
521951422
521954125
521951340
521287117
521971350
521274108
521274117
521951259
521951579
521951175
521951364
521951395
521951217
521951226
521951326
521953138
521274746
521951357
521951525
521951223
521954124
521971114
521951418
521951458
521951301
521954180
521953537
521951583
521971263
521971116
521951500
521954164
521951496
521951118
521953149
521971190
521951650
521971207
521972122
521958136
521954148
521951411
521281100
521953128
521953118
521953135
521953124
521971164
521274112
521971144
521953131
521951298
521951425
521274103
521951649
521951251
521287132
521951504
521954156
521951567
521972725
521953109
521951249
521951325
521287146
521953157
521953175
521954131
521951456
521951185
521958117
521274100
521971152
521274135
521971149
521971117
521274168
521954165
521951237
521951191
521951490
521951592
521953177
521951379
521951589
521971174
521287128
521994105
521274120
521971727
521951656
521287103
521971138
521951250
521951356
521971142
521951153
521972111
521995104
521951345
521951292
521971145
521953125
521951241
521958100
521994107
521971169
521954113
521971112
521951612
521972113
521951285
521951424
521951544
521954158
521287119
521958130
521953162
521951233
521971113
521954163
521951314
521287118
521971206
521951321
521954103
521951181
521971141
521951495
521954178
521951455
521951111
521951103
521951423
521953140
521971209
521953186
521951613
521287167
521951469
521971143
521953161
521951212
521954138
521958173
521951327
521958124
521951640
521951611
521951457
521951308
521951101
521951307
521274118
521971719
521951177
521951224
521953179
521951131
521953164
521951408
521953176
521954108
521954206
521954147
521971140
521951391
521951507
521951646
521951591
521971163
521951403
521951470
521951570
521971123
521274107
521281112
521954168
521951464
521287889
521954136
521287182
521971223
521954183
521951306
521954153
521951183
521971154
521287134
521953113
521951447
521951459
521972103
521958174
521994102
521971348
521951401
521951354
521994108
521953110
521951645
521972108
521953127
521951215
521951398
521951193
521287181
521287176
521951238
521951230
521951219
521954146
521951173
521951112
521971729
521951426
521951610
521954167
521971101
521951639
521951263
521971728
521274110
521287152
521951557
521994106
521287101
521287120
521971220
521971177
521951229
521287124
521287121
521971175
521951651
521951532
521951104
521951581
521951647
521971715
521971115
