521442463
521442394
521442232
521442264
521442396
521442450
521442237
521442496
521442837
521448112
521441136
521442482
521442877
521442649
521442822
521442525
521442798
521442639
521442136
521442453
521442279
521442571
521442816
521442824
521442146
521442775
521442874
521442263
521442129
521442431
521442371
521442152
521414107
521414226
521442426
521442638
521442255
521442599
521442423
521442203
521442410
521442801
521442175
521442188
521442586
521442820
521442659
521442655
521442351
521442458
521442752
521442446
521442440
521448103
521442506
521442557
521442285
521442343
521442592
521448111
521442128
521442346
521442201
521442335
521442408
521442621
521442374
521442147
521442706
521441121
521442443
521442817
521442623
521442868
521442815
521442749
521441151
521442677
521442654
521442708
521442112
521442739
521442719
521442337
521442333
521442782
521442502
521442318
521442471
521414109
521442149
521442134
521442503
521442561
521442740
521414280
521442487
521441137
521442648
521441106
521441154
521441203
521442545
521442133
521448121
521442327
521442598
521442476
521442409
521442372
521442716
521442622
521442207
521442576
521442457
521442104
521448110
521442383
521441120
521442145
521442205
521442300
521448104
521442522
521441103
521442611
521442275
521442449
521441116
521442562
521414279
521442358
521442665
521442777
521442467
521442159
521442415
521441152
521442780
521442678
521442546
521442747
521442818
521442171
521442603
521442680
521442362
521441112
521442194
521442675
521442461
521442778
521442771
521442640
521442354
521442715
521441126
521442819
521442616
521442281
521442116
521442170
521442794
521442119
521441100
521442852
521442447
521442107
521442120
521441114
521442601
521442280
521442541
521442283
521442795
521442718
521442523
521442832
521442270
521441109
521442786
521442436
521442356
521442685
521442332
521442501
521442302
521442360
521442574
521442138
521442250
521442117
521441102
521441204
521442330
521442544
521442583
521442788
521442258
521448169
521442490
521442754
521442587
521441265
521442653
521442836
521414119
521442789
521442660
521414101
521448116
521442130
521442721
521442321
521442434
521442481
521442179
521442331
521442305
521442772
521442658
521442632
521442850
521442668
521442790
521442588
521442395
521442796
521442784
521442421
521442839
521442751
521442584
521442581
521441213
521442465
521441101
521442271
521442377
521442466
521442807
521442507
521442174
521442566
521442578
521442197
521442439
521442342
521441108
521442113
521442252
521442750
521442114
521441129
521442838
521442382
521442172
521442352
521442319
521442491
521442334
521442619
521442361
521442273
521442187
521442324
521442184
521442363
521442169
521442475
521442259
521441205
521442311
521441138
521442323
521441111
521442614
521442103
521442122
521414122
521442115
521442602
521442549
521442550
521442317
521442474
521442608
521442139
521442489
521442710
521442633
521442724
521442573
521442504
521442748
521442287
521414104
521442508
521442353
521442498
521442495
521442206
521448123
521442391
521442863
521442709
521442231
521442704
521442320
521442618
521448129
521442492
521442106
521442473
521442609
521442542
521442869
521442712
521442880
521442563
521442519
521442755
521441115
521442286
521442284
521442738
521442810
521442123
521442177
521442823
521414140
521442707
521442328
521448114
521442555
521442830
521442493
521442407
521442365
521442345
521442405
521442556
521441215
521442380
521442329
521441118
521442338
521442282
521442812
521448151
521442773
521442131
521414102
521442669
521442682
521442479
521442367
521442785
521442124
521442867
521441123
521442459
521442435
521442143
521442774
521442634
521442825
521442717
521442344
521414121
521442126
521442590
521442359
521441119
521442605
521442230
521442499
521442809
521442684
521442452
521442109
521448115
521442233
521442181
521442142
521442381
521442422
521442831
521442615
521442604
521442158
521442661
521442743
521442526
521441155
521442620
521442631
521442385
521442425
521442714
521442862
521448102
521442636
521442787
521442617
521448125
521442624
521442548
521442379
521442464
521448130
521442683
521442433
521442111
521442595
521442185
521442141
521448150
521442600
521442350
521442652
521414118
521441107
521414103
521442597
521441113
521441130
521448182
521441132
521442437
521442173
521442610
521442720
521442870
521442326
521442486
521441276
521442445
521442676
521442679
521414219
521442339
521442274
521441122
521442397
521448101
521442105
521442470
521442742
521442247
521442336
521448122
521442811
521442711
521441127
521442666
521442547
521448106
521442635
521442157
521442144
521442269
521441248
521442219
521442580
521442872
521442125
521442110
521442551
521442878
521442540
521442267
521442132
521442204
521442657
521442779
521442607
521442821
521442186
521442369
521442155
521442613
521442567
521442178
521442315
521441110
521442485
521442883
521442202
521442168
521414114
521448108
521442448
521442585
521441105
521442553
521442364
521414112
521442160
521441131
521442568
521448113
521442249
521442239
521442866
521442393
521442272
521442554
521442370
521442180
521441135
521442647
521442879
521448126
521442432
521442664
521448105
521442873
521442156
521442406
521442783
521442799
521442137
521442781
521442776
521448100
521442376
521442488
521442200
521442582
521442808
521442865
521442494
521442451
521442424
521442127
521442389
521442579
521442460
521442753
521442814
521442236
521442121
521442575
521442875
521442378
521442833
521442469
521442208
521442347
521442386
521442191
521442510
521442226
521442876
521442864
521414100
521441117
521442438
521442322
521442154
521442411
521442637
521442606
521442577
521442834
521442737
521442468
521442813
521442521
521442108
