521998429
521998133
521998466
521984309
521998340
521984202
521998489
521997101
521983182
521997100
521998319
521997155
521983700
521997145
521984112
521998145
521998106
521998149
521998463
521998136
521984210
521984179
521998484
521983210
521983124
521997110
521998394
521998349
521984285
521987100
521998381
521997138
521998304
521998119
521984183
521984178
521984116
521983838
521998120
521984256
521998414
521984197
521998820
521998108
521998495
521998341
521983211
521998578
521983165
521983180
521998894
521998397
521984211
521984113
521998430
521998841
521983132
521998462
521983229
521987119
521998155
521984131
521984145
521987871
521984208
521997139
521998503
521998343
521984876
521998309
521984133
521984108
521998487
521983167
521998895
521998338
521998392
521984236
521984165
521984182
521984134
521984135
521983244
521997977
521983113
521984180
521984745
521984105
521997140
521984177
521983101
521997112
521984115
521984184
521997111
521997979
521983733
521998407
521983119
521998482
521997142
521997103
521984143
521998292
521983168
521984277
521984157
521984310
521998127
521998100
521998104
521998337
521998153
521984173
521997133
521998870
521998428
521984232
521983171
521998474
521998130
521983158
521998419
521997104
521984142
521997128
521984279
521984879
521984114
521984317
521984167
521987876
521984198
521984254
521997134
521983181
521984877
521998159
521998356
521998320
521998156
521984801
521983112
521998118
521984185
521983176
521997132
521998395
521997141
521998402
521998151
521987141
521984188
521984246
521998116
521998111
521998330
521984118
521984106
521998154
521984166
521998376
521984156
521987800
521998353
521983191
521984314
521998105
521998293
521997102
521987112
521998593
521998299
521984139
521998117
521983102
521998367
521983115
521984286
521984233
521984130
521997118
521983186
521984239
521998307
521998144
521997108
521998492
521987564
521998110
521984140
521987140
521987118
521998137
521987116
521998331
521983213
521983809
521997116
521983111
521998345
521983138
521983126
521984158
521984320
521984203
521987111
521998476
521984141
521983107
521997120
521983123
521983175
521998158
521984144
521998440
521998393
521997125
521998845
521984152
521983141
521998408
521998336
521984127
521997127
521997122
521998704
521987138
521984153
521997973
521984318
521983109
521998370
521998458
521998389
521998303
521987878
521983177
521998300
521998420
521987114
521984207
521984176
521998577
521998103
521998115
521998424
521983212
521983103
521998490
521983183
521998521
521983143
521998121
521998157
521998477
521984259
521984204
521983185
521998122
521984164
521984250
521983164
521984323
521987107
521983114
521998347
521997129
521997114
521987115
521998423
521998324
521983156
521983139
521984253
521984235
521998342
521998378
521984804
521983140
521998398
521984137
521998377
521984278
521998107
521998306
521984276
521984132
521984146
521998308
521984241
521998134
521984806
521998410
521984181
521984100
521984216
521998114
521984218
521998842
521983108
521983105
521997121
521983147
521997156
521983104
521998129
521984228
521998890
521987113
521998502
521998152
521998475
521983155
521998417
521998810
521998315
521998406
521998350
521998896
521984119
521984151
521998399
521984154
521983116
521998131
521997124
521998322
521998301
521998734
521998325
521998311
521984212
521997107
521984215
521983753
521998403
521984593
521998520
521983110
521998147
521997123
521998390
521998480
521998396
521998346
521983732
521983133
521998290
521998457
521998413
521998305
521983134
521984209
521998352
521998459
521983117
521998128
521998148
521998143
521998844
521997105
521998355
521998351
521998405
521984136
521998442
521983120
521998486
521984104
521997136
521984125
521998400
521998494
521998441
521984316
521984807
521984255
521998386
521984169
521998426
521998846
521987137
521998385
521998317
521984168
521998123
521998101
521984266
521984196
521983192
521997151
521984217
521998874
521998135
521998316
521984269
521998401
521998321
521998411
521998126
521983137
521983835
521987103
521998735
521998314
521983839
521997117
521984319
521998404
521984313
521984311
521998102
521983207
521998335
521983131
521984312
521998483
521998705
521984280
521984238
521998329
521998939
521984129
521984117
521998391
521984120
521983135
521998302
521998354
521997126
521983184
521983154
521998344
521984240
521998418
521998142
521984187
521998493
521998348
521998412
521984247
521998339
521998150
521998425
521998830
521998409
521998491
521983166
521998318
521984138
521983157
521983106
521998897
521998481
521987117
521984205
521983130
521983190
521998461
521984214
521984234
521984322
521984265
521984321
521998125
521984128
521997115
521998291
521998109
521998460
521983831
521983752
521997113
521987105
521983121
521984249
521998388
521998498
521998937
521984186
521983125
