521444331
521488100
521444379
521444483
521444622
521444467
521444192
521444436
521444281
521444642
521444283
521487875
521483121
521444635
521444469
521486106
521444851
521481145
521488116
521444113
521483100
521488128
521483127
521444285
521444860
521483360
521444195
521481138
521444570
521444532
521444437
521444623
521444640
521486102
521444321
521444339
521487195
521444562
521444534
521444867
521488107
521481100
521482109
521444349
521444470
521444224
521481146
521444238
521444577
521482106
521444329
521487550
521488124
521444316
521444653
521486109
521487116
521444214
521444546
521444313
521486107
521444502
521444510
521444558
521444371
521444110
521444503
521444304
521444336
521483132
521444205
521444406
521488101
521444136
521444413
521487148
521444181
521444260
521444234
521444662
521444165
521444537
521481153
521488114
521444287
521444441
521483116
521444332
521482111
521444235
521444293
521444160
521444239
521444486
521481331
521444660
521444661
521444438
521444184
521487154
521444602
521444134
521444330
521485101
521444520
521444179
521444801
521444496
521481102
521444215
521444176
521444457
521487121
521444216
521444836
521444721
521444311
521444178
521444208
521482105
521444730
521482113
521444426
521444707
521444188
521444284
521444310
521444147
521444391
521444615
521481140
521485118
521487102
521444342
521444666
521444498
521444774
521444625
521444425
521444490
521444303
521444685
521444124
521483112
521444683
521444292
521444233
521444114
521483114
521444159
521444845
521444552
521444819
521444297
521486103
521444541
521444382
521444154
521444401
521482107
521488178
521486104
521444403
521444135
521444634
521444116
521444418
521444333
521444508
521485104
521444850
521485109
521444650
521444186
521444848
521444655
521444618
521485129
521444704
521444169
521488109
521444669
521444230
521444109
521444581
521481144
521444555
521444174
521444337
521444579
521481120
521487138
521444256
521485116
521487128
521444265
521488889
521444414
521481131
521444705
521444714
521444300
521485102
521488123
521845101
521444132
521487117
521444450
521444582
521444429
521444512
521487112
521481380
521444232
521444153
521488127
521444175
521444322
521482114
521444104
521444686
521444554
521486110
521444301
521444656
521488193
521482110
521444583
521482112
521481118
521483128
521444829
521444268
521444269
521444416
521444448
521444542
521444120
521444122
521444840
521481107
521444261
521444600
521485106
521486865
521444262
521488137
521444381
521444278
521444222
521444202
521444671
521444415
521444119
521444652
521444710
521444250
521444383
521845104
521483120
521444286
521444369
521483111
521486113
521444447
521444864
521483105
521486116
521444351
521444204
521444492
521483118
521487126
521444145
521485119
521444800
521444843
521481119
521487156
521481104
521444445
521444657
521444338
521444533
521444221
521488886
521444263
521483129
521483103
521486115
521481109
521487155
521481110
521444682
521481116
521444404
521487122
521444574
521488105
521444856
521444676
521444247
521444433
521444589
521481123
521444347
521444844
521488106
521845109
521444189
521487125
521482115
521444435
521444504
521444219
521444550
521485108
521444207
521444140
521444173
521444421
521444320
521444288
521487140
521483122
521444375
521444491
521444335
521444885
521444241
521444539
521444651
521444624
521444443
521444709
521444245
521488145
521444507
521444700
521444598
521444384
521444432
521444547
521444553
521488143
521444242
521444356
521487114
521444341
521444516
521488132
521488142
521444684
521487149
521444431
521444636
521481155
521444713
521444427
521487105
521444223
521481129
521444485
521481121
521444121
521444509
521487147
521444452
521444543
521444575
521488883
521485112
521487110
521444373
521444449
521488122
521486108
521444434
521488144
521444846
521444405
521444420
521444444
521444277
521481115
521444601
521485111
521444133
521845106
521481122
521444252
521481139
521444257
521444667
521488120
521488111
521444270
521485107
521482103
521486111
521488173
521444312
521444430
521444141
521444148
521483110
521444511
521444706
521481152
521444767
521444157
521444439
521485122
521444231
521444402
521444858
521487159
521444309
521444519
521482120
521444143
521444693
521444315
521444548
521845102
521444674
521444130
521487143
521845108
521444538
521487124
521444572
521487109
521444664
521444587
521444464
521444586
521444318
521444637
521487101
521444105
521444423
521482102
521444103
521444399
521444306
521444264
521444201
521444308
521444411
521487107
521482100
521488147
521444299
521444302
521444200
521444540
521444506
521444249
521444549
521444453
521444170
521488174
521444670
521482108
521444213
521481103
521444225
521481156
521444610
521487134
521487130
521444183
521444487
521444530
521485117
521481101
521444702
521444115
521444584
521444638
521444196
521444156
521483131
521481112
521486100
521444837
521483104
521481154
521444576
521444828
521481117
521444505
521444859
521483108
521444614
521444708
521444389
521444827
521444360
521444849
521845103
521444803
521488126
521444556
521444325
521444328
521444446
521481126
521444722
521444314
521486114
521483109
521444484
521487139
521845107
521444573
521444578
521444400
521444687
521444111
521444199
521444194
521444307
521487166
521444171
521444319
521444295
521481143
521444142
521444692
521481106
521444544
521483107
521444417
521444236
521444663
521481147
521444209
521444276
521488112
521444419
521444866
521481389
521444317
521444597
521444612
521444501
521488136
521444422
521444398
521444131
521444357
521444428
521487145
521444125
521444451
521444177
521481113
521488103
521485797
521444528
521481114
521481111
521481128
521444290
521444291
521488141
521444857
521487111
521444481
521444440
521487104
521444608
521444654
521444424
521444639
521444376
521444668
521444617
521444545
521488110
521486105
521481124
521444152
521485121
521444390
521444613
521444619
521483130
521444531
521444717
521486121
521444334
521444718
521444862
521486112
521444251
521487100
521845100
521444126
521444359
521488149
521444190
521444374
521444326
521481841
521444465
521444711
521444193
521444368
521487144
521488885
521444203
521444580
521444665
521444323
521487129
521444348
521444386
521444220
521487113
521444191
521444703
521444340
521481105
521482104
521444118
521487146
521444616
521444585
