521899496
521867745
521867741
521899257
521868364
521899878
521868301
521834281
521833288
521899193
521899504
521899244
521833128
521831107
521899432
521834143
521834311
521834100
521891121
521834852
521834165
521899156
521833349
521867246
521834121
521833173
521867165
521867179
521899185
521868245
521899433
521899927
521899215
521834254
521833135
521868225
521834213
521867255
521868199
521833330
521899944
521897980
521835107
521868365
521867278
521868191
521867156
521899258
521836116
521833258
521899178
521867112
521833341
521868310
521899110
521867314
521868124
521899941
521831159
521833308
521833628
521899960
521899548
521868840
521899168
521834258
521899959
521899109
521899207
521833301
521868354
521833111
521833157
521899204
521834853
521834149
521831102
521899352
521899117
521832107
521899418
521833324
521867175
521831158
521867593
521867751
521831118
521899268
521834255
521834198
521899158
521867103
521899360
521833303
521833103
521833159
521899160
521833323
521899417
521834138
521831202
521834125
521833131
521868168
521832102
521899217
521868116
521834168
521841841
521899499
521834299
521899314
521833119
521897979
521833280
521833208
521867168
521899451
521894842
521899148
521833334
521894110
521899236
521899212
521834426
521833232
521899233
521894101
521833112
521899194
521867182
521867220
521899983
521894133
521867231
521834289
521834162
521833158
521899146
521834275
521868189
521868300
521899545
521833202
521868831
521868837
521834270
521867183
521899316
521833165
521833236
521833337
521868370
521868130
521899290
521832105
521899187
521868305
521833246
521899318
521833150
521867205
521833342
521832106
521833489
521899305
521899256
521868113
521834300
521833292
521868188
521868187
521833530
521899501
521834160
521868131
521833344
521834251
521867169
521894818
521836108
521867212
521834101
521868347
521867313
521833533
521867304
521899911
521868366
521868170
521899107
521867281
521835103
521833519
521867176
521868797
521867296
521899547
521833155
521899353
521899104
521833347
521899420
521868156
521899291
521831115
521833245
521834154
521834352
521899470
521899254
521834133
521834175
521833506
521899166
521833108
521834150
521894107
521833261
521899192
521834155
521833332
521899159
521867266
521899937
521867272
521868176
521868157
521833138
521867113
521868308
521868396
521834114
521899482
521899351
521833170
521899982
521833265
521899169
521868907
521841128
521899544
521868228
521833105
521868107
521899238
521833233
521899259
521841127
521867282
521899133
521833313
521836100
521868118
521834271
521899116
521834130
521899950
521899111
521899469
521899114
521833189
521833183
521899232
521833234
521899321
521833251
521894135
521899313
521833535
521867284
521867130
521897128
521833200
521899981
521833109
521899493
521868190
521833209
521897138
521899350
521868389
521834145
521867750
521899465
521868195
521899252
521868298
521899329
521834212
521899267
521867236
521867243
521868115
521833203
521834151
521899338
521868197
521831104
521834122
521868122
521833185
521833164
521899205
521834353
521867167
521833160
521868904
521899442
521833192
521868367
521899344
521867177
521834354
521831129
521867126
521899249
521868186
521899315
521833299
521831898
521899962
521834124
521868350
521834141
521833124
521834193
521899155
521868224
521899138
521833309
521833351
521833118
521834272
521833340
521833319
521899216
521841100
521834196
521833107
521831108
521899419
521899339
521867279
521833294
521834106
521834308
521834269
521833522
521899461
521867742
521833333
521899947
521868394
521899213
521899477
521833207
521894121
521899190
521834166
521834181
521834273
521899191
521899206
521833266
521899219
521899137
521868182
521899345
521868101
521899250
521834253
521899255
521899106
521834215
521833310
521833259
521868839
521899300
521833281
521836121
521899945
521897102
521899319
521899328
521841846
521833267
521891115
521899123
521834257
521836111
521833176
521833218
521833146
521867267
521899234
521867217
521831238
521833302
521834282
521836104
521833295
521867227
521899453
521867109
521899269
521899428
521899358
521867161
521899873
521899341
521831117
521833147
521867145
521868302
521833325
521899938
521867273
521834187
521833141
521899228
521899288
521899967
521833490
521834115
521868183
521834111
521833235
521868110
521868143
521832103
521833345
521899484
521831103
521868355
521868363
521899466
521899522
521894850
521841103
521834209
521868159
521834309
521834274
521899145
521868100
521868198
521868218
521833151
521899912
521834208
521868106
521899189
521899253
521835100
521834189
521867146
521899139
521899164
521899108
521831113
521867308
521834104
521833106
521868796
521833181
521899956
521833156
521868175
521899245
521894143
521834301
521894100
521867104
521833100
521831134
521833188
521834148
521899425
521868102
521833152
521834304
521833300
521833339
521897107
521834167
521833312
521867225
521899481
521834103
521899292
521868373
521867579
521899936
521867228
521899414
521867285
521899179
521867193
521899435
521899542
521833184
521834156
521831155
521899446
521831229
521867154
521833117
521834108
521899984
521833145
521868312
521868393
521834207
521868894
521833327
521831116
521836122
521899877
521867114
521833851
521834116
521867729
521868361
521899495
521867250
521834102
521899153
521867140
521899347
521868121
521867100
521899434
521894105
521833121
521831121
521834117
521868117
521833154
521899327
521867305
521899332
521867206
521831133
521868838
521835108
521835113
521868353
521833204
521833143
521833169
521834180
521868352
521894846
521868392
521868172
521831131
521868169
521867219
521834217
521897100
521899118
521834266
521899227
521841111
521868119
521899157
521834246
521867117
521868171
521834178
521834252
521834211
521899457
521833516
521868306
521833291
521899163
521899505
521899424
521833283
521868244
521834144
521899506
521868125
521899546
521899498
521834129
521867162
521899122
521868129
521899334
521899426
521899513
521899154
521833487
521833532
521899209
521868348
521899421
521833854
521867192
521833137
521899502
521833247
521867265
521833335
521834132
521867752
521833328
521867242
521899497
521899918
521833193
521899184
521867280
521834307
521899355
521833343
521899100
521831237
521899423
521833174
521833353
521868818
521868381
521899340
521833239
521834118
521868153
521833102
521833538
521867299
521868307
521867740
521899121
521868184
521834265
521834210
521897973
521894882
521831130
521833290
521899963
521868123
521868227
521833171
521899871
521899126
521899182
521868830
521899449
521833144
521833231
521833559
521831122
521833539
521899170
521868185
521835321
521833101
521899299
521899304
521868201
521867123
521868903
521834113
521834268
521868362
521899333
521899507
521833287
521894103
521833311
521899872
521899356
521894841
521899458
521867245
521867283
521868309
521833355
521868299
521831119
521833307
521891105
521899948
521899218
521867230
521899452
521894152
521868120
521899968
521867157
521868835
521868349
521867735
521833844
521891110
521833537
521899115
521834247
521831114
521899134
521831120
521899142
521899113
521899119
521867229
521899230
521867753
521899422
521868395
521831110
521833326
521899162
521833110
521868828
521891113
521831126
521833850
521868380
521899229
521834161
521899306
521831236
521841109
521833136
521899486
521867274
521899112
521868202
521833263
521899543
521833134
521899235
521833293
521833149
521868173
521832104
521833534
521867155
521834202
521833182
521833531
521868387
521833186
521834222
521899857
521868823
521867249
521899197
521868207
521834267
521899460
521867148
521868161
521833205
521899289
521834139
521868304
521833148
521899105
521899225
521834159
521834223
521899467
521833167
521899899
521899413
521868246
521867204
521899447
521833140
521899913
521899480
521899346
521834147
521899503
521899224
521868144
521833289
521867134
521833338
521899125
521831183
521899231
521833322
521899494
521833350
521834131
521833331
521899298
521833284
521833243
521831176
521899468
521867247
521899151
521868163
521868371
521899167
521834226
521867307
521833255
521899147
521868132
521867251
521832101
521867163
521897971
521834126
521867135
521831128
521899149
521868196
521868126
521867306
521868158
521867754
521867739
521899120
521833180
521833127
521899101
521899309
521867211
521833153
521833120
521899211
521899961
521867252
521867244
521899910
521899136
521899450
521868303
521867213
521899124
521868142
521868154
521899326
521868390
521833206
521834350
521899349
521834351
521899208
521867727
521899266
521867223
521834128
521831105
521833318
521899214
521894102
521831254
521868109
521834218
521899165
521899917
521834288
521868162
521891969
521868108
521891125
521868351
521899564
521836129
521899508
521899297
521868391
521867722
521834169
521833104
521867102
521834256
