521246137
521246159
521247139
521748105
521246176
521248106
521241198
521246232
521241184
521246143
521246221
521246129
521241414
521749108
521248250
521246113
521241134
521248193
521241190
521246120
521246213
521241178
521247103
521246197
521241135
521246299
521248123
521241157
521248131
521246161
521246107
521241176
521276121
521248166
521246332
521241194
521247127
521241195
521241100
521241114
521248199
521248267
521246175
521248140
521246223
521246186
521241156
521241102
521246323
521246110
521247119
521276111
521241104
521246171
521246241
521248208
521248200
521241120
521246360
521241125
521246101
521241126
521241181
521246104
521247118
521246125
521248136
521246212
521241183
521248195
521248158
521246183
521276116
521246195
521246490
521246297
521248125
521246149
521247138
521246168
521749110
521248127
521246158
521248184
521248163
521749115
521241112
521241131
521246100
521241197
521247204
521276103
521246188
521749106
521246240
521248141
521246190
521247107
521248185
521276137
521246217
521246295
521248104
521248114
521246131
521246238
521276100
521276110
521241147
521241121
521246135
521749105
521246185
521248182
521241172
521241152
521247101
521248153
521247181
521248492
521247174
521246106
521241166
521246309
521748107
521247105
521248142
521248174
521241407
521246218
521246127
521241168
521248176
521246204
521248183
521246239
521246202
521248160
521241118
521248227
521248156
521241144
521246256
521247106
521276109
521248206
521246156
521246255
521276122
521246182
521248269
521248177
521241163
521246170
521246114
521248173
521248225
521276119
521248165
521246102
521241220
521246148
521276123
521241222
521241175
521248100
521246150
521241236
521248116
521241149
521246154
521248179
521241196
521246160
521248122
521276118
521246164
521246311
521241169
521246219
521248107
521246210
521246470
521246198
521246162
521248268
521246757
521246209
521276105
521241146
521248101
521248113
521246459
521246116
521246147
521246134
521248159
521247100
521246237
521241108
521248168
521248240
521246121
521246216
521241419
521246122
521246124
521246118
521246469
521246494
521748100
521248143
521276106
521248138
521246105
521241138
521246177
521276115
521246234
521241193
521248270
521248181
521247104
521748106
521246133
521248201
521241171
521241123
521248124
521241132
521248249
521248207
521241116
521241137
521248130
521749850
521241185
521749122
521246179
521246115
521246270
521248149
521247129
521248134
521247126
521247109
521276127
521248198
521246333
521276102
521246140
521248133
521246192
521276133
521247205
521749101
521246220
521247471
521241127
521248139
521246224
521246111
521241111
521246294
521248170
521246247
521276126
521248203
521246132
521241161
521241148
521241101
521246141
521246359
521248186
521247108
521246123
521749114
521276136
521246330
521749104
521246142
521246244
521241215
521246457
521248172
521247135
521241124
521241150
521246248
521246139
521241410
521248129
521241180
521241167
521247124
521276112
521276107
521241237
521241279
521247130
521246480
521246263
521248105
521749107
521241223
521246126
521246243
521246128
521248152
521246361
521246178
521749102
521749103
521241173
521246103
521241153
521246157
521241174
521241221
521246233
521241145
521241119
521241122
521248241
521246200
521246130
521246173
521248115
521248119
521248266
521248150
521248196
521247132
521241159
521246191
521246310
521246296
521241420
521247133
521247110
521246138
521241411
521248226
521248228
521246331
521241103
521246214
521246242
521248103
521241115
521247151
521246208
521247121
521241200
521248488
521276104
521248180
521248128
521246362
521247475
521246211
521248167
521246493
521248155
521246174
521246222
521246335
521248110
521276125
521248243
521248137
521248102
521241240
521241179
521241105
521246181
521246112
521241130
521248491
521276108
521246201
521246460
521246163
521241158
521241106
521248108
521276117
521247131
521246180
521246109
521241136
521241177
521246463
521749111
521246203
521248202
521246476
521246298
521246187
521248161
521276114
521241110
521241162
521246334
521241239
521246184
521241117
521241164
