521228340
521228362
521283105
521784147
521228111
521232103
521228213
521228754
521226103
521784141
521924179
521921267
521296108
521228406
521284107
521228128
521924212
521297105
521283132
521924177
521921340
521271158
521765110
521921236
521921224
521923128
521288130
521228325
521924144
521228295
521228301
521279112
521232123
521784212
521924107
521765839
521765833
521922232
521271153
521271214
521228101
521232116
521271178
521921223
521228414
521924141
521228269
521228276
521921265
521297975
521228234
521279116
521228195
521921266
521924115
521271187
521279110
521784138
521921149
521228227
521228232
521922152
521924210
521228310
521228220
521288119
521228273
521296104
521228847
521288121
521924101
521784122
521923108
521288104
521921261
521297104
521228409
521271150
521288128
521784101
521921272
521228358
521228122
521784121
521232120
521228274
521923118
521228191
521228376
521296101
521784133
521924178
521921101
521784110
521294146
521273100
521279100
521922145
521296117
521921172
521271707
521232134
521228337
521271130
521271315
521279104
521232115
521784125
521228118
521922122
521922176
521294157
521923126
521785101
521271225
521924242
521273142
521228215
521922113
521283118
521273105
521273128
521921201
521921234
521922116
521271180
521228143
521273126
521288139
521273155
521228169
521288114
521297102
521784847
521294152
521228214
521273156
521294129
521228219
521924146
521785108
521921162
521294949
521921160
521288102
521271113
521294140
521785105
521228292
521294118
521271142
521271213
521294200
521232155
521922273
521784119
521921169
521296103
521921297
521923206
521921113
521232178
521923119
521228126
521273115
521226104
521296115
521279124
521924114
521228116
521271145
521922126
521226107
521924150
521921135
521784115
521228112
521922114
521271211
521924108
521924100
521922206
521228308
521921146
521922156
521922200
521271226
521921202
521921179
521922213
521921143
521294158
521283121
521294221
521921252
521228826
521922103
521288124
521228405
521921117
521294112
521924138
521228198
521232125
521228193
521921250
521921118
521271148
521922157
521784118
521784139
521226158
521922102
521271163
521922189
521784888
521271102
521294139
521288141
521288112
521922186
521271191
521922140
521271122
521922217
521784848
521271170
521273134
521228404
521232148
521922120
521921180
521228355
521271184
521923127
521273117
521228363
521271730
521271109
521226109
521271127
521271711
521784136
521288140
521232220
521921238
521294136
521228593
521294242
521271108
521232143
521922289
521784103
521924139
521228108
521784116
521271114
521294125
521228410
521228107
521923110
521784213
521273121
521924195
521922137
521922255
521294239
521271193
521228334
521921255
521923125
521923138
521922175
521922128
521228163
521228282
521296102
521271177
521228835
521228382
521294241
521784104
521228170
521232192
521226124
521271206
521924143
521288108
521294941
521921103
521921173
521294122
521921253
521228125
521228139
521924126
521921115
521228988
521228114
521785107
521226102
521921198
521296112
521765115
521924130
521922197
521228257
521226101
521228360
521228305
521922123
521284109
521922209
521271160
521271120
521271205
521921304
521271709
521228251
521271195
521924112
521228366
521271194
521288117
521273133
521294116
521279105
521271139
521924140
521924241
521232110
521283124
521288113
521273143
521296110
521923235
521922121
521922185
521922212
521921291
521283109
521273122
521921303
521921228
521273162
521922161
521921258
521923231
521283107
521921233
521228179
521271141
521288136
521921130
521228211
521228336
521283102
521232118
521922159
521271313
521228288
521228357
521232174
521784163
521228297
521922112
521228845
521228306
521921308
521271152
521228236
521273124
521921254
521228353
521294137
521921321
521279113
521228364
521271140
521228173
521271291
521228235
521232154
521294944
521294204
521232593
521228145
521284102
521924147
521923131
521228424
521232145
521921154
521294128
521921240
521228252
521921145
521228185
521228848
521924196
521923130
521279107
521228422
521273161
521271212
521283106
521228314
521271165
521228375
521228307
521228177
521921204
521921181
521921256
521273119
521228184
521921109
521921311
521288115
521294145
521922100
521271314
521273132
521765841
521294170
521921192
521921167
521922125
521288131
521922227
521273106
521921100
521921284
521232100
521921333
521228777
521228171
521922214
521294102
521924156
521228123
521921268
521271172
521784124
521924197
521228338
521288105
521271107
521921105
521228196
521232153
521922226
521228131
521921121
521279114
521921112
521228359
521288135
521273123
521294154
521921138
521297100
521226115
521785109
521232439
521921257
521228266
521228147
521228277
521228268
521922163
521924134
521921174
521228146
521228851
521922198
521271132
521228421
521785112
521228856
521271196
521288118
521271230
521296964
521921221
521921125
521922119
521228162
521228313
521922266
521228159
521228254
521921307
521921127
521294138
521228137
521784211
521294169
521273101
521922118
521228837
521921104
521228283
521284551
521232142
521921285
521283123
521296114
521228381
521294105
521228228
521288100
521921195
521228212
521228183
521283112
521921111
521784144
521273112
521923111
521922184
521271179
521271136
521921124
521283873
521923112
521271729
521294168
521228425
521921141
521228144
521228499
521921235
521271224
521921128
521784126
521921131
521922205
521765112
521283874
521921123
521228335
521784109
521921178
521271706
521228859
521288125
521922115
521922195
521226553
521228502
521228150
521288109
521922160
521296144
521294107
521279106
521228241
521922139
521283138
521271171
521228311
521923115
521924131
521228105
521921249
521232160
521784134
521922177
521922191
521228181
521228272
521228408
521924129
521228238
521283117
521228115
521232163
521273131
521294150
521921147
521924137
521922173
521232157
521921271
521922282
521271263
521922196
521232113
521921306
521271197
521921110
521288883
521228154
521924102
521228776
521228603
521297119
521271103
521228278
521228854
521228423
521228377
521271740
521294197
521271131
521765119
521294109
521284106
521921270
521924104
521784120
521921139
521232136
521924151
521921203
521921273
521921239
521921120
521228498
521784137
521228304
521228106
521232138
521785102
521922208
521273129
521921197
521228142
521924136
521923139
521232108
521271100
521271244
521785830
521232104
521228979
521785100
521296113
521228172
521271104
521922162
521294127
521228275
521271217
521284112
521921310
521228824
521296149
521271199
521228348
521921175
521271749
521288107
521924110
521923116
521923122
521922207
521921144
521921298
521228501
521228309
521271259
521785106
521228121
521228400
521921151
521923105
521921129
521273102
521228407
521923117
521294770
521922192
521924246
521273110
521283554
521283108
521765108
521271183
521228302
521228222
521232101
521923102
521232161
521271173
521228190
521228229
521921283
521273130
521228403
521228591
521923132
521922134
521765107
521283113
521228127
521271208
521922256
521228134
521271710
521922276
521228839
521784117
521279115
521784140
521294126
521228285
521922593
521273108
521288110
521228158
521271135
521765109
521279108
521294115
521284101
521922164
521273120
521921142
521271265
521232137
521283114
521232133
521921206
521283125
521924122
521921207
521922138
521228253
521922109
521232156
521784127
521271134
521922220
521921114
521922218
521288137
521288123
521924116
521228113
521271166
521294181
521271133
521921274
521296961
521271118
521271243
521228194
521271238
521228221
521921153
521765106
521273107
521921222
521228333
521923137
521228339
521924103
521228853
521921185
521273135
521271159
521922211
521765102
521284104
521921196
521226105
521228136
521765103
521228860
521924123
521228119
521228365
521228361
521921134
521273116
521765101
521294103
521922124
521228324
521228133
521924119
521921229
521784123
521296119
521288106
521228317
521228100
521924111
521288132
521283115
521296106
521294155
521921200
521294164
521924145
521228857
521271302
521228293
521922228
521228178
521228102
521921269
521271162
521284103
521271115
521228239
521784108
521271124
521271283
521228151
521228120
521271215
521232159
521271185
521921168
521232102
521921177
521273159
521283110
521784142
521922135
521228197
521271137
521922130
521279117
521228148
521922174
521228156
521228189
521294110
521921140
521924127
521765125
521784135
521228496
521294100
521921150
521271284
521921155
521922183
521232144
521924120
521765123
521228218
521283128
521785103
521228140
521784106
521294104
521288116
521228753
521228315
521228287
521785104
521228356
521228858
521228341
521924133
521232139
521271125
521232112
521232146
521228445
521283122
521271111
521283130
521228312
521226100
521924128
521784145
521921116
521228149
521923100
521288885
521271116
521228176
521921161
521784105
521228110
521228838
521784146
521923209
521283120
521271110
521271147
521271101
521921133
521922210
521228103
521921102
521271190
521922111
521923238
521271702
521228157
521296107
521283119
521921208
521232197
521273125
521923120
521296100
521922155
521232147
521921184
521228180
521921246
521271128
521228188
521271228
521296109
521228230
521228210
521232114
521228296
521228354
521921259
521232117
521228286
521294114
521228281
521232105
521271105
521273141
521228160
521922190
521294147
521273111
521288122
521232127
521228256
521283104
521271121
521297970
521271209
521232171
521924149
521271266
521784107
521271260
521921262
521922127
521228378
521271316
521271718
521924118
521923135
521226108
521228320
521232141
521294132
521228855
521296105
521283111
521765118
521921260
521922230
521228852
521921305
521922153
521228830
521924121
521271126
521273118
521283131
521232198
521228182
521921119
521273127
521228242
521294101
521294121
521271176
521271231
521271189
521294199
521232135
521922158
521232126
521228497
521924249
521924142
521228104
521921276
521922203
521271245
521765111
521279109
521228411
521228233
521271123
521232109
521294151
521283100
521232124
521228132
521284118
521921280
521228284
521922101
521271151
521228164
521228153
521228846
521226106
521228161
521294209
521288144
521271246
521923121
521273113
521921137
521271593
521228109
521297103
521924109
521283129
521271264
521296116
521228124
521921132
521271715
521228836
521271229
521921230
521921148
521271704
521228321
521923114
521279111
521228316
521294117
521924117
521922229
521923109
521924148
521294156
521271317
521924135
521228138
521228187
521228323
521924132
521273109
521921136
521232140
521271207
521921292
521232149
521284100
