521498121
521492141
521492125
521433880
521458130
521492122
521458989
521492101
521496147
521494100
521493939
521496104
521492100
521458107
521478115
521458116
521494103
521458103
521498122
521493160
521492293
521492112
521493188
521496141
521493123
521493169
521492117
521458121
521492126
521492280
521458109
521499103
521493107
521492111
521493159
521499105
521494101
521478798
521346109
521496133
521496122
521493161
521492946
521478114
521492109
521492559
521346102
521346105
521458110
521346700
521498116
521458136
521467102
521492288
521492905
521492291
521458128
521493946
521492289
521493100
521498134
521492107
521496148
521493113
521496200
521498131
521492493
521493108
521493115
521492900
521458117
521496121
521496117
521496105
521492124
521498102
521493468
521496114
521492294
521493102
521493138
521493111
521493157
521496961
521496208
521346103
521496143
521493101
521494942
521492106
521346107
521492103
521496131
521492105
521496126
521496178
521496119
521493213
521458123
521494118
521493142
521496118
521498104
521467103
521498115
521496124
521498100
521492127
521346112
521463952
521493151
521492116
521492115
521346101
521492121
521492909
521433108
521494112
521493129
521494102
521498151
521499110
521458104
521433104
521493170
521498128
521493117
521496137
521496115
521493136
521496113
521493168
521458112
521493144
521494104
521493190
521493156
521493114
521493112
521493934
521493143
521496102
521496142
521496125
521492143
521433114
521492869
521493215
521496136
521492145
521493137
521433100
521496116
521493181
521492292
521496177
521492949
521346104
521498113
521458120
521458129
521458106
521493949
521493158
521496112
521463953
521493104
521496110
521467100
521498106
521496130
521458100
521493149
521498123
521496127
521499102
521493148
521493150
521493128
521498105
521458105
521493125
521458114
521496209
521493124
521492129
521467107
521498110
521493106
521493212
521498103
521478124
521493110
521492146
521492290
521496132
521478125
521498112
521346113
521493155
521493191
521496129
521492870
521496128
521493118
521492118
521492544
521433103
521498119
521492140
521499100
521494116
521498120
521494513
521458143
521496172
521346108
521492492
521492997
521498101
521493796
521492113
521496109
521492795
521458127
521493135
521433105
521492144
521498114
521498109
521492102
521492123
521467105
521458118
521496149
521496123
521433111
521493152
521492104
521493109
521458101
521433102
521493103
521458115
521458102
521346100
521496139
521433109
521493171
521492119
521493189
521492926
521494106
521496155
521346111
521492892
521492942
521492128
521496134
521433113
521496101
521493105
521493116
521493959
521496107
