1876851
1876591
1876411
1876525
1876643
1876404
1876428
1876492
1876853
1876241
1876575
1876660
1876669
1876400
1876458
1876475
1876873
1876487
1876520
1876493
1876265
1876399
1876667
1876887
1876522
1876559
1876599
1876252
1876418
1876442
1876881
1876474
1876482
1876432
1876883
1876553
1876446
1876282
1876413
1876285
1876250
1876856
1876862
1876849
1876668
1876457
1876443
1876644
1876243
1876426
1876427
1876855
1876251
1876558
1876454
1876854
1876433
1876464
1876262
1876414
1876860
1876485
1876885
1876874
1876358
1876359
1876280
1876476
1876498
1876870
1876260
1876579
1876259
1876898
1876571
1876467
1876295
1876888
1876284
1876587
1876647
1876552
1876440
1876646
1876416
1876480
1876397
1876890
1876410
1876472
1876484
1876286
1876460
1876866
1876261
1876256
1876291
1876253
1876452
1876409
1876662
1876557
1876281
1876466
1876844
1876406
1876878
1876425
1876665
1876846
1876420
1876843
1876884
1876444
1876407
1876594
1876456
1876882
1876292
1876351
1876469
1876521
1876592
1876477
1876257
1876641
1876289
1876857
1876417
1876892
1876356
1876666
1876527
1876640
1876871
1876896
1876850
1876859
1876408
1876424
1876598
1876403
1876858
1876294
1876893
1876438
1876577
1876495
1876459
1876582
1876588
1876249
1876461
1876648
1876529
1876481
1876572
1876270
1876254
1876272
1876864
1876491
1876470
1876258
1876297
1876244
1876394
1876550
1876293
1876877
1876868
1876891
1876423
1876645
1876441
1876430
1876352
1876245
1876524
1876486
1876590
1876894
1876556
1876287
1876278
1876574
1876879
1876852
1876353
1876528
1876880
1876412
1876523
1876863
1876586
1876496
1876451
1876429
1876275
1876357
1876488
1876555
1876848
1876664
1876437
1876465
1876415
1876390
1876396
1876248
1876489
1876395
1876875
1876354
1876578
1876576
1876279
1876593
1876455
1876861
1876355
1876434
1876296
1876267
1876448
1876402
1876580
1876581
1876497
1876649
1876242
1876886
1876276
1876471
1876499
1876494
1876299
1876271
1876895
1876573
1876445
1876526
1876273
1876439
1876450
1876435
1876255
1876899
1876405
1876872
1876277
1876288
1876869
1876290
1876449
1876392
1876595
1876642
1876663
1876589
1876583
1876453
1876584
1876478
1876421
1876298
1876596
1876422
1876419
1876840
1876841
1876431
1876842
1876847
1876269
1876264
1876246
1876240
1876462
1876463
1876597
1876867
1876865
1876447
1876263
1876570
1876876
1876391
1876393
1876554
1876436
1876479
1876473
1876274
1876661
1876266
1876585
1876483
1876889
1876468
1876897
1876247
1876490
1876268
1876401
1876551
1876283
1876350
1876398
1876845
