1876788
1876314
1876774
1876319
1876709
1876820
1876379
1876534
1876518
1876809
1876906
1876813
1876211
1876914
1876814
1876834
1876374
1876372
1876533
1876517
1876916
1876389
1876519
1876833
1876334
1876545
1876388
1876322
1876336
1876802
1876310
1876749
1876742
1876838
1876997
1876343
1876831
1876387
1876798
1876900
1876799
1876832
1876313
1876786
1876530
1876790
1876346
1876782
1876375
1876339
1876510
1876317
1876902
1876345
1876373
1876539
1876817
1876544
1876992
1876741
1876910
1876745
1876347
1876215
1876342
1876807
1876367
1876348
1876329
1876918
1876996
1876700
1876707
1876344
1876794
1876901
1876740
1876995
1876787
1876386
1876369
1876535
1876778
1876218
1876549
1876993
1876361
1876816
1876808
1876311
1876512
1876210
1876779
1876746
1876810
1876546
1876827
1876531
1876324
1876219
1876784
1876323
1876380
1876917
1876911
1876836
1876516
1876542
1876548
1876744
1876543
1876335
1876362
1876805
1876999
1876801
1876908
1876839
1876338
1876822
1876318
1876217
1876903
1876791
1876835
1876708
1876340
1876797
1876823
1876547
1876781
1876513
1876776
1876337
1876360
1876366
1876748
1876332
1876377
1876381
1876785
1876214
1876747
1876368
1876536
1876363
1876703
1876773
1876994
1876325
1876796
1876792
1876216
1876777
1876330
1876370
1876828
1876537
1876376
1876919
1876824
1876775
1876803
1876326
1876312
1876789
1876705
1876316
1876909
1876825
1876383
1876811
1876333
1876532
1876829
1876780
1876830
1876540
1876804
1876371
1876321
1876772
1876538
1876815
1876912
1876514
1876378
1876821
1876826
1876915
1876327
1876213
1876328
1876795
1876365
1876771
1876913
1876806
1876783
1876706
1876837
1876384
1876331
1876793
1876819
1876382
1876818
1876800
1876812
1876743
1876320
1876904
1876907
1876770
1876991
1876541
1876998
1876315
1876990
1876212
1876385
1876701
1876341
1876515
1876702
1876511
1876364
1876905
1876704
1876349
