9689934
9689016
9689212
9689941
9689349
9689371
9689237
9689156
9689885
9689374
9689244
9689857
9689370
9689234
9689266
9689236
9689181
9689317
9689369
9689397
9689279
9689048
9689831
9689303
9689290
9689247
9689182
9689252
9689845
9689350
9689274
9689313
9689227
9689284
9689299
9689960
9689205
9689307
9689093
9689365
9689396
9689354
9689293
9689263
9689304
9689242
9689219
9689229
9689325
9689054
9689301
9689927
9689308
9689282
9689211
9689115
9689231
9689294
9689042
9689226
9689105
9689064
9689372
9689314
9689337
9689087
9689215
9689053
9689256
9689366
9689260
9689385
9689338
9689356
9689289
9689322
9689364
9689399
9689257
9689386
9689359
9689184
9689300
9689320
9689160
9689378
9689855
9689383
9689010
9689907
9689963
9689375
9689283
9689306
9689330
9689332
9689382
9689343
9689360
9689326
9689255
9689273
9689327
9689268
9689890
9689217
9689254
9689355
9689804
9689222
9689318
9689324
9689214
9689389
9689230
9689379
9689333
9689278
9689344
9689362
9689392
9689361
9689339
9689347
9689243
9689276
9689387
9689394
9689334
9689328
9689351
9689239
9689380
9689225
9689065
9689916
9689246
9689291
9689025
9689323
9689377
9689213
9689390
9689281
9689398
9689280
9689196
9689145
9689139
9689202
9689336
9689367
9689391
9689287
9689238
9689319
9689393
9689253
9689167
9689331
9689258
9689208
9689388
9689321
9689220
9689157
9689830
9689250
9689954
9689296
9689270
9689251
9689357
9689261
9689201
9689969
9689058
9689806
9689285
9689277
9689342
9689207
9689363
9689974
9689384
9689233
9689248
9689911
9689221
9689022
9689887
9689177
9689358
9689267
9689272
9689335
9689269
9689271
9689288
9689305
9689209
9689805
9689216
9689353
9689286
9689348
9689249
9689240
9689298
9689345
9689062
9689903
9689311
9689341
9689309
9689373
9689210
9689275
9689297
9689295
9689893
9689340
9689259
9689265
9689395
9689232
9689892
9689172
9689262
9689827
9689346
9689983
9689292
9689368
9689206
9689200
9689316
9689302
9689310
9689315
9689224
9689203
9689245
9689004
9689329
9689241
9689218
9689195
9689204
9689936
9689223
9689381
9689809
9689312
9689352
9689376
9689235
9689264
9689228
9689961
