9689687
9689523
9689408
9689572
9689528
9689574
9689756
9689517
9689573
9689592
9689514
9689506
9689440
9689507
9689535
9689571
9689454
9689550
9689739
9689677
9689567
9689537
9689462
9689463
9689473
9689532
9689538
9689478
9689779
9689575
9689424
9689524
9689488
9689529
9689611
9689563
9689726
9689418
9689552
9689560
9689486
9689686
9689409
9689531
9689465
9689432
9689451
9689577
9689630
9689578
9689648
9689443
9689421
9689519
9689760
9689413
9689509
9689591
9689530
9689470
9689511
9689415
9689743
9689479
9689585
9689449
9689459
9689754
9689536
9689501
9689589
9689599
9689597
9689495
9689570
9689632
9689549
9689521
9689771
9689582
9689476
9689534
9689446
9689434
9689658
9689428
9689492
9689423
9689493
9689471
9689773
9689406
9689457
9689412
9689515
9689489
9689442
9689780
9689579
9689554
9689499
9689660
9689411
9689586
9689593
9689555
9689636
9689559
9689580
9689533
9689694
9689583
9689631
9689481
9689474
9689467
9689475
9689494
9689430
9689768
9689497
9689581
9689425
9689656
9689527
9689448
9689520
9689518
9689556
9689420
9689564
9689414
9689720
9689450
9689616
9689407
9689618
9689566
9689565
9689596
9689458
9689584
9689741
9689688
9689441
9689404
9689562
9689638
9689472
9689431
9689480
9689544
9689605
9689683
9689435
9689695
9689793
9689761
9689427
9689505
9689704
9689438
9689444
9689401
9689588
9689542
9689590
9689522
9689557
9689799
9689477
9689445
9689706
9689464
9689553
9689718
9689510
9689594
9689745
9689569
9689679
9689751
9689504
9689403
9689416
9689633
9689502
9689400
9689469
9689426
9689410
9689482
9689732
9689452
9689498
9689645
9689576
9689668
9689622
9689429
9689456
9689461
9689433
9689753
9689436
9689466
9689699
9689540
9689525
9689595
9689749
9689684
9689568
9689598
9689484
9689546
9689558
9689483
9689491
9689587
9689619
9689512
9689447
9689405
9689402
9689775
9689624
9689545
9689455
9689496
9689733
9689628
9689417
9689723
9689516
9689547
9689707
9689422
9689541
9689539
9689468
9689513
9689717
9689453
9689419
9689460
9689487
9689437
9689526
9689543
9689508
9689551
9689503
9689561
9689485
9689439
9689490
9689757
9689548
