9470377
9470392
9471944
9470280
9471941
9471353
9471516
9470062
9471421
9470669
9471289
9470380
9470031
9470650
9470533
9470905
9471606
9471307
9470636
9470064
9471200
9471892
9470903
9471501
9471838
9471906
9470457
9470547
9471949
9470486
9471046
9471565
9471888
9471369
9470610
9471630
9471239
9471897
9471894
9471416
9470641
9470945
9471788
9470806
9470087
9470943
9471721
9471396
9470384
9470102
9470060
9470831
9470461
9470358
9471393
9470812
9470651
9470989
9471792
9471081
9470758
9470703
9471600
9470448
9470722
9470803
9471324
9471288
9470701
9471736
9470482
9471113
9470881
9471537
9470119
9471619
9471604
9471168
9471884
9470582
9471704
9471149
9471722
9471012
9471778
9471521
9471209
9470308
9471088
9471601
9470444
9470209
9471076
9470081
9471097
9470828
9470348
9470205
9470050
9470686
9470351
9471351
9471338
9470150
9470591
9470477
9470685
9471413
9470465
9471311
9470226
9470568
9470250
9470855
9470439
9471294
9470868
9470306
9470007
9470933
9470270
9470084
9470571
9470944
9470760
9471129
9470975
9470986
9470653
9471050
9471274
9471633
9470553
9470566
9471896
9471028
9471929
9471834
9470307
9471693
9470176
9470207
9471574
9471117
9470320
9470257
9471177
9470419
9471575
9471643
9471331
9470328
9470138
9471134
9470146
9470332
9470755
9471813
9471120
9471591
9471213
9470523
9471779
9470340
9471552
9471908
9470594
9470200
9471357
9470519
9470628
9470681
9470141
9470165
9470606
9471015
9470350
9470884
9471360
9471412
9471958
9470557
9471271
9471852
9470218
9471679
9470717
9471962
9470474
9471797
9470421
9470936
9470510
9470587
9471432
9471411
9470827
9470920
9470076
9470042
9471646
9470237
9471260
9471969
9470240
9471811
9470646
9471102
9471022
9470293
9471530
9471367
9470036
9470117
9471157
9471326
9470362
9471726
9471381
9470183
9470785
9470710
9470370
9470695
9470697
9471094
9470818
9471653
9470071
9470032
9471997
9471718
9471902
9470295
9470577
9470531
9470420
9470830
9471690
9470322
9470880
9470878
9471519
9471886
9470096
9471336
9470736
9471868
9471570
9471422
9470952
9470829
9471084
9471250
9471544
9471828
9471545
9471456
9471308
9471380
9470258
9470389
9471589
9470376
9470853
9471732
9470061
9470778
9470848
9470442
9471678
9471173
9471996
9471368
9471070
9470858
9470767
9471252
9471768
9470860
9471781
9471782
9471333
9470728
9471551
9471398
9471561
9471228
9470426
9470836
9471181
9471214
9470110
9471033
9470136
9471805
9471793
9470175
9470121
9471455
9470001
9470171
9471563
9471085
9471644
9470910
9470304
9471739
9471719
9470744
9471099
9471968
9470771
9470959
9471595
9471225
9471217
9471938
9470167
9470185
9471077
9471445
9471960
9471186
9471205
9470529
9471208
9470010
9471001
9470929
9471950
9470197
9471815
9471313
9470632
9471615
9470180
9471467
9471922
9470427
9471365
9471147
9471498
9470385
9471762
9470572
9470125
9471449
9471816
9470073
9471964
9470985
9470545
9471576
9470605
9471672
9470054
9470273
9471197
9470225
9470592
9470895
9471645
9471123
9470157
9471911
9470916
9470433
9471592
9470780
9471057
9470104
9470732
9471025
9470746
9471489
9470360
9471043
9470626
9471036
9470752
9470127
9471587
9470779
9471460
9470411
9470608
9471539
9471830
9471044
9471881
9470254
9470455
9470539
9471585
9471522
9471465
9470885
9471446
9471384
9470019
9470980
9471616
9471329
9471751
9471483
9471258
9471361
9470973
9471904
9471820
9470162
9471973
9470210
9471278
9471002
9470598
9471116
9471047
9471694
9470169
9471135
9470556
9471610
9470469
9470479
9471185
9470890
9471234
9470947
9471631
9470552
9470909
9470341
9471486
9471303
9471839
9471163
9470239
9471780
9471590
9470699
9470810
9470148
9471086
9471843
9470312
9470160
9470438
9470275
9470331
9470204
9471454
9470912
9471490
9471453
9470838
9471709
9470676
9470629
9470260
9471534
9471936
9471710
9470677
9470000
9470983
9471717
9471848
9471711
9470667
9470698
9470292
9471348
9470230
9470544
9471667
9470532
9470535
9470768
9470418
9471759
9470559
9470762
9471475
9471193
9471343
9471758
9470059
9471877
9471512
9471703
9470403
9470600
9471769
9470347
9471118
9470662
9471058
9471298
9470521
9470047
9471245
9470082
9470930
9471917
9470243
9470429
9471267
9470840
9471887
9470825
9471801
9471915
9470497
9471049
9471207
9470140
9471016
9470193
9471007
9471419
9470194
9471306
9470434
9471428
9471787
9470839
9470675
9471524
9470417
9471323
9470051
9471325
9471184
9470453
9471101
9471064
9471899
9471382
9471871
9470894
9471764
9471031
9471880
9471627
9471641
9471263
9471835
9470052
9470223
9471750
9471775
9471555
9470097
9470458
9471581
9470507
9470781
9470723
9471226
9470049
9470324
9471999
9471484
9470874
9470609
9470832
9470388
9470892
9471559
9471319
9470187
9470168
9471230
9471279
9470946
9470211
9470152
9470850
9470396
9470319
9471727
9471009
9471940
9470116
9471876
9471179
9471340
9471206
9471706
9471463
9470563
9470745
9470325
9471485
9471434
9470921
9470143
9470028
9471584
9470120
9470145
9470089
9471784
9470822
9471819
9471864
9470178
9470501
9470713
9471024
9470215
9470236
9470711
9470495
9470766
9470216
9471708
9471109
9470748
9471253
9471588
9471435
9471122
9470674
9471761
9471867
9471495
9471743
9471067
9471603
9470738
9471162
9471493
9471112
9470820
9471347
9470821
9470480
9470540
9470917
9470756
9470266
9470313
9471192
9471041
9471142
9471420
9471987
9470159
9471140
9470538
9471482
9471928
9471292
9471827
9471287
9471470
9470684
9470357
9471153
9471359
9471451
9470869
9470619
9471196
9470034
9470673
9470276
9470871
9470017
9470706
9470603
9470346
9471745
9470599
9471790
9471889
9471132
9471100
9471531
9471502
9471720
9471963
9471916
9471244
9470329
9470288
9470488
9470182
9470915
9470555
9471048
9471785
9470267
9470391
9470393
9471513
9471514
9470891
9471857
9471492
9470971
9470467
9471659
9470573
9470383
9470511
9471459
9470101
9471873
9470137
9470184
9471229
9470715
9470727
9471195
9471845
9471378
9471795
9471241
9470327
9471597
9470546
9470035
9471854
9470496
9471204
9471970
9470302
9471870
9470122
9470740
9470950
9470502
9471194
9471527
9470487
9471712
9470730
9471620
9470065
9471666
9470039
9471223
9471942
9471386
9470203
9470475
9471700
9470725
9470321
9471108
9471121
9471430
9471683
9470960
9471266
9471978
9471126
9471376
9471858
9470106
9470395
9471441
9470691
9470099
9471598
9470658
9471014
9471061
9471975
9470103
9470074
9471406
9470115
9471180
9471499
9470961
9471370
9470493
9470987
9471128
9470634
9471855
9471632
9471771
9470898
9470424
9470923
9471696
9470565
9470678
9471222
9471189
9471457
9470189
9471822
9470253
9471442
9471176
9470372
9470841
9471130
9470922
9470435
9470512
9470278
9471174
9470687
9471373
9471216
9471562
9471056
9471773
9470177
9471237
9470899
9471004
9470633
9470843
9471837
9471557
9471334
9471596
9471967
9471089
9471242
9470833
9471735
9471190
9471082
9470269
9470873
9470235
9470272
9470428
9470941
9470870
9470879
9470847
9471027
9470861
9471993
9470900
9470811
9471850
9471729
9471480
9470537
9471578
9470967
9471550
9470436
9471671
9471481
9471841
9471541
9471426
9470247
9471549
9471621
9470875
9470316
9470616
9471240
9471013
9471297
9471931
9470948
9470412
9471301
9471026
9471725
9471510
9471786
9471270
9470604
9470976
9471280
9470279
9470734
9471293
9470483
9471052
9471029
9470056
9471716
9471900
9471663
9471474
9470249
9471137
9471765
9471508
9470309
9471705
9471006
9471825
9471425
9470625
9471766
9470492
9470700
9470077
9471733
9471429
9471166
9471156
9470345
9470704
9470459
9471327
9470856
9470222
9470462
9470153
9471994
9470908
9470585
9471461
9471860
9471548
9470901
9471466
9471139
9470784
9470601
9471836
9470928
9471918
9471818
9471612
9471349
9470726
9471607
9470004
9470450
9471290
9470232
9470375
9470484
9470541
9471859
9471472
9470259
9470072
9471731
9471103
9471891
9471341
9471783
9471800
9470789
9470342
9471586
9471170
9470481
9470238
9471395
9470009
9470040
9470472
9471106
9470550
9471494
9471829
9471478
9471637
9471961
9470692
9471642
9470413
9471763
9470373
9470430
9471947
9470668
9470560
9470170
9471377
9470953
9471934
9470575
9471019
9471497
9470069
9470757
9471328
9471833
9471737
9471125
9471697
9471767
9470447
9471939
9470693
9471394
9470219
9471476
9471883
9471069
9471317
9471746
9471556
9470642
9470982
9470190
9471119
9470371
9470080
9470654
9471060
9471415
9470303
9470337
9470149
9471352
9470161
9471885
9470733
9470451
9470156
9470805
9470514
9471639
9471034
9471265
9470188
9470038
9470053
9471611
9471164
9470996
9471165
9470500
9471506
9471553
9471431
9470688
9470716
9471676
9471354
9470091
9471806
9471756
9471658
9470374
9470315
9470506
9470025
9470285
9471261
9470016
9471375
9471662
9470914
9470404
9470078
9471231
9471817
9470126
9470449
9470942
9470048
9470992
9470030
9470314
9471427
9471546
9470627
9471414
9470400
9471269
9470378
9470714
9471111
9470338
9471930
9470719
9471594
9471796
9471385
9471840
9470354
9470824
9470694
9471952
9470128
9470198
9471330
9471462
9470217
9470787
9471405
9471391
9470896
9470283
9470542
9470425
9470305
9471824
9471875
9470665
9471807
9471625
9470339
9471167
9471243
9471554
9471757
9471276
9470407
9471124
9470212
9470522
9470359
9471695
9471436
9470648
9471066
9471332
9470883
9471946
9470854
9470786
9471730
9471473
9471851
9470631
9471624
9471617
9471560
9471684
9471390
9471233
9470938
9471038
9470109
9470949
9471078
9470139
9470029
9471682
9470888
9470164
9471264
9470018
9470863
9471248
9471305
9471256
9471075
9471366
9471605
9471198
9471998
9470471
9470596
9470795
9471133
9471689
9470796
9470569
9470431
9470640
9470008
9470882
9471995
9470615
9470962
9471408
9470046
9471613
9470286
9470289
9470886
9470274
9471505
9470221
9471232
9471203
9470772
9470515
9471529
9470242
9471990
9470335
9470464
9470365
9470617
9470797
9470583
9471542
9471686
9470144
9471141
9470578
9470907
9471083
9471957
9471320
9471747
9470297
9470931
9471178
9471636
9471602
9470027
9470612
9471532
9470724
9471738
9470867
9471321
9471268
9470679
9470761
9470399
9471910
9471403
9470355
9470284
9470441
9471772
9471583
9470990
9470271
9470857
9470057
9470095
9471640
9470721
9470635
9471580
9471856
9471608
9471660
9471286
9470290
9470437
9471098
9471657
9470155
9471863
9470199
9471045
9471925
9470620
9471151
9471191
9470075
9471923
9471623
9470937
9470021
9471798
9470913
9471418
9471566
9471074
9470227
9471464
9471337
9470954
9471976
9470816
9470852
9471959
9471543
9470729
9470792
9470743
9470997
9470033
9470131
9471832
9470709
9471073
9471866
9471986
9471355
9470783
9471789
9470409
9470043
9471210
9470618
9470659
9470476
9471114
9471533
9471447
9470349
9470265
9471318
9470759
9470401
9471358
9471984
9471053
9470934
9470245
9470310
9470849
9470173
9471571
9471020
9470735
9471670
9471440
9471309
9470644
9470842
9471379
9470022
9470889
9470020
9471812
9471496
9471471
9471982
9471701
9471861
9471977
9470045
9470129
9471105
9470013
9470702
9471314
9470689
9470611
9471090
9470318
9470301
9471509
9470415
9470630
9471882
9470107
9470300
9471202
9470520
9471148
9471469
9471528
9471437
9471400
9470196
9470100
9471791
9470398
9470229
9470807
9470995
9470670
9471450
9471040
9471079
9471188
9471247
9470597
9470690
9471558
9470228
9470897
9471752
9471535
9471702
9470593
9471874
9470291
9471649
9471342
9470682
9471010
9471169
9471285
9470845
9471145
9470214
9470406
9470111
9470951
9471143
9471907
9470094
9471063
9471905
9471569
9471698
9471956
9470965
9470607
9471635
9470647
9471525
9471136
9470066
9471654
9470661
9470445
9471283
9471955
9471227
9471846
9471295
9470408
9470911
9470567
9471652
9470323
9471397
9470055
9471661
9470044
9471383
9470794
9470353
9470224
9471087
9471614
9471821
9470452
9470508
9470504
9471953
9470862
9471912
9470859
9471302
9470093
9471410
9471847
9470422
9471879
9470124
9471572
9470443
9471072
9470814
9471255
9471842
9471211
9471878
9471068
9470564
9470364
9470473
9471488
9471310
9470866
9470414
9470813
9470800
9471468
9471030
9471444
9470113
9471593
9470823
9471664
9470499
9470509
9470672
9470837
9470624
9470024
9470026
9471362
9471634
9470754
9471668
9470524
9470281
9470489
9471374
9471344
9471626
9470906
9470739
9471582
9471299
9471155
9471262
9470590
9471618
9471890
9471753
9471919
9470208
9471979
9470386
9471799
9471748
9471538
9471272
9470381
9471985
9471943
9470777
9470826
9471008
9470835
9471183
9470876
9471110
9470580
9470639
9470440
9471503
9471091
9470041
9471107
9471407
9470336
9470742
9471826
9470602
9471699
9471673
9471577
9470643
9471005
9471754
9471238
9470123
9470637
9470968
9470191
9470963
9470344
9470248
9470405
9471966
9471224
9471674
9471567
9471728
9470108
9471651
9470969
9470268
9470088
9470802
9471687
9470984
9470926
9470261
9470402
9470993
9470749
9471138
9471312
9471458
9471171
9470463
9471345
9471062
9471037
9470764
9471219
9471322
9470927
9470213
9470966
9470844
9470202
9470334
9471656
9470002
9471144
9470808
9471017
9471023
9470543
9471744
9470105
9471808
9471115
9470964
9470505
9471438
9471629
9470423
9470815
9471150
9471000
9470526
9470846
9471520
9471032
9471335
9471755
9470865
9471235
9470058
9471770
9471713
9471160
9470252
9471927
9470244
9470468
9471774
9470416
9470851
9471201
9470932
9470864
9470622
9470652
9470663
9471991
9470256
9471648
9471254
9470788
9471092
9471220
9470741
9471251
9471628
9470925
9470130
9470763
9470623
9471980
9471992
9471707
9471691
9471424
9470063
9470530
9471685
9471042
9470680
9470366
9471199
9471920
9470151
9470554
9471844
9471172
9471356
9471810
9470133
9471862
9471364
9470067
9471647
9471350
9471281
9471284
9471777
9471146
9470132
9470765
9470070
9470090
9470999
9470955
9470548
9470363
9471742
9470645
9471277
9470011
9471794
9470369
9470114
9470330
9471540
9470382
9470773
9471760
9470516
9471417
9471051
9471692
9471853
9470528
9471487
9471257
9470251
9471935
9470263
9470958
9471249
9470255
9470012
9470262
9470834
9470287
9470904
9470460
9470918
9471500
9470005
9471776
9471003
9471282
9471681
9470621
9470731
9470166
9471409
9471448
9471316
9471218
9470770
9470517
9470586
9471018
9470708
9471443
9471688
9470118
9471095
9470791
9471104
9470994
9471154
9470201
9470893
9471568
9471869
9470919
9470361
9471536
9471909
9470234
9470769
9471937
9470299
9470579
9471404
9470525
9471093
9470410
9470135
9470655
9470750
9471346
9471622
9470037
9471865
9471059
9470801
9470098
9470956
9471893
9471517
9471291
9470666
9470282
9471945
9471609
9471914
9471924
9470513
9471273
9471740
9471392
9470683
9470705
9470220
9471599
9470877
9470696
9470561
9470311
9470979
9470656
9470872
9471491
9470379
9471300
9470737
9471573
9470172
9471372
9471814
9471511
9470006
9471127
9470356
9471479
9470518
9471296
9470079
9470660
9470206
9470562
9471212
9470246
9470296
9470241
9471161
9471898
9471399
9470589
9470298
9470817
9470576
9471677
9470638
9471547
9470536
9471951
9471913
9471849
9471680
9470086
9471734
9471339
9471039
9470112
9470014
9470902
9470775
9471926
9471080
9470707
9471831
9470432
9471921
9471236
9470333
9471055
9471723
9471054
9470397
9470390
9470394
9470003
9471983
9471714
9471932
9471477
9470712
9471215
9470751
9470277
9470317
9471741
9471315
9470804
9471401
9471901
9471182
9471011
9470747
9470083
9470179
9470558
9471564
9471221
9470343
9471974
9471972
9470367
9471371
9471804
9470527
9471724
9470456
9470574
9470551
9471981
9470657
9470981
9470819
9470154
9470326
9471152
9470491
9471304
9471159
9470195
9470664
9470015
9470231
9470023
9471518
9470549
9471158
9471246
9471363
9471035
9470454
9470977
9471895
9470957
9470147
9470068
9470466
9470470
9471187
9470490
9470939
9471971
9470972
9470158
9471526
9471507
9470570
9470935
9471433
9470264
9471388
9471675
9470085
9471259
9470163
9471903
9471989
9470998
9470174
9471988
9470446
9471933
9471504
9470494
9470294
9470192
9471523
9471965
9471665
9470368
9471175
9470776
9471809
9470503
9470595
9471439
9471065
9470581
9470534
9470186
9471948
9470974
9470498
9470970
9471638
9470671
9470924
9471579
9471715
9471749
9470142
9470614
9471131
9470485
9470649
9471402
9470978
9470991
9470718
9471452
9471650
9471387
9471802
9470753
9471515
9470798
9471803
9471389
9470092
9470584
9471655
9470720
9470134
9470588
9470793
9470478
9470613
9471275
9471823
9470181
9470387
9470940
9470233
9471423
9470887
9470352
9471669
9470782
9471872
9470809
9470774
9471096
9470799
9471071
9470790
9471954
9471021
9470988
