628827174
628829445
628822395
628822912
628870779
628880109
628870455
628828753
628826940
628822634
628822655
628890287
628880102
628822905
628880955
628821038
628822046
628829764
628880392
628829829
628880829
628880975
628822378
628821067
628828908
628880492
628821637
628829025
628829151
628870477
628827992
628829201
628828958
628880619
628829795
628880678
628821750
628821199
628880606
628822734
628828934
628821373
628822996
628821847
628822948
628823866
628829195
628899666
628880904
628822252
628827091
628829067
628826298
628890503
628823827
628824525
628822667
628826248
628821635
628898086
628880303
628821491
628829427
628821273
628880739
628823942
628822455
628824516
628823887
628827095
628874471
628826304
628829544
628880278
628880826
628829140
628822994
628880397
628897124
628822195
628821036
628829841
628822981
628823088
628828632
628898722
628821001
628880961
628870633
628880108
628822683
628823839
628821723
628880307
628823987
628828621
628823703
628899694
628829612
628880950
628822809
628880808
628899609
628821328
628822766
628821761
628823059
628880254
628821505
628827751
628829701
628823247
628822403
628821125
628822753
628821810
628821018
628822213
628828923
628880716
628821631
628821147
628822010
628880211
628822433
628822597
628870969
628822523
628822347
628827976
628826809
628828733
628821282
628880270
628890740
628822338
628821610
628826130
628828772
628870965
628821450
628826115
628870979
628880391
628822568
628829552
628823056
628880687
628829466
628824761
628880629
628823746
628822542
628821206
628880396
628823204
628827165
628826038
628821548
628822576
628880892
628827627
628829190
628821142
628828986
628821931
628880800
628880929
628821690
628828927
628821524
628829135
628822091
628880683
628870464
628822290
628898311
628880167
628822989
628822122
628880275
628822705
628821448
628821006
628821296
628822535
628822470
628821554
628823981
628821063
628822144
628822061
628828945
628822850
628821389
628822478
628874735
628821024
628821572
628828909
628880388
628898102
628898930
628827180
628821371
628821403
628897710
628829863
628880335
628821787
628880617
628822377
628826831
628823249
628821608
628821785
628821046
628880377
628822427
628822239
628829543
628822301
628870966
628874491
628824236
628822326
628821707
628870475
628880694
628890564
628822733
628880213
628898903
628821429
628822496
628880129
628821658
628821079
628821145
628823014
628821938
628821314
628870559
628821623
628821233
628880546
628822196
628821315
628822846
628870781
628890566
628821292
628826314
628880505
628822614
628828617
628824530
628880165
628821323
628822168
628823521
628828761
628821859
628821020
628898723
628880318
628822805
628823990
628880609
628822296
628822299
628880963
628821305
628826186
628823174
628829849
628822368
628823922
628880193
628828776
628828682
628880394
628822182
628870833
628822887
628821137
628880480
628821269
628828602
628829674
628821661
628823134
628880654
628829103
628828940
628822000
628821484
628821878
628821330
628821300
628828931
628822184
628822578
628821307
628828913
628822629
628823936
628822102
628890504
628821157
628822162
628828622
628821844
628870631
628826231
628880511
628825814
628826305
628823910
628821449
628826032
628821203
628821967
628828905
628821421
628826291
628822441
628829851
628823812
628870635
628827655
628822238
628821193
628880600
628821197
628821734
628880477
628880105
628824237
628823242
628821370
628823892
628821316
628823262
628822436
628822362
628822791
628870301
628823894
628821457
628821163
628828916
628821229
628821043
628829051
628821243
628822549
628829172
628880101
628821065
628829877
628880283
628821247
628823594
628821767
628826980
628828635
628829866
628880329
628821533
628822016
628824560
628822935
628880664
628829575
628870606
628890618
628823978
628828984
628821671
628822161
628821438
628826307
628823966
628829220
628822155
628821483
628821837
628822570
628823248
628880251
628824605
628828962
628823729
628827169
628821618
628822055
628880871
628823136
628823820
628821649
628870577
628821234
628821611
628822896
628829442
628870440
628823114
628880925
628821226
628826817
628822844
628821612
628829872
628828698
628821361
628880198
628828721
628823997
628826263
628823254
628880317
628897691
628870407
628829057
628870460
628880218
628821549
628829022
628829712
628829039
628822852
628870697
628829684
628822873
628822826
628897732
628828964
628823720
628821230
628826361
628822460
628880901
628822544
628823700
628824599
628829596
628821563
628880621
628829040
628829647
628822401
628822179
628825804
628821884
628822141
628821387
628825806
628822679
628823755
628823549
628827123
628822751
628897138
628823123
628823918
628870834
628826163
628828711
628822320
628880493
628822375
628824598
628880646
628880577
628822418
628822520
628822392
628822171
628827654
628828614
628822017
628822519
628821022
628822390
628821318
628827109
628821286
628898700
628823411
628822495
628870541
628822563
628822893
628823717
628897699
628822765
628823024
628822183
628826605
628822891
628821477
628826917
628821257
628828743
628821985
628880277
628827208
628829170
628821238
628821412
628826973
628826001
628821576
628822628
628880248
628822250
628824699
628822819
628821419
628823807
628880815
628823146
628823842
628824206
628880708
628870509
628827185
628822682
628880120
628821841
628880300
628874798
628822177
628822383
628822956
628826398
628821741
628890288
628874799
628870760
628822358
628880249
628822304
628823965
628821970
628880201
628827664
628880932
628822451
628829105
628822899
628822911
628828619
628822493
628880358
628870648
628823139
628823058
628824632
628822106
628829576
628880614
628822991
628829669
628880813
628822041
628822640
628874001
628822056
628826214
628828936
628822045
628822947
628880650
628880870
628828751
628899676
628828665
628822976
628880603
628826915
628822284
628826435
628821502
628829660
628874263
628821897
628822530
628880368
628821615
628822274
628823036
628822621
628870519
628826039
628880836
628821895
628823932
628821083
628880422
628827910
628822950
628822435
628827968
628821791
628880607
628821966
628874764
628821393
628829870
628822137
628880941
628823704
628821388
628822968
628823993
628822982
628823275
628880558
628823570
628824228
628823421
628822273
628897166
628827221
628821396
628828757
628822977
628821873
628822033
628827216
628827108
628880139
628821604
628827948
628821891
628823003
628822006
628823187
628880124
628827665
628821650
628880847
628821875
628821727
628823806
628823548
628822492
628821798
628880418
628829139
628821556
628821641
628870439
628822514
628821579
628823953
628897308
628821451
628821987
628880123
628828678
628823810
628880247
628822684
628899647
628822815
628823245
628821133
628822399
628828627
628821186
628822487
628822001
628880655
628880316
628828926
628827754
628827997
628823276
628827154
628821913
628822414
628880343
628828660
628822208
628874496
628821033
628822268
628821659
628874646
628823809
628880957
628823414
628826971
628823198
628822483
628824229
628825813
628823840
628823819
628821277
628890292
628821552
628822189
628870604
628823893
628821728
628822411
628821870
628880566
628890559
628880171
628821179
628890291
628827220
628821986
628821890
628821183
628898099
628870449
628870645
628822093
628822149
628826019
628880770
628826378
628824737
628822263
628823107
628822540
628829156
628826938
628824660
628870832
628822432
628823583
628822886
628824602
628898327
628880459
628828696
628823977
628829741
628899689
628898101
628821536
628870543
628823144
628821772
628821528
628880571
628827677
628824573
628823575
628890557
628880523
628823708
628826110
628822363
628821769
628829620
628880833
628824616
628821342
628880374
628822380
628880630
628826250
628822065
628824603
628829718
628880414
628823203
628822598
628822941
628821312
628880256
628826829
628880979
628823115
628828716
628880689
628822992
628880801
628826013
628823015
628890877
628822932
628821753
628880817
628824793
628880227
628822764
628824549
628823907
628827082
628821114
628823841
628822715
628822459
628898057
628898926
628826914
628829645
628890573
628821240
628821480
628828674
628874109
628821562
628822072
628824517
628880855
628823279
628826431
628824731
628880110
628880673
628880938
628823828
628826169
628822737
628822200
628823998
628870406
628823222
628874470
628880151
628827195
628822840
628822476
628822786
628821029
628827196
628823233
628822851
628829683
628870706
628824575
628826936
628823164
628828906
628826601
628822722
628821998
628821606
628821088
628890290
628880518
628870444
628828963
628880810
628821195
628880299
628870408
628823235
628822270
628822107
628821526
628822430
628828631
628870312
628821192
628822467
628870830
628829055
628822617
628823038
628829199
628821167
628822955
628825827
628890532
628826918
628828655
628880913
628890569
628880728
628823176
628821591
628822143
628890509
628823170
628822963
628821603
628828736
628823267
628822560
628822622
628880969
628821311
628821352
628822367
628823925
628821184
628825820
628870573
628821334
628822832
628822431
628829577
628823818
628821595
628822610
628870800
628823592
628829108
628821982
628821153
628880257
628829154
628824533
628870639
628880922
628829015
628828633
628822490
628821545
628874266
628890534
628821056
628821607
628821181
628829659
628822949
628821011
628822882
628880620
628880705
628880831
628821551
628880199
628822373
628829855
628822606
628880182
628827668
628828672
628880530
628870534
628822566
628880633
628870752
628822793
628822134
628880631
628826714
628827164
628821362
628821921
628822866
628821472
628823725
628827674
628827130
628898901
628828714
628829192
628822577
628829009
628821205
628880517
628823853
628821100
628829440
628822291
628897168
628821619
628824614
628823214
628822688
628823274
628826327
628821535
628823125
628822543
628828719
628822094
628822651
628821201
628828921
628870452
628821636
628898501
628828630
628822224
628898921
628827964
628829041
628827927
628821872
628823090
628823121
628880157
628821488
628822919
628828647
628828628
628824719
628821220
628870632
628890531
628822434
628821246
628890500
628822646
628821177
628824690
628822847
628823835
628821968
628821751
628824538
628828710
628822571
628828779
628826827
628821983
628822117
628826715
628821512
628822861
628898911
628821656
628821185
628822150
628821237
628827213
628821993
628822862
628822510
628898712
628822755
628821691
628824521
628880356
628880652
628828780
628880669
628827204
628822668
628880666
628822146
628822036
628827173
628874739
628898323
628821789
628827977
628824667
628880261
628822481
628870469
628823773
628822415
628826350
628827669
628826836
628823132
628828701
628822130
628874270
628826626
628829148
628823837
628822579
628828971
628827970
628821742
628822867
628821504
628823600
628829740
628821059
628828939
628826240
628821462
628823970
628880579
628821336
628822352
628822841
628828707
628828943
628822649
628828953
628826294
628821601
628821542
628822854
628823861
628821962
628821842
628821221
628821571
628821509
628821776
628827106
628897176
628821241
628880400
628870670
628822156
628824620
628829011
628890506
628880615
628823211
628822633
628880821
628880809
628823988
628821593
628821465
628821256
628898925
628874748
628823124
628823992
628824794
628821720
628822883
628822612
628890294
628880562
628823989
628822796
628821259
628829068
628870653
628826134
628827633
628890619
628880596
628898919
628823991
628822145
628821354
628826249
628823959
628822934
628822223
628829012
628821676
628870771
628821534
628821651
628880405
628822838
628821410
628823034
628821639
628870466
628823043
628826146
628880148
628822249
628826430
628822504
628829801
628828992
628822692
628823929
628821456
628821015
628827949
628821808
628822462
628821008
628829200
628822518
628829459
628880509
628822681
628821770
628870817
628829691
628829869
628880953
628822603
628829865
628880644
628880658
628874449
628822063
628827911
628829654
628880409
628880203
628823261
628870565
628880623
628880944
628822302
628821980
628821212
628870438
628821105
628828966
628870597
628821359
628880403
628829127
628827937
628826838
628880222
628823557
628870963
628823049
628827967
628821848
628821060
628880355
628826301
628826710
628821485
628826334
628880902
628821718
628821395
628823554
628880287
628827219
628899685
628822661
628823257
628823705
628824633
628825817
628898932
628823843
628829439
628822486
628821309
628898907
628880601
628880363
628822729
628821476
628826296
628821180
628821048
628823584
628822152
628828996
628824225
628880169
628829101
628829163
628874769
628821039
628874256
628829796
628822818
628821467
628899634
628823210
628821557
628821817
628823120
628897063
628822677
628829124
628822110
628822821
628829047
628899005
628870601
628822025
628822845
628821529
628826194
628829625
628821755
628821978
628822822
628898363
628821733
628823270
628870838
628880684
628829852
628823259
628826243
628823879
628826303
628822987
628880980
628821804
628822890
628829002
628829144
628870436
628880557
628828613
628822205
628823964
628821372
628822789
628880312
628826252
628827706
628821816
628827626
628827651
628823712
628828775
628822469
628828974
628897777
628822054
628880264
628880803
628826278
628880781
628821510
628870542
628880381
628823542
628821363
628827755
628880965
628821344
628829046
628823847
628898889
628829655
628821149
628827983
628829867
628822160
628823961
628829197
628821002
628823873
628821868
628829443
628828930
628821803
628822762
628828987
628822466
628823872
628822509
628898802
628821355
628821731
628890523
628823954
628828741
628823952
628824513
628828912
628821994
628822308
628821326
628822174
628874003
628822293
628822165
628874724
628880273
628822811
628823814
628822454
628826308
628827648
628823973
628828920
628822485
628822954
628827162
628822005
628829458
628870644
628821470
628823218
628821793
628823968
628821213
628821738
628823730
628822594
628890537
628874102
628880379
628880217
628822140
628822962
628822613
628823199
628822394
628827981
628824548
628823596
628821876
628824625
628821575
628821677
628874106
628829407
628880131
628898062
628823082
628822664
628821054
628821474
628822997
628826901
628829001
628822097
628880717
628829819
628829424
628823751
628826805
628822593
628823803
628880258
628822356
628822548
628822237
628826128
628870763
628880720
628880106
628829066
628829677
628898927
628822511
628822180
628880309
628827181
628821390
628880103
628822158
628822966
628890285
628826028
628823750
628880787
628823935
628827994
628870668
628822026
628822797
628880119
628880951
628824714
628822351
628890748
628823167
628826036
628827905
628880660
628829772
628828900
628829173
628898381
628829648
628829864
628821969
628899662
628822288
628870473
628897100
628823758
628829029
628821854
628821628
628880245
628824580
628821546
628821464
628823849
628822090
628870743
628880437
628821345
628870582
628898364
628821701
628899640
628880628
628821427
628829532
628870663
628822904
628870681
628899582
628821218
628874000
628823996
628880588
628829719
628874742
628821082
628823718
628828797
628828722
628821380
628826719
628880585
628880267
628827986
628870816
628824622
628825821
628826229
628822792
628829026
628826159
628880438
628827200
628826436
628823815
628870976
628880667
628890541
628821496
628829574
628823917
628821094
628870707
628874112
628870545
628880897
628874007
628823189
628880197
628823956
628880452
628827085
628822529
628890298
628826423
628822013
628899600
628822292
628829800
628822157
628829426
628898910
628821430
628821261
628821540
628890547
628828989
628827634
628822604
628823944
628822324
628822600
628826381
628890869
628827135
628870562
628829685
628899525
628821944
628826801
628822387
628874257
628822643
628826367
628870818
628880598
628829664
628823202
628822957
628827679
628826979
628827638
628890760
628822396
628823064
628898366
628826274
628822008
628899654
628823432
628880841
628821764
628822889
628823768
628823830
628890700
628880296
628823260
628823572
628823029
628825816
628880306
628821781
628880338
628821898
628822647
628822995
628870326
628823523
628821697
628874760
628822477
628823994
628829179
628821672
628824759
628822788
628826271
628890299
628870778
628822241
628821463
628880935
628822109
628822812
628822961
628880214
628880228
628880962
628880898
628829702
628822256
628829631
628829053
628827936
628823930
628898916
628823417
628880707
628823568
628829811
628824230
628821250
628822012
628823869
628821926
628828782
628822048
628821332
628825840
628899630
628890885
628829425
628824611
628823050
628821795
628822169
628826282
628899123
628821285
628826191
628821460
628824217
628880111
628823219
628821324
628874004
628822547
628822675
628821413
628880960
628825837
628821308
628828610
628870421
628874743
628880378
628880862
628821108
628828673
628821340
628880133
628822190
628823553
628821492
628829218
628823206
628823194
628821012
628880364
628823831
628821754
628822447
628821348
628899000
628827624
628829122
628821499
628827921
628870785
628827934
628897550
628827124
628822346
628880489
628828624
628823062
628880298
628874409
628821629
628821368
628821632
628821862
628822248
628821122
628897694
628829721
628823269
628821106
628870677
628898097
628829668
628829618
628821416
628828620
628823008
628821737
628828762
628822752
628880288
628880989
628823503
628822909
628870688
628822512
628821543
628821169
628821274
628823190
628880390
628822738
628826993
628822739
628829771
628899686
628880850
628829791
628870640
628829788
628823133
628823213
628826489
628821739
628899601
628822670
628821537
628823802
628829183
628822027
628822625
628823924
628827136
628874255
628880910
628821801
628823881
628822494
628822044
628821170
628821663
628829152
628822231
628880933
628880255
628880194
628897103
628880563
628822461
628824519
628880690
628890282
628822787
628880876
628870608
628821705
628880506
628827096
628829016
628828607
628880908
628829423
628880268
628880896
628829643
628829651
628880860
628821568
628822176
628823437
628829578
628812823
628823131
628822472
628880510
628821399
628821598
628880823
628825851
628880208
628822175
628826208
628823183
628874640
628827906
628821942
628825823
628822585
628821358
628823140
628821740
628890280
628821073
628898937
628822138
628822513
628821863
628822215
628897770
628821855
628822825
628821364
628824722
628829147
628880608
628822780
628821161
628822776
628827126
628822133
628822828
628822260
628824212
628827987
628880679
628823707
628826242
628829193
628821846
628822014
628821428
628880648
628828914
628880116
628822652
628828749
628829031
628823253
628823714
628823786
628880231
628874275
628880930
628822717
628822627
628822868
628898081
628824716
628821136
628827917
628880945
628829429
628823447
628822500
628823946
628826315
628880471
628826981
628821166
628821494
628821275
628821620
628821295
628821050
628821347
628827759
628821023
628828941
628870807
628823811
628822355
628821996
628821424
628822475
628824623
628823564
628822562
628828976
628821434
628829571
628821500
628821991
628821809
628829650
628822591
628822507
628826181
628828643
628822254
628821570
628826370
628880943
628827959
628890283
628880710
628822620
628822574
628822588
628822926
628822127
628821979
628880285
628874431
628821304
628821655
628890514
628824579
628824703
628823923
628829014
628822732
628822713
628880389
628880774
628826356
628822691
628880877
628880181
628823976
628880825
628821398
628870821
628821700
628826027
628822539
628828734
628874252
628821446
628821706
628829010
628826612
628822898
628821977
628880568
628880236
628822463
628821267
628874453
628823545
628827143
628824624
628870825
628822536
628823256
628822198
628823960
628827939
628821668
628823898
628821086
628826905
628880895
628880796
628824550
628829463
628826397
628821294
628821807
628880436
628827678
628822694
628827903
628874282
628822307
628822376
628822724
628880816
628822103
628823897
628821255
628821667
628821669
628823701
628890555
628822385
628828792
628827652
628821893
628822943
628880874
628824518
628880226
628822173
628822021
628874493
628823418
628828690
628823177
628880305
628880232
628823027
628821558
628823983
628821196
628821578
628823239
628822917
628880994
628821711
628827184
628823420
628827176
628829533
628829143
628828718
628824547
628880972
628822946
628822327
628822386
628822038
628829177
628880947
628824694
628826815
628823926
628880692
628880641
628890507
628826235
628874407
628829787
628822191
628880152
628821792
628822842
628822827
628821301
628880177
628823415
628890286
628827909
628870823
628870591
628823537
628824500
628823904
628821530
628823273
628880233
628821698
628823979
628821394
628823106
628870556
628829827
628827094
628870802
628827620
628870685
628829007
628870575
628822870
628828646
628823179
628828752
628880292
628897703
628821521
628822361
628826266
628823405
628829681
628829175
628880618
628874788
628880586
628870560
628874104
628822222
628880495
628823416
628880281
628824585
628823507
628821077
628828924
628822282
628899526
628823726
628880282
628870826
628828675
628880121
628824706
628814589
628822865
628880593
628829617
628829110
628880179
628822167
628829448
628829142
628823591
628827603
628880674
628826152
628822164
628822784
628823268
628870655
628822569
628821674
628821602
628897173
628822506
628822123
628828915
628880202
628821840
628897772
628880507
628822501
628829186
628828650
628821432
628829857
628880934
628870334
628826806
628829720
628829119
628821487
628824631
628829584
628821146
628898913
628828699
628829673
628898906
628827973
628822259
628870602
628870970
628827657
628829158
628829206
628821513
628880939
628821085
628821276
628880625
628890605
628821042
628827662
628821782
628880872
628822508
628823205
628826009
628829118
628822077
628870695
628880840
628822726
628822952
628870568
628822830
628822024
628880613
628822060
628821532
628824507
628829202
628829171
628821805
628874787
628823119
628822193
628828706
628822051
628824540
628822823
628822616
628827938
628822731
628870592
628821440
628821683
628829072
628828950
628828928
628898064
628880672
628870552
628880918
628821222
628822370
628822422
628821523
628898917
628823277
628823063
628821351
628822662
628825811
628821947
628827629
628880587
628823957
628821660
628890295
628826987
628823025
628824534
628880634
628880677
628822458
628823243
628880900
628821975
628880766
628823255
628823013
628870430
628822112
628829745
628829874
628822269
628870563
628823940
628826260
628821471
628823920
628822281
628829406
628880136
628822443
628828658
628880372
628880354
628822197
628823561
628828781
628822875
628827962
628821005
628822092
628821647
628822011
628822522
628897005
628827190
628870510
628829814
628880453
628822398
628821811
628822983
628822857
628822488
628821479
628880341
628880688
628826830
628822468
628821401
628821520
628822524
628822802
628823911
628880986
628821853
628822428
628822233
628821778
628829212
628823223
628880640
628821287
628822965
628822680
628821703
628822735
628821469
628890549
628822498
628829145
628822771
628870971
628880417
628822673
628828774
628823212
628822575
628890296
628828731
628822287
628880456
628870774
628880291
628880990
628827100
628823266
628880269
628824615
628821037
628827946
628829812
628890585
628821945
628821756
628823974
628821382
628821574
628823899
628826237
628828645
628829161
628880653
628829102
628870433
628870307
628880325
628827641
628880159
628821095
628826323
628897773
628826835
628880940
628822772
628823582
628823578
628822413
628822465
628880488
628880805
628821216
628828997
628821242
628870599
628821883
628822924
628823710
628826819
628822790
628880541
628822015
628822416
628821045
628822998
628821343
628823216
628821564
628870448
628822596
628880903
628822070
628828729
628828768
628821922
628880183
628822750
628824576
628897154
628823801
628824574
628822874
628828670
628822736
628823226
628822758
628827120
628880280
628880556
628821600
628829452
628821990
628829141
628880909
628874483
628821392
628822445
628829663
628899621
628823955
628821896
628829747
628821547
628880949
628826345
628821270
628821866
628822068
628822915
628829166
628828973
628870649
628880610
628880225
628823941
628822002
628874665
628822602
628821768
628874756
628827915
628822187
628897107
628880659
628823854
628822648
628822120
628898924
628880899
628822671
628829462
628824231
628823258
628823427
628821260
628821681
628821367
628822374
628821014
628821265
628821652
628827182
628880234
628821748
628880168
628870701
628823246
628823808
628822482
628822785
628821459
628827647
628821066
628870977
628870630
628821622
628821385
628827193
628874105
628898940
628823962
628826286
628828998
628821058
628829573
628821943
628874101
628823237
628829018
628880734
628897132
628880791
628880638
628824587
628821375
628829554
628880207
628823163
628870594
628880244
628822678
628823201
628823585
628880209
628821830
628823017
628880274
628824606
628829106
628828750
628880695
628821173
628824501
628822218
628827667
628897553
628880289
628821189
628880915
628822226
628822704
628828959
628899679
628870315
628821695
628826967
628824736
628898912
628870975
628827643
628821228
628828790
628822686
628824619
628821447
628821101
628822564
628822645
628829723
628822930
628822754
628825809
628821461
628821081
628824541
628821725
628828688
628880127
628821383
628821131
628829802
628822674
628822611
628823529
628826176
628880308
628880457
628829675
628821583
628874789
628880219
628829710
628822348
628870544
628880216
628829847
628822489
628880636
628823903
628821099
628821678
628880297
628823573
628829750
628821673
628821625
628821861
628890552
628880611
628826700
628823240
628880113
628898103
628823857
628880928
628821264
628821107
628829634
628821047
628822848
628821378
628874749
628890293
628826816
628821159
628822974
628822756
628821696
628880760
628822531
628822053
628823587
628874779
628823817
628822079
628821404
628823057
628822211
628829861
628898504
628880891
628822298
628898300
628827978
628823215
628880916
628880235
628821436
628829793
628827194
628826227
628821877
628880852
628823551
628821643
628822632
628828705
628880999
628823852
628880195
628821506
628822382
628827088
628822526
628890606
628880942
628880272
628829129
628821032
628821744
628823002
628822069
628823855
628898502
628821384
628880410
628898905
628821439
628821693
628826810
628822023
628822587
628870447
628822831
628829785
628829542
628827957
628828907
628822685
628821719
628880680
628826705
628822446
628829818
628823985
628822369
628822958
628829743
628821843
628890544
628828902
628821662
628821003
628821272
628827183
628880196
628870667
628829698
628829585
628821057
628821049
628823774
628898908
628827919
628827660
628822442
628826628
628826488
628823166
628826108
628823103
628822589
628870508
628827645
628828985
628880863
628898909
628822029
628829619
628829180
628822497
628826432
628822258
628822595
628822672
628829021
628870761
628829185
628822136
628826251
628821178
628829534
628822135
628822151
628826717
628821609
628821815
628880798
628822527
628828778
628823982
628821235
628870775
628822581
628898800
628880657
628821708
628826160
628829746
628828668
628821405
628826179
628822835
628880313
628829798
628822420
628827623
628880983
628890865
628880924
628828767
628829155
628822114
628821525
628826824
628823848
628821031
628822639
628824652
628821518
628826944
628823716
628880538
628822007
628822897
628822638
628874467
628824790
628821176
628826136
628890565
628822918
628821965
628826965
628822878
628823927
628823885
628823984
628821452
628821645
628828664
628823200
628821135
628828948
628898931
628822858
628880661
628821482
628821865
628880146
628826196
628823902
628823241
628880626
628821227
628824771
628890524
628821337
628829680
628829208
628821376
628821974
628824557
628826807
628821335
628821078
628822902
628880544
628822028
628822768
628823915
628828954
628822945
628827631
628821486
628829623
628823045
628822379
628827103
628821887
628821717
628826916
628890759
628829104
628880954
628870479
628821087
628828791
628821369
628826812
628822336
628822243
628821814
628829162
628829052
628880533
628823021
628822186
628821684
628890522
628824732
628823790
628880893
628880266
628880373
628822757
628880137
628822914
628874006
628821341
628823539
628828605
628870336
628819453
628823919
628823963
628821605
628823916
628828600
628824639
628880223
628823195
628880221
628826257
628822836
628822034
628826800
628822199
628890533
628822503
628826718
628826203
628880243
628823197
628880114
628827943
628827656
628821788
628880837
628822192
628823823
628874488
628880286
628870555
628829164
628827089
628822124
628823937
628890513
628822642
628827996
628821553
628823862
628821828
628821923
628874448
628823824
628822128
628822277
628880190
628880905
628823272
628821215
628821713
628828922
628821473
628824650
628823227
628870424
628880128
628822339
628880890
628827920
628828703
628822660
628823870
628821035
628821475
628823086
628880834
628823055
628897683
628870551
628821722
628822209
628828728
628822829
628880906
628880996
628821374
628821829
628826707
628828917
628880534
628826258
628829860
628880854
628822993
628821151
628822101
628870539
628890539
628822894
628827955
628870304
628822669
628874005
628827178
628826310
628890528
628821989
628821468
628822118
628823871
628890530
628822384
628828730
628822057
628823428
628829703
628821559
628870306
628826911
628821278
628821981
628823947
628829653
628880827
628880224
628822517
628821055
628826295
628821458
628880117
628874009
628822206
628822590
628826173
628826126
628827908
628821779
628821626
628829876
628822774
628821634
628828738
628822843
628823022
628823833
628880647
628880764
628822723
628874269
628880284
628827081
628880462
628826942
628897127
628822913
628880693
628822388
628826330
628874492
628823599
628829006
628827637
628880782
628821749
628880859
628822618
628823566
628826234
628829624
628829622
628829451
628874116
628821784
628821640
628821379
628870305
628880526
628898069
628822872
628870420
628826828
628870741
628823576
628822759
628826198
628829540
628828601
628823829
628821820
628822203
628829035
628826174
628822042
628829816
628823933
628880582
628828970
628880351
628880375
628874781
628822453
628824592
628880998
628822799
628829216
628829682
628823834
628880520
628821869
628827636
628823593
628898063
628822221
628880466
628880408
628822659
628824214
628823874
628870600
628870709
628880215
628827201
628827990
628821874
628870698
628823569
628821338
628823951
628822310
628821832
628822607
628822937
628828980
628880792
628822975
628828991
628821621
628880605
628829868
628823804
628821757
628821642
628822484
628826101
628822929
628828687
628890567
628874091
628870747
628823574
628870590
628827701
628880592
628822126
628870682
628890297
628826825
628823715
628821940
628821365
628822623
628823563
628822967
628827750
628823784
628824710
628822479
628821299
628823413
628870634
628828608
628890518
628880642
628822721
628870700
628821291
628823905
628827139
628828638
628821906
628870587
628822142
628874497
628898939
628870805
628824687
628821289
628880178
628821140
628829221
628870762
628823934
628874792
628827144
628821732
628827191
628897105
628822546
628821310
628829514
628829846
628822253
628880474
628821594
628822879
628880491
628870662
628822770
628880423
628874771
628821665
628821550
628890535
628828746
628822641
628823850
628829123
628829670
628822761
628880981
628821511
628828979
628821675
628828961
628821596
628822019
628821200
628829678
628823928
628823252
628821007
628829792
628890562
628880290
628880590
628824764
628821900
628890878
628821293
628821714
628822067
628822052
628825815
628823851
628870467
628823895
628822188
628880262
628822892
628821721
628829742
628829786
628829062
628829034
628828629
628880858
628824751
628828641
628824535
628824583
628880322
628829550
628880988
628828626
628880627
628821657
628821091
628880360
628898922
628822860
628829028
628822813
628821223
628880894
628822720
628822583
628821885
628826233
628822653
628880991
628822412
628827118
628897698
628880271
628826145
628822115
628821339
628874424
628870580
628822264
628821679
628821541
628823425
628823230
628821624
628822132
628823967
628822532
628821503
628898904
628898068
628822586
628823739
628821097
628822457
628821490
628828766
628828967
628828618
628826267
628821949
628822978
628829428
628880948
628897301
628880115
628827672
628880122
628821280
628822219
628821544
628890889
628823186
628870428
628821478
628827102
628823995
628821271
628870589
628827092
628827952
628821407
628822624
628824559
628822154
628829184
628822332
628822022
628823821
628822350
628829616
628897551
628821431
628826839
628828949
628821617
