8499672
8499695
8499741
8499537
8459999
8499302
8499678
8499629
8499608
8499330
8459201
8499417
8499789
8499372
8499757
8459830
8499700
8499316
8499362
8499379
8499505
8499444
8499799
8499464
8499472
8499668
8499373
8499665
8499790
8499762
8499470
8499654
8499664
8499357
8499628
8499595
8499307
8499557
8499319
8499482
8499492
8499538
8499588
8499578
8499522
8499389
8499690
8499698
8459242
8459273
8499707
8499459
8499657
8499563
8499795
8499523
8499436
8499304
8499771
8459819
8499427
8499619
8499513
8499794
8499317
8499739
8459863
8499583
8499797
8499770
8499758
