8437431
8438689
8496920
8432955
8497732
8497143
8438932
8436449
8497979
8498374
8497513
8433480
8435576
8498429
8439766
8486900
8432570
8486956
8434897
8433595
8437560
8498949
8437845
8496686
8435348
8497607
8439936
8438790
8437669
8497709
8438350
8435754
8437306
8434916
8437311
8438302
8435739
8436350
8435300
8496547
8498273
8498784
8434394
8436374
8497380
8496528
8438259
8437809
8434681
8498580
8437673
8435796
8437407
8497248
8438936
8433354
8497497
8498317
8496124
8437999
8498551
8435449
8436457
8497209
8439610
8432649
8498713
8433447
8438841
8436638
8433950
8498776
8496381
8432978
8437892
8432657
8496720
8436612
8498911
8432553
8437991
8432976
8439712
8497643
8496942
8438289
8496811
8438644
8433891
8496716
8486807
8486232
8433933
8498260
8434682
8496693
8435890
8434463
8437381
8432931
8439889
8432967
8436626
8438558
8439206
8498588
8433450
8497690
8435735
8437580
8432921
8498975
8497653
8433235
8439378
8496748
8498294
8435983
8439602
8439382
8438684
8438761
8439940
8438566
8497136
8436250
8496310
8498810
8439576
8435247
8486746
8433773
8439533
8486556
8439208
8433223
8432746
8436962
8438660
8496285
8436657
8435264
8433273
8496513
8439810
8437928
8435277
8436898
8436881
8439834
8496203
8433979
8432636
8436739
8439358
8486212
8496374
8432729
8437341
8432965
8496437
8497456
8435391
8498999
8439750
8433678
8435966
8496105
8497395
8496161
8497294
8496689
8436740
8432693
8437289
8436716
8437810
8497302
8497546
8439493
8436570
8435828
8435307
8486858
8439615
8436953
8434717
8497595
8436614
8435619
8435741
8497406
8433268
8434814
8497849
8438472
8437634
8436519
8433598
8496650
8497247
8435311
8497252
8497176
8439593
8434866
8437874
8438396
8438697
8437410
8439738
8437814
8439312
8497267
8436695
8433977
8497703
8437331
8432558
8498664
8435636
8497600
8433438
8436562
8497875
8433912
8433349
8432769
8498920
8486654
8434680
8486200
8496988
8498771
8434408
8496419
8436249
8438438
8486529
8437343
8498513
8433234
8436872
8486202
8498497
8437408
8496848
8437369
8438443
8438480
8433845
8434213
8439298
8433615
8498585
8437723
8497284
8432781
8433263
8437623
8486788
8498335
8496620
8433871
8496496
8497588
8436203
8496446
8498768
8437482
8437354
8438972
8434232
8434299
8496142
8434839
8498871
8438882
8439620
8439699
8433308
8498518
8439752
8486618
8432605
8434755
8496862
8498879
8436410
8497483
8436208
8433721
8435865
8434277
8497276
8434266
8432903
8498158
8433434
8436596
8496614
8498996
8432764
8438672
8434962
8439292
8498883
8432578
8438399
8496536
8496671
8439825
8439740
8435369
8496577
8498914
8497219
8496225
8436912
8497612
8434747
8435276
8433221
8435377
8486752
8496850
8437290
8435958
8497917
8498758
8437578
8437922
8436853
8439987
8437646
8434483
8432937
8434585
8439353
8434610
8433936
8439640
8498474
8433543
8438339
8436578
8437731
8436511
8439565
8496861
8497414
8434248
8486296
8497416
8433512
8437487
8434886
8439269
8435387
8496140
8437317
8434211
8436534
8496712
8496826
8437835
8436276
8438635
8486583
8433774
8498937
8434738
8438768
8497654
8434997
8498791
8432583
8436582
8437365
8433742
8486783
8498798
8433243
8497682
8434402
8434734
8435602
8438850
8438698
8438397
8434571
8436459
8497345
8498989
8498526
8497408
8486596
8438680
8432716
8497471
8496205
8435415
8436915
8437631
8486635
8498940
8438392
8433244
8436237
8496489
8434265
8432896
8437716
8434520
8433464
8432651
8432734
8497168
8437596
8437904
8436333
8497196
8496289
8496471
8497575
8434757
8486704
8498569
8435244
8434373
8434910
8497517
8498456
8434593
8437470
8435792
8498416
8498833
8436351
8434526
8498583
8439463
8432658
8437694
8486748
8496229
8436266
8439297
8436492
8498836
8497519
8437790
8439872
8498681
8498857
8497111
8439616
8432646
8486702
8437754
8498884
8434984
8498430
8439956
8497618
8432843
8434833
8438200
8498488
8439992
8437599
8438730
8434993
8434884
8434544
8434311
8435331
8498197
8433583
8433876
8437643
8439897
8439340
8434434
8438500
8496759
8496254
8436571
8435787
8439405
8497747
8435917
8435895
8497954
8438999
8498795
8496483
8434877
8438502
8439471
8432721
8497735
8437458
8439736
8435709
8438385
8486253
8498524
8438206
8496271
8434739
8433456
8434271
8433873
8498997
8432689
8498928
8497903
8438714
8496683
8498464
8439617
8498669
8437286
8439967
8438779
8496753
8498345
8434262
8437221
8496612
8497674
8497432
8437818
8498208
8486883
8434440
8498228
8438452
8438699
8432601
8438928
8439795
8497645
8435799
8435876
8433426
8436717
8438893
8437378
8497578
8436704
8438656
8498939
8436355
8438616
8435546
8435363
8432641
8435577
8433897
8498515
8435208
8497133
8435580
8437652
8436602
8432659
8439638
8496568
8436732
8439924
8439203
8434465
8435920
8433656
8497451
8434298
8437391
8437593
8496333
8437564
8498505
8436728
8497613
8438281
8434261
8498160
8435874
8432892
8437826
8437743
8436248
8497665
8498397
8439512
8438384
8435836
8439758
8436421
8435737
8434315
8496482
8435458
8496814
8497662
8497108
8435421
8436307
8498406
8435771
8435679
8439343
8432514
8436964
8436665
8497602
8498837
8435425
8438816
8497666
8496666
8437285
8496331
8438236
8437271
8497667
8438218
8438548
8498763
8434226
8434687
8435471
8435951
8498689
8437249
8433993
8434958
8435439
8433296
8438248
8486648
8438402
8435807
8437639
8434637
8434879
8497923
8498806
8496981
8435533
8432956
8433253
8435783
8433643
8496721
8486950
8435788
8435904
8498372
8498369
8486863
8437667
8439320
8496653
8432876
8432536
8437945
8436425
8437282
8434376
8438802
8434721
8439258
8438361
8432602
8436815
8436583
8434863
8437258
8436652
8439268
8432589
8435451
8434404
8438514
8436760
8435486
8432697
8435581
8433514
8496691
8433934
8437426
8436532
8437626
8497897
8498684
8434241
8437492
8498259
8497567
8497444
8436868
8437589
8434953
8439543
8434455
8434491
8436521
8433537
8439943
8486905
8498778
8437371
8433828
8436810
8436714
8432751
8498271
8496185
8436994
8498935
8432715
8496191
8435702
8497440
8435409
8434607
8498765
8436281
8497586
8435831
8438638
8498185
8498237
8437281
8498619
8435873
8496272
8435359
8433634
8437725
8496761
8436329
8498388
8437463
8438204
8435880
8437839
8438230
8432576
8437927
8435905
8437869
8498454
8497370
8438202
8436561
8497887
8497841
8432873
8497584
8438648
8435867
8435653
8439283
8497696
8497480
8434347
8436388
8435770
8486641
8496796
8439945
8439445
8434451
8433738
8497606
8438555
8439380
8433910
8432929
8438782
8438577
8432696
8498888
8435313
8437360
8496566
8438590
8439811
8435844
8433767
8436759
8437352
8434742
8439904
8433661
8498108
8434337
8438317
8438428
8436384
8438581
8498292
8433277
8434697
8436710
8432597
8434591
8497290
8498482
8439707
8486638
8435988
8496578
8438403
8434572
8434831
8498420
8433238
8434713
8434900
8498262
8497347
8433248
8437342
8439687
8437539
8498295
8439309
8496696
8432872
8497223
8496585
8435901
8433574
8439873
8436525
8486833
8497823
8436382
8432870
8435760
8433716
8436825
8498437
8498905
8436727
8435306
8496813
8433793
8433674
8486936
8435440
8497871
8433683
8434267
8438834
8436280
8436641
8486957
8486955
8486240
8434292
8433413
8439652
8434806
8435931
8434660
8434345
8437913
8432988
8437370
8496961
8436754
8486681
8433435
8496615
8497529
8438701
8435721
8486215
8437246
8435549
8438512
8439688
8438387
8438529
8437468
8438524
8434633
8497793
8498498
8437920
8437465
8434370
8438650
8432936
8439223
8436703
8435830
8438220
8496135
8436356
8435989
8437565
8432943
8437916
8497197
8497811
8438625
8436239
8438381
8497183
8438681
8432973
8486847
8437893
8498247
8438875
8498376
8435323
8497496
8434782
8436685
8438483
8435701
8438629
8498419
8486716
8496902
8434552
8439957
8438670
8497937
8438386
8496206
8439694
8498183
8498359
8486784
8496301
8497336
8436708
8434453
8436558
8435808
8497510
8437548
8486779
8437510
8436591
8486551
8434821
8434844
8433817
8498890
8496800
8433298
8437514
8434740
8436354
8433640
8498257
8433530
8486904
8486685
8433849
8436932
8435375
8438955
8432674
8438256
8437770
8496636
8496632
8437252
8436831
8438926
8434872
8486268
8437780
8497404
8497777
8432986
8439918
8496118
8433992
8434490
8498611
8439367
8486568
8498169
8436568
8486597
8436406
8496149
8433241
8437260
8437961
8435667
8435275
8434987
8439442
8437394
8498356
8486892
8497514
8496181
8486781
8438639
8433966
8496500
8434321
8438221
8486549
8496560
8498210
8496167
8437367
8496280
8433429
8433303
8437478
8434763
8498133
8432670
8436303
8436314
8438846
8439982
8435339
8498323
8498613
8437535
8496514
8497485
8436944
8497781
8486992
8438576
8497170
8435846
8434805
8437526
8439724
8498502
8498119
8435401
8438946
8486856
8434495
8438880
8496180
8437398
8437618
8436324
8496672
8498885
8498917
8434385
8434445
8496847
8486859
8432616
8496992
8437546
8439892
8434314
8496707
8486850
8437344
8486755
8439310
8435885
8498555
8438223
8496589
8498786
8436705
8433356
8435738
8498623
8497773
8435304
8486621
8435856
8486506
8432904
8439428
8498682
8497734
8486291
8435390
8496893
8433688
8437943
8496515
8437316
8498655
8432579
8439299
8439419
8435588
8434569
8496594
8433432
8439510
8435380
8437888
8434655
8439295
8432765
8438977
8433946
8439225
8497293
8439777
8497636
8435541
8438903
8486260
8435453
8434972
8436730
8498835
8435292
8433606
8498521
8497776
8434615
8433486
8436220
8437525
8434903
8432606
8498814
8437865
8437225
8435455
8497750
8432527
8496556
8498634
8496661
8437576
8433795
8497928
8434474
8439608
8434964
8434476
8497731
8498694
8435528
8436700
8498172
8496224
8438246
8437495
8486528
8433890
8432717
8438659
8498512
8437529
8498983
8498938
8438283
8436983
8486820
8439981
8432793
8438265
8439260
8437870
8496100
8434395
8486887
8439775
8436210
8496698
8438486
8433379
8496968
8432882
8438877
8432519
8437460
8432834
8498926
8496682
8438460
8437600
8497244
8437800
8436454
8432648
8437662
8438372
8437388
8498178
8438653
8435367
8498861
8438312
8435978
8496853
8433740
8497268
8498362
8497590
8497428
8435559
8437895
8496640
8438707
8435430
8496345
8434730
8497675
8436432
8438695
8439765
8435863
8496440
8433720
8436603
8432946
8434614
8498557
8435977
8436800
8436819
8496677
8433869
8433547
8498462
8432737
8433833
8435862
8435834
8496611
8433764
8497396
8435563
8438753
8439599
8498115
8434908
8439240
8433808
8432588
8436418
8433896
8435677
8432822
8439293
8497390
8434636
8434898
8435512
8486761
8439253
8434363
8439266
8438736
8436691
8498963
8439801
8433410
8436289
8497860
8436260
8436531
8435235
8439214
8496926
8497559
8497839
8432586
8496256
8496938
8498773
8437951
8434351
8496451
8498433
8497419
8436982
8435452
8436323
8434705
8496805
8436786
8439278
8435248
8433854
8435510
8432610
8438485
8433353
8435786
8434582
8432842
8439863
8439829
8496976
8433769
8434218
8432660
8498188
8433944
8497125
8433259
8439798
8497574
8496655
8432953
8498912
8497647
8436922
8436455
8437518
8439545
8438898
8433991
8436339
8439501
8436453
8435234
8438770
8497825
8436277
8433570
8496273
8438881
8433743
8498695
8437251
8437873
8497884
8439550
8498994
8432828
8497371
8437481
8433483
8498601
8437337
8433746
8433713
8437401
8486754
8498358
8498602
8433749
8436611
8436317
8434414
8486276
8498759
8497487
8436535
8434415
8438956
8486886
8437592
8433612
8437953
8497930
8438258
8435731
8433985
8432974
8434609
8438503
8498882
8497425
8438336
8436646
8439584
8433227
8433405
8434865
8438556
8496570
8435804
8497198
8438620
8496231
8437717
8437368
8435464
8497965
8432622
8439359
8498318
8496210
8437346
8498612
8438766
8434943
8435891
8498267
8438626
8439383
8436278
8436991
8435746
8486869
8498723
8433335
8435319
8437876
8433600
8438914
8433307
8497246
8434422
8498509
8498953
8497933
8434890
8435657
8437245
8438546
8498234
8439409
8498981
8437745
8433844
8432961
8439306
8486219
8439335
8497966
8437821
8496402
8497615
8438351
8496295
8436501
8436272
8498105
8486531
8439224
8438673
8433385
8438238
8433913
8433969
8436693
8439993
8438810
8433265
8437952
8436937
8439395
8433988
8437363
8498545
8497372
8438839
8498824
8433283
8437942
8433219
8439696
8433820
8433399
8437964
8497164
8439977
8437329
8438740
8435500
8434210
8435784
8496152
8433718
8438365
8438970
8435663
8497642
8436476
8439536
8486827
8497254
8486772
8496368
8498384
8497806
8438777
8439307
8437515
8496383
8435853
8439949
8439220
8439531
8438393
8497368
8434359
8497335
8436734
8437475
8486997
8439907
8436625
8434368
8486592
8433576
8438781
8436629
8439639
8497610
8496144
8496903
8438847
8439702
8439233
8496688
8436288
8437878
8438592
8497482
8438492
8497175
8435633
8497221
8439431
8434467
8497885
8496308
8436686
8435812
8437663
8496842
8436903
8437766
8435795
8435395
8496979
8439286
8437561
8438621
8437974
8496108
8433684
8436473
8438362
8497791
8436649
8497421
8434433
8433564
8437714
8433311
8497881
8437359
8497400
8438563
8498339
8438347
8437210
8497847
8435968
8432573
8438550
8433571
8434528
8439864
8439961
8435606
8497477
8496596
8498193
8435305
8432816
8437985
8438561
8434689
8434559
8439485
8496734
8496644
8486815
8438322
8486223
8437598
8433974
8439548
8498614
8496153
8498249
8435569
8436675
8496537
8433960
8439901
8497821
8437901
8439423
8498867
8496478
8498334
8437461
8434229
8438559
8436993
8498221
8434954
8436817
8498470
8436672
8486762
8439397
8439831
8435664
8435404
8434830
8497952
8439915
8438712
8437805
8433705
8438965
8498174
8438243
8434203
8433508
8433552
8437650
8497882
8439567
8434616
8436259
8433763
8433343
8433476
8434305
8437457
8498137
8496247
8486688
8435227
8438871
8435864
8435625
8435626
8497492
8438464
8435692
8438359
8435936
8498217
8437265
8435652
8436980
8486273
8486867
8486679
8486776
8496806
8434397
8436255
8433286
8486284
8438819
8432561
8435665
8498438
8486843
8497467
8439506
8486966
8497435
8432760
8434756
8486854
8436328
8437702
8436275
8433220
8435539
8439921
8437235
8433665
8498576
8437692
8433338
8435432
8433313
8437406
8433493
8434749
8432567
8439862
8439466
8438728
8436202
8496609
8437748
8438983
8497916
8496941
8435245
8436650
8432725
8435597
8436412
8498609
8438694
8436719
8438788
8498822
8438885
8436838
8435964
8436750
8434770
8438832
8438497
8497182
8497141
8498644
8496664
8436399
8498431
8498329
8497119
8439946
8496913
8497763
8497204
8436508
8438495
8433636
8497355
8497493
8433536
8433681
8436559
8496905
8437688
8439855
8439270
8432805
8496498
8486237
8437736
8439311
8496226
8434847
8432888
8486554
8498412
8434523
8439247
8435843
8433750
8433863
8498167
8498734
8497921
8438235
8433371
8498435
8498593
8435293
8438741
8436489
8498256
8435366
8435712
8486834
8486899
8496875
8439308
8438290
8434613
8436889
8436866
8437866
8438862
8496233
8497190
8438674
8435263
8497840
8497330
8433226
8497155
8432528
8496804
8434967
8437796
8435221
8436631
8433207
8436345
8498909
8432719
8486536
8498455
8433446
8497935
8496264
8498716
8435596
8497964
8498205
8435595
8437420
8433441
8432997
8432501
8434353
8438280
8437226
8496460
8498125
8437775
8433312
8498895
8434207
8486524
8435281
8497911
8497565
8434501
8436448
8439631
8497980
8434428
8432714
8486814
8486286
8498676
8498906
8436274
8432504
8498985
8436206
8497208
8436491
8438390
8496190
8496423
8439790
8432625
8439402
8496450
8435530
8435427
8435970
8435833
8437299
8434779
8432718
8498223
8439481
8433242
8438572
8433626
8486230
8439657
8496687
8437681
8436899
8434600
8486563
8497853
8498986
8498214
8436225
8437386
8498411
8432844
8436849
8497112
8496219
8498738
8438251
8496334
8434754
8438647
8496337
8439900
8438809
8437284
8498407
8436310
8439488
8498229
8433726
8436566
8497772
8497502
8435961
8435218
8496971
8498998
8435475
8437568
8497730
8496232
8434944
8436814
8438685
8437783
8437562
8435507
8439336
8438803
8498494
8497185
8497337
8433760
8497756
8438588
8432537
8435803
8439388
8438252
8432551
8496361
8432940
8438203
8434715
8433610
8498159
8497759
8435542
8437449
8498351
8438267
8435772
8439518
8436245
8439715
8438678
8436287
8496398
8437682
8496137
8486271
8496218
8438532
8496832
8496670
8437763
8435560
8437812
8433587
8496998
8439273
8434348
8437269
8432890
8497786
8497883
8434284
8498322
8486521
8434736
8436699
8496350
8498523
8432775
8437273
8497995
8436584
8498146
8435658
8433293
8433214
8439830
8496406
8438861
8434695
8433484
8438473
8437983
8435384
8437314
8496989
8496133
8439285
8434654
8498896
8497815
8436653
8496488
8435296
8434438
8433887
8497975
8439767
8433703
8437930
8438940
8434336
8498828
8497140
8436520
8432833
8486267
8434974
8439361
8438692
8437791
8432638
8435628
8436791
8439734
8434338
8438775
8498731
8498285
8437399
8439560
8496246
8433986
8435591
8433420
8496132
8497188
8432618
8434772
8438649
8439991
8437521
8435592
8432810
8497475
8497231
8486546
8438229
8496768
8497424
8437944
8497329
8435283
8434683
8498495
8435382
8497160
8432999
8438849
8498941
8486813
8498303
8497817
8439649
8434579
8439420
8437960
8437773
8434652
8498697
8433766
8432902
8433233
8436617
8498166
8433324
8497215
8434623
8437633
8433507
8498150
8496212
8438593
8496631
8439658
8439701
8436713
8435676
8496420
8434293
8438738
8438297
8437240
8432821
8438676
8498444
8439632
8439379
8439948
8486245
8432682
8486278
8437485
8486272
8486872
8433261
8497308
8496396
8497592
8497384
8438482
8437471
8496595
8496335
8437516
8434481
8498391
8434764
8496739
8496476
8486938
8438634
8486848
8498947
8433363
8439626
8498283
8435566
8434437
8486671
8437747
8435438
8433799
8439985
8435849
8497131
8498646
8435822
8437749
8497325
8437230
8433861
8434285
8497389
8433618
8434845
8435623
8437205
8438851
8497955
8486228
8497132
8433322
8435441
8437620
8434246
8433872
8436430
8434243
8496248
8436712
8496421
8498916
8434811
8437899
8497358
8439654
8498168
8497104
8438826
8432598
8439604
8486677
8439228
8496718
8433782
8436383
8437668
8486275
8496332
8497420
8437432
8433510
8434360
8497199
8437296
8436420
8437820
8437661
8439718
8497233
8437302
8486548
8436548
8432560
8435752
8436808
8433506
8498573
8437629
8437508
8435930
8498441
8498714
8434631
8437533
8439473
8435457
8497639
8438570
8439372
8497762
8496606
8439646
8436790
8496468
8497392
8439424
8435294
8437975
8498892
8439331
8432895
8498284
8435349
8433831
8486217
8439575
8496235
8437459
8498396
8435950
8439344
8486539
8496504
8437566
8434693
8497946
8439365
8435730
8497278
8433412
8435893
8436684
8486649
8436604
8435594
8497990
8439515
8434235
8433252
8436313
8498817
8438582
8439472
8497172
8498201
8437537
8498839
8433885
8497344
8498443
8437253
8435670
8436823
8437699
8436770
8438525
8496192
8498679
8439204
8435960
8434313
8438718
8498740
8498720
8438293
8432554
8433785
8498930
8434201
8486555
8497180
8434488
8436464
8496836
8432777
8498852
8436230
8497929
8434661
8498812
8435939
8439451
8439962
8436376
8436348
8434889
8437322
8433269
8486786
8437672
8433472
8433771
8497779
8436297
8437737
8432556
8435291
8497831
8433929
8496705
8434642
8486991
8439650
8439669
8438971
8434812
8438811
8437323
8435639
8498472
8498248
8438856
8438690
8436979
8497511
8433225
8435915
8498667
8434628
8437649
8433867
8434294
8432963
8436892
8496458
8433963
8438494
8435680
8486795
8433898
8436884
8438883
8486893
8436268
8433971
8497892
8434774
8497324
8433878
8432874
8496116
8434723
8438451
8439885
8436755
8435553
8497348
8498816
8496411
8437746
8435745
8497902
8436794
8496371
8435448
8436864
8433471
8434798
8436792
8437697
8497863
8496626
8437278
8435648
8434485
8439772
8438889
8498903
8486559
8486837
8437264
8497745
8439905
8435328
8434253
8434887
8436880
8498887
8496399
8437563
8496274
8436560
8439583
8496746
8498729
8438439
8439748
8434432
8435437
8438262
8498541
8436505
8498863
8438535
8432568
8438355
8438679
8498548
8497826
8498370
8436331
8434386
8434540
8437276
8434469
8438702
8432510
8498549
8434711
8439275
8435976
8434276
8435231
8496363
8439304
8486220
8496442
8497959
8432879
8496410
8435994
8498660
8435740
8498254
8432639
8433501
8437452
8497237
8435447
8496115
8497850
8438296
8436845
8439814
8433494
8434669
8437274
8496164
8433802
8435255
8437918
8496697
8439366
8439817
8438391
8435998
8486294
8435824
8496604
8435442
8434212
8436443
8436765
8434727
8435861
8498955
8435379
8497458
8498468
8497359
8437434
8498519
8438245
8432647
8435728
8486855
8498581
8434941
8439492
8496780
8433211
8486707
8436564
8497920
8438878
8438596
8436341
8435519
8435226
8436227
8438763
8436601
8435955
8433847
8498848
8496464
8486572
8434505
8437594
8436878
8436696
8432767
8433947
8433729
8436835
8438417
8497818
8439854
8434684
8437963
8497486
8433529
8496833
8439313
8435568
8486740
8433765
8496240
8433546
8439999
8434911
8438207
8436763
8498762
8496472
8435758
8437676
8498338
8438747
8432836
8437223
8439729
8435820
8432789
8439239
8498245
8439782
8496702
8498790
8434951
8436439
8438540
8497655
8435357
8497743
8497988
8433834
8432626
8435517
8436219
8486566
8436706
8435487
8438641
8496270
8498961
8433200
8432927
8434312
8433381
8436662
8439744
8438622
8436400
8436214
8439588
8433814
8438949
8432632
8439254
8498424
8498400
8498288
8498242
8438645
8436887
8497801
8439446
8437500
8437734
8434449
8439764
8436997
8434658
8433693
8436389
8439844
8486785
8439231
8498236
8437703
8498565
8438910
8486903
8497313
8433246
8496425
8434712
8498964
8435587
8432692
8496795
8497169
8432852
8434269
8439516
8496930
8433621
8498366
8496535
8486265
8496328
8435896
8486835
8435428
8496639
8497832
8438791
8497835
8486962
8439880
8486757
8486717
8496173
8436799
8438973
8435748
8435713
8435875
8437411
8498209
8496894
8498686
8497339
8435668
8436474
8496506
8439541
8435725
8486651
8496297
8496326
8497809
8435504
8497236
8438569
8434222
8486720
8432838
8498401
8486939
8438776
8435352
8497232
8498641
8486292
8437312
8439958
8437320
8438874
8434521
8434603
8437665
8432948
8439964
8439257
8497670
8436326
8433632
8436870
8498578
8433935
8486577
8435555
8496605
8434976
8434824
8432723
8434838
8435887
8434549
8433270
8437446
8434888
8438519
8434237
8437218
8437504
8437710
8432572
8486518
8497611
8438724
8498287
8498289
8496343
8438744
8498232
8498922
8497333
8438821
8496288
8498818
8486982
8496773
8432917
8497386
8438404
8438249
8438547
8497257
8496355
8438896
8437644
8434619
8496129
8437670
8434605
8496867
8434497
8496424
8438975
8486684
8498665
8434618
8435815
8433496
8498129
8432669
8436836
8439221
8498196
8435942
8496974
8438633
8497972
8439651
8496101
8497802
8439265
8437852
8436775
8435666
8435794
8434406
8437767
8438522
8434917
8438609
8498992
8486981
8432762
8439773
8438213
8437764
8433932
8496408
8433666
8433423
8434977
8438935
8496120
8435987
8496972
8498564
8439410
8435605
8498331
8497652
8498528
8435979
8433262
8435215
8486626
8432665
8498572
8496439
8436647
8434205
8438358
8434334
8496898
8497721
8496352
8439597
8496793
8497880
8436656
8497516
8439389
8438646
8497139
8437570
8496966
8496533
8439226
8436487
8496554
8439207
8432506
8435381
8436424
8498788
8436577
8486790
8435921
8434929
8432691
8497707
8498596
8435726
8436773
8433431
8433203
8496797
8439770
8433609
8498111
8498933
8435336
8436668
8497938
8439334
8497281
8438406
8432165
8496733
8433953
8496736
8497262
8433604
8436826
8437896
8496329
8498395
8436923
8438963
8435995
8437447
8436528
8435611
8486222
8438444
8497289
8498802
8433964
8486767
8435797
8437640
8434326
8496816
8435681
8498330
8435704
8496884
8496121
8486986
8435429
8434377
8498171
8486907
8439430
8432990
8434843
8437455
8432849
8498300
8486605
8497305
8496717
8436244
8496602
8438612
8497509
8434536
8433285
8434493
8486911
8438967
8438523
8435318
8438815
8439562
8497317
8433957
8496924
8435534
8496552
8436246
8434594
8498640
8497374
8434735
8496447
8497993
8437204
8439520
8432941
8438232
8438868
8498203
8433980
8439316
8435685
8433503
8498711
8486697
8437499
8434710
8435778
8498851
8436701
8433586
8498139
8432701
8486894
8432533
8433374
8433880
8438465
8486830
8432841
8438292
8436735
8437351
8435948
8497118
8436481
8436393
8496249
8436269
8497275
8497468
8498942
8432753
8433368
8438749
8434546
8486571
8433491
8432672
8434677
8438430
8498733
8438801
8437843
8434991
8498417
8435671
8498251
8433631
8436804
8432534
8434221
8439920
8498307
8498180
8432899
8439553
8497766
8433334
8439721
8436458
8434675
8435496
8498127
8433500
8486616
8432851
8439603
8438481
8438619
8436975
8497764
8436409
8497687
8496509
8497394
8438669
8439573
8436637
8438526
8498717
8435396
8498570
8497537
8433616
8498503
8496678
8497974
8433852
8496220
8498131
8438534
8433865
8435839
8497968
8434787
8433417
8432503
8438352
8496375
8496507
8438469
8438501
8486826
8497599
8433551
8436834
8437582
8486865
8437357
8438226
8496841
8439835
8497932
8498853
8438663
8439925
8435877
8439663
8435698
8498662
8497303
8432513
8433257
8435927
8438608
8438837
8439629
8437941
8433710
8433517
8434286
8496817
8497684
8438454
8496939
8436536
8498364
8486674
8435472
8435736
8436643
8435991
8435571
8498748
8439762
8435477
8439677
8439384
8496908
8432771
8497727
8498725
8498878
8432617
8496996
8496457
8496401
8496221
8437708
8436587
8435287
8439563
8497563
8433457
8435460
8437822
8437647
8435650
8496801
8497822
8437291
8439508
8432529
8436342
8496896
8435358
8435603
8438459
8433325
8497285
8439271
8496917
8436359
8432650
8496283
8434329
8439613
8437301
8434223
8497191
8437971
8439954
8433642
8437765
8432694
8498535
8496354
8432980
8436507
8496947
8434769
8497187
8434827
8486842
8439675
8432539
8439812
8498931
8439448
8434418
8498745
8496238
8496929
8436211
8434384
8496186
8498760
8433287
8486646
8437438
8486281
8497723
8438508
8438917
8434912
8438840
8438812
8432594
8439856
8497865
8486839
8437572
8435975
8498880
8437254
8434883
8438944
8436267
8439797
8496887
8439559
8496217
8486744
8439722
8434829
8496320
8436462
8433698
8486667
8486743
8437757
8433452
8435912
8432864
8486929
8498189
8496906
8496196
8435567
8496638
8435222
8435612
8439656
8434396
8438675
8497722
8496749
8498314
8433406
8486998
8497755
8438583
8435926
8435946
8433819
8433281
8486951
8435918
8434233
8433518
8497531
8437738
8436661
8439315
8497149
8434760
8496400
8496479
8439878
8438205
8498831
8437856
8438456
8498858
8439279
8486586
8498991
8438539
8496418
8436833
8486239
8438432
8439784
8496422
8435923
8434804
8497286
8436942
8432761
8434777
8433830
8498147
8439470
8432740
8438899
8437272
8497644
8498269
8496764
8435557
8498325
8433288
8439903
8437617
8436205
8496262
8438505
8436796
8497906
8435212
8497625
8486831
8496486
8496200
8437924
8498550
8439447
8498886
8498290
8497436
8438720
8439670
8433516
8437355
8498592
8486918
8498954
8433816
8433541
8436544
8435209
8436408
8486760
8436539
8496165
8496263
8438982
8437315
8496197
8434965
8435801
8436904
8436818
8498629
8438827
8433689
8497807
8439816
8496538
8433955
8486259
8437980
8437779
8435924
8432686
8439248
8496553
8498652
8434842
8437275
8432907
8496895
8438780
8438446
8435732
8437242
8439540
8439726
8498448
8432673
8433216
8439235
8486534
8433481
8433473
8435278
8438509
8439549
8433862
8434535
8433504
8434848
8434258
8432998
8433801
8435642
8497105
8486927
8496829
8433375
8438380
8436632
8496771
8497265
8435695
8434208
8434985
8497107
8486608
8496306
8433923
8433251
8432627
8434913
8438627
8435690
8435493
8436777
8497447
8496174
8486719
8497733
8486718
8432747
8433686
8433389
8433733
8434487
8439319
8496162
8434460
8497331
8438628
8433883
8498120
8434256
8436254
8486209
8435635
8486921
8436865
8486916
8498276
8432957
8437530
8497596
8438996
8439348
8497922
8496102
8434744
8437498
8497365
8437362
8436689
8486896
8498621
8439832
8435250
8498281
8437683
8439321
8433454
8496430
8498215
8437863
8438842
8496830
8435469
8497218
8496754
8438307
8436404
8435717
8433976
8496119
8438506
8496708
8436273
8436379
8434862
8436567
8486819
8496455
8497676
8438945
8434291
8434794
8433952
8439805
8433205
8438520
8438852
8437889
8435332
8498240
8439689
8486980
8436863
8497573
8434678
8432502
8433981
8497628
8433797
8437788
8486741
8439852
8435470
8434909
8498775
8437439
8434456
8434400
8438966
8432780
8435523
8497162
8437733
8498898
8438413
8486665
8434482
8498233
8498306
8486579
8486805
8496776
8498965
8435284
8435678
8498616
8496403
8433453
8439390
8433532
8437958
8498691
8439796
8433359
8496481
8439241
8435673
8496287
8498222
8436556
8496821
8436209
8432563
8439693
8435297
8435325
8439975
8438212
8432884
8435992
8498797
8434722
8436985
8436285
8437373
8497464
8498265
8435545
8496351
8432698
8486588
8434252
8436362
8436370
8497242
8434939
8498163
8438600
8437707
8498705
8437973
8496792
8438594
8437297
8434589
8434598
8497971
8437789
8498735
8498764
8437326
8497101
8436318
8497650
8496260
8437674
8435497
8486289
8433291
8439847
8486234
8435505
8496883
8497926
8438496
8436590
8498563
8435710
8436634
8439364
8432972
8434331
8439459
8486964
8433711
8432557
8496775
8439883
8435443
8437879
8496600
8496104
8436655
8436723
8438553
8436554
8438602
8496433
8436200
8433759
8435314
8439256
8497765
8432569
8433202
8439628
8433414
8433772
8435742
8439673
8497813
8498152
8432865
8498995
8497383
8434894
8436216
8435813
8436352
8438466
8498469
8486252
8435499
8438298
8435502
8433924
8434708
8435518
8432758
8432934
8439821
8433451
8486623
8437842
8437416
8436506
8497279
8437926
8496130
8436748
8432634
8437491
8496825
8436806
8486543
8433892
8486971
8436630
8435661
8432559
8437846
8498659
8434332
8439877
8438651
8434949
8434836
8436594
8497542
8437711
8437804
8498109
8498522
8498844
8498815
8486771
8486203
8432662
8437425
8438762
8497250
8497351
8439411
8437996
8438349
8486812
8498479
8439200
8432739
8434374
8433694
8436364
8434956
8486585
8496897
8438254
8434507
8436344
8435544
8486693
8496855
8434979
8439919
8498200
8486540
8436496
8435869
8497280
8497387
8436879
8433754
8435538
8434278
8433633
8435586
8437444
8437751
8432790
8497410
8498547
8433623
8486829
8438687
8497301
8436231
8439794
8496927
8435540
8436673
8498195
8498908
8439913
8435290
8496916
8438968
8497261
8436914
8486849
8496237
8435777
8436681
8498825
8435847
8439507
8438450
8497544
8432905
8436488
8497299
8438952
8434704
8435354
8435769
8496786
8435543
8435782
8437581
8436698
8436537
8497151
8498820
8497805
8434861
8435971
8498207
8433580
8437701
8496982
8497538
8498645
8434990
8432979
8433513
8438433
8437305
8439763
8439487
8496187
8435656
8437409
8432778
8439685
8486205
8496583
8439717
8438721
8437257
8437450
8436490
8434818
8433685
8497287
8432512
8435343
8433331
8486809
8496957
8433647
8437583
8438771
8498199
8436936
8496159
8432806
8437380
8432944
8434971
8433613
8434228
8432906
8496579
8435993
8433403
8497202
8498575
8433663
8437405
8486682
8486574
8437761
8437919
8433367
8432983
8436768
8439671
8432599
8496674
8437339
8498539
8436715
8439415
8433402
8433734
8436957
8486708
8437671
8498789
8438440
8436353
8433531
8435984
8434670
8432542
8438890
8432883
8433229
8438538
8496845
8435228
8433903
8496405
8496388
8486280
8434238
8497552
8433602
8436514
8496970
8432846
8439259
8436450
8434790
8436644
8435386
8434869
8496741
8435468
8497648
8486246
8434856
8496997
8486915
8498670
8496999
8434813
8498347
8497597
8435662
8435251
8497778
8497814
8438872
8438787
8497635
8438786
8496117
8433490
8435790
8437651
8437728
8438769
8438813
8434537
8438461
8436258
8432676
8437628
8496444
8438869
8498383
8497402
8436938
8438916
8486643
8498241
8434822
8498332
8437684
8434998
8436848
8434795
8497864
8498653
8439439
8498683
8486201
8433959
8497752
8435691
8432720
8497862
8496899
8486686
8497341
8497820
8498710
8496395
8434792
8497225
8497103
8497725
8496213
8438536
8435481
8438565
8436478
8436414
8439851
8497715
8433687
8432954
8497664
8438363
8435879
8437894
8433942
8434240
8438938
8497377
8498628
8434823
8437348
8436495
8497594
8436780
8438499
8436592
8496330
8433792
8497957
8439564
8496965
8434423
8497354
8486210
8498316
8435204
8497179
8432748
8496599
8498584
8435416
8439264
8497713
8437554
8437318
8438892
8496807
8435422
8498226
8434803
8498143
8439874
8433524
8438560
8498123
8436820
8436743
8434574
8436550
8435532
8437375
8438930
8439836
8437303
8497205
8434448
8435309
8434425
8498979
8439460
8437476
8439743
8439881
8432535
8434817
8433482
8432654
8435932
8438844
8432889
8434567
8439720
8497245
8433839
8438606
8436840
8433928
8433459
8433927
8434435
8439745
8497780
8498849
8498130
8432571
8436779
8497803
8498510
8435850
8433208
8496492
8498558
8439324
8437921
8486663
8435851
8435362
8486261
8438533
8496127
8439568
8497854
8437374
8436503
8434914
8436367
8435817
8497189
8434340
8437998
8436229
8436671
8486713
8438542
8432546
8439912
8438918
8498779
8437255
8432913
8434927
8433654
8496647
8486527
8438895
8433333
8496166
8498527
8439499
8433784
8435750
8432804
8496215
8437778
8436677
8434679
8437586
8498700
8497924
8497868
8439289
8439398
8438870
8434320
8438549
8497661
8433593
8496659
8439655
8486988
8498649
8433442
8435855
8438603
8436783
8496558
8436973
8432960
8439607
8497515
8437233
8486297
8434461
8439546
8432809
8433302
8439788
8435491
8497925
8432604
8498821
8434919
8433433
8486508
8436807
8434955
8496503
8438614
8497869
8434632
8496767
8438998
8435859
8497874
8498311
8437287
8433341
8496715
8498567
8438379
8437338
8439209
8496831
8433320
8497726
8433603
8437847
8433475
8497171
8433346
8439479
8486214
8498363
8437794
8496876
8433443
8435622
8496222
8437483
8496339
8439960
8435819
8496207
8439747
8435321
8439577
8496147
8434703
8435402
8439857
8486694
8435897
8496131
8498562
8438579
8434427
8434930
8439601
8434648
8438345
8496634
8498546
8437613
8439746
8498944
8498915
8496480
8434590
8436575
8438321
8497460
8437664
8486611
8486248
8433559
8439519
8498264
8497452
8436422
8486696
8498413
8438756
8437538
8434716
8435798
8498560
8435590
8432773
8436343
8439636
8498138
8433539
8435990
8438836
8438552
8498708
8437614
8434498
8497291
8437479
8435899
8435405
8498881
8435392
8433272
8498164
8439742
8498536
8438997
8433466
8437364
8434761
8433469
8433704
8439317
8439503
8498453
8434741
8439926
8434726
8436627
8438822
8436654
8433619
8498724
8433290
8434563
8496975
8436553
8435651
8498353
8496601
8438513
8434776
8436349
8437219
8438228
8433419
8498118
8434643
8438261
8434209
8437939
8498112
8437992
8435937
8437523
8437742
8497672
8434873
8435914
8437206
8435957
8433930
8436945
8435686
8435947
8439454
8498620
8496290
8434234
8496176
8433725
8435335
8496851
8498946
8437376
8498103
8438767
8486604
8436753
8435324
8498726
8439342
8497622
8439937
8432915
8435757
8436996
8432549
8496168
8438760
8439393
8486666
8434996
8436530
8496977
8432808
8433275
8496964
8435835
8434245
8498500
8436829
8497484
8497893
8497445
8497844
8498100
8438988
8437900
8498966
8432738
8436893
8433649
8496969
8436886
8434622
8436394
8498873
8496860
8486262
8435870
8436995
8498957
8436850
8436232
8437690
8498767
8432614
8433751
8432575
8486787
8498529
8497429
8434391
8497785
8498398
8438924
8434895
8498626
8439928
8434323
8433266
8433894
8497608
8435207
8496729
8498702
8436610
8498721
8497999
8498907
8435289
8439955
8434462
8498657
8434982
8498507
8435627
8437573
8434706
8432522
8436832
8433739
8437279
8436523
8497150
8434346
8433376
8435216
8437654
8432562
8436440
8432854
8435525
8436212
8436241
8498973
8439544
8435573
8434691
8486878
8498587
8438376
8498333
8438807
8437556
8439614
8435414
8439281
8498252
8486587
8497714
8435410
8435521
8434358
8497311
8435840
8434907
8432881
8434906
8437686
8434236
8438943
8436547
8432532
8438700
8433498
8496575
8486599
8439909
8434581
8438632
8439648
8439612
8498722
8437574
8437641
8498834
8437837
8496497
8486593
8433962
8498379
8437389
8434452
8435919
8437263
8486615
8498102
8432548
8497572
8498304
8438373
8434446
8486750
8433905
8496843
8496846
8496750
8437361
8434545
8436930
8435524
8496993
8496945
8436434
8439910
8486282
8432655
8437307
8497106
8497724
8496714
8437632
8435310
8498346
8498730
8486844
8437829
8438375
8438420
8435260
8496567
8434635
8438493
8433255
8439716
8436402
8498258
8438682
8433562
8497678
8496365
8437679
8435376
8498156
8486659
8438575
8498749
8497361
8497589
8439935
8438301
8438531
8435693
8497693
8432629
8436621
8436332
8437605
8496909
8498984
8496470
8434928
8496467
8486207
8438829
8436869
8436397
8435872
8433968
8435630
8497437
8432593
8438948
8432981
8436651
8433699
8437988
8437937
8438734
8439605
8433723
8434364
8436860
8436437
8435433
8437412
8434945
8433397
8497569
8439578
8496459
8432744
8497970
8498310
8498752
8432958
8439373
8433805
8436847
8486756
8437464
8432875
8438911
8436858
8437859
8437430
8486758
8439708
8498801
8437551
8439252
8436890
8438471
8439778
8436852
8439723
8498704
8432996
8438562
8496901
8436334
8433822
8438835
8436811
8436918
8496172
8486270
8433276
8436371
8496251
8433757
8434592
8438859
8436851
8439664
8433345
8435252
8439828
8434768
8436784
8498962
8435522
8497532
8435756
8437659
8486792
8434573
8435776
8496820
8434288
8437885
8436360
8433901
8497431
8498751
8437549
8437786
8434942
8439290
8432992
8496868
8438543
8434970
8433258
8439635
8497557
8435536
8498693
8486627
8435554
8497728
8497203
8433589
8437912
8498114
8486975
8496880
8437353
8432500
8497469
8436660
8497712
8497304
8496307
8435900
8436493
8436264
8496250
8438504
8496178
8438284
8437501
8496628
8438388
8439215
8436659
8438276
8432802
8439327
8432518
8496949
8497326
8439684
8496358
8437968
8498636
8432703
8497453
8433996
8486567
8496630
8435223
8434249
8438309
8497323
8433463
8497797
8436435
8486852
8436758
8498154
8438299
8439261
8432544
8498972
8497184
8437691
8496208
8486216
8497977
8496141
8434926
8439237
8434220
8434287
8435734
8438755
8433611
8497827
8439280
8486584
8433843
8432517
8497227
8486954
8432590
8438860
8439452
8438288
8433332
8437319
8486502
8438476
8497163
8437813
8437735
8439739
8438333
8434411
8497630
8433791
8434399
8433350
8434282
8435340
8433522
8496657
8497474
8434731
8486926
8439528
8496516
8497166
8436676
8497878
8433566
8433895
8497235
8434671
8436830
8433206
8436613
8439996
8497528
8435527
8438725
8439709
8434214
8438554
8437213
8432681
8434624
8434279
8438919
8435474
8436605
8498517
8496660
8496980
8438291
8439681
8497660
8439840
8437292
8486821
8439538
8486690
8497941
8437994
8496291
8438287
8496827
8435564
8432538
8435871
8434216
8432680
8497315
8498577
8436369
8438980
8437755
8486875
8432786
8437232
8436742
8496317
8435766
8497220
8437638
8433384
8436557
8496576
8496654
8486973
8436954
8439523
8497564
8498107
8436666
8438873
8436745
8438416
8436316
8497461
8497256
8497369
8438422
8498902
8486714
8434442
8433323
8435878
8498175
8498847
8436283
8434947
8486274
8496549
8439491
8433708
8438908
8437630
8496921
8439249
8497704
8433421
8435615
8498514
8433658
8435827
8434988
8437345
8496413
8437871
8433937
8434880
8498650
8497702
8498607
8433752
8496495
8433542
8496613
8486866
8437522
8498501
8498568
8439332
8437848
8497363
8433978
8439698
8498425
8437997
8436968
8434371
8486530
8497769
8496766
8436645
8435935
8434612
8432574
8498439
8437423
8434905
8498846
8496244
8436639
8439494
8497562
8497224
8437414
8436365
8486889
8432709
8436862
8497263
8433404
8432819
8432642
8497364
8439787
8486881
8486664
8432731
8438222
8486509
8498136
8433577
8434663
8436398
8486816
8439984
8438652
8486706
8439421
8436711
8486676
8438338
8497446
8496465
8433388
8498754
8497695
8439458
8496645
8497838
8498673
8433467
8435898
8433584
8436261
8486751
8496150
8438564
8498337
8438985
8433294
8434667
8496170
8439589
8498706
8434853
8435952
8498899
8437831
8486901
8437752
8432704
8497934
8439908
8497178
8435907
8439824
8486703
8438979
8432799
8439558
8438537
8439661
8497992
8496727
8439697
8497249
8432919
8438805
8439989
8498617
8496182
8436856
8436546
8437445
8436296
8496592
8497792
8439869
8486570
8496342
8496948
8496275
8437387
8437542
8438845
8497742
8434327
8437908
8497217
8435570
8486545
8437216
8432811
8437283
8497526
8496378
8435242
8439914
8435492
8434568
8436885
8433909
8439666
8438604
8437903
8435561
8498218
8432613
8498382
8433940
8433804
8437877
8438981
8437477
8486564
8498511
8434846
8486838
8498633
8438876
8435211
8433382
8437553
8496704
8486934
8497144
8436597
8497577
8438833
8486948
8434217
8437441
8486236
8433267
8439351
8435707
8435515
8496542
8435609
8438708
8432580
8432531
8437825
8433309
8433972
8498591
8438886
8486619
8435608
8486774
8439653
8498458
8497688
8486695
8436518
8498299
8438311
8498224
8496571
8498475
8435266
8497154
8439392
8496258
8435755
8432543
8437678
8436233
8497746
8433394
8435368
8435965
8498552
8434283
8486712
8498504
8498194
8497771
8434489
8497598
8434767
8438517
8433939
8486884
8498787
8438831
8432877
8498449
8497253
8435669
8496303
8496770
8436709
8439294
8486620
8439660
8437884
8498531
8435641
8436761
8486861
8437637
8486801
8434375
8498859
8437220
8437392
8435295
8496923
8434659
8432826
8436969
8436322
8496384
8486504
8437453
8437347
8497901
8438729
8432871
8436871
8439585
8433351
8438820
8439791
8497271
8486516
8439953
8496188
8497473
8439406
8498540
8433470
8438371
8438961
8439272
8432706
8434809
8435418
8434854
8432860
8496882
8497708
8437587
8432832
8437336
8436952
8439771
8497663
8496597
8497591
8436747
8438884
8496624
8433998
8497463
8435399
8433756
8435378
8436895
8438853
8498296
8498244
8436494
8496171
8498493
8436533
8496477
8486614
8436207
8437451
8434608
8497193
8436403
8439413
8433572
8497300
8432710
8438942
8434510
8433730
8439330
8498227
8434584
8434270
8433315
8497851
8433921
8437949
8498483
8436386
8439561
8434515
8497646
8435767
8498932
8435916
8432666
8437456
8439994
8432684
8437543
8497944
8498270
8497828
8436619
8437606
8435892
8498780
8486832
8497624
8497415
8437277
8432817
8437454
8436524
8435774
8436960
8498121
8498603
8496954
8435643
8434858
8434296
8486247
8436998
8496719
8435791
8496448
8433990
8439990
8437610
8498799
8439768
8438571
8486709
8436813
8439522
8497737
8438887
8486689
8432730
8498392
8434304
8435688
8486224
8434522
8432850
8498807
8498355
8437850
8437247
8438778
8432645
8435888
8439556
8435333
8439276
8436300
8434620
8437696
8496110
8436429
8435417
8437325
8433534
8496574
8434251
8435537
8433987
8438774
8436622
8434634
8437838
8498344
8439833
8434647
8486601
8498929
8437517
8433800
8486279
8437484
8435423
8497120
8496914
8435322
8498467
8434533
8498492
8497681
8436599
8436598
8496706
8433319
8497126
8437418
8432785
8496789
8439391
8497795
8496157
8439534
8496434
8438798
8496441
8432711
8439245
8435700
8433931
8433548
8433659
8497997
8433210
8434511
8433886
8497334
8436919
8436989
8433565
8498476
8438242
8496907
8497621
8432637
8438516
8435273
8497499
8496852
8498179
8433378
8433497
8432857
8496194
8439952
8435562
8432726
8498872
8433523
8486544
8434421
8436377
8498594
8439426
8486802
8496304
8433925
8496781
8439277
8437965
8498181
8437241
8498579
8486644
8434539
8437934
8438457
8439570
8435683
8439217
8433622
8433289
8437819
8439347
8436680
8439979
8432862
8433811
8497192
8436756
8498698
8497558
8498308
8496919
8438470
8435446
8498923
8498608
8498327
8486698
8434263
8437417
8437467
8436900
8435225
8497321
8497470
8434920
8496808
8498680
8437379
8497441
8497633
8434361
8434797
8435607
8432938
8438573
8434355
8433796
8436499
8437567
8433247
8439314
8434796
8497393
8439644
8439637
8497319
8498235
8498440
8433278
8432757
8434638
8437666
8435860
8496494
8437356
8497824
8497270
8433300
8486293
8437906
8436950
8437236
8434587
8439552
8433525
8435461
8439633
8435240
8486699
8439846
8486645
8433218
8437229
8435483
8496234
8496445
8439464
8436256
8497243
8433479
8497896
8432630
8436803
8498561
8435236
8434986
8438640
8437658
8438319
8434328
8486804
8435389
8439968
8439571
8438959
8439713
8434851
8496690
8438731
8497399
8497677
8496858
8498709
8438667
8436940
8438314
8437976
8439572
8439355
8438713
8433365
8486879
8434499
8434724
8435353
8498993
8433778
8498936
8434530
8438557
8434275
8497620
8436721
8432818
8496588
8437203
8434324
8433217
8497450
8435480
8433712
8496809
8486960
8496293
8433250
8496572
8433418
8439495
8486880
8436581
8433941
8497212
8436683
8434646
8498842
8435467
8434504
8496932
8437744
8438231
8437925
8433997
8439282
8436636
8496409
8434707
8437524
8496984
8438447
8439997
8432745
8436321
8486662
8438489
8438631
8439627
8435954
8434586
8497936
8497834
8432792
8486670
8433859
8498534
8497298
8439497
8439837
8496139
8435516
8486606
8433627
8432577
8434239
8497525
8439858
8435565
8496268
8498373
8496668
8435334
8439641
8434260
8438442
8486862
8432663
8435601
8496177
8434728
8438357
8498648
8439416
8434496
8497950
8433821
8439887
8433813
8436387
8496223
8496881
8434759
8438275
8496900
8496769
8434366
8486961
8498157
8438716
8496199
8498632
8438395
8437545
8498921
8496299
8435845
8439700
8496461
8437969
8439581
8438587
8433585
8437712
8434379
8439813
8486969
8437929
8436486
8433984
8434468
8435214
8433731
8486999
8498477
8434694
8439357
8438825
8497411
8486959
8433717
8434994
8439457
8433949
8432675
8498408
8434417
8434280
8436839
8434606
8438342
8433919
8486673
8496122
8437695
8437429
8496699
8439842
8435202
8496253
8435852
8438818
8436390
8496912
8435280
8436663
8439792
8437830
8438933
8498231
8437584
8497213
8496713
8439394
8437435
8496426
8496890
8438783
8435426
8497753
8433239
8438723
8498480
8496316
8497174
8486747
8437402
8436580
8433372
8498968
8496546
8496394
8438746
8432908
8437902
8438378
8498897
8496878
8434458
8434664
8436911
8496201
8439799
8496211
8432713
8497866
8498642
8433366
8486873
8498301
8496524
8439444
8434780
8437437
8497770
8496787
8438686
8496642
8437700
8432608
8438772
8497657
8498840
8496886
8486700
8436549
8498533
8439978
8497579
8433641
8435949
8433806
8434416
8435246
8435220
8435621
8435364
8496359
8439896
8439263
8432901
8437642
8498869
8437503
8496321
8433502
8432791
8435520
8432774
8435213
8437624
8497798
8434472
8435550
8437959
8436217
8496856
8438784
8437897
8433474
8433581
8433727
8496658
8433592
8439418
8434901
8432924
8437222
8437202
8498663
8496386
8486269
8435764
8436304
8435574
8432885
8497476
8437931
8433422
8498719
8439368
8437827
8433279
8437851
8496885
8439377
8436846
8433608
8436375
8436607
8439988
8438795
8439659
8432685
8435945
8496936
8497481
8437911
8497274
8437486
8435604
8497417
8435286
8434732
8438467
8435279
8438830
8439806
8497307
8497649
8436744
8439338
8496960
8498736
8439580
8433829
8486822
8435944
8497889
8434317
8436513
8497500
8436585
8434419
8435749
8434640
8496155
8497576
8436949
8434344
8439703
8486507
8497976
8439511
8435238
8436729
8437433
8437621
8434673
8433914
8434688
8432526
8435703
8498974
8437244
8439480
8498312
8486283
8433943
8439288
8437395
8497466
8438637
8433645
8486742
8433505
8486609
8496508
8435478
8498319
8436357
8437201
8432840
8438894
8435857
8437358
8436771
8486791
8435203
8497156
8486888
8486683
8439525
8432788
8437385
8486857
8432830
8432705
8432910
8438727
8439783
8497833
8435482
8437993
8496145
8437834
8496204
8496543
8433237
8498582
8497829
8436417
8434918
8498117
8497346
8435372
8439875
8434815
8498414
8497794
8438950
8434525
8433770
8432603
8438419
8437868
8437474
8497859
8436828
8439475
8486213
8496236
8435397
8434508
8433807
8433662
8434959
8437799
8496723
8432763
8435501
8438308
8496526
8498685
8434753
8486963
8436757
8496163
8498901
8433554
8496266
8439634
8496302
8437740
8435903
8432968
8497953
8437940
8486244
8436407
8496449
8439468
8437300
8498219
8433355
8437421
8439222
8486876
8438580
8438305
8496952
8497623
8497462
8497879
8498486
8435585
8433400
8435337
8496744
8432587
8434500
8498399
8486759
8438666
8434826
8432878
8434785
8496879
8437721
8439781
8496756
8497210
8435753
8437332
8486958
8496319
8438683
8436436
8436336
8439749
8498661
8432909
8436500
8497767
8432756
8437875
8435848
8497539
8498305
8498320
8434560
8439350
8432631
8435261
8438498
8496662
8497673
8433920
8433857
8439441
8498559
8439557
8486952
8486266
8486613
8497601
8438462
8439376
8433938
8496493
8498450
8496278
8498377
8435908
8438939
8435718
8437228
8435689
8433841
8439932
8438219
8434407
8498804
8496209
8435249
8437473
8438325
8498466
8486298
8437729
8497373
8437987
8436427
8486218
8437706
8438765
8497701
8497489
8438209
8433336
8434662
8498977
8433866
8497391
8433487
8486715
8498243
8436302
8439449
8438360
8498744
8434439
8438742
8436586
8436215
8434656
8438989
8436894
8496837
8498140
8433775
8496126
8438804
8433607
8432985
8438764
8498101
8496818
8433639
8434578
8486235
8434259
8433724
8437984
8438995
8433328
8435654
8496112
8496765
8497571
8433329
8497981
8439998
8435785
8437715
8432916
8439995
8496565
8439381
8497102
8486922
8434513
8433362
8439387
8439323
8439579
8434685
8438407
8434548
8433657
8439246
8436648
8438343
8436527
8432596
8435659
8432856
8437597
8433956
8438215
8496590
8496950
8432812
8497426
8486533
8496282
8433232
8496323
8496114
8435761
8438953
8437261
8497940
8497894
8437349
8497842
8435494
8436988
8434561
8496617
8438937
8496522
8496563
8497536
8437932
8438642
8439621
8496286
8433515
8433228
8497637
8434771
8496735
8438598
8435969
8433635
8435224
8436298
8435268
8437502
8486687
8439524
8486525
8439352
8496679
8436483
8434200
8438348
8433789
8497385
8433526
8434957
8439619
8438913
8435779
8439665
8433982
8436951
8434503
8496325
8497629
8497353
8439386
8434509
8437887
8496695
8438436
8439339
8434412
8436372
8437645
8439267
8439554
8435529
8435241
8436330
8438848
8497264
8439866
8436251
8438424
8438401
8496311
8498135
8438567
8486653
8432787
8433304
8435909
8498950
8439969
8486569
8496822
8436469
8437293
8432893
8432754
8435599
8435320
8486711
8497656
8496534
8435655
8439668
8497775
8435498
8438726
8434896
8436338
8433445
8436896
8435593
8434429
8438906
8436920
8498499
8496866
8434617
8432932
8437321
8433579
8496259
8498263
8436224
8432886
8438927
8438751
8435315
8486532
8432835
8433321
8439704
8433850
8486647
8434968
8434244
8496701
8434534
8432923
8436841
8433256
8496726
8498516
8434380
8497309
8432950
8436378
8497433
8496835
8498162
8436946
8433625
8437948
8436642
8497328
8434325
8439274
8435360
8497551
8433879
8498913
8434372
8497472
8498970
8496823
8436555
8498625
8486578
8497194
8435981
8497549
8439976
8496669
8434443
8434799
8498746
8437511
8439823
8496987
8435411
8437858
8433407
8433383
8433599
8497978
8497555
8496512
8497216
8432509
8498275
8439776
8435229
8433690
8432644
8486692
8435644
8438691
8436218
8486622
8433853
8497152
8432796
8436981
8438389
8433327
8437507
8497748
8439624
8497438
8436242
8497379
8438993
8486868
8496548
8498348
8498434
8496637
8496491
8439826
8437938
8439212
8432933
8435727
8486902
8438382
8435237
8439876
8486871
8496499
8438814
8432722
8496755
8437506
8433753
8486668
8433556
8496745
8438615
8439861
8434356
8497251
8436977
8438808
8434973
8439374
8435809
8435424
8486257
8436928
8498385
8432511
8497651
8434303
8435338
8497130
8497638
8497501
8497491
8436484
8439509
8438510
8433409
8439643
8486581
8486701
8437977
8434318
8497985
8498293
8436327
8437493
8439838
8436579
8496584
8439938
8437832
8433254
8486595
8437377
8435407
8438664
8437732
8498542
8496869
8498854
8438441
8496629
8437685
8486254
8433858
8486591
8486994
8496782
8438668
8486789
8432853
8438855
8436234
8435613
8438607
8436876
8435823
8433870
8437982
8433468
8496839
8497754
8439970
8496559
8497504
8496313
8433439
8496922
8432920
8486910
8434938
8437350
8434961
8433855
8438282
8434352
8434502
8432993
8498761
8435894
8435818
8497947
8486935
8434392
8439922
8497593
8434952
8498827
8434743
8434800
8497535
8433638
8432930
8434765
8434733
8438904
8432984
8496740
8496877
8435962
8432620
8434934
8438331
8497948
8439986
8439205
8433824
8432540
8497890
8496300
8438329
8432671
8437947
8439714
8434978
8498113
8439820
8436766
8434551
8436883
8432687
8439815
8439291
8434892
8435866
8498145
8435288
8435217
8496608
8497736
8437217
8439590
8496156
8497640
8437480
8496838
8437340
8434657
8434802
8437237
8496802
8439598
8433787
8486575
8432925
8435582
8498390
8436545
8438574
8486937
8434686
8497912
8435938
8439502
8497963
8439678
8497342
8439371
8433563
8432607
8439569
8496257
8439529
8497405
8439965
8497717
8433292
8498639
8432615
8437443
8439532
8498666
8497603
8434666
8433900
8497226
8498463
8436844
8438858
8439230
8486798
8439789
8496501
8434290
8496284
8498792
8437541
8486513
8498132
8436687
8496995
8498381
8436658
8433527
8497744
8433697
8497413
8434676
8439623
8435254
8434562
8486913
8433461
8433728
8434674
8486640
8434382
8439396
8435326
8436746
8438745
8439434
8497312
8496725
8437231
8435744
8435733
8498238
8436623
8496815
8437864
8436401
8438227
8497973
8437528
8439803
8438488
8432524
8497241
8434983
8439498
8498599
8497942
8497886
8498375
8432779
8486874
8486797
8437909
8435445
8498959
8497124
8437209
8434349
8438661
8432643
8486501
8432550
8497318
8496763
8436690
8436902
8433591
8433380
8434475
8434746
8437910
8436606
8496353
8497357
8435508
8437625
8434538
8433965
8434819
8497856
8439800
8436569
8433284
8438901
8498106
8433624
8434319
8438994
8496356
8438306
8434459
8497819
8497153
8496685
8436797
8435646
8432829
8433970
8437844
8498357
8432949
8434204
8435436
8436451
8497692
8496607
8498956
8486550
8497459
8486897
8486953
8497566
8498402
8439690
8438584
8433594
8498315
8438335
8434885
8496738
8496487
8432991
8438759
8432707
8436441
8439422
8435201
8436512
8439686
8437280
8434389
8433899
8435999
8434601
8498971
8433357
8433736
8435708
8433779
8435341
8433436
8439527
8434357
8439606
8496633
8497211
8497989
8436801
8437208
8439711
8496859
8439741
8439898
8438857
8436515
8432800
8498793
8434518
8438474
8438954
8497442
8434789
8498386
8497582
8486510
8432700
8498192
8486817
8432824
8437972
8496322
8433553
8435929
8496417
8434966
8435884
8433825
8435684
8434828
8436943
8486793
8433629
8486250
8486990
8438458
8498324
8435781
8433875
8439300
8486600
8498712
8486908
8433798
8432867
8498960
8439465
8437836
8432820
8438334
8497508
8486652
8497449
8434870
8496277
8497457
8496366
8437585
8434316
8434527
8437616
8436909
8498313
8433455
8433994
8497740
8432801
8496581
8438268
8437558
8433692
8434588
8486678
8498618
8497109
8433230
8486928
8437335
8498490
8439802
8433761
8438398
8496803
8434383
8435274
8496183
8496485
8436793
8437513
8486810
8497927
8496791
8497129
8435267
8497900
8437861
8439756
8436875
8436725
8435269
8437619
8498277
8439333
8439346
8439526
8433573
8434672
8434583
8439362
8439868
8497343
8435719
8496937
8496466
8439326
8436311
8434369
8497553
8438891
8438415
8437989
8436257
8438214
8439899
8497738
8434224
8436279
8433395
8439609
8435773
8438431
8497382
8486514
8496943
8496324
8434556
8437588
8498781
8437531
8496193
8433401
8438383
8434868
8497134
8434441
8432776
8433440
8436971
8436724
8433835
8496562
8439513
8434876
8434254
8439674
8433650
8439587
8437817
8498982
8496369
8438341
8434931
8486796
8434625
8433209
8438273
8496844
8437811
8437955
8434902
8436538
8439455
8439891
8498987
8433596
8435986
8439478
8436785
8438367
8439375
8436337
8497877
8439435
8497605
8438425
8496348
8438257
8439930
8497898
8433719
8437677
8434855
8433758
8438427
8433809
8497165
8498142
8496834
8496991
8439971
8498520
8438617
8432609
8432678
8434629
8435431
8438665
8437802
8439774
8438234
8436381
8498302
8435419
8497873
8435301
8438711
8497495
8432508
8433337
8497238
8497397
8439234
8433961
8439242
8496540
8486227
8433671
8439679
8486977
8434557
8498658
8497239
8496241
8437727
8439542
8434517
8435722
8496652
8436291
8498604
8439486
8498910
8497479
8437936
8434479
8434668
8498478
8434430
8496138
8439879
8437591
8437622
8496810
8439417
8432584
8433620
8436963
8497423
8438947
8436908
8498638
8432628
8486277
8436368
8437687
8498606
8432621
8496934
8497123
8436222
8438879
8437579
8435262
8434874
8433667
8433948
8438624
8432868
8433339
8496598
8498354
8497113
8439408
8433465
8496973
8498727
8437544
8439850
8497177
8439950
8497790
8439213
8438426
8486242
8438364
8434565
8496673
8438657
8433744
8439737
8434529
8436970
8433575
8432547
8433582
8498919
8496551
8435463
8433884
8486979
8498182
8437762
8498696
8486523
8435705
8439490
8433245
8436948
8496915
8497518
8498204
8496586
8498274
8435344
8437849
8437722
8437547
8496532
8498554
8497505
8433364
8437509
8497388
8498772
8498489
8498272
8434405
8498122
8436921
8434431
8434424
8438800
8433274
8497375
8432914
8435450
8432894
8433832
8436465
8437648
8437559
8497867
8434904
8498692
8439706
8434725
8497407
8496530
8496198
8436361
8433973
8496933
8496469
8433837
8439680
8437427
8497956
8437862
8486933
8434602
8436956
8435298
8437550
8498261
8434484
8432782
8433306
8438897
8434295
8435832
8435393
8432600
8432664
8433212
8497788
8437310
8438490
8496432
8434857
8436295
8438318
8498124
8439429
8497288
8433676
8439827
8437238
8497114
8436498
8437415
8438864
8436522
8438264
8435312
8435355
8437709
8497122
8497181
8435973
8497260
8496113
8498838
8498410
8496362
8433783
8437704
8434570
8438586
8496518
8437635
8438330
8498202
8496928
8497206
8433361
8498589
8486923
8439710
8435814
8432759
8433788
8436319
8498404
8497899
8486503
8436726
8437872
8438377
8439591
8498566
8439238
8496453
8439325
8438969
8436854
8498672
8433786
8497689
8497230
8496230
8498952
8434398
8432733
8434645
8435928
8496569
8497634
8435775
8437772
8432959
8433660
8433411
8498643
8438518
8439645
8437828
8437905
8438636
8496109
8437328
8486775
8435687
8486590
8498605
8438201
8486825
8435617
8498389
8435720
8438789
8434924
8433295
8432827
8486970
8435925
8433670
8496663
8436624
8436497
8434302
8498819
8437601
8486255
8496431
8436529
8437808
8434343
8437890
8439843
8436340
8496911
8435205
8497996
8496889
8486285
8434932
8437798
8486993
8439566
8436679
8486658
8436976
8436688
8432768
8435495
8496312
8498471
8439404
8434699
8432653
8496387
8438658
8432784
8438865
8438400
8486576
8436924
8486617
8434859
8496228
8437270
8436916
8496315
8436762
8486995
8432922
8434599
8435403
8435724
8486589
8433561
8432825
8435711
8486932
8433462
8496214
8436822
8497914
8437327
8497506
8497960
8434860
8439672
8486675
8437840
8436737
8434531
8439730
8437604
8437966
8437782
8498427
8439370
8433860
8497711
8439202
8496428
8439514
8497547
8435800
8486745
8435444
8434342
8434473
8497522
8439731
8433428
8439262
8486803
8437448
8497434
8496762
8438239
8435826
8486290
8486885
8437771
8486710
8498212
8498328
8439934
8497378
8435388
8435308
8438630
8497720
8438900
8437758
8432975
8434206
8436391
8439250
8498506
8498850
8497939
8435454
8496435
8434849
8438797
8497918
8434387
8432661
8439244
8435230
8498530
8498918
8433390
8439407
8437267
8434745
8496550
8434450
8498326
8435763
8498976
8497697
8433989
8436325
8497836
8432798
8435490
8435583
8439761
8433630
8496314
8438224
8435299
8433310
8498747
8438715
8435232
8434289
8436600
8486661
8438610
8486853
8438941
8432935
8432891
8498958
8496828
8439251
8498823
8435342
8435645
8436475
8438611
8436925
8438799
8437466
8433373
8436628
8437759
8439888
8435963
8434921
8434766
8486766
8437806
8496216
8437234
8432735
8436466
8497338
8496648
8497135
8436438
8432855
8435584
8496107
8486264
8497454
8433444
8486898
8497718
8497945
8486657
8435459
8434310
8496128
8434864
8439884
8496382
8435485
8498770
8432690
8436974
8433958
8439530
8438527
8439906
8436678
8436502
8433680
8433907
8438709
8434524
8498951
8438671
8498769
8436927
8498371
8438823
8497430
8438743
8439882
8435699
8439469
8438423
8434381
8497659
8439210
8439385
8439939
8434992
8435618
8439755
8486547
8433827
8497422
8438704
8498943
8496269
8432770
8486777
8432728
8436595
8433535
8496959
8498206
8498900
8436423
8438435
8498864
8437469
8433280
8439667
8497161
8437400
8498457
8498481
8433492
8498255
8438866
8437214
8434791
8432942
8432515
8437720
8437660
8496963
8438328
8437935
8496946
8496774
8498677
8497994
8498342
8435350
8496925
8433918
8436415
8496857
8433545
8439483
8436240
8436939
8486256
8433922
8434840
8496360
8438838
8498742
8432794
8497716
8498796
8434480
8497320
8437753
8498451
8435547
8436479
8497366
8434653
8436574
8433696
8498421
8497783
8435793
8434651
8434793
8438785
8438294
8498190
8437527
8486206
8435285
8497837
8437907
8438703
8486846
8434576
8498393
8437512
8438909
8437262
8498809
8438655
8435825
8496379
8436294
8434923
8438479
8439927
8436589
8486535
8432541
8434393
8437519
8432814
8432797
8433794
8439676
8498349
8435345
8497401
8437603
8439769
8437607
8436935
8497804
8435412
8434850
8435858
8432866
8436271
8496281
8436284
8434354
8436615
8496148
8439947
8436778
8435531
8496625
8496728
8434350
8437675
8438824
8434881
8435509
8433538
8434788
8496158
8437413
8435886
8439732
8496373
8486840
8438719
8434301
8496621
8434718
8438507
8432994
8496824
8498279
8434541
8498615
8434486
8496309
8438739
8437627
8497698
8433851
8436363
8496730
8435829
8496452
8486221
8497583
8497545
8498654
8497128
8437957
8432897
8434330
8486778
8498945
8497127
8496953
8497490
8496521
8497448
8437497
8434426
8438408
8433408
8497751
8438912
8437777
8435383
8496892
8439893
8438915
8434801
8438964
8498624
8498894
8436201
8436618
8435980
8496956
8439328
8438410
8438247
8438618
8437741
8434825
8436798
8486251
8498161
8433555
8437571
8434512
8498889
8435317
8433673
8498508
8496160
8486231
8435747
8433396
8486517
8433568
8497905
8435956
8433352
8432951
8486753
8486557
8436929
8435420
8438414
8438595
8435694
8435640
8497789
8438484
8439845
8434242
8496529
8436265
8498777
8435821
8497705
8436926
8439322
8435465
8498978
8434470
8435575
8436972
8434835
8433815
8432724
8436477
8435953
8436228
8433569
8438448
8496758
8497158
8439436
8438902
8436682
8439923
8436774
8496918
8439760
8497758
8497799
8486968
8496265
8438958
8437532
8498394
8439728
8498184
8438974
8433485
8436312
8438662
8432859
8496962
8435374
8438817
8498268
8439682
8435258
8436821
8436667
8439477
8434478
8433499
8498728
8497556
8433648
8438437
8496940
8434554
8498755
8438491
8433762
8434781
8496931
8435408
8496627
8438320
8437268
8498757
8438960
8496252
8496544
8435610
8434871
8438445
8434981
8435356
8486226
8498461
8437886
8496667
8497741
8496684
8438211
8496397
8497787
8438449
8436452
8439456
8486669
8436358
8497283
8497137
8434297
8436861
8486749
8486552
8439785
8436635
8497403
8436891
8434365
8437575
8433995
8433249
8439818
8438544
8437739
8497870
8437915
8496871
8433999
8486672
8497314
8433954
8435906
8433550
8496864
8433904
8432688
8438597
8435556
8433926
8432507
8436223
8497845
8498766
8435889
8438274
8435751
8435346
8433668
8497507
8436805
8432585
8498737
8486912
8486691
8433768
8437933
8433458
8433812
8438951
8434841
8437372
8432611
8437489
8498442
8497774
8438324
8433906
8486985
8497409
8438370
8436913
8486764
8439871
8435484
8434639
8498622
8498794
8433509
8498647
8498703
8498173
8497561
8437653
8497581
8432755
8497524
8437215
8436809
8437266
8497465
8437288
8433745
8436480
8432743
8434257
8432566
8433317
8436540
8486612
8438295
8437946
8434596
8496511
8497554
8486263
8436781
8497327
8435967
8433836
8437795
8437403
8433449
8432530
8433297
8435632
8437304
8486925
8435243
8497710
8437750
8437366
8438806
8498409
8435373
8434698
8496189
8486773
8435682
8498378
8496416
8497398
8496849
8486799
8496134
8437212
8434762
8437436
8433653
8497961
8498630
8438752
8438530
8486598
8439427
8438925
8497861
8436978
8435578
8439807
8497888
8498487
8439725
8432592
8433709
8486636
8437295
8436253
8486515
8496680
8433520
8486780
8497439
8498213
8437923
8436984
8432564
8486972
8436751
8498803
8496646
8433344
8439804
8433424
8436504
8497157
8438654
8496429
8437689
8439547
8432732
8496888
8437239
8435579
8434577
8432928
8439255
8433392
8436396
8434690
8432795
8486553
8438920
8496305
8437250
8439757
8498544
8434420
8497550
8438250
8438934
8435902
8496703
8432848
8437590
8433370
8433260
8436270
8436707
8439931
8486906
8434390
8436235
8498368
8435351
8433617
8434665
8439839
8436380
8436917
8433540
8497969
8434937
8437655
8433983
8435233
8496505
8432595
8497228
8498116
8437520
8437882
8433271
8432783
8436905
8498436
8497560
8433908
8434281
8498891
8497296
8435913
8435631
8436959
8433818
8439751
8435600
8498126
8439329
8497443
8436213
8497376
8434975
8498151
8498415
8436433
8496994
8436301
8498783
8434454
8434784
8434335
8439474
8498671
8497258
8435922
8498225
8498948
8435940
8439809
8437636
8437962
8432656
8435697
8496986
8432581
8439462
8437760
8497146
8496610
8436736
8434250
8433544
8498144
8439808
8438241
8486976
8497671
8434649
8497719
8439966
8437787
8433330
8436741
8438696
8496722
8433781
8438327
8434477
8432952
8438411
8498460
8433416
8433951
8496985
8486249
8498813
8435910
8498191
8439793
8497967
8498631
8436620
8433823
8436282
8438589
8434333
8498361
8437823
8435476
8438478
8496724
8436633
8434946
8436563
8486287
8434989
8486984
8496502
8439780
8498800
8497855
8497858
8433669
8496591
8498365
8496385
8497521
8498925
8438693
8437488
8435589
8432837
8496958
8486851
8436824
8497986
8486500
8498785
8435206
8497910
8497530
8439753
8434960
8497167
8439484
8435265
8432982
8433868
8438310
8498874
8432552
8438905
8435716
8436692
8496318
8438867
8486522
8432695
8496742
8433826
8496978
8433240
8433707
8498340
8437552
8435270
8486542
8497816
8486983
8436867
8438344
8435506
8436252
8434995
8437785
8436873
8496443
8437769
8439618
8496622
8435789
8486877
8435883
8498426
8435365
8498967
8496184
8435647
8496531
8434692
8433628
8433377
8497282
8438854
8498387
8496603
8436346
8439218
8437496
8433567
8438455
8434709
8438374
8496854
8436565
8433916
8436247
8434225
8435329
8498230
8437298
8439779
8436941
8496473
8498988
8497998
8438722
8432708
8498422
8498574
8435974
8436509
8438463
8496910
8439719
8497876
8433975
8438277
8434553
8497138
8496944
8438605
8435765
8438233
8498875
8436308
8436855
8497982
8497614
8435370
8437917
8439941
8486987
8438705
8432966
8434555
8496799
8432702
8497846
8496863
8439972
8433528
8439517
8436999
8432813
8438418
8437490
8498756
8497680
8438515
8486845
8433601
8496619
8434852
8496327
8486565
8435535
8437730
8434264
8498678
8437693
8435620
8498774
8498341
8434783
8486512
8438315
8497272
8497812
8436471
8432679
8435473
8438286
8498280
8439592
8434272
8496561
8498674
8439870
8435239
8432898
8497679
8434714
8486768
8433755
8486919
8436470
8497568
8438421
8498445
8435638
8435552
8497686
8434999
8438921
8439980
8436442
8433448
8436795
8497110
8436543
8496692
8434720
8436573
8436204
8496243
8497943
8434816
8496372
8498675
8498538
8498336
8434413
8433848
8486870
8434820
8496783
8439963
8498176
8432633
8498637
8439727
8439735
8436373
8438929
8496279
8486656
8434621
8497958
8437397
8497494
8435514
8435327
8434401
8498597
8432939
8497222
8498465
8434516
8497362
8435706
8435385
8497631
8436445
8439433
8435489
8439622
8434542
8497115
8436733
8432947
8496370
8434231
8437333
8432750
8439504
8486642
8434948
8437698
8436552
8486930
8436444
8434308
8436837
8438754
8498750
8436827
8496456
8439555
8439705
8434837
8496777
8498153
8498868
8433369
8434922
8497234
8438733
8496983
8438748
8433810
8439229
8439467
8486602
8435479
8433846
8434641
8498286
8496675
8434925
8497548
8438337
8435881
8497310
8497852
8437557
8436776
8432619
8497349
8496517
8437390
8439302
8497739
8498186
8434808
8496711
8438992
8436576
8433224
8498532
8436426
8496376
8497145
8496294
8497984
8497951
8496643
8435303
8436366
8436395
8435805
8432861
8498104
8435759
8438706
8433672
8434202
8437967
8436292
8437815
8436405
8497512
8434306
8437384
8497116
8496580
8498537
8496665
8437881
8433430
8496474
8438922
8435257
8439754
8438487
8435816
8498177
8437308
8498845
8439453
8433776
8486895
8436718
8497895
8486520
8486511
8434702
8486538
8486573
8437224
8486920
8498278
8433664
8433204
8436593
8486241
8497706
8496414
8438272
8498266
8432545
8438253
8439219
8497340
8486225
8439482
8437816
8432582
8496195
8496412
8436460
8498155
8434810
8436694
8486763
8435462
8439301
8437309
8496357
8496676
8439916
8434564
8434878
8435434
8436764
8498485
8498220
8435762
8498246
8496527
8497455
8439819
8432918
8438216
8436616
8496873
8436738
8433840
8438737
8496143
8432521
8432989
8434388
8498134
8436431
8436966
8438732
8439243
8497266
8496751
8486818
8496179
8435572
8486607
8439551
8437207
8435959
8498187
8438405
8436767
8437857
8498198
8496392
8437428
8496700
8432900
8486811
8434543
8434604
8436769
8434867
8434506
8434773
8436542
8497273
8496539
8433213
8498297
8498990
8497503
8439539
8434729
8438688
8437860
8437891
8436551
8434832
8435985
8436588
8433637
8434595
8497117
8497367
8432640
8433316
8486841
8433893
8435854
8432667
8437724
8435696
8435811
8497587
8438623
8432803
8486770
8434969
8497830
8486917
8439942
8498856
8436788
8496955
8433521
8436608
8498423
8434807
8498808
8435972
8433803
8496798
8498496
8486519
8433646
8432727
8497148
8436961
8496694
8496292
8436238
8436428
8497991
8434915
8436347
8486650
8439911
8432847
8434466
8433644
8437313
8435675
8498350
8437393
8439786
8498282
8496649
8433301
8436749
8437656
8434558
8498600
8486238
8439236
8498862
8436572
8439929
8439582
8436664
8433590
8433358
8497229
8497585
8436674
8433348
8439695
8438225
8436990
8439354
8432516
8496377
8432912
8436320
8496582
8496427
8486705
8438412
8434268
8437833
8497768
8438477
8497761
8432635
8432911
8435838
8436897
8438541
8436236
8497685
8486824
8432612
8439841
8434362
8437334
8497533
8496967
8433533
8439662
8486561
8497427
8497240
8434464
8436463
8497173
8435456
8498743
8434950
8437726
8433231
8497488
8434322
8435723
8437611
8496819
8496623
8496123
8498343
8496146
8434444
8498876
8437855
8497570
8437440
8438643
8438394
8435282
8435934
8436221
8486288
8432520
8432880
8434219
8434758
8433777
8497356
8496641
8498870
8496242
8434963
8439600
8436315
8496557
8434309
8438750
8438793
8486680
8436816
8437462
8438984
8435649
8435259
8496436
8439933
8438368
8434980
8486258
8497800
8497683
8432736
8432623
8436987
8435637
8498690
8437595
8436857
8435802
8497277
8497580
8496484
8496779
8497412
8436286
8432815
8486560
8432807
8438957
8433741
8496788
8438366
8435503
8437243
8435398
8438316
8486931
8433415
8434893
8497609
8438757
8498701
8435253
8496772
8439959
8497909
8497186
8498418
8486625
8486808
8497381
8498253
8434650
8432869
8433691
8432699
8498860
8436967
8496891
8436955
8496523
8486914
8496510
8497810
8433391
8497540
8438237
8438453
8436882
8437540
8434341
8497729
8496752
8486610
8433360
8434933
8436309
8433557
8435672
8497604
8497757
8438313
8436305
8433732
8497350
8496651
8498610
8434834
8436670
8486924
8497201
8438545
8438773
8433478
8437294
8439586
8436669
8497619
8497322
8434778
8498309
8497259
8439461
8432926
8435551
8437602
8497100
8437768
8436842
8435513
8497904
8438356
8437442
8497306
8433236
8435347
8439853
8436461
8437404
8486864
8434750
8436385
8433881
8434367
8433560
8433722
8436609
8435371
8498741
8436263
8496463
8438475
8498687
8433679
8436510
8497200
8439642
8496656
8496525
8436226
8435933
8434215
8432525
8486836
8436467
8496390
8496438
8434701
8498452
8439216
8435598
8435941
8496341
8496573
8436335
8437211
8439537
8436947
8496367
8436720
8434775
8496454
8434748
8434644
8438300
8498715
8498128
8486208
8486541
8498707
8433299
8496784
8433715
8486204
8498250
8486965
8439399
8439822
8439865
8498525
8497782
8437382
8497931
8437330
8438601
8434935
8437536
8498668
8498718
8497857
8439890
8438976
8497699
8486978
8496904
8435714
8496336
8439440
8432668
8437657
8496490
8434566
8439691
8439894
8436731
8433460
8432772
8486765
8498688
8436517
8437784
8438304
8497617
8498352
8436392
8496519
8437756
8438962
8433340
8437555
8497915
8496520
8496778
8436482
8433877
8439886
8496757
8433578
8436843
8496794
8438511
8496245
8437227
8436306
8438568
8434719
8435715
8486603
8433911
8437705
8498732
8437680
8435548
8438271
8497784
8439438
8498432
8496415
8439401
8439630
8496154
8439595
8438210
8439303
8439414
8496618
8438599
8437956
8437608
8435413
8434751
8498841
8435330
8497949
8498826
8432712
8438585
8434580
8486989
8497269
8436901
8436772
8498830
8496737
8438429
8496564
8439974
8486828
8486769
8437396
8433614
8496347
8496681
8435200
8432523
8434575
8436526
8437792
8436958
8437615
8435806
8438710
8437324
8436888
8439951
8498459
8438613
8434307
8497843
8486794
8433318
8439973
8497632
8439983
8434891
8435996
8497523
8497983
8433700
8434532
8439574
8496870
8486211
8497641
8438217
8439944
8436859
8498980
8438991
8496298
8438326
8439535
8436262
8498360
8432591
8486782
8436931
8439902
8436472
8433605
8436516
8496393
8433215
8432962
8433682
8432766
8437569
8433597
8438794
8434436
8435361
8433387
8486860
8433856
8497121
8433675
8498473
8486229
8433651
8498211
8437609
8437719
8438255
8437979
8438263
8496635
8497332
8497658
8434230
8436446
8498843
8497316
8433222
8433549
8496169
8498403
8497626
8498969
8439318
8436910
8497498
8432505
8498556
8435526
8432970
8438521
8433874
8433706
8434300
8432555
8438888
8437256
8439400
8498934
8435660
8486580
8439692
8497962
8435316
8497796
8486526
8433677
8497207
8435943
8432858
8436789
8498298
8434627
8436299
8436640
8436722
8435780
8439489
8496812
8432683
8438863
8432971
8486295
8486660
8433398
8437883
8486806
8498829
8497891
8498148
8437797
8496760
8439345
8432749
8436782
8496175
8498380
8434700
8438758
8498110
8437776
8498893
8432652
8436290
8498590
8486655
8439867
8433588
8432945
8497668
8498405
8437505
8498216
8439341
8435466
8496874
8498635
8496103
8498149
8436697
8433425
8498627
8439363
8497543
8437841
8498595
8437803
8436541
8497700
8438244
8438677
8438551
8439625
8438270
8439425
8433902
8435911
8439596
8433747
8432995
8497527
8437259
8438266
8433488
8498586
8439895
8497749
8498484
8435768
8434597
8437419
8439759
8439232
8435558
8436752
8496227
8498739
8433282
8437995
8434247
8498598
8435435
8498447
8497919
8496731
8498832
8439227
8496255
8434547
8439211
8433519
8436986
8436447
8433437
8436411
8432863
8498543
8433489
8497418
8437781
8498141
8435616
8437970
8434550
8496125
8436965
8439505
8434611
8497292
8437774
8497214
8496840
8432823
8433314
8439611
8433511
8436293
8433305
8438796
8497295
8498927
8498321
8496391
8436416
8435302
8497159
8432987
8432845
8432887
8496785
8498924
8435868
8498571
8439683
8437914
8436787
8435511
8437854
8439733
8497669
8435634
8498446
8438931
8486558
8496732
8433264
8434626
8496462
8496747
8496389
8497297
8498699
8439337
8435219
8496475
8439356
8432624
8434255
8497478
8435810
8438369
8438260
8436877
8498753
8496587
8438332
8434492
8439860
8496616
8498291
8435842
8437494
8497541
8435394
8437867
8497691
8498855
8433427
8434378
8435729
8433790
8436906
8439284
8432839
8438735
8434403
8439360
8435882
8433864
8439305
8435837
8436485
8434519
8498877
8438591
8437577
8496340
8433702
8496710
8432831
8433495
8498165
8433737
8497907
8434882
8434899
8438528
8433342
8438354
8496541
8437986
8439476
8497913
8486909
8433967
8433838
8496202
8437898
8498656
8498866
8437824
8437793
8437248
8433917
8433945
8496555
8434457
8486996
8496239
8433714
8439369
8486582
8439437
8437954
8439349
8496296
8439496
8496951
8486562
8438323
8497520
8432752
8437950
8435271
8434409
8433477
8496344
8498865
8437978
8486967
8438828
8439432
8497627
8437424
8435614
8496593
8486233
8435210
8434630
8496404
8438978
8436874
8438278
8486243
8437472
8434514
8497908
8438990
8498811
8436907
8498239
8434936
8437612
8434273
8439296
8496865
8433326
8436702
8437853
8439500
8486299
8498651
8497616
8434494
8498428
8496743
8438346
8439443
8434471
8432964
8496151
8438792
8435674
8486800
8438240
8434696
8497147
8496790
8435997
8438269
8433889
8433652
8436992
8434274
8496349
8497694
8434447
8437801
8439848
8433386
8433780
8497872
8435743
8436419
8438923
8433695
8438987
8433393
8434875
8496380
8496545
8436934
8439647
8438353
8433882
8439287
8497142
8486823
8486505
8497352
8436456
8496338
8435624
8432677
8436933
8435400
8498782
8439201
8496364
8436413
8498553
8496111
8498491
8436802
8438303
8438208
8436812
8439521
8435406
8439849
8437718
8439594
8439403
8437807
8432741
8434940
8432565
8498904
8439412
8497987
8486537
8437383
8496872
8437880
8497255
8496709
8433842
8497360
8496136
8433201
8498805
8434752
8438340
8435272
8438907
8436468
8435488
8437200
8433701
8486594
8497760
8496276
8434737
8433735
8498367
8433558
8439450
8433915
8438717
8437534
8432969
8496346
8438285
8497808
8497534
8496261
8432977
8486891
8438578
8433748
8438843
8438279
8438986
8496106
8434339
8434410
8435629
8436243
8437713
8496935
8434227
8439859
8432742
8496267
8435841
8486890
8435982
8496990
8437422
8439917
8438409
8433347
8434786
8438434
8498170
8437990
8435256
8497195
8433888
8486882
8437981
8496407
8433655
8497848
8438468
