8458817
8452203
8492762
8456338
8456716
8456609
8456240
8492896
8492348
8452860
8492386
8492733
8492967
8456410
8452250
8456906
8458934
8458406
8452333
8456331
8492266
8458271
8458292
8492367
8492755
8458711
8456991
8456474
8492237
8456287
8492701
8456213
8492687
8456234
8452274
8456580
8456711
8458827
8492655
8458386
8456696
8456754
8458735
8492292
8456706
8456326
8456415
8492126
8456554
8492179
8458921
8492469
8452385
8456914
8458720
8492301
8458420
8458382
8458499
8458596
8492230
8492442
8492254
8452363
8492603
8492423
8492236
8458672
8458248
8458431
8458226
8452294
8456710
8492309
8456912
8456416
8458704
8458678
8452218
8452253
8456298
8456789
8458548
8458593
8492405
8492548
8458765
8458563
8452276
8458289
8492578
8492758
8456604
8456203
8492720
8456702
8456729
8492770
8458607
8458958
8492314
8452318
8458375
8458225
8492545
8456384
8492973
8458698
8492396
8456612
8492569
8492157
8458229
8458405
8458257
8452383
8492148
8458501
8456866
8458555
8458302
8456940
8456834
8452266
8456541
8458684
8492707
8492886
8452339
8458384
8492455
8456785
8456407
8456289
8458565
8492837
8492945
8456579
8492677
8456527
8456576
8492471
8458641
8458340
8456202
8458521
8456436
8458576
8492307
8492440
8492339
8492906
8456267
8456564
8458668
8456607
8456755
8458332
8456319
8456418
8452206
8456965
8456950
8458610
8456671
8458651
8452241
8492150
8458327
8458520
8456868
8492994
8492473
8458263
8458317
8492863
8492421
8452855
8492741
8458595
8492888
8456207
8492950
8458505
8456339
8458926
8492647
8452871
8456226
8458885
8456631
8458342
8458768
8456774
8458385
8458456
8456354
8456370
8492846
8492911
8456515
8456934
8452316
8492210
8458594
8456369
8456375
8458756
8458316
8452349
8456703
8458399
8452211
8452315
8456910
8458546
8492756
8492527
8452275
8492959
8456383
8452820
8456583
8458479
8456563
8492225
8492930
8492679
8458455
8458530
8456422
8458673
8458356
8492908
8456435
8492765
8458294
8492702
8492211
8492745
8492567
8458663
8456223
8456611
8492195
8458258
8492747
8492777
8492601
8456891
8492553
8458381
8492462
8452822
8492352
8492685
8458965
8492502
8452360
8456332
8492416
8492449
8458644
8452883
8458936
8458649
8458293
8456742
8456442
8456997
8458326
8492328
8492542
8458507
8492572
8492388
8458408
8456425
8458442
8492288
8458969
8492360
8456252
8492992
8458624
8492912
8458830
8456208
8492169
8458639
8456908
8456291
8456993
8456504
8456237
8456768
8456623
8458460
8452290
8492267
8456421
8492238
8492838
8458911
8456458
8492167
8492635
8456903
8458840
8458741
8452314
8456355
8492390
8456717
8458274
8456550
8492625
8492649
8456485
8458622
8456509
8458579
8492743
8456512
8492394
8458583
8452811
8458580
8492286
8452844
8492624
8458947
8452338
8456390
8456274
8456976
8458544
8492392
8492247
8458674
8456532
8492691
8452265
8456460
8458671
8456282
8492953
8492771
8492563
8456761
8456930
8452220
8492958
8458789
8492613
8458727
8456740
8456586
8458311
8492346
8492398
8492166
8492784
8458277
8492372
8458498
8456257
8492980
8456273
8458658
8492893
8492402
8458365
8492870
8458447
8456547
8458502
8492948
8492864
8456284
8492865
8452317
8456728
8458757
8492109
8492797
8458635
8456559
8492773
8492410
8456802
8492883
8456778
8452852
8456745
8458878
8492159
8456419
8492525
8492214
8458960
8492189
8458693
8458981
8452379
8458529
8456276
8456605
8456376
8458815
8492650
8492297
8458269
8492278
8458249
8492680
8492443
8492793
8492140
8492276
8452803
8456299
8458949
8492220
8458275
8452368
8456537
8452296
8456379
8456478
8458267
8452376
8452387
8492439
8458613
8492868
8458967
8456380
8456551
8452358
8492633
8458928
8452233
8456372
8456688
8492447
8458603
8492829
8458849
8452841
8492131
8458585
8492963
8458782
8456526
8458470
8458657
8458232
8458473
8492539
8492761
8458453
8492653
8492892
8458598
8458758
8456720
8458773
8492740
8452344
8492561
8492570
8492600
8452839
8458451
8492840
8456797
8492729
8458514
8456277
8456500
8458313
8458718
8492916
8492102
8452845
8456639
8452848
8456272
8452214
8492657
8492445
8492985
8458761
8458348
8492345
8492413
8452209
8492408
8492875
8456420
8458553
8458215
8456486
8458298
8456925
8458728
8492321
8458503
8492463
8452355
8492441
8492988
8458676
8458373
8492917
8456989
8452302
8452877
8452223
8458612
8458924
8458204
8456361
8458972
8492142
8492282
8492468
8458273
8456330
8456312
8458945
8492630
8456732
8458837
8458231
8492873
8492315
8452859
8456932
8452219
8456608
8458942
8456450
8492598
8456759
8458935
8456963
8456452
8456470
8456614
8458799
8458970
8456360
8458433
8456327
8458463
8452320
8492318
8458330
8492223
8492298
8458688
8458788
8492847
8458306
8456805
8458290
8458536
8492965
8492456
8456927
8456822
8492929
8492241
8492401
8492767
8456722
8492273
8456250
8458345
8456876
8492815
8492690
8492327
8456590
8452846
8458371
8492665
8492212
8458940
8456227
8458527
8452805
8492675
8456773
8458480
8456546
8456918
8458564
8456832
8458795
8492228
8492428
8456309
8456540
8458938
8492552
8456986
8456521
8456308
8492219
8492250
8452283
8456304
8452271
8456544
8458558
8456340
8492164
8456646
8458715
8458630
8458953
8492170
8456388
8456970
8458428
8452262
8458212
8458637
8456433
8458569
8456317
8458426
8458941
8456539
8492694
8492855
8492871
8456288
8458557
8458700
8452875
8456402
8458459
8458490
8458416
8456335
8492629
8492960
8458999
8458367
8492213
8456848
8452328
8492607
8492322
8458268
8492785
8492933
8458305
8452310
8456516
8452361
8492589
8492516
8458410
8492464
8492884
8492404
8458609
8452861
8492208
8456762
8456587
8458535
8452312
8456283
8452394
8492414
8458826
8456302
8452866
8456553
8458414
8452277
8492529
8492448
8458824
8452362
8452285
8492697
8452364
8492281
8452890
8492382
8456405
8458430
8456307
8456936
8456750
8456575
8492422
8456429
8456959
8492991
8492970
8456475
8492490
8452264
8492319
8458584
8492718
8458387
8492103
8458217
8452378
8458738
8492554
8456507
8458339
8492638
8492852
8492158
8458425
8492558
8456574
8458299
8456806
8456464
8458493
8458357
8458355
8492324
8456619
8458494
8492275
8458807
8492969
8458323
8456523
8456428
8492233
8492828
8456886
8458922
8452825
8458763
8452863
8456382
8492379
8492772
8456853
8452876
8456264
8456748
8458554
8492705
8452340
8492239
8458997
8492946
8492146
8458374
8492881
8492123
8492689
8458647
8456857
8458341
8458619
8492587
8458753
8456634
8456368
8452835
8456417
8492575
8458660
8492260
8452381
8456801
8452244
8456597
8492427
8492622
8492620
8458526
8456224
8492766
8456391
8456810
8452248
8492611
8452390
8458369
8456347
8456499
8456724
8456412
8458797
8458531
8492459
8452323
8452380
8458472
8458608
8458932
8456357
8456265
8458628
8492662
8452210
8492127
8492818
8492284
8458655
8492240
8456961
8492839
8456305
8492353
8492549
8492769
8458572
8458552
8492226
8458241
8456434
8492576
8458452
8452212
8456650
8456835
8458205
8492295
8452889
8492727
8492300
8452834
8492673
8458542
8492180
8492187
8492585
8456601
8456907
8458559
8452279
8452804
8492355
8456892
8492431
8492853
8492814
8492850
8456938
8452819
8492942
8492644
8456594
8492817
8492507
8456616
8456928
8456462
8492820
8458343
8492568
8452802
8458378
8492265
8492550
8456931
8492798
8456260
8458707
8458532
8452336
8458270
8452227
8492614
8456569
8492903
8492939
8456358
8456705
8492203
8492639
8492879
8492387
8492921
8458255
8452842
8492119
8458723
8492512
8458904
8456356
8452881
8458484
8492757
8458233
8492153
8492736
8456584
8492302
8492255
8456952
8456905
8456769
8452255
8458362
8456243
8456852
8452831
8456482
8492648
8456489
8492716
8492894
8492466
8458495
8458944
8492546
8492708
8492232
8456498
8452301
8458282
8452816
8458764
8456962
8452263
8492890
8492807
8458202
8492632
8458729
8452229
8492244
8458939
8492521
8458216
8458247
8492628
8456300
8458566
8458223
8456471
8452800
8452280
8458792
8458779
8458528
8458337
8492861
8452840
8492560
8458931
8456568
8458652
8492776
8492162
8458476
8452843
8458751
8492751
8456401
8458328
8458471
8456522
8492433
8456911
8458645
8492811
8458914
8458467
8492313
8456980
8492851
8492949
8456457
8492397
8456245
8492245
8492954
8492537
8492385
8492580
8492403
8492107
8456983
8458333
8456440
8492732
8456310
8458677
8458907
8456263
8456987
8492285
8492844
8492432
8456212
8492599
8452382
8458504
8456444
8492643
8492329
8492429
8456535
8452869
8458691
8456830
8456764
8492738
8492451
8492293
8452287
8452868
8492262
8492268
8458304
8456506
8456880
8456399
8492331
8456765
8456578
8492338
8456734
8456956
8492857
8456566
8492359
8492559
8456244
8492106
8456346
8456935
8458982
8458347
8456409
8452291
8452334
8456233
8452245
8458923
8456502
8458307
8492681
8456982
8492384
8492663
8492845
8452369
8458943
8456216
8452237
8492412
8458300
8458278
8492415
8458680
8492789
8456636
8492914
8456939
8452854
8456683
8492775
8456359
8492719
8456221
8492699
8458432
8492642
8492710
8456467
8492541
8492833
8456496
8492859
8458968
8458445
8492411
8492147
8458661
8458361
8492249
8452221
8456948
8492584
8492726
8456342
8458537
8452272
8456533
8456483
8456958
8458913
8456324
8492218
8458592
8492704
8456749
8492830
8458640
8458675
8456913
8492271
8456362
8456365
8456618
8492370
8458627
8458448
8456941
8492750
8492450
8452393
8456534
8456238
8492160
8492492
8492803
8456210
8492983
8492978
8492856
8458474
8458920
8452303
8492317
8492484
8456875
8456517
8458712
8458777
8458496
8452858
8452350
8456351
8458477
8492722
8458402
8458407
8492749
8492780
8458978
8458952
8492667
8452836
8492258
8492900
8458435
8452201
8458910
8458631
8492477
8452348
8492907
8458659
8456902
8458253
8492506
8492100
8456513
8458376
8492627
8492574
8458518
8458346
8492583
8458264
8492176
8492827
8458351
8492612
8456387
8492474
8492841
8456315
8452300
8452357
8458562
8492425
8452856
8492976
8492364
8492993
8456577
8458956
8492728
8456395
8456617
8492374
8492779
8458441
8458422
8458621
8458604
8492199
8492530
8458336
8492547
8452319
8458295
8492739
8456679
8452882
8456942
8456367
8492788
8452826
8492351
8456966
8458908
8492801
8492296
8492234
8492155
8456459
8458909
8458964
8458324
8492966
8492982
8456427
8456271
8456275
8452256
8492332
8492354
8458301
8492518
8492695
8456217
8492669
8458653
8452261
8458550
8492358
8492308
8452281
8456622
8458726
8492977
8492984
8458743
8492263
8452810
8456480
8452386
8458443
8492956
8458272
8458794
8492904
8456923
8458238
8452830
8458706
8458887
8452204
8456878
8456663
8458701
8458390
8492393
8458831
8492866
8492709
8456712
8458766
8452288
8456796
8452235
8492198
8458320
8492571
8456828
8458538
8456494
8458573
8452375
8492615
8452216
8456633
8456572
8492337
8492478
8452824
8456514
8456249
8458260
8492111
8492941
8492928
8492824
8492294
8456741
8492746
8458389
8492290
8492754
8492420
8492918
8492781
8492915
8492399
8452298
8492335
8492201
8456791
8456964
8492931
8458303
8452228
8492163
8456753
8452270
8492497
8492400
8452330
8458388
8492725
8492498
8456782
8456239
8456719
8492483
8458318
8456247
8458955
8458638
8452346
8452213
8458605
8492874
8492714
8492869
8458755
8492742
8458377
8452345
8458692
8458750
8458423
8458588
8452202
8456520
8458534
8458483
8458436
8456403
8456709
8458730
8456426
8456473
8492783
8458615
8458855
8492586
8452389
8492564
8456585
8492113
8456900
8452236
8492597
8492259
8456700
8456787
8492686
8492139
8492878
8452207
8452267
8458752
8456510
8456737
8456945
8458353
8456811
8456209
8452326
8492899
8492831
8452311
8456350
8456389
8458918
8492843
8458787
8492778
8492118
8492551
8452246
8458283
8458690
8492454
8458224
8492768
8492488
8456658
8492444
8492452
8452305
8492200
8492909
8452827
8492605
8458228
8492763
8456758
8492349
8492534
8492105
8456888
8458475
8492114
8452332
8458200
8456736
8492204
8492825
8456278
8458664
8492999
8492606
8456230
8456984
8456431
8492231
8492652
8452231
8492515
8458321
8456439
8458556
8492197
8492937
8458259
8458689
8492342
8492791
8492935
8452205
8458784
8452354
8458813
8458314
8452353
8456465
8492696
8456293
8458446
8452243
8458497
8492501
8456314
8492310
8492813
8458760
8456919
8456296
8458793
8456497
8492706
8456290
8456770
8458319
8458511
8458284
8458280
8456909
8492712
8458506
8492235
8458211
8492419
8456231
8456214
8456896
8492122
8452373
8492792
8492190
8492979
8492795
8452351
8456201
8492389
8456921
8456969
8492692
8458643
8456254
8458734
8492862
8492971
8456242
8492787
8458409
8492676
8492617
8456528
8458574
8458218
8492347
8492373
8452286
8492424
8456538
8458522
8492836
8492920
8456218
8458746
8458440
8492805
8492645
8492366
8452347
8456542
8492229
8492171
8452372
8492135
8458464
8458210
8492867
8458699
8458482
8492924
8458575
8458648
8492491
8458722
8458234
8456536
8492446
8456303
8456901
8452849
8492678
8452313
8492802
8492934
8456881
8456951
8456320
8458721
8456726
8492608
8492631
8452812
8492786
8458214
8456973
8452208
8456476
8456955
8492806
8456503
8492194
8452224
8458747
8456437
8452888
8492659
8458900
8492104
8492178
8458654
8452242
8456461
8452818
8458650
8458380
8456998
8458616
8456725
8452853
8492377
8458994
8456582
8458808
8456285
8492151
8458686
8456721
8492730
8492381
8492618
8492962
8456767
8452309
8456813
8456336
8456328
8456394
8492435
8492832
8492887
8452329
8456268
8456606
8458973
8458418
8456733
8492764
8456386
8452884
8452359
8452365
8458759
8492305
8456953
8452391
8492287
8458252
8492616
8492434
8492383
8492566
8452278
8492626
8456635
8456352
8456557
8458524
8458397
8458625
8452306
8456301
8458334
8456408
8458439
8456204
8492674
8492670
8458946
8458312
8492369
8456862
8456446
8492356
8492938
8458705
8458519
8456920
8452367
8458601
8492264
8492651
8492409
8458281
8458237
8492460
8458221
8492470
8458250
8456915
8456329
8452308
8456280
8492854
8458821
8456432
8492481
8456596
8456707
8492461
8456259
8492177
8458951
8452352
8452254
8492418
8456525
8452879
8492188
8456225
8458617
8492475
8456423
8492192
8458771
8452260
8456316
8458905
8456842
8492206
8456858
8456529
8458265
8458462
8456974
8492821
8492493
8492848
8492858
8492316
8492582
8492184
8456205
8492253
8492621
8456343
8452343
8492724
8452259
8492280
8492760
8492951
8492955
8492371
8492217
8458971
8452251
8456808
8492759
8458963
8492885
8492641
8456508
8492661
8456701
8492504
8458417
8458902
8492927
8492437
8456746
8452801
8492577
8458297
8492480
8456344
8456400
8456593
8492816
8456995
8492196
8456558
8492901
8456978
8492703
8492476
8452815
8456279
8492320
8458466
8456598
8458415
8458623
8492191
8492666
8492436
8458589
8456363
8458219
8456229
8458737
8492283
8492812
8458634
8492943
8492227
8456904
8492508
8492486
8492834
8458702
8456477
8492975
8492361
8456565
8456251
8456664
8492544
8458581
8456757
8458413
8492299
8458646
8456600
8458919
8458568
8456752
8458325
8492810
8492330
8456211
8458322
8458602
8492487
8458851
8492752
8458523
8458287
8456552
8456505
8492333
8492640
8492995
8456337
8452837
8458632
8458350
8456567
8452297
8458449
8492438
8458251
8458285
8456922
8492723
8492216
8452377
8492341
8456311
8492964
8492602
8458266
8492717
8452225
8492489
8458925
8458438
8458404
8452817
8452249
8456641
8458929
8458230
8452356
8492224
8492334
8456385
8456255
8492748
8492144
8456232
8492312
8456666
8492594
8456979
8458488
8452289
8492357
8452234
8458915
8458213
8458889
8456468
8456735
8458208
8492242
8492306
8458714
8458809
8458993
8456555
8456678
8492145
8458261
8458485
8452809
8492426
8492482
8492540
8492165
8492947
8456599
8492581
8456630
8492138
8492380
8458315
8452215
8456266
8492660
8452833
8452887
8456453
8492637
8492168
8458980
8492495
8492592
8456524
8458906
8458611
8492524
8456786
8458716
8458744
8452321
8492479
8456760
8458687
8456215
8452867
8492593
8492272
8458469
8492156
8492261
8492646
8492124
8492465
8456814
8492110
8492161
8492154
8492193
8458739
8458586
8458903
8456856
8456844
8458235
8492940
8456236
8452226
8458236
8458770
8456560
8492682
8492430
8492274
8492215
8492671
8458769
8452885
8456411
8456220
8456739
8456397
8492936
8492715
8452293
8456751
8492325
8452828
8458478
8456548
8492974
8458227
8458411
8452814
8452850
8458682
8456571
8458487
8492591
8492774
8492619
8458841
8458781
8456281
8456946
8492610
8458412
8458912
8452247
8458642
8456851
8492790
8458696
8452284
8492279
8492125
8456996
8456396
8492108
8492926
8492485
8452337
8456992
8458629
8492248
8456916
8456985
8492141
8456629
8456248
8456981
8458220
8456849
8452873
8492596
8452384
8452806
8452862
8456691
8452388
8452327
8456253
8492800
8452813
8456349
8458240
8492519
8456413
8456943
8492509
8492183
8458571
8452341
8492202
8458516
8458288
8458291
8492895
8492175
8458703
8458901
8458549
8456430
8492172
8458995
8458207
8492457
8458500
8458239
8458567
8458364
8456306
8456763
8452838
8492672
8456668
8492149
8458286
8458966
8456518
8492555
8492129
8492944
8456929
8452230
8458590
8456690
8492876
8492116
8492115
8458551
8456807
8456262
8456543
8456406
8458424
8458256
8492905
8492101
8492753
8492595
8456286
8456501
8492891
8456613
8456743
8492323
8458774
8458731
8492417
8458543
8458633
8492289
8492304
8456511
8492713
8456972
8492362
8458533
8458512
8458681
8458927
8492731
8492511
8452335
8458203
8492458
8456269
8456456
8456561
8456292
8452392
8458517
8492252
8458844
8492744
8458508
8456404
8458780
8492822
8492453
8456313
8492562
8492520
8456704
8456294
8456988
8458254
8492543
8458468
8492496
8458786
8456445
8458465
8458785
8452252
8458429
8458492
8456449
8458515
8456899
8456241
8452232
8452374
8456353
8492590
8492932
8458656
8456610
8492664
8452891
8492782
8492835
8456873
8492989
8492711
8452370
8492809
8492112
8456975
8456933
8458582
8492877
8458403
8492842
8492375
8492902
8492505
8458724
8458685
8492588
8492270
8492526
8456804
8458444
8458458
8492182
8456944
8492467
8492533
8456228
8492186
8492952
8452295
8458979
8492536
8458917
8492209
8458352
8456466
8458790
8456295
8458745
8492246
8456270
8492143
8456200
8492185
8492173
8452880
8492222
8456803
8458736
8456708
8452870
8456591
8456924
8458679
8492517
8492656
8492693
8458626
8458587
8456393
8458775
8458437
8492277
8492654
8458717
8492406
8492257
8456455
8492823
8452324
8492634
8456562
8492407
8492889
8458930
8452322
8452821
8456447
8458329
8458783
8458916
8458725
8456206
8458983
8492535
8492796
8452366
8458344
8452200
8456685
8452269
8458489
8458600
8492532
8452847
8456777
8456398
8456371
8456530
8492987
8456573
8456374
8456373
8492528
8458666
8458842
8458796
8492205
8458461
8458767
8456488
8492336
8492826
8492117
8492207
8456235
8456727
8456715
8456626
8492499
8492514
8452808
8452239
8492923
8492523
8492636
8452307
8456463
8452222
8492531
8492700
8456549
8456392
8492604
8458331
8492961
8492668
8458962
8492913
8492794
8456487
8456937
8492556
8452299
8456493
8458614
8492500
8456378
8492221
8456325
8492363
8492957
8458262
8456491
8456219
8492910
8456775
8452823
8492882
8456766
8492152
8492658
8458636
8458201
8458457
8456595
8458578
8456246
8492503
8456723
8492919
8458697
8456364
8458545
8456926
8492303
8458491
8492136
8452851
8456545
8456738
8458244
8492623
8492365
8452857
8458561
8456714
8456323
8492804
8492688
8456443
8452807
8456448
8492378
8458246
8452240
8452899
8458791
8492472
8492609
8492395
8458560
8492573
8458513
8492849
8456377
8492326
8452258
8492269
8456570
8456756
8456632
8458222
8452865
8458776
8456438
8456531
8492684
8492494
8458570
8456581
8456519
8458577
8452832
8492799
8456469
8458206
8456441
8458354
8458243
8492922
8492735
8492391
8492132
8456258
8458618
8456947
8458732
8492130
8452304
8456414
8492968
8492137
8492181
8452273
8458310
8458683
8492120
8492251
8492350
8452898
8458950
8456322
8492872
8492376
8452331
8492808
8492243
8456949
8492557
8452864
8492579
8456481
8492972
8492344
8492340
8492683
8492860
8492721
8492880
8492174
8452238
8458985
8456968
8458509
8458379
8456917
8456345
8452325
8492513
8492538
8458880
8458937
8458620
8456334
8456451
8456800
8456454
8492311
8456556
8456894
8458276
8456366
8458296
8492121
8456472
8456994
8458510
8458606
8452829
8452886
8492737
8492368
8458434
8458539
8452371
8458733
8458662
8492819
8492256
8458421
8492522
8456999
8492510
8456990
8492343
8452872
8492898
8456297
8456977
8458338
8492981
8456479
8456713
8456318
8452257
8456341
8456256
8458525
8456261
8492986
8456644
8456954
8458279
8456490
8458719
8452268
8492734
8492565
8458450
8452399
8492291
8492925
8492698
8458242
8452217
8458209
8492897
8452282
8456794
8456348
8452342
8458245
8458749
8452292
8492128
8456588
