84166344
84168374
84120820
84121652
84123521
84165559
84169456
84122377
84165244
84165703
84122574
84122666
84166769
84166262
84122275
84168413
84168410
84122308
84164312
84163403
84168888
84163379
84168518
84166699
84168665
84122791
84121387
84128384
84169778
84169940
84168992
84122961
84125523
84168282
84167572
84122476
84166875
84162797
84121887
84123451
84123336
84164309
84166603
84127452
84165810
84126529
84168894
84122566
84121880
84121814
84168593
84121773
84122919
84122414
84167766
84167923
84120368
84120516
84165519
84122383
84167958
84122593
84127997
84168800
84168845
84169464
84168378
84123456
84169880
84164582
84122277
84163367
84166653
84126543
84169852
84123764
84168276
84122868
84123441
84126383
84169994
84169362
84166279
84168897
84169314
84169799
84122316
84122891
84168657
84126969
84123476
84120307
84120353
84121994
84165354
84169658
84123480
84128528
84122596
84169525
84165946
84121203
84169603
84168338
84165700
84164306
84168237
84163544
84165572
84127357
84168572
84165811
84120366
84163558
84126546
84166694
84122390
84126260
84123897
84169539
84128981
84122514
84122887
84167718
84168587
84167678
84123593
84122807
84169942
84164593
84122519
84167645
84128586
84169929
84169995
84164591
84122700
84129281
84169232
84167777
84168745
84163680
84122500
84168537
84122496
84122447
84122595
84169786
84121748
84167977
84123999
84168288
84166431
84167648
84169846
84169548
84169999
84121246
84168292
84165236
84169769
84122877
84167959
84165710
84169476
84166912
84121227
84167311
84120799
84122912
84166878
84166418
84125304
84121213
84123631
84169868
84128445
84126517
84166890
84122797
84168293
84169332
84122229
84168485
84169890
84164683
84122360
84165743
84126446
84168239
84168519
84164384
84121810
84126766
84168854
84162685
84121225
84123973
84168549
84166691
84186691
84125776
84163919
84169681
84128492
84166545
84121793
84122268
84128979
84168349
84168990
84128754
84128229
84121210
84168681
84166222
84169902
84121886
84165657
84128368
84163933
84125391
84168240
84169281
84122396
84123427
84169339
84126587
84122802
84128466
84122956
84169265
84169378
84166466
84122897
84122468
84129406
84168956
84169652
84126420
84168218
84121296
84122590
84163543
84188380
84169442
84122800
84169336
84121828
84122381
84123699
84166448
84164501
84168916
84128928
84123458
84164373
84125722
84166419
84122896
84122709
84122587
84169699
84166598
84167769
84121282
84120246
84122886
84169522
84169402
84121944
84121966
84169690
84121733
84126787
84162630
84165615
84122819
84126818
84122693
84169391
84122388
84123478
84126333
84123696
84168658
84122667
84163829
84121244
84122269
84128611
84125644
84126516
84121826
84168236
84166791
84128458
84120741
84169285
84126832
84121424
84199916
84122317
84123435
84169202
84121284
84122979
84121846
84165795
84122872
84166761
84128567
84123298
84122618
84167415
84166852
84122782
84169680
84167925
84122204
84125717
84128538
84121537
84122234
84165985
84168824
84165803
84167355
84165495
84128363
84166351
84121402
84167575
84127355
84121382
84126626
84166957
84122879
84168760
84163859
84122490
84168811
84122908
84122465
84128330
84169689
84122764
84166660
84122315
84167731
84122977
84169960
84169909
84164900
84169971
84168813
84126553
84122314
84123437
84122997
84166515
84164579
84167594
84122674
84121786
84168781
84121985
84121983
84164424
84122873
84167437
84167911
84163332
84168839
84169904
84126514
84168545
84122858
84166745
84121212
84168633
84123237
84126389
84164953
84163447
84126233
84166629
84169888
84126987
84166609
84168994
84168740
84122906
84168430
84165825
84168588
84125661
84121820
84168873
84125430
84165664
84121209
84122803
84122792
84122676
84126486
84126717
84166718
84126918
84120396
84167898
84122344
84168780
84167253
84168983
84168517
84122889
84169695
84122466
84128595
84168401
84165371
84121204
84120363
84169304
84167237
84169600
84166355
84169693
84167646
84166988
84121206
84168564
84169651
84166604
84167240
84126758
84167534
84166270
84122553
84169787
84165927
84123403
84165659
84123445
84169614
84125811
84123874
84169828
84167889
84129282
84164595
84169959
84168497
84123611
84168251
84164610
84123470
84169898
84166357
84164534
84167298
84168422
84122313
84163485
84122206
84120662
84126666
84165372
84168721
84120245
84125654
84121672
84126673
84126783
84124800
84169389
84122994
84169867
84129425
84163618
84123357
84167803
84166377
84166838
84169397
84126785
84128480
84169447
84168216
84123565
84165509
84128568
84167318
84168521
84123992
84121222
84168757
84128416
84122885
84169551
84126551
84164744
84164972
84169410
84166633
84128959
84163360
84169229
84165699
84122399
84168558
84169810
84164597
84122737
84168525
84128685
84169612
84166260
84169363
84167915
84167833
84122497
84162656
84168660
84122203
84186428
84126720
84122599
84164725
84126677
84122573
84122902
84164220
84123793
84122261
84166526
