3161034
3161211
3161666
3162302
3161991
3162346
3164904
3161064
3161669
3165777
3165373
3164502
3161651
3164515
3162396
3165187
3165324
3164498
3165774
3168282
3165150
3165346
3165163
3161715
3161988
3165878
3161350
3165776
3162030
3162233
3161068
3161978
3168344
3165140
3164725
3165705
3168308
3165190
3164586
3164711
3163328
3164756
3161923
3161717
3164461
3165170
3161046
3168391
3165753
3163358
3165320
3164521
3162209
3161069
3164454
3162036
3165151
3162355
3165175
3164416
3161019
3162268
3163343
3164401
3168277
3165180
3168265
3162253
3164553
3163054
3165757
3162070
3161239
3164424
3161786
3165154
3161992
3161949
3163032
3164945
3164572
3164938
3168218
3165898
3168295
3162092
3161231
3161066
3163340
3162317
3168258
3168312
3161373
3162344
3163063
3162029
3163312
3161067
3161944
3164730
3161253
3161987
3168211
3165134
3162642
3164900
3164987
3163058
3161214
3168200
3161744
3162381
3161767
3168226
3162003
3162378
3164724
3168366
3161381
3161061
3164495
3162098
3162031
3162332
3165773
3162289
3164583
3163096
3162667
3161008
3168292
3164581
3164983
3161245
3161779
3161954
3162319
3162077
3165319
3162044
3164567
3162307
3163389
3165177
3165167
3161301
3162368
3163093
3164771
3163011
3163323
3162220
3165326
3163376
3165327
3161000
3161913
3161255
3162398
3164917
3161774
3164783
3161249
3165719
3164958
3165889
3165344
3161363
3168298
3162382
3161747
3164417
3164795
3161614
3161264
3162374
3161994
3162654
3161906
3162257
3162624
3161377
3165768
3164549
3161091
3161232
3162373
3164403
3165740
3165335
3161947
3161327
3162341
3165191
3161787
3168260
3161252
3164936
3161727
3164464
3168297
3161369
3162242
3164769
3161737
3168233
3162350
3165738
3164540
3164761
3165321
3161933
3161322
3164594
3161668
3162033
3161733
3161007
3164433
3162078
3161972
3162222
3164790
3162670
3164410
3164777
3168336
3164796
3161050
3162369
3164903
3165781
3162013
3162090
3161257
3162296
3161910
3164765
3162673
3164457
3161601
3165764
3161009
3164960
3161957
3161769
3161094
3161011
3165891
3161383
3162062
3161688
3165887
3164975
3163353
3161629
3162259
3163331
3164918
3165870
3161044
3161731
3164482
3164475
3163006
3162356
3164798
3164444
3165767
3162082
3162250
3162288
3161771
3164982
3161286
3162697
3168304
3162095
3162342
3168377
3163324
3163017
3161776
3161649
3161242
3162315
3161620
3162265
3164997
3164485
3162363
3161901
3165750
3164920
3165713
3165112
3168288
3164574
3164436
3165871
3161921
3164931
3164766
3161975
3168306
3161200
3161221
3161676
3165141
3168243
3162637
3168202
3165725
3164969
3165135
3168238
3168215
3165703
3161938
3164731
3161215
3164739
3161216
3165159
3162328
3162688
3161006
3161756
3161230
3162027
3161262
3165350
3165342
3164550
3163332
3165306
3161012
3163396
3163071
3161299
3165164
3164962
3161795
3164963
3161326
3164544
3161754
3164952
3162674
3161780
3161316
3162055
3164700
3163098
3164429
3164576
3161632
3163381
3161798
3165300
3164406
3163059
3164589
3162623
3168361
3164760
3164573
3165176
3168367
3161986
3162226
3163301
3162682
3164905
3162391
3162249
3165361
3168379
3162689
3162001
3168349
3162348
3168237
3164989
3162239
3162068
3161615
3162677
3161945
3161965
3164474
3162602
3165789
3164953
3165714
3162282
3164950
3164514
3161235
3161783
3164976
3168201
3162214
3162671
3161720
3163313
3163398
3163394
3164487
3162083
3163370
3168242
3162608
3163005
3163369
3161273
3163007
3168348
3162052
3161642
3161201
3168322
3164788
3161973
3161098
3164934
3163015
3162065
3161653
3164458
3161263
3168358
3164491
3162057
3162015
3161719
3164779
3162390
3161222
3162620
3161912
3163016
3161764
3168263
3168241
3161704
3161998
3163308
3168347
3161339
3161784
3168219
3161932
3164471
3168205
3161070
3165316
3168207
3161284
3168274
3162658
3161749
3168236
3162276
3165122
3161694
3162362
3165182
3162657
3162243
3165188
3164914
3164993
3168217
3163050
3163041
3161083
3165117
3168330
3161693
3161378
3164440
3161646
3165348
3165794
3164547
3161328
3164580
3165746
3164582
3165710
3163384
3161940
3164966
3168395
3164985
3164762
3168310
3164484
3164909
3165701
3165142
3162687
3164723
3164754
3165756
3161937
3165108
3162336
3161955
3161665
3164446
3161340
3164492
3164570
3163031
3165384
3161612
3161903
3161730
3162395
3161295
3161024
3165876
3165339
3164702
3168399
3161353
3165758
3162087
3161014
3165304
3168390
3163001
3165183
3164520
3164571
3163310
3161027
3165739
3163078
3163302
3165706
3165155
3165315
3164480
3165734
3168280
3161726
3164988
3162267
3162211
3162306
3161930
3161376
3163325
3165172
3162644
3164746
3161962
3162678
3162386
3164536
3163326
3161763
3165341
3161722
3163359
3161048
3161631
3162042
3164593
3163072
3168369
3165166
3168376
3161672
3168284
3161281
3164907
3168325
3164564
3161608
3162039
3165130
3162093
3161920
3164977
3162367
3164747
3161941
3161966
3165139
3161351
3161312
3162397
3162684
3161934
3162073
3161234
3162014
3164566
3164941
3165715
3162245
3161984
3164955
3165106
3161679
3161759
3161272
3161386
3161398
3164534
3164763
3161678
3165395
3161785
3161099
3161258
3161365
3164408
3163363
3164508
3161915
3161960
3162698
3163036
3161229
3168281
3168372
3163070
3162275
3165360
3164704
3165110
3165787
3161250
3162244
3162655
3161302
3164437
3162353
3162284
3161022
3162021
3168224
3163352
3161709
3165317
3164439
3168222
3164432
3165388
3164776
3165357
3161746
3168324
3164726
3164991
3161673
3168375
3161645
3163360
3164531
3165160
3161344
3163391
3162347
3164563
3161212
3164752
3162380
3164505
3161057
3165393
3164930
3161789
3163082
3161084
3161792
3162364
3168264
3161695
3165389
3162399
3165353
3162201
3164925
3165365
3168301
3165771
3164489
3164468
3168384
3164737
3162009
3163386
3162010
3161728
3165741
3161349
3161364
3165132
3161304
3164428
3168329
3161238
3162675
3164477
3168356
3162617
3162238
3164533
3163348
3161637
3162616
3164448
3168307
3165314
3161710
3164787
3168394
3162650
3164400
3162064
3162606
3161225
3161931
3163033
3161690
3162335
3162685
3163009
3161752
3165313
3163026
3162270
3164501
3168287
3161698
3163307
3161781
3162058
3161926
3161707
3164995
3164999
3162626
3168255
3165762
3165779
3165301
3165173
3165331
3161613
3161319
3163020
3162651
3165309
3164972
3161796
3164493
3162261
3162294
3164793
3165381
3165370
3165882
3168374
3162215
3161395
3161268
3162656
3168285
3168206
3165399
3162375
3168232
3164778
3165368
3162236
3161772
3161088
3161276
3161080
3165742
3162361
3161227
3168221
3162041
3165115
3161967
3162235
3161985
3163357
3164518
3161605
3164556
3161397
3165788
3161939
3164710
3163318
3161071
3163095
3165145
3165152
3165302
3161778
3168352
3164961
3162200
3161385
3164596
3161038
3165888
3163368
3162690
3164758
3164971
3162339
3162639
3163385
3165337
3164595
3164584
3165392
3162323
3162018
3161303
3165310
3163075
3165881
3163337
3162038
3165894
3163068
3168244
3161918
3164944
3161627
3161956
3164915
3162630
3162048
3161017
3164750
3161013
3165765
3163084
3164447
3168213
3161244
3162230
3164562
3162354
3161324
3162604
3162643
3161055
3163335
3164548
3164986
3163055
3165729
3164757
3164709
3161003
3165328
3164921
3162047
3161379
3162694
3168363
3161372
3165386
3163345
3168293
3163342
3161640
3163030
3165396
3162372
3164423
3164786
3161210
3165877
3161981
3161760
3164579
3168386
3168340
3161085
3164797
3164599
3161714
3163080
3161766
3163317
3162071
3165371
3168346
3161329
3165798
3161282
3161914
3162202
3162618
3165181
3164431
3164453
3168311
3165340
3165311
3165772
3161907
3168289
3161661
3162343
3164913
3164523
3164510
3162392
3161797
3164441
3164462
3164529
3164488
3163064
3162283
3161361
3165343
3164543
3161600
3161075
3161751
3165893
3162297
3164799
3164755
3162273
3161049
3164499
3161788
3162611
3162293
3162020
3161086
3164422
3162304
3162000
3168250
3161360
3161352
3161058
3161680
3165875
3165397
3161959
3164717
3161240
3161980
3162313
3161638
3162360
3163028
3168216
3163083
3162312
3165704
3165355
3165102
3162666
3163300
3164426
3163074
3161043
3161334
3163023
3165736
3161259
3168337
3164736
3164459
3168269
3161922
3163347
3164470
3163052
3161610
3165171
3164708
3161320
3168362
3168302
3161607
3168338
3161904
3164405
3161062
3161343
3164472
3163399
3168235
3165116
3162234
3161269
3161056
3164483
3163039
3163045
3165722
3165728
3161775
3165364
3161265
3163062
3161606
3161248
3161028
3164587
3161362
3161275
3162376
3165896
3162248
3168368
3164722
3163371
3164968
3164978
3163090
3163366
3161697
3161042
3162263
3161261
3162076
3161277
3165144
3162072
3164734
3164947
3163350
3162080
3162393
3161636
3161900
3164551
3164455
3168365
3168230
3165872
3161072
3163092
3168267
3161916
3163316
3163397
3161755
3164942
3164996
3164425
3161380
3165193
3165761
3161761
3161743
3161389
3164712
3161021
3161026
3161023
3164513
3163378
3162279
3162085
3162025
3163087
3164789
3162613
3161685
3165790
3161692
3165385
3162322
3161016
3165766
3162272
3162695
3161924
3168371
3162298
3162262
3162636
3161096
3161217
3161659
3168208
3164478
3162227
3164504
3161246
3161723
3161634
3165194
3162609
3165184
3161696
3162385
3161090
3161950
3162269
3161348
3168212
3161051
3162649
3161765
3164959
3165305
3168326
3161700
3161247
3163079
3161691
3161604
3161318
3162358
3168331
3162089
3165770
3164910
3164767
3161004
3161391
3165723
3161052
3165791
3161936
3163086
3168320
3161294
3162223
3162359
3162008
3164922
3165359
3165712
3168220
3163077
3161953
3162676
3168204
3163329
3165783
3161982
3168209
3163304
3161097
3161368
3168350
3162219
3162633
3165125
3168316
3165727
3168275
3161093
3164418
3161958
3164451
3162628
3163349
3161686
3168388
3168234
3164784
3162216
3162662
3165716
3163085
3162635
3165100
3161989
3162037
3165367
3161040
3161748
3162206
3162661
3161750
3162327
3164718
3164452
3165720
3162329
3165332
3165797
3161311
3162652
3164927
3163356
3165752
3162308
3162640
3162290
3161260
3161689
3164729
3161652
3162292
3161628
3162321
3161968
3164414
3163018
3162394
3165349
3165101
3164545
3164744
3165382
3161335
3164792
3163387
3163315
3162607
3164732
3164916
3165735
3165376
3161643
3161711
3162059
3161618
3164970
3164782
3162066
3161687
3163309
3165786
3162086
3164525
3162231
3161716
3161736
3168251
3163388
3162011
3164998
3163383
3168240
3162045
3161203
3164715
3168249
3168272
3164409
3162645
3165158
3164994
3164449
3161325
3165398
3164906
3168305
3162330
3161762
3164512
3165352
3163060
3168359
3161226
3162627
3165161
3161063
3163364
3168245
3161681
3161274
3168261
3164759
3164773
3164923
3161280
3162278
3164427
3164402
3161293
3161732
3162665
3162255
3162601
3161929
3162217
3163346
3165338
3164720
3161741
3168259
3164912
3164481
3162625
3162379
3165897
3164791
3164738
3164749
3168239
3164785
3161355
3161065
3164745
3161791
3163341
3161725
3168300
3161354
3162305
3168334
3165880
3165724
3168247
3168333
3161793
3161333
3165330
3163047
3165721
3161053
3163099
3164532
3161770
3164768
3164528
3163373
3161321
3161219
3168252
3161768
3161375
3161079
3161005
3161611
3164974
3168364
3162295
3162277
3162034
3161905
3161942
3162252
3165123
3161370
3168279
3161917
3161382
3164949
3168332
3161237
3168203
3164565
3162287
3164911
3161300
3162024
3168354
3161018
3161045
3165165
3162377
3164559
3165149
3163375
3165345
3162331
3164538
3163067
3165196
3164558
3165312
3164951
3161655
3161927
3162333
3163035
3165748
3161639
3164407
3162291
3164473
3162079
3161267
3161041
3161082
3162383
3165107
3162050
3161283
3168314
3164740
3162693
3164509
3161701
3168383
3165143
3162205
3161290
3165899
3164932
3168335
3162040
3161233
3161971
3168327
3161990
3164742
3164956
3168270
3163008
3161951
3165169
3161271
3168387
3168253
3161297
3161338
3165387
3164748
3162012
3168273
3161243
3165336
3161393
3165782
3162246
3163097
3165883
3164411
3161076
3164901
3165744
3161961
3164902
3162049
3161306
3163002
3161073
3164465
3162647
3161208
3165369
3164707
3164554
3164721
3163330
3168342
3165778
3161001
3164476
3161256
3161706
3165198
3164445
3165711
3161969
3164598
3163374
3165129
3161702
3164928
3168262
3165103
3165168
3168268
3161087
3162600
3162023
3161031
3161278
3163091
3162225
3165885
3163019
3165307
3163069
3161635
3161279
3162081
3164413
3165375
3165178
3161699
3162622
3162338
3168357
3162285
3162646
3164946
3164743
3163355
3162686
3161020
3161996
3162309
3168228
3162091
3163088
3162641
3165323
3161729
3161977
3161394
3163305
3161218
3168256
3162612
3164780
3165186
3165199
3162384
3161298
3161952
3162325
3162351
3165717
3164957
3164964
3162210
3162051
3161291
3161054
3162334
3161671
3163089
3162264
3163025
3165718
3164990
3164948
3161644
3161392
3165114
3165378
3161039
3164770
3162043
3161359
3168291
3163029
3161708
3164705
3162345
3165374
3161753
3165179
3165192
3164984
3163303
3162660
3161296
3162260
3168389
3163094
3165726
3163334
3165879
3164490
3161654
3162228
3161782
3162663
3164775
3162669
3164967
3168313
3161739
3162002
3164412
3165379
3165318
3165769
3165747
3161288
3165874
3163004
3168392
3165334
3162237
3165124
3161356
3161970
3164419
3168341
3161251
3163367
3161979
3164506
3165126
3164933
3168227
3164588
3161266
3165153
3165760
3162371
3164511
3161332
3165137
3161308
3163066
3162299
3164781
3165303
3164937
3162286
3168315
3165796
3164430
3162221
3161289
3163053
3161002
3161202
3161943
3165111
3161037
3162028
3161317
3163379
3161387
3161963
3165138
3161223
3163051
3165189
3163354
3162648
3165308
3168328
3162387
3163046
3163311
3162603
3161790
3164537
3165329
3168309
3164954
3162094
3162303
3162683
3162610
3165394
3168321
3162300
3165354
3161241
3161390
3163320
3161777
3164541
3161724
3163021
3165763
3164517
3162046
3161396
3165799
3168283
3164926
3161675
3162213
3162099
3163338
3161683
3163003
3164469
3161366
3165700
3161025
3161228
3161345
3161619
3163057
3162208
3164981
3163365
3164466
3161684
3163377
3162240
3165197
3161664
3168396
3168317
3164577
3162314
3162664
3161074
3163380
3163306
3164522
3165886
3162365
3161330
3168339
3161647
3162638
3168345
3163024
3164703
3161374
3161342
3161313
3162699
3164751
3162274
3168286
3162680
3165707
3161758
3165156
3164706
3164939
3161935
3161757
3164516
3162241
3161670
3165147
3164434
3161677
3165148
3163322
3161617
3168382
3162229
3161650
3165709
3168254
3163327
3161207
3161336
3161911
3162692
3163037
3161346
3161292
3165351
3161663
3162615
3162026
3164591
3163362
3164943
3163010
3162254
3162075
3168290
3161919
3162340
3164530
3161305
3164772
3168343
3162349
3161384
3164494
3163073
3163314
3168380
3163076
3165391
3161285
3162659
3162668
3161773
3161656
3168355
3161976
3161657
3162069
3168229
3162310
3168360
3162324
3165733
3161323
3165121
3161270
3161712
3168303
3164479
3162063
3162207
3164735
3162266
3162006
3162696
3163339
3162258
3161909
3161077
3168381
3161603
3165195
3165383
3161703
3168294
3161742
3168397
3168296
3168299
3162224
3162370
3163013
3161254
3168378
3163382
3161341
3161718
3162204
3168393
3162326
3165895
3164919
3161371
3164575
3163048
3161624
3162035
3165325
3164443
3165793
3161307
3162247
3162280
3164524
3162388
3168276
3161209
3162281
3165702
3165730
3164555
3168210
3161621
3165127
3164578
3165380
3161029
3164421
3163038
3164973
3161337
3163392
3163000
3163081
3164552
3161948
3164467
3163395
3162621
3162203
3161010
3164561
3161993
3161078
3161314
3162019
3168248
3164908
3168278
3168246
3161625
3165109
3164719
3161928
3162084
3163043
3162357
3162218
3165157
3161735
3164496
3163390
3162017
3163361
3161331
3165743
3164728
3161036
3164727
3168223
3161035
3162007
3163065
3162634
3161609
3164415
3163319
3164935
3161964
3163056
3162301
3164546
3164435
3161206
3161358
3165362
3165708
3163372
3161287
3164463
3161626
3162389
3163049
3162605
3165785
3161983
3161030
3162681
3161616
3168231
3165754
3161705
3165104
3165731
3162366
3164503
3163042
3165745
3164979
3168318
3161357
3164507
3163321
3161315
3163034
3161641
3161015
3164500
3161622
3161658
3165120
3161925
3162016
3164460
3162212
3161204
3164992
3161089
3164980
3161740
3163336
3164714
3162631
3165780
3163022
3162004
3165890
3161623
3165732
3164590
3161662
3164557
3162251
3162088
3165119
3162067
3168373
3162053
3165377
3161033
3164713
3164438
3163040
3162691
3164404
3162074
3165347
3162672
3161205
3168385
3164592
3161367
3165755
3162232
3164568
3161738
3161648
3161660
3165185
3165174
3164940
3162316
3168323
3164733
3165113
3168214
3165131
3165737
3164535
3164539
3162061
3161060
3165358
3162619
3161745
3164929
3164764
3165322
3164527
3168398
3165390
3168271
3162352
3168319
3162629
3163027
3165775
3161347
3162022
3161794
3162318
3165146
3165105
3164526
3161799
3161713
3161213
3162271
3161633
3164450
3164456
3165795
3163044
3161059
3161309
3165784
3162056
3162060
3161032
3161908
3165133
3168353
3161388
3161902
3165356
3165372
3165136
3161310
3165751
3161721
3162054
3165792
3161995
3164569
3161399
3164497
3162632
3168266
3168370
3164442
3165749
3168225
3164753
3162096
3162032
3164716
3161236
3161682
3163014
3161667
3162256
3164965
3163333
3165873
3161224
3161081
3161946
3162097
3165366
3161734
3163351
3165118
3162614
3164519
3162005
3161674
3165884
3161220
3164542
3162320
3161999
3162653
3162311
3165759
3165892
3161997
3165333
3163012
3168351
3164597
3164560
3161602
3161092
3162679
3161095
3168257
3164701
3164420
3161047
3163061
3164924
3163344
3162337
3165363
3164486
3164794
3161630
3165128
3164741
3164585
3163393
3164774
3161974
3165162
