3162890
3164228
3164856
3168115
3162486
3164303
3163402
3163852
3162447
3164162
3163825
3162819
3161899
3163845
3161480
3168140
3168147
3168103
3168176
3168152
3161887
3163446
3163897
3163982
3162880
3162814
3164316
3164276
3164261
3163431
3161819
3163978
3164378
3161891
3168153
3164249
3163482
3162872
3162800
3162807
3164318
3163859
3168194
3164106
3168139
3164197
3162870
3163490
3163977
3163913
3164289
3164851
3163953
3164123
3163842
3162846
3162845
3163841
3163816
3162400
3161804
3164853
3164349
3161860
3163889
3161484
3162891
3162477
3164820
3162478
3168148
3162435
3163903
3164226
3163967
3161878
3163960
3164290
3164100
3168157
3163844
3161486
3164200
3164854
3168197
3163862
3164335
3163991
3163856
3164831
3161443
3163471
3162877
3168190
3161838
3161412
3163418
3161872
3164894
3161483
3161889
3164310
3162413
3168187
3163438
3161837
3161493
3163481
3163944
3164267
3163849
3162412
3162899
3163867
3161454
3168117
3163480
3164233
3161810
3163454
3161849
3163422
3161490
3164885
3163997
3168173
3164872
3164166
3168182
3164201
3161869
3161482
3162404
3164238
3164317
3164229
3168138
3164311
3162474
3164862
3164150
3163467
3164213
3163955
3161880
3168131
3162815
3163457
3161420
3164209
3164360
3161462
3164801
3161805
3163470
3163972
3163818
3161808
3163946
3163441
3164125
3163971
3163929
3161478
3163847
3163907
3163890
3163831
3164176
3163817
3164205
3164107
3162475
3162808
3164859
3163411
3168171
3162445
3164172
3168137
3162416
3164185
3164220
3164215
3162438
3164320
3168105
3164143
3163404
3164855
3163497
3164359
3168163
3161850
3161445
3168112
3161854
3164802
3161402
3164373
3161807
3163947
3164867
3164886
3161809
3162462
3162896
3162830
3163498
3164102
3164136
3164332
3162895
3163843
3163829
3164159
3162860
3162810
3164382
3161433
3163806
3161829
3163465
3164325
3161430
3168124
3162415
3162422
3161496
3164271
3162453
3163969
3164341
3163941
3161870
3161898
3162421
3161495
3161427
3163488
3163921
3162470
3163909
3164157
3162818
3161464
3161874
3163956
3161458
3164342
3163835
3164187
3164273
3163421
3163904
3164840
3161845
3162473
3162471
3163463
3161471
3163462
3161803
3162409
3164292
3163824
3163891
3163805
3164357
3163914
3164109
3163451
3163952
3163858
3168169
3163473
3164852
3164391
3163917
3161467
3163999
3164129
3162425
3161415
3164175
3164321
3164266
3164326
3162439
3164833
3164328
3164334
3164822
3163803
3162844
3164217
3168175
3163419
3164241
3164837
3161487
3163873
3168151
3163484
3161814
3164281
3161841
3168167
3163959
3164839
3164113
3164344
3163853
3161440
3164240
3162441
3164330
3164832
3163860
3161863
3164298
3164158
3164346
3163475
3164203
3163833
3163420
3162480
3164224
3161446
3162418
3163911
3163883
3164365
3164309
3162876
3163898
3161497
3163479
3163878
3168143
3168133
3162420
3163469
3162457
3162427
3162894
3162448
3164127
3164178
3164115
3162884
3164274
3162859
3164340
3163802
3162481
3164381
3163940
3163936
3162498
3161410
3161866
3161457
3163896
3163915
3168110
3161832
3164864
3161416
3168114
3163932
3168109
3164255
3161422
3163429
3163922
3168199
3168126
3163924
3163884
3164207
3163425
3162836
3164348
3163811
3164805
3161426
3163476
3162852
3162417
3164374
3168160
3164194
3161417
3164394
3164385
3164803
3164243
3163966
3163830
3164168
3163466
3161419
3164181
3164265
3162464
3161876
3162849
3163846
3162865
3164297
3161888
3164899
3164398
3164138
3161405
3164227
3163400
3164336
3164841
3163993
3168144
3161431
3164327
3164110
3164177
3164816
3162406
3164222
3164828
3168149
3162887
3163994
3162449
3168118
3163905
3164813
3162826
3164393
3163460
3162805
3164161
3163863
3164151
3162436
3161476
3168100
3161494
3164352
3164182
3161432
3162864
3162405
3163937
3164296
3163445
3164869
3164126
3168141
3168191
3161801
3161491
3162823
3163970
3163435
3162465
3164898
3161421
3164375
3163851
3163814
3164355
3164167
3168108
3164361
3162488
3161452
3162802
3163984
3164128
3161827
3163409
3162874
3163407
3164112
3161802
3164117
3164891
3164299
3163996
3164131
3161847
3161413
3163493
3164861
3164800
3164142
3162813
3168179
3168186
3164141
3164124
3161438
3163861
3161834
3164896
3161848
3162854
3168161
3163943
3161473
3161826
3164221
3163886
3163424
3161867
3163872
3162820
3163887
3161853
3164879
3164312
3162850
3163850
3162881
3164331
3168156
3161893
3164184
3163877
3168107
3162839
3164370
3164147
3161892
3162476
3164882
3164388
3164868
3162492
3161424
3168195
3163478
3164379
3168177
3162487
3164293
3161429
3164285
3164870
3163837
3163453
3162456
3162892
3163812
3164152
3164897
3164367
3161444
3163810
3164850
3163923
3164252
3164362
3163965
3163919
3162855
3164270
3168189
3164849
3168123
3162467
3163464
3164235
3162440
3163489
3163433
3163417
3164358
3163838
3168162
3164248
3163848
3163448
3164865
3164139
3164845
3162829
3164118
3164198
3163432
3163819
3163882
3161403
3162879
3161474
3163983
3163410
3164133
3162432
3163443
3161821
3163957
3161864
3164397
3161406
3164371
3168132
3163916
3163483
3168136
3162419
3163813
3163459
3161472
3163986
3161448
3164384
3163486
3164390
3164842
3162466
3161404
3164302
3163427
3164105
3161897
3161439
3164103
3162489
3161435
3161498
3162889
3164130
3163401
3162885
3168178
3161442
3162496
3164262
3162888
3163992
3162898
3163899
3161844
3164121
3168102
3161451
3161831
3162424
3162840
3168106
3164287
3164171
3162461
3161883
3163910
3168188
3168122
3163880
3168101
3163945
3163990
3163868
3162491
3163456
3164284
3164183
3164153
3163447
3163413
3161894
3163854
3161414
3164888
3164280
3164319
3164283
3163938
3161441
3164231
3161877
3163499
3164239
3162484
3164250
3163423
3164392
3161428
3164829
3164339
3168158
3168111
3164294
3163487
3163906
3163800
3168164
3164366
3162831
3164877
3164108
3161885
3168135
3164269
3161846
3168129
3161855
3162442
3164101
3163436
3162869
3161436
3161465
3164818
3164806
3163892
3164356
3164145
3163942
3162433
3162444
3168113
3161858
3162407
3164333
3163403
3164819
3164313
3164190
3164834
3163939
3164323
3162410
3163958
3162401
3163962
3161408
3164263
3161820
3163468
3163801
3164254
3163815
3164811
3163950
3162856
3163961
3163954
3163442
3163461
3162861
3163930
3162803
3161447
3163963
3164892
3163981
3168145
3161401
3162493
3161896
3163975
3161890
3164884
3164387
3163439
3164155
3162437
3168121
3163820
3164363
3168128
3168192
3164860
3162429
3162469
3163870
3164196
3164846
3161865
3164807
3164156
3164873
3162816
3164835
3163821
3164272
3164253
3161468
3164883
3164814
3162873
3164119
3161477
3164279
3164306
3168181
3164808
3163474
3162485
3164353
3163980
3163472
3164104
3161407
3168154
3164830
3164291
3162883
3162806
3162841
3163428
3163925
3164874
3164251
3163918
3164343
3168127
3164195
3164345
3168134
3168168
3164211
3161886
3161437
3164245
3163804
3164144
3163893
3162497
3164149
3162878
3162809
3161873
3168155
3164825
3162411
3163855
3164180
3163901
3161861
3163827
3164827
3161434
3161839
3164810
3161871
3162430
3162851
3168174
3162862
3164186
3164893
3164315
3163415
3164300
3164308
3163809
3161449
3164847
3168125
3164843
3161492
3164866
3163948
3161840
3163864
3168183
3164282
3164389
3161411
3164307
3163866
3164288
3164268
3162472
3161466
3161852
3163869
3163985
3164354
3163828
3163900
3161879
3164204
3164164
3163430
3164858
3163485
3164237
3163426
3164199
3163876
3162482
3163881
3164212
3164844
3164173
3163495
3161816
3168150
3164823
3162843
3163839
3164246
3161824
3163988
3161453
3163823
3162857
3161818
3161475
3161812
3164120
3164329
3164160
3163894
3161882
3162459
3163974
3162882
3164880
3164369
3163933
3164836
3164122
3164275
3162403
3164863
3164137
3164219
3162893
3164277
3164278
3161862
3164304
3163452
3164116
3162423
3163875
3168172
3162443
3168142
3162811
3162871
3168116
3161823
3161830
3164383
3162402
3164809
3168193
3162875
3164364
3164208
3161400
3164871
3163995
3163888
3163458
3164351
3163920
3163492
3163976
3164170
3164244
3162479
3162822
3161470
3168184
3168130
3164225
3164134
3163840
3164826
3162832
3164169
3168104
3164230
3164242
3163926
3164232
3164247
3161461
3162847
3162414
3163865
3162408
3162866
3164174
3161851
3162801
3164890
3161460
3164210
3161857
3161833
3163927
3164824
3162812
3164815
3163496
3164286
3162434
3164395
3162463
3161842
3161463
3164258
3164305
3161806
3168159
3161828
3163807
3161825
3164146
3162853
3163908
3163408
3164372
3163434
3161450
3164857
3163874
3161835
3162886
3164179
3163895
3163832
3168119
3163987
3161456
3161409
3163998
3164218
3163879
3163885
3163951
3161813
3162451
3164368
3162827
3168180
3164376
3164259
3163979
3164163
3164191
3163836
3163968
3163412
3164396
3164377
3168185
3161884
3161815
3161481
3164324
3161479
3164399
3163935
3163949
3164804
3164257
3164887
3164202
3162460
3161488
3164236
3168198
3162842
3164264
3162897
3164386
3163416
3161423
3162817
3164322
3164111
3163822
3161499
3163450
3164148
3162454
3161418
3161856
3162804
3162833
3164214
3164838
3162455
3163440
3164848
3164114
3161817
3161485
3163902
3164256
3164192
3164295
3164206
3163931
3161425
3163405
3162867
3161800
3163449
3163808
3164132
3162431
3163857
3163444
3162824
3164817
3163477
3162868
3161822
3163491
3161459
3164821
3164314
3164812
3161843
3162499
3164188
3164301
3164216
3162428
3168196
3163437
3168120
3161859
3162837
3163406
3168170
3162450
3162825
3163964
3162458
3164347
3164875
3168146
3162858
3161836
3164881
3164165
3164380
3162863
3163871
3161469
3162483
3162834
3164338
3163973
3163912
3161868
3164223
3164876
3163928
3162426
3163414
3164234
3164193
3161895
3162828
3162468
3162835
3163834
3161881
3164260
3164350
3164140
3163826
3162446
3168165
3164135
3164154
3163494
3161489
3161811
3162452
3162848
3162490
3161875
3164337
3162821
3162495
3163455
3164895
3164189
3162494
3161455
3163989
3163934
3164878
3164889
3162838
3168166
