3163177
3162798
3165450
3161554
3163151
3162154
3164650
3162195
3165570
3164676
3164624
3162563
3165595
3165064
3165288
3161591
3162509
3161572
3162763
3163173
3161532
3165297
3162926
3165508
3161113
3165584
3165411
3162735
3164640
3165080
3163164
3162112
3163169
3163170
3161160
3165455
3165015
3164680
3162566
3163197
3161183
3165521
3162933
3164645
3163198
3161573
3165069
3162916
3162139
3165522
3161565
3165072
3165261
3165065
3164683
3162508
3162123
3162948
3162719
3165085
3162547
3165498
3162182
3163107
3162709
3161577
3164632
3165265
3162550
3163172
3165573
3165470
3161125
3165005
3161555
3162538
3161164
3164623
3163125
3165270
3164633
3163195
3165404
3161593
3162138
3165224
3162571
3162564
3162196
3162790
3165566
3162587
3163124
3165549
3162788
3164666
3161149
3165078
3165022
3161178
3163115
3164638
3165050
3162515
3165038
3161158
3164695
3162730
3164629
3162713
3162586
3164662
3162160
3161102
3162545
3162744
3163126
3162924
3163166
3165087
3162989
3162158
3164699
3162737
3165562
3165567
3164606
3162198
3165233
3161129
3165201
3163138
3161193
3161161
3162917
3165413
3165258
3162197
3163111
3162712
3162166
3162164
3164672
3165081
3162581
3165018
3162589
3161531
3163183
3165251
3162542
3161564
3165008
3164674
3164697
3165281
3162906
3163160
3165025
3165529
3161127
3162700
3162944
3161506
3163187
3162721
3161552
3165418
3161110
3161141
3165042
3164646
3165471
3165446
3161199
3165557
3165538
3165248
3162193
3165259
3162513
3163150
3162113
3161198
3161109
3162999
3162529
3165249
3165501
3165275
3165212
3165232
3162765
3161520
3161112
3161197
3165579
3162189
3163113
3161534
3165449
3162546
3161155
3165024
3165227
3161146
3164631
3165494
3163127
3164635
3165246
3161133
3162965
3165559
3162995
3162987
3163153
3162146
3162756
3164647
3165279
3165421
3161584
3162579
3161571
3161128
3162559
3162773
3161165
3162902
3162100
3165210
3162514
3165074
3162595
3161549
3162131
3162525
3163163
3162526
3162192
3163181
3165433
3163148
3165090
3161115
3162103
3162532
3162188
3165589
3163110
3162976
3162971
3165564
3161143
3164636
3163189
3164643
3165465
3163155
3162148
3165448
3164600
3162919
3165490
3162753
3162784
3162776
3165216
3165267
3161522
3161595
3164657
3162969
3163146
3162124
3165472
3165495
3165442
3165499
3165084
3161547
3165287
3165088
3162900
3162726
3162107
3162130
3163118
3165206
3162557
3162928
3165558
3161517
3162524
3165031
3165209
3162534
3165439
3162918
3165253
3161592
3161588
3162596
3164687
3161553
3162915
3165515
3165492
3162109
3162153
3162908
3165548
3164613
3162155
3161528
3161518
3161574
3164615
3161136
3162717
3162176
3165599
3162105
3165219
3162172
3165266
3165057
3164605
3162711
3165226
3162972
3161169
3165061
3165578
3165268
3163105
3165082
3165504
3164620
3162724
3165487
3165434
3165231
3162136
3161581
3162963
3161501
3162733
3161587
3161175
3162185
3162551
3162767
3165292
3162796
3165423
3165464
3162925
3163196
3165591
3165234
3165431
3165459
3162746
3162907
3162939
3162599
3162517
3164642
3162799
3162159
3161187
3162175
3165089
3164684
3161134
3165092
3164678
3165587
3161596
3161562
3162979
3165586
3162133
3164618
3161145
3161511
3163104
3165560
3165237
3162736
3164611
3162588
3165510
3165037
3162758
3161513
3165202
3162913
3162168
3162991
3165554
3165582
3163128
3165497
3161594
3161126
3165040
3162558
3161561
3162157
3162910
3165544
3164603
3165077
3162703
3165238
3162980
3165461
3161541
3162555
3165048
3161550
3162714
3161135
3165577
3165016
3165039
3163185
3162970
3165414
3164626
3161529
3161151
3161191
3162537
3164608
3162983
3162183
3161174
3165519
3162169
3165059
3162729
3165581
3162162
3163145
3162187
3165294
3165200
3165228
3162745
3165053
3162527
3165027
3165526
3162740
3162959
3165097
3165207
3165291
3162734
3162937
3162951
3161556
3162946
3165058
3161105
3164610
3161189
3162764
3162927
3165475
3162768
3162500
3162762
3163134
3162597
3161551
3162920
3164621
3164619
3165435
3163186
3165572
3165493
3165415
3161147
3163193
3161124
3161560
3161170
3165208
3165009
3162549
3161504
3165469
3165514
3162935
3164693
3162985
3165067
3161101
3165424
3162533
3162769
3162785
3161171
3162984
3165073
3161540
3164671
3162191
3162110
3162992
3165457
3165556
3165474
3165203
3164607
3161576
3165079
3161120
3162174
3165013
3162119
3165035
3162949
3162114
3161566
3163135
3163190
3165264
3162934
3165256
3165505
3162165
3161190
3162570
3163184
3165223
3165463
3163131
3162502
3161545
3161536
3165420
3165028
3165021
3165405
3162792
3161582
3162560
3165286
3163133
3165036
3162956
3162947
3165516
3161186
3165282
3161154
3165293
3165076
3161196
3162163
3165506
3162580
3165236
3162982
3162782
3165063
3165011
3162759
3162143
3162779
3162986
3162504
3165049
3164630
3163130
3165488
3163139
3164668
3165561
3165428
3162145
3164675
3165541
3165555
3162125
3161559
3165540
3161172
3165458
3162181
3165553
3162594
3162715
3161500
3165507
3163161
3161194
3165091
3162739
3162128
3162786
3163192
3165596
3162167
3165438
3165243
3162156
3161177
3165496
3165052
3162748
3162135
3161509
3165429
3161533
3162797
3165574
3161163
3165218
3165416
3165576
3162941
3162953
3162101
3165500
3165417
3162178
3163147
3161507
3165244
3162583
3161586
3164698
3162998
3161181
3165478
3161590
3161535
3162940
3162932
3162505
3165083
3163109
3165491
3164677
3162584
3161599
3161524
3165290
3161119
3161180
3162962
3162905
3162142
3165095
3162938
3162791
3162943
3162510
3163141
3165547
3164659
3165479
3163120
3163108
3161598
3161539
3162590
3162121
3165523
3162741
3165588
3165254
3165066
3164692
3165535
3161111
3163180
3165437
3161140
3161182
3161118
3165402
3162593
3164655
3165512
3164660
3162578
3165023
3162772
3165518
3165412
3165026
3164669
3162144
3163194
3165597
3163142
3165255
3165545
3162747
3164634
3164679
3161578
3162573
3165278
3162912
3165425
3164644
3161526
3162752
3162150
3165044
3164628
3161557
3162501
3162567
3161131
3164691
3161505
3164649
3164663
3163152
3165006
3162569
3162520
3165055
3165466
3165296
3161523
3163171
3162977
3165020
3162749
3161114
3165239
3165277
3165094
3163167
3165517
3162754
3162710
3162728
3162116
3161516
3162572
3165260
3165262
3165409
3162795
3164681
3165071
3163191
3165408
3164648
3163178
3165230
3161166
3162720
3162731
3162704
3161502
3162958
3162930
3164617
3165068
3162723
3165550
3163154
3162173
3161515
3164696
3165426
3165242
3165513
3165452
3165033
3165485
3162701
3165250
3162528
3162152
3162190
3162775
3165520
3165002
3161527
3162993
3165221
3164688
3162512
3165444
3165445
3165010
3161546
3162967
3162522
3163159
3165592
3162755
3165029
3165070
3165532
3165060
3165482
3165051
3165480
3162574
3163119
3165299
3165590
3163112
3163102
3161192
3165443
3165056
3161156
3164654
3162794
3163179
3161159
3165276
3164602
3162942
3165283
3161569
3165525
3165046
3165220
3165598
3165000
3165476
3162516
3165481
3162518
3161514
3162177
3165477
3162171
3161548
3164616
3162921
3161173
3162778
3165453
3161130
3162793
3164604
3162766
3165217
3164685
3161103
3162954
3162511
3163132
3162585
3164622
3165552
3165269
3161162
3162118
3164614
3165410
3162521
3165054
3162787
3165533
3165205
3162565
3165062
3165462
3164627
3162147
3165563
3165214
3165467
3161185
3165543
3162568
3165456
3165528
3162120
3161512
3161168
3162950
3161176
3164601
3165484
3162706
3162973
3162540
3163188
3164690
3161117
3162530
3161563
3162716
3165093
3164658
3163114
3162761
3161580
3162140
3163140
3162961
3162718
3165406
3165098
3161508
3164664
3161188
3165502
3162931
3162531
3162929
3161122
3162523
3163129
3165257
3162544
3165045
3161132
3164641
3162964
3163122
3162507
3165468
3165460
3165571
3161558
3162104
3162503
3165436
3162757
3165531
3162725
3165235
3162194
3162576
3162519
3164689
3162774
3165568
3162903
3163123
3162184
3162750
3164652
3165032
3165524
3165534
3162708
3162552
3163174
3165419
3165229
3165041
3165295
3163156
3162554
3162122
3165012
3162901
3165271
3161106
3163175
3162186
3161568
3165536
3162936
3162732
3163162
3163101
3162111
3165441
3163182
3162129
3165440
3165400
3161583
3165252
3165043
3165019
3162783
3165503
3165215
3164665
3164609
3161167
3161597
3162978
3162543
3165099
3162974
3163136
3165430
3165273
3161543
3162997
3165575
3165483
3165274
3165285
3162957
3161153
3162548
3162702
3162966
3165225
3165004
3161521
3161157
3165527
3162955
3162108
3161148
3165580
3162751
3162126
3163143
3162137
3162922
3164656
3162598
3165289
3165247
3165284
3162106
3161142
3165593
3162904
3163100
3162738
3164686
3162988
3162781
3164612
3162722
3162975
3165489
3162742
3161100
3162743
3162553
3165551
3163157
3162535
3164670
3162592
3165583
3165030
3162199
3161138
3165280
3165007
3161542
3165001
3165272
3161579
3165096
3165003
3162179
3162180
3162134
3161503
3161121
3162591
3164651
3162996
3165213
3165034
3162771
3162760
3161567
3165298
3162705
3165594
3164625
3165486
3165509
3165204
3161195
3162582
3162127
3165211
3164639
3161537
3163121
3162923
3161104
3165537
3162132
3162990
3161585
3163103
3165427
3162952
3162960
3162506
3165407
3165014
3165075
3165569
3162561
3162968
3165240
3165422
3162780
3165585
3165241
3164653
3161179
3165403
3163106
3165432
3161107
3162117
3162575
3165565
3162102
3165222
3164682
3165401
3162707
3161152
3161589
3162170
3162556
3162149
3163165
3165542
3165454
3161525
3161108
3162115
3162161
3162151
3162562
3161544
3161538
3165263
3162914
3162911
3161510
3162770
3163168
3165511
3162141
3165245
3165546
3162981
3162777
3161139
3161570
3165017
3161530
3163149
3165530
3165539
3164694
3161116
3164673
3163199
3162727
3163144
3163137
3165447
3164667
3162789
3163117
3162577
3161137
3162909
3162994
3165047
3164661
3161123
3163116
3162945
3161575
3161184
3165451
3161519
3161144
3163176
3162541
3165473
3162536
3164637
3165086
3162539
3161150
3163158
