3163782
3163598
3168473
3163595
3165928
3168980
3164090
3163253
3163209
3168636
3163663
3168747
3163638
3168494
3168961
3163246
3168888
3168027
3163594
3168479
3168426
3168482
3163679
3163508
3163511
3168915
3163722
3168526
3165808
3163507
3164041
3168088
3168036
3163787
3164077
3168619
3168808
3168040
3168616
3163605
3168781
3168794
3163757
3163291
3163692
3163650
3168688
3168080
3168772
3163635
3165949
3163572
3163614
3163250
3168846
3168692
3168952
3168543
3163274
3168840
3165947
3168508
3168901
3168669
3163562
3168968
3168689
3163210
3168975
3163568
3163655
3164051
3168786
3168513
3163793
3165957
3163685
3168522
3168548
3168406
3168687
3168986
3165948
3168993
3168831
3168647
3163707
3168884
3168795
3163749
3168785
3168092
3164081
3163770
3165978
3168828
3164088
3168819
3163761
3163622
3163759
3168659
3168995
3163690
3168836
3163569
3168066
3164036
3163282
3168691
3165938
3168415
3163539
3168724
3168041
3168420
3168457
3164005
3168608
3168905
3168634
3163596
3168932
3164038
3168047
3168004
3163267
3168959
3168953
3163284
3168707
3163553
3163593
3168920
3168788
3165950
3168834
3163723
3165918
3163682
3164007
3168711
3165932
3163256
3168505
3168408
3165915
3168531
3168940
3163774
3164058
3165906
3163287
3168502
3163540
3163731
3168722
3168015
3163521
3168452
3163769
3168445
3163591
3163587
3168672
3168815
3168436
3168823
3168714
3168821
3168562
3168489
3164033
3165985
3168042
3168844
3163580
3165963
3165967
3163713
3165954
3168084
3163709
3163283
3168778
3168567
3163672
3164085
3168735
3168602
3168991
3165968
3168501
3163224
3168432
3168493
3168411
3163621
3164057
3164067
3163558
3163222
3163664
3165926
3168068
3163516
3168718
3163245
3163748
3163296
3168779
3168075
3168618
3163232
3168597
3168444
3163619
3163773
3163254
3168704
3163648
3165927
3168496
3168002
3168510
3168969
3168683
3168868
3163658
3168486
3168455
3163203
3168910
3163550
3168559
3168966
3168402
3168679
3163790
3165952
3168515
3168954
3168742
3163599
3168767
3163625
3168091
3163645
3168606
3168058
3168021
3168074
3168825
3163732
3168872
3168579
3165984
3163628
3168881
3164052
3164004
3168419
3163758
3163229
3165966
3168485
3168028
3168590
3165605
3164089
3168650
3163712
3168951
3168447
3164066
3165987
3168855
3168005
3168575
3164044
3163746
3163676
3168812
3168706
3163237
3168089
3168403
3163259
3168973
3164043
3163700
3168725
3168487
3163799
3163299
3168472
3165917
3168589
3163601
3168903
3164039
3164062
3168944
3163286
3168947
3163627
3164042
3163697
3168484
3168594
3163524
3168700
3163201
3163280
3164086
3163575
3168804
3165965
3163784
3163694
3168945
3163279
3163249
3163687
3168446
3163268
3168046
3168809
3168967
3168030
3163779
3168696
3163241
3168584
3168737
3168907
3163221
3163737
3168992
3168805
3168936
3168982
3163536
3164087
3168942
3163292
3164080
3168637
3163571
3168671
3163641
3168583
3163225
3168556
3168853
3163777
3168782
3168065
3168741
3168434
3163533
3163752
3163552
3168059
3168495
3168755
3163298
3168050
3168442
3168441
3163205
3163513
3168621
3168873
3163666
3168514
3165959
3164073
3163771
3168428
3163763
3168031
3165991
3165920
3163589
3168802
3168665
3168460
3168894
3168731
3168404
3164034
3163633
3163217
3163577
3165973
3168019
3168573
3163734
3165974
3168710
3163546
3168923
3168551
3163262
3165975
3168620
3164002
3168626
3163555
3164060
3164012
3168610
3165982
3163706
3163576
3163636
3163275
3164013
3164011
3165942
3168680
3163696
3168780
3168686
3168437
3163517
3165802
3165807
3168682
3168545
3163549
3168586
3168521
3168877
3168048
3164059
3168677
3163796
3168766
3168467
3163218
3164069
3168732
3164094
3168414
3168950
3164092
3165997
3168568
3168491
3168654
3163677
3168520
3165972
3168858
3168433
3163668
3168022
3164078
3168939
3163689
3168738
3168698
3168694
3168816
3168438
3165900
3163277
3165909
3163670
3168599
3164014
3168789
3168645
3168018
3163716
3168893
3168997
3168517
3164021
3168454
3168957
3168566
3168528
3168956
3168511
3165986
3168984
3168800
3168756
3168646
3168716
3168880
3168922
3168830
3163698
3163675
3168977
3168652
3163564
3163560
3168401
3168885
3168449
3168076
3163789
3163781
3168064
3163735
3168928
3168764
3168577
3168529
3168813
3168542
3165940
3168720
3163270
3168596
3163261
3163523
3168757
3163684
3163207
3168471
3164018
3163792
3163647
3164025
3168832
3165944
3163556
3168845
3168733
3163610
3168072
3168974
3164053
3163772
3168765
3163665
3168469
3168996
3168736
3168972
3168909
3168628
3168587
3163733
3168547
3168883
3164017
3168062
3164083
3168713
3163543
3164032
3168565
3168474
3163554
3163606
3168695
3168615
3168955
3164008
3168810
3168701
3168684
3165907
3168540
3168525
3168791
3168497
3168699
3163518
3168601
3168798
3168730
3168060
3168613
3163608
3163542
3168580
3163544
3163248
3164019
3164031
3163642
3163639
3164072
3168934
3163271
3168603
3163529
3165976
3164061
3168751
3163278
3165958
3164006
3164009
3163285
3165801
3168721
3163242
3163766
3168097
3163213
3163257
3168576
3168916
3163714
3168598
3163725
3165929
3168806
3163581
3168886
3168769
3168061
3168715
3168988
3165935
3168451
3168824
3163230
3168470
3163603
3168841
3165933
3168865
3168981
3163263
3168550
3164028
3163519
3168536
3165977
3168697
3163678
3168693
3168024
3168811
3163643
3165998
3163289
3168899
3168490
3163206
3168476
3168070
3163223
3163266
3163216
3163662
3168913
3163747
3164035
3168085
3168746
3168990
3168924
3168752
3165943
3168708
3168079
3163767
3165905
3164056
3168532
3168919
3168685
3163674
3163573
3163264
3163260
3168664
3165910
3163512
3163631
3163660
3163244
3165941
3168758
3168818
3163629
3163775
3168093
3168849
3168500
3168516
3168605
3168943
3164037
3164020
3168678
3165930
3168705
3163724
3168498
3168761
3168413
3164063
3163715
3168774
3168914
3163754
3168978
3168675
3168483
3163293
3165983
3163762
3168895
3168655
3168453
3163659
3163234
3165953
3168037
3163220
3168429
3163567
3168763
3165937
3168480
3163613
3168770
3168582
3163783
3168057
3168506
3163240
3168067
3165993
3163202
3163255
3168424
3168965
3163634
3168814
3163258
3163705
3165921
3168674
3165803
3165981
3165994
3163616
3168904
3168762
3165962
3165911
3168879
3163547
3168748
3168029
3168653
3163755
3163243
3163609
3168948
3163612
3163515
3163640
3165924
3163604
3168416
3163744
3168983
3168648
3163231
3168561
3163288
3168558
3168468
3163574
3164022
3163528
3163579
3168006
3163688
3168929
3168078
3168410
3168099
3168927
3168009
3168734
3163624
3168660
3168405
3163708
3168703
3168863
3168456
3168912
3168443
3168971
3165908
3165969
3168783
3163711
3168475
3163200
3164096
3168007
3165995
3163502
3168896
3163281
3163742
3163788
3163620
3168632
3168864
3163669
3168622
3168534
3164029
3168448
3163623
3168557
3163545
3168549
3165931
3168900
3168407
3165904
3165939
3168541
3163644
3168630
3165925
3165988
3168635
3168523
3168949
3168999
3168458
3163506
3168803
3168796
3163272
3164023
3163585
3168553
3163526
3163537
3163236
3163208
3168638
3163657
3168492
3168604
3168777
3168535
3168946
3168790
3168052
3164027
3164082
3168025
3163559
3164026
3168878
3168848
3168871
3168035
3163541
3163557
3163704
3168850
3168527
3163760
3168712
3164064
3163681
3165945
3164055
3168676
3164003
3168891
3163235
3168631
3168588
3168890
3168643
3168838
3164071
3168826
3168011
3168464
3163673
3168989
3168857
3168518
3163667
3165979
3163214
3168569
3168743
3163765
3168435
3168014
3164097
3168020
3163500
3168759
3168926
3163721
3164095
3164076
3168537
3164084
3168591
3163520
3168081
3168937
3163501
3168979
3168418
3163656
3163778
3168667
3168578
3163751
3163297
3163780
3168892
3168760
3168876
3168847
3163510
3168032
3168908
3168740
3168745
3163695
3165903
3163602
3168600
3164091
3163717
3165902
3168560
3168633
3165971
3168462
3163290
3168666
3163551
3168045
3168629
3163294
3168624
3163726
3168509
3168507
3168026
3168875
3168069
3163680
3168994
3168440
3168723
3163531
3168709
3164000
3165919
3168649
3168481
3168998
3164001
3164054
3168887
3165805
3168082
3163741
3168862
3163617
3163527
3163794
3164065
3168728
3165946
3163730
3168776
3168640
3168087
3168726
3168422
3168867
3168593
3168503
3168801
3164047
3168898
3165961
3168564
3163768
3164045
3168727
3168753
3163791
3165923
3168512
3168839
3163630
3168933
3163701
3168690
3168658
3168539
3163514
3168958
3163565
3168744
3163252
3168519
3163211
3168427
3163530
3168921
3163578
3168931
3163563
3168412
3168866
3168935
3168574
3163582
3163776
3163588
3163212
3168668
3163233
3168829
3163798
3164093
3168661
3168897
3168962
3164040
3168822
3168889
3168043
3163797
3165901
3168546
3164070
3168465
3165970
3164050
3168964
3168530
3168034
3163743
3163653
3163566
3168970
3168625
3163753
3168430
3168073
3163756
3168425
3164016
3168768
3164098
3164099
3168054
3168662
3168431
3168985
3165990
3168000
3168681
3165914
3168572
3164010
3168554
3168063
3168038
3168911
3168016
3163611
3165955
3168098
3168049
3164049
3168641
3165980
3163661
3163703
3168842
3165912
3163584
3168817
3168854
3168906
3168409
3168843
3163504
3168750
3168439
3164046
3163649
3168614
3168771
3168544
3163646
3165996
3168609
3163247
3168017
3168729
3163671
3168477
3168538
3163534
3168837
3168552
3168775
3168421
3168941
3168639
3168833
3163509
3168400
3168792
3163532
3163265
3163710
3168797
3163691
3163632
3163238
3168077
3163548
3163561
3168860
3163538
3165992
3163785
3168719
3165800
3163719
3168461
3168874
3168938
3165964
3163736
3163227
3168013
3168053
3168003
3168870
3164068
3163729
3163718
3163269
3168571
3168463
3168642
3163219
3168499
3168585
3163590
3168673
3168793
3163276
3164030
3168799
3168627
3164075
3168852
3163786
3168987
3163505
3168012
3168086
3163683
3163637
3168478
3163570
3168581
3168925
3168423
3168644
3165999
3168717
3163739
3168607
3163226
3163702
3165951
3163525
3163745
3168851
3168023
3168094
3168595
3168611
3165989
3168787
3168055
3168861
3168008
3168960
3168555
3165960
3165806
3168488
3165913
3163204
3163228
3168807
3168918
3168749
3168096
3168882
3163686
3163693
3168670
3168592
3168450
3168773
3163586
3168056
3163592
3168963
3168702
3163273
3163597
3168869
3168617
3168570
3168051
3163727
3168533
3168754
3168466
3163615
3163295
3168039
3168856
3163654
3164079
3168739
3163215
3168090
3168784
3164015
3165809
3168504
3168859
3163738
3165934
3168563
3163503
3163239
3165956
3163618
3163795
3163600
3163251
3168524
3163764
3168071
3164024
3168930
3163522
3163652
3168820
3168917
3168095
3163626
3163699
3168044
3164048
3163720
3165916
3163607
3168612
3168001
3164074
3168656
3168010
3163750
3168835
3168976
3168827
3168663
3163583
3168623
3168902
3163535
3168083
3165936
3168459
3165922
3168033
3163740
3165804
3168417
3163728
3168657
3168651
3163651
