5697678
5699177
5696741
5695927
5699204
5696744
5696728
5698602
5698613
5695946
5697917
5698777
5698667
5695910
5696540
5695442
5696572
5698644
5695046
5699807
5698489
5696725
5699844
5698653
5695407
5698661
5696529
5696713
5697772
5697284
5697690
5697910
5695904
5698684
5697675
5699808
5697364
5697785
5698617
5696255
5697313
5695001
5697927
5699865
5699178
5697401
5697843
5697779
5696548
5697301
5698772
5697793
5696534
5697211
5695089
5695945
5697345
5698809
5698620
5695483
5695423
5697269
5697849
5698663
5697823
5695091
5695988
5699803
5698655
5699058
5697348
5698493
5697226
5699009
5697296
5697233
5697223
5695493
5696726
5698679
5697925
5695443
5697189
5697337
5695441
5695467
5695045
5696520
5695402
5697924
5699064
5697837
5698700
5696542
5699395
5698603
5697947
5697592
5697172
5695052
5697310
5697907
5695427
5696538
5695048
5698697
5698678
5698691
5697303
5697216
5695063
5695072
5698494
5697831
5695004
5695947
5697916
5699806
5697869
5695929
5698624
5697405
5696720
5699392
5697861
5699171
5697230
5699861
5697928
5699989
5695065
5695456
5695922
5695013
5695408
5697932
5696705
5697300
5695435
5698630
5699841
5696739
5695058
5695458
5696269
5699849
5695468
5697943
5697353
5696707
5697850
5695032
5699067
5697591
5695431
5697681
5695907
5696708
5697238
5695909
5695411
5698654
5695422
5695069
5696522
5695430
5697595
5695476
5696276
5697867
5695409
5695930
5695444
5697258
5695966
5696723
5699069
5696576
5696533
5695003
5696270
5696758
5699860
5695085
5697170
5698148
5695968
5696570
5699926
5699004
5696569
5695478
5695955
5695017
5695057
5695935
5697942
5695450
5697854
5695429
5699867
5695975
5697255
5697346
5697304
5697235
5697367
5698483
5696704
5695913
5697355
5697775
5696714
5697358
5696717
5698142
5695901
5695425
5695042
5697909
5699856
5698608
5697901
5697177
5696530
5697302
5695969
5697246
5698688
5699843
5697848
5696550
5695424
5698643
5698633
5695060
5699846
5698486
5695074
5698625
5697204
5699062
5697321
5697774
5695026
5695487
5695963
5697840
5697325
5695997
5697682
5695486
5697359
5695987
5695076
5697866
5697335
5696556
5696264
5695033
5697821
5695009
5698708
5695481
5698692
5697851
5696546
5695428
5697306
5696275
5695040
5697286
5697267
5697935
5698672
5697311
5697945
5696547
5695902
5697698
5695451
5696253
5698610
5698696
5695985
5697250
5699922
5696523
5697242
5697936
5697289
5695905
5697862
5695412
5697672
5697212
5695044
5696543
5697305
5697221
5697930
5696702
5699003
5697194
5697332
5698640
5697685
5699066
5699000
5697254
5697814
5697674
5697253
5697795
5698143
5697290
5697830
5695949
5698622
5699201
5697408
5697360
5695995
5695067
5696736
5696265
5695073
5699854
5697777
5698774
5695497
5697847
5695939
5695498
5695471
5695081
5695457
5695495
5698626
5698482
5697336
5697209
5698704
5699800
5695912
5695962
5698779
5695096
5697273
5695099
5695022
5695043
5697409
5696710
5698144
5695000
5695903
5697349
5697796
5698492
5696528
5697275
5695020
5697946
5697781
5698702
5695018
5695961
5695980
5698713
5695053
5696754
5697366
5697858
5699060
5695083
5696701
5695916
5695419
5699925
5697175
5695088
5695432
5695460
5696748
5697846
5698664
5697827
5698495
5697920
5697333
5695010
5697206
5699102
5699393
5698712
5697308
5696575
5695439
5698776
5696573
5698491
5699805
5699065
5697788
5696254
5697829
5697677
5697790
5697403
5698658
5696745
5695978
5695923
5695991
5695446
5698605
5696268
5695038
5699920
5697689
5695981
5697320
5697815
5695484
5697820
5697188
5695977
5697787
5698649
5697232
5697263
5698674
5697786
5697343
5697903
5695024
5697696
5695951
5697176
5697919
5697342
5695417
5697825
5696571
5699985
5697203
5695911
5697369
5698601
5696743
5695049
5697818
5695440
5697277
5695993
5699399
5697297
5697926
5697695
5696729
5696706
5697244
5695023
5695463
5695092
5697911
5695934
5696259
5696554
5698770
5695016
5695093
5698645
5697243
5697356
5695454
5698628
5699207
5699053
5699866
5697299
5697771
5695983
5695908
5696711
5699175
5697914
5699397
5697798
5699983
5696278
5695915
5698615
5697817
5697406
5695900
5696552
5695952
5695007
5695925
5697902
5697328
5697282
5697205
5697213
5697248
5695488
5697344
5695941
5695438
5695075
5696551
5699390
5697280
5697329
5698648
5695489
5696719
5699208
5697362
5699179
5698490
5697270
5697683
5698499
5697283
5697319
5697948
5698719
5695906
5697199
5697265
5697192
5697183
5696535
5697222
5698484
5695071
5698693
5697694
5699109
5695453
5699850
5697220
5698141
5697904
5699396
5697773
5697941
5695938
5697770
5697316
5699980
5697294
5696272
5697671
5697224
5698632
5695086
5697261
5699852
5695015
5695401
5699864
5698705
5696260
5696703
5698498
5697949
5695021
5699847
5698669
5697268
5697196
5695070
5697813
5696258
5696536
5695064
5697680
5697350
5696568
5695405
5695420
5695019
5695012
5698801
5695452
5696566
5695034
5695400
5695403
5695062
5697227
5697368
5697249
5695473
5699929
5696261
5697789
5699007
5697361
5697684
5698641
5697252
5696557
5698606
5698699
5697181
5697783
5698685
5698638
5699802
5697676
5695931
5698706
5698629
5697856
5697816
5697828
5699987
5697688
5698709
5695480
5697278
5695920
5696559
5697245
5699054
5695943
5699928
5697852
5697939
5697298
5697256
5698652
5699172
5698707
5696730
5697844
5695097
5697365
5695080
5698145
5698611
5695960
5695014
5697259
5697357
5697171
5697314
5697598
5697599
5697687
5697938
5695041
5698146
5695972
5695434
5698623
5699398
5699173
5697200
5696565
5695005
5697679
5698671
5699209
5697191
5696753
5698677
5696524
5698808
5695979
5699869
5695415
5695917
5695950
5698621
5696250
5696560
5699982
5696721
5698714
5698711
5697833
5695462
5698665
5698807
5699848
5696262
5697404
5695971
5696525
5695079
5699068
5699107
5698681
5698659
5698616
5697794
5696531
5699006
5699924
5695436
5697217
5697279
5696256
5698634
5698695
5698497
5696715
5696251
5697285
5698675
5698715
5697693
5697596
5696757
5698717
5695937
5695485
5698771
5697219
5697240
5695494
5697190
5697293
5697288
5699801
5697184
5695933
5697247
5698627
5698670
5699809
5695061
5696561
5696574
5697338
5695445
5695054
5697934
5697178
5699927
5697855
5697922
5697933
5698657
5698619
5697915
5697292
5695479
5698636
5698686
5696718
5697237
5695448
5695996
5695413
5697838
5695056
5695037
5699862
5698650
5695098
5699840
5698683
5697215
5695957
5695036
5696274
5699052
5696756
5697597
5699063
5696271
5697842
5696733
5696755
5698805
5698149
5699845
5696279
5697309
5697906
5695982
5699176
5698666
5697784
5695940
5695967
5697182
5697670
5697868
5698778
5696257
5695974
5696759
5699863
5697274
5697900
5699859
5695976
5697324
5697236
5696562
5697791
5695029
5695039
5695031
5697173
5699923
5695082
5695953
5696267
5699055
5695094
5697839
5696746
5697264
5697186
5695055
5697929
5699981
5698689
5698604
5696752
5697940
5697197
5698647
5695461
5697905
5698480
5697841
5697351
5698668
5696579
5695084
5695077
5697826
5698710
5697327
5697853
5695406
5698676
5695447
5697326
5695477
5698646
5698147
5699205
5699394
5698698
5699988
5697859
5695919
5695490
5697229
5697241
5696539
5697778
5697913
5699853
5696273
5696750
5697315
5695433
5697198
5696724
5695992
5697180
5698607
5698481
5696541
5697812
5697832
5697262
5695027
5695470
5699059
5699842
5695059
5696549
5697323
5695464
5697937
5695095
5697797
5699104
5699002
5697407
5695998
5697594
5696266
5696277
5698487
5697276
5696553
5695926
5697234
5698682
5697402
5695006
5699206
5696564
5698618
5697908
5698488
5695404
5698140
5699921
5696735
5695002
5698631
5697824
5695994
5698718
5695090
5697340
5697331
5697214
5698694
5697810
5697836
5697860
5695050
5698775
5697187
5697686
5696532
5697271
5697330
5697266
5697334
5698614
5696731
5697307
5695416
5696734
5699101
5696737
5696712
5697210
5699202
5695956
5695970
5695068
5697697
5699106
5695028
5695051
5698496
5697780
5696563
5698660
5697272
5695491
5699001
5695936
5697400
5698806
5698716
5695414
5695948
5695025
5698662
5698651
5697673
5696545
5697347
5695921
5695958
5697590
5699061
5699051
5698612
5695418
5695078
5695973
5696527
5695047
5697921
5697845
5698701
5699170
5696751
5695066
5697931
5697179
5697776
5697228
5695035
5696749
5696740
5695455
5695914
5695954
5697944
5695449
5698680
5695942
5699858
5695965
5695499
5697208
5697912
5698802
5697185
5699008
5699391
5697251
5695472
5695990
5695984
5696747
5695030
5695944
5697218
5697257
5695410
5697792
5695496
5697865
5696727
5696716
5695918
5699200
5695964
5696722
5695989
5695469
5698687
5695959
5695482
5698803
5699057
5695928
5696709
5695008
5699100
5697312
5697202
5697857
5695465
5699857
5696577
5695426
5697864
5698804
5697287
5698703
5699804
5697260
5699868
5698642
5697692
5698800
5697281
5697352
5696558
5697295
5697699
5697819
5696578
5696738
5697317
5697174
5697239
5697207
5697193
5698635
5697318
5698656
5698773
5695986
5698485
5695421
5696263
5697923
5698690
5695466
5697593
5699174
5698673
5695932
5696732
5697195
5697201
5699105
5697834
5699984
5695087
5699005
5699108
5698637
5695924
5696521
5696526
5697691
5699050
5699986
5697363
5697341
5698600
5697322
5698639
5695011
5697354
5697822
5697918
5698609
5699056
5697225
5696555
5697835
5696742
5699855
5697799
5696544
5695459
5696537
5695474
5697291
5697811
5696700
5697863
5697782
5696252
5697339
5699103
5697231
5699851
5695999
5699203
5695475
5696567
5695437
5695492
