5698897
5696203
5698881
5696683
5696903
5698416
5698428
5696675
5698727
5698882
5695770
5696237
5699671
5697523
5696248
5697765
5694439
5699717
5698720
5698256
5698470
5694417
5699414
5694259
5697552
5698272
5699824
5697519
5698427
5697742
5695786
5699477
5699512
5699936
5699356
5696904
5695669
5699794
5697566
5699412
5699122
5695211
5694480
5695746
5695198
5698885
5697969
5696643
5698426
5697978
5696620
5699095
5699930
5694471
5697584
5696670
5699511
5694406
5699945
5696905
5695704
5699616
5695769
5699504
5695753
5696651
5698880
5699508
5694497
5697743
5698246
5694467
5697516
5696246
5698448
5698743
5698832
5697527
5695618
5695631
5696249
5698130
5694483
5695153
5694290
5695728
5698226
5696909
5699579
5699876
5699837
5696217
5694469
5696506
5699088
5694446
5698131
5694248
5699094
5695725
5698436
5698816
5699313
5697103
5694423
5699473
5699215
5696697
5699307
5695150
5697974
5699591
5699832
5699502
5694419
5699710
5695650
5695600
5698462
5696241
5697889
5697107
5698757
5695608
5697391
5694258
5695655
5698469
5696589
5697579
5695628
5696900
5697961
5699699
5697608
5696587
5698231
5694425
5697807
5695710
5696580
5695771
5694237
5698139
5696583
5697950
5697512
5697548
5699619
5699790
5695731
5694285
5698405
5698283
5697539
5699128
5695776
5694463
5694214
5697398
5697966
5699319
5699134
5694412
5695142
5698274
5698452
5695190
5699693
5695689
5698759
5699825
5695732
5696592
5699895
5696906
5697558
5695740
5696698
5699121
5699354
5697602
5696657
5696220
5699821
5699810
5697708
5699946
5696243
5699357
5694216
5694438
5699890
5698235
5698137
5697667
5695709
5695706
5698745
5694466
5695215
5698465
5695644
5699491
5697553
5694431
5698768
5698294
5698731
5698890
5696613
5696247
5695648
5696614
5698424
5694461
5695780
5694224
5696667
5697641
5697658
5695658
5697769
5699773
5698729
5696639
5699949
5697397
5694231
5694252
5699716
5699074
5696588
5699719
5699296
5698810
5694428
5699479
5699311
5699498
5698413
5699874
5697953
5699299
5695716
5694490
5699892
5698154
5698758
5696662
5699496
5695170
5697607
5695784
5697562
5697564
5694295
5697385
5698220
5694228
5699214
5697744
5696648
5698410
5694454
5698298
5698203
5696230
5699084
5696669
5698438
5695767
5698217
5698418
5698834
5698754
5695217
5697655
5694495
5696674
5697547
5698199
5696652
5696619
5695212
5694468
5699519
5696591
5696688
5699517
5698400
5697955
5697763
5695154
5695747
5697963
5696666
5694452
5696612
5697105
5699353
5698838
5694286
5695687
5699087
5698236
5696226
5695714
5699819
5694470
5695178
5698407
5699615
5699828
5694235
5695676
5699694
5698192
5695674
5694402
5699871
5695227
5696689
5696605
5695611
5697979
5695672
5694427
5699497
5696699
5695643
5698819
5698240
5697986
5694272
5698756
5699212
5695707
5697375
5695799
5697873
5699304
5694276
5694281
5694215
5695755
5698447
5699715
5694472
5699297
5697380
5696668
5698749
5699093
5699518
5696599
5695793
5699818
5695226
5694218
5698734
5698227
5696615
5695662
5695614
5699574
5694280
5697570
5696604
5696596
5699913
5697524
5698182
5698234
5697954
5699839
5698284
5698473
5696244
5699092
5699139
5697762
5698833
5697521
5697956
5699594
5699082
5698441
5694443
5697871
5694477
5695683
5699891
5694294
5695787
5694479
5699298
5697372
5697586
5697533
5695219
5699130
5698233
5699887
5699080
5695744
5699590
5698244
5695666
5696649
5699893
5699501
5695144
5695702
5694262
5699090
5699290
5699132
5699933
5696231
5698181
5697706
5699697
5695189
5695783
5697393
5697749
5697984
5699079
5698814
5697988
5694268
5694242
5698425
5697551
5695233
5699217
5696513
5696625
5696692
5698446
5699675
5694230
5697897
5698434
5698898
5695677
5697752
5699771
5695673
5699150
5699822
5698279
5699300
5694282
5696201
5696635
5694233
5699886
5695167
5697975
5698241
5698210
5694405
5696678
5694413
5698208
5697882
5699879
5698216
5697998
5699493
5696585
5699154
5697577
5699515
5696611
5697387
5695798
5695197
5696238
5695235
5696626
5698299
5697887
5699417
5694266
5694263
5695601
5699355
5698476
5695729
5698826
5697747
5697755
5699917
5694254
5695165
5699576
5697899
5698752
5696646
5699085
5694491
5695785
5696594
5697876
5696208
5695703
5697898
5695213
5699882
5694209
5695748
5698753
5696224
5699492
5697990
5698201
5699509
5694207
5698828
5694409
5694288
5697102
5695207
5698247
5696516
5696603
5699816
5698835
5694247
5696696
5694494
5696629
5697893
5699817
5695686
5696507
5694459
5695200
5694221
5696602
5699478
5698291
5695610
5699820
5694457
5697971
5698409
5695220
5694255
5699916
5698886
5695229
5699494
5699474
5699572
5697646
5697101
5698458
5695632
5695694
5699308
5695792
5694208
5695664
5697399
5699797
5698261
5698722
5699899
5697528
5699833
5698289
5696598
5699312
5694422
5695735
5697383
5699898
5694283
5695796
5694444
5698255
5699673
5697394
5696213
5698765
5694278
5697652
5697546
5699129
5698763
5697601
5695140
5697653
5694421
5696902
5699792
5694274
5699351
5695169
5695176
5697585
5695225
5698156
5697370
5695727
5695238
5696214
5697703
5694482
5698892
5697382
5695236
5697997
5695651
5698726
5698823
5698222
5694478
5699823
5696218
5694464
5699770
5698296
5695661
5694279
5698437
5699618
5696590
5695216
5694426
5697549
5699934
5697981
5697534
5697993
5698744
5696206
5696686
5696584
5699679
5695675
5695175
5698767
5696236
5698152
5698243
5699690
5698195
5694442
5697809
5698288
5697517
5699072
5698151
5694275
5696693
5695754
5697538
5698212
5695184
5694489
5699091
5698273
5695712
5696586
5694492
5697746
5697740
5697957
5697650
5698187
5695218
5694448
5697995
5696503
5697108
5698732
5698728
5694201
5698472
5698277
5696219
5695700
5696645
5694415
5695623
5699358
5695724
5699138
5694257
5698196
5698439
5694488
5698453
5695656
5699897
5697989
5699293
5697642
5694440
5697805
5697588
5698821
5697379
5698280
5697109
5697647
5695204
5694261
5698285
5694243
5698896
5695701
5694265
5698190
5694236
5695660
5694291
5698252
5699873
5695679
5697514
5699939
5699136
5696595
5695621
5699811
5699359
5694473
5697881
5698755
5699599
5699915
5695670
5694411
5698430
5695635
5697872
5697541
5699156
5696211
5697748
5698401
5698431
5694453
5698282
5697883
5695652
5695193
5694456
5698403
5697104
5698451
5699507
5697373
5695775
5698724
5699471
5694433
5695208
5694437
5696623
5696245
5697980
5695163
5695143
5697392
5696227
5698245
5698419
5694220
5697605
5697741
5698270
5696621
5697518
5695210
5697603
5695738
5696661
5697951
5697967
5694414
5698837
5699942
5695627
5699086
5697569
5699598
5699314
5694225
5694245
5697987
5697589
5695194
5695654
5697661
5695223
5694246
5696502
5694239
5695745
5698435
5699931
5697756
5694481
5698769
5696200
5697660
5696679
5694213
5698889
5698764
5698721
5697870
5695645
5697877
5697885
5696684
5696676
5696642
5696636
5697371
5698214
5694293
5697561
5696637
5697665
5699670
5696664
5698184
5699155
5696608
5698813
5697999
5696207
5698183
5695791
5694462
5697513
5699880
5694424
5694418
5694270
5696634
5696609
5698218
5699935
5694475
5695640
5698725
5694202
5696681
5694435
5697760
5699303
5697582
5699098
5699836
5695630
5698402
5699131
5697874
5697801
5698751
5699712
5694476
5697645
5699125
5698253
5697554
5698467
5695749
5695181
5695617
5696239
5699415
5698895
5699799
5695629
5698766
5698740
5694487
5699495
5699071
5697753
5698474
5695795
5695149
5699941
5695759
5694251
5696672
5695616
5698456
5699352
5698464
5697537
5698883
5696501
5696215
5696695
5697656
5697768
5698747
5698738
5696204
5696210
5699593
5695636
5696228
5694205
5695157
5697895
5698762
5694299
5695782
5695705
5697960
5695141
5694273
5698739
5699510
5697959
5694227
5696512
5697985
5697878
5694297
5698224
5697702
5696640
5697705
5698406
5698820
5695774
5698133
5699827
5699617
5694458
5697572
5694499
5696630
5699305
5697571
5698455
5699595
5696682
5699912
5695649
5695734
5699413
5699775
5699696
5695659
5697557
5695192
5698209
5698433
5699597
5698450
5697384
5698254
5697800
5699795
5694436
5694241
5695761
5698200
5697991
5697395
5695766
5695199
5698269
5698293
5697522
5699677
5696518
5699711
5698468
5699127
5698150
5698213
5696517
5694400
5694240
5698239
5699793
5696618
5699570
5694498
5695681
5697544
5699813
5696641
5695758
5695717
5694407
5699889
5697567
5697757
5698839
5699714
5697983
5696663
5699932
5695633
5698238
5699291
5698225
5694210
5695228
5698286
5696633
5698475
5698429
5697888
5694455
5696597
5699896
5695625
5697530
5697520
5699718
5694486
5699505
5697659
5697604
5699309
5694289
5697515
5698408
5696631
5698257
5699301
5699571
5695752
5694249
5698193
5698735
5699877
5698830
5695626
5697563
5696616
5698746
5697968
5695183
5697662
5694465
5695222
5696901
5694277
5698836
5694222
5694253
5695764
5695180
5695723
5699894
5695763
5697390
5695622
5699075
5699872
5697759
5695602
5698893
5695607
5699944
5696222
5696581
5699318
5698423
5697669
5698153
5698189
5696685
5698158
5697559
5694287
5699577
5695756
5699472
5696656
5698232
5697802
5697609
5696223
5697643
5699475
5696644
5699503
5699317
5699306
5695158
5699123
5699419
5699499
5699695
5695691
5698420
5695179
5699133
5695159
5698815
5698242
5697540
5695765
5695680
5695188
5696508
5697378
5699216
5696660
5696665
5698198
5699691
5698204
5694447
5697531
5697600
5698811
5698417
5697576
5694296
5698266
5698817
5697701
5697511
5694284
5695671
5698818
5694200
5698404
5695768
5698134
5699490
5694217
5698215
5695239
5698899
5695781
5698412
5695788
5697803
5698479
5697751
5695772
5695205
5695665
5694449
5697745
5695646
5695148
5695696
5699219
5699938
5699418
5696600
5694206
5696694
5699592
5695609
5699513
5695720
5699812
5695185
5696205
5694441
5698449
5698132
5697648
5695232
5697654
5699884
5698186
5699218
5696606
5698812
5699875
5695750
5694485
5698824
5699918
5695721
5698442
5697640
5699350
5696654
5697606
5699416
5695678
5695682
5699881
5698888
5694238
5694232
5694474
5697657
5695186
5696216
5696647
5698249
5695619
5699137
5699878
5699089
5698276
5695172
5695688
5698825
5695736
5698477
5698287
5695231
5699097
5699943
5699292
5697962
5698206
5695224
5697992
5699674
5699124
5699911
5698185
5698443
5697700
5696582
5697891
5695653
5694298
5698138
5698260
5699676
5698742
5699158
5697374
5699914
5698194
5695195
5697580
5697106
5698723
5697761
5695737
5699151
5697764
5698259
5699672
5697536
5697532
5699835
5699153
5697880
5696622
5699210
5698750
5697376
5695177
5699575
5698478
5696593
5698205
5697377
5696235
5698265
5697965
5698432
5695647
5697386
5698760
5697556
5697806
5698202
5695145
5697766
5697388
5696687
5696233
5697707
5697526
5699073
5699613
5696653
5699573
5699470
5694408
5698297
5698444
5695161
5695182
5697709
5694416
5698281
5695146
5696221
5694460
5695777
5694429
5696225
5699076
5695637
5698415
5696691
5697542
5695187
5695201
5697892
5697649
5694496
5694219
5694264
5695668
5695741
5696632
5695237
5695663
5697525
5695160
5698421
5697758
5698136
5698422
5697578
5698191
5695693
5697668
5698730
5695641
5695156
5698454
5699610
5694250
5696240
5697543
5699798
5695739
5699411
5699126
5697750
5694244
5697510
5698891
5696505
5697581
5698292
5695209
5695166
5697545
5694271
5695697
5694256
5695684
5697977
5695191
5695615
5696658
5699295
5694420
5699774
5699940
5699947
5695605
5695695
5696601
5696624
5699692
5699948
5699834
5695742
5699772
5698250
5698262
5694451
5696242
5698737
5698211
5699083
5697555
5695162
5695708
5699506
5694223
5697573
5699614
5694292
5696504
5695634
5699713
5698741
5695214
5699120
5699578
5697651
5697550
5696234
5699476
5699099
5699213
5697754
5699888
5699096
5699310
5695692
5695699
5697381
5698159
5697996
5697535
5695657
5699779
5699829
5698155
5696659
5695203
5695612
5695743
5694401
5694484
5697879
5698267
5699831
5695698
5697587
5697704
5699815
5697976
5696638
5699596
5695638
5698223
5695778
5699777
5694493
5696500
5696677
5694445
5698894
5698457
5699776
5699778
5695794
5698414
5697574
5695790
5699514
5699612
5694226
5697808
5698237
5698157
5695757
5695760
5698887
5698733
5697529
5699791
5699516
5697884
5699830
5697100
5695726
5698461
5696202
5699081
5695711
5698268
5698822
5698248
5698228
5694410
5696908
5698278
5694432
5698748
5696690
5697565
5697666
5695620
5696907
5698271
5694203
5694403
5699159
5697972
5695719
5694269
5699294
5694212
5697644
5695230
5696607
5696511
5695730
5697575
5695722
5695713
5695773
5698221
5695174
5698251
5699611
5699070
5696650
5695173
5696212
5695685
5694434
5694404
5697875
5696610
5698411
5695762
5699919
5698459
5697583
5695639
5696209
5695234
5699937
5696655
5698258
5695152
5696673
5699211
5698831
5697663
5695151
5698264
5694260
5695779
5699410
5695797
5697994
5696229
5698207
5695718
5698884
5695667
5696671
5699910
5697767
5699883
5698230
5699870
5699152
5695606
5697973
5697896
5695733
5697952
5699157
5698188
5694204
5698471
5697804
5698275
5698736
5698460
5695164
5699315
5695789
5699500
5699077
5695168
5697664
5695147
5697389
5695202
5696232
5696617
5699698
5696509
5695624
5695715
5694234
5696515
5699135
5694450
5695603
5697568
5696680
5698440
5698290
5696510
5699316
5695155
5695206
5698463
5698219
5699885
5699796
5698263
5699826
5696627
5694267
5696628
5699302
5695642
5698229
5698135
5695751
5698829
5698827
5699814
5697396
5698761
5697982
5695690
5699078
5697894
5699838
5698180
5695221
5697890
5699678
5694229
5698197
5698295
5697958
5696514
5694430
5698466
5697560
5696519
5695171
5697970
5695196
5695613
5698445
5694211
5695604
5697886
5697964
