5698917
5695811
5697476
5694776
5699034
5696366
5696301
5694024
5696811
5694957
5694902
5699740
5698955
5695876
5695312
5696467
5696168
5696404
5694173
5699905
5699361
5698320
5699030
5696332
5696852
5695364
5699221
5698312
5698124
5699720
5699272
5698852
5698975
5696866
5696873
5699955
5696356
5694939
5694722
5694150
5699277
5696113
5699567
5699649
5694167
5694066
5699565
5696166
5696136
5695899
5696186
5695349
5694997
5697614
5699543
5697410
5699561
5698865
5696460
5699625
5694085
5694876
5696117
5696346
5694103
5697423
5698368
5694631
5694737
5695870
5696144
5694763
5696135
5694949
5699464
5696802
5698170
5695269
5694785
5695894
5697484
5696185
5694086
5699186
5695831
5699722
5694124
5695268
5694887
5694759
5694855
5694026
5698933
5694708
5696361
5697732
5697637
5694982
5694013
5699760
5694746
5699463
5694194
5695347
5697710
5696397
5699252
5695326
5699237
5696125
5695277
5699568
5699269
5699755
5699762
5699031
5698163
5694977
5698564
5696363
5696282
5699749
5694992
5695345
5694076
5699402
5699369
5699421
5697141
5694169
5694825
5696371
5694844
5699422
5699954
5698547
5695398
5698338
5699731
5699729
5699242
5699403
5699426
5699666
5699197
5697739
5699011
5694072
5695385
5694648
5698872
5695898
5698871
5699643
5698861
5697619
5695388
5699435
5699640
5696860
5698990
5694706
5697488
5694676
5698912
5694172
5698321
5698571
5698380
5694083
5697161
5697634
5694758
5696393
5695319
5695310
5696158
5699266
5697629
5698879
5696484
5698323
5696148
5698948
5696306
5698550
5696104
5694885
5699326
5697617
5696105
5698539
5697128
5694693
5699441
5697483
5696481
5697142
5695354
5695597
5698853
5694664
5694955
5696474
5699434
5695877
5697412
5699431
5694697
5696352
5694926
5698870
5699523
5698582
5699566
5694850
5698840
5697730
5696858
5696336
5699253
5697456
5694803
5696146
5699437
5699273
5696365
5698598
5699241
5699339
5699450
5698314
5698370
5699190
5695878
5694786
5698176
5694711
5694872
5695285
5698575
5694768
5697132
5696805
5694003
5696472
5698337
5696327
5694691
5697424
5694022
5697427
5697495
5699189
5699633
5696142
5695889
5694619
5694805
5695828
5694960
5699709
5694068
5698797
5694889
5696123
5699449
5696178
5695320
5697169
5698305
5699018
5695393
5697723
5698842
5696839
5697722
5698362
5694168
5698585
5694734
5697157
5698968
5699349
5694174
5698555
5694177
5698934
5698319
5697711
5699270
5694064
5698301
5699420
5694037
5696803
5698855
5698796
5694162
5694031
5699457
5699258
5697134
5699763
5694670
5697442
5694095
5699368
5695358
5699400
5694740
5698844
5694893
5694790
5697729
5695376
5698120
5694783
5699194
5697415
5699454
5696399
5696840
5699958
5697736
5696841
5699341
5695809
5695357
5695812
5699621
5695302
5699544
5698537
5694130
5694903
5696838
5695266
5698351
5699233
5699279
5698928
5694998
5696291
5697726
5698998
5697466
5694871
5699342
5695378
5696284
5694913
5694884
5698977
5696868
5695372
5697133
5698791
5699546
5695829
5699667
5694009
5694979
5699547
5696469
5696318
5698125
5696106
5694880
5698349
5699620
5696133
5694127
5699704
5696109
5697449
5697446
5695821
5697636
5695265
5696406
5698546
5694118
5699639
5694160
5695563
5694175
5694705
5697472
5698389
5694797
5698851
5696339
5699271
5698939
5699365
5695324
5698525
5694131
5696126
5696180
5699246
5695275
5699952
5696475
5698971
5699727
5696188
5695819
5698164
5699900
5695283
5696804
5694853
5699331
5696817
5699406
5694115
5696324
5696333
5699557
5698940
5699959
5698302
5696115
5695596
5694718
5699622
5696856
5696111
5698371
5698876
5695814
5696800
5698393
5695289
5694807
5694058
5698522
5696854
5694900
5696476
5698532
5694647
5698504
5696829
5698907
5694874
5696483
5698178
5694791
5694730
5695338
5699765
5694829
5694719
5695276
5694081
5698333
5694727
5698566
5694828
5698315
5699239
5694795
5699338
5694636
5698361
5697486
5699367
5694852
5699335
5695869
5697418
5694987
5699761
5694656
5698384
5699346
5694770
5696400
5694094
5699444
5694020
5696192
5699533
5695263
5696340
5698964
5695813
5694685
5697448
5694843
5697154
5695271
5696119
5696307
5694901
5694875
5699404
5694181
5699668
5698969
5695316
5695343
5696819
5697632
5696159
5695589
5698930
5698510
5699425
5698541
5696121
5699909
5694833
5694614
5694857
5698926
5699362
5695888
5697131
5697477
5694830
5699560
5696304
5694907
5697459
5694044
5696499
5699645
5699340
5694941
5699447
5694745
5697467
5695852
5694744
5694188
5699644
5699033
5694038
5698970
5695842
5694133
5698597
5698168
5697124
5694613
5694806
5694014
5695863
5697615
5699753
5695304
5696132
5695334
5699752
5695340
5694906
5695309
5694164
5695580
5698397
5699323
5694854
5697627
5697474
5695360
5697433
5696177
5694956
5699637
5698994
5698354
5696174
5696380
5694629
5696145
5699196
5696850
5698382
5696864
5696398
5697168
5696290
5699756
5697470
5699276
5695383
5695355
5698857
5695854
5699520
5694165
5697485
5695270
5699032
5698358
5695591
5699669
5696315
5694158
5697166
5698171
5699012
5694698
5698375
5694769
5698573
5694651
5698584
5694684
5699448
5697638
5694660
5698322
5696317
5696468
5699182
5694832
5694985
5694675
5697438
5698378
5695880
5699624
5694051
5694766
5695820
5699453
5699538
5696821
5695387
5699466
5696378
5698951
5697417
5694017
5699274
5698530
5699322
5695843
5694760
5694176
5694771
5699551
5696846
5696338
5698578
5695599
5698565
5694808
5696493
5694848
5699259
5698929
5695830
5697489
5696385
5698786
5698512
5699455
5694811
5698788
5699443
5696182
5696369
5699743
5699013
5698122
5699262
5696295
5699430
5697492
5695260
5698863
5694113
5694616
5699647
5696844
5694861
5698536
5698396
5697125
5695890
5694033
5694185
5699529
5696118
5696837
5697734
5695279
5696816
5699641
5699264
5696310
5696350
5697460
5696161
5694641
5695273
5696830
5694978
5694116
5694930
5696312
5694071
5696488
5694041
5699657
5694006
5697473
5699553
5699429
5699424
5695883
5694799
5698313
5696867
5697497
5694143
5699232
5694198
5696368
5694699
5698985
5698941
5694610
5698849
5694137
5696836
5694030
5698177
5695281
5694765
5694847
5694754
5698161
5697440
5698503
5697630
5698967
5697416
5696809
5694171
5697735
5696497
5696194
5697447
5695598
5694735
5697719
5694650
5695860
5698360
5697493
5699336
5694052
5694905
5694060
5699759
5695859
5697714
5694057
5694749
5698540
5699655
5696813
5694025
5697479
5698576
5697121
5694761
5696345
5694688
5699635
5694000
5696311
5699956
5696825
5697137
5697720
5696872
5694152
5699723
5698942
5694937
5698507
5698864
5699364
5695592
5694812
5696377
5695346
5695848
5695873
5694823
5696405
5697633
5696482
5694196
5694932
5695581
5699328
5695887
5695288
5694824
5696316
5695564
5695836
5694896
5698922
5695858
5699652
5694757
5695361
5694863
5696296
5699459
5699374
5694993
5696195
5695806
5699229
5697464
5699263
5698379
5697631
5696150
5698352
5699758
5696359
5696408
5696826
5694080
5698341
5699265
5698350
5698843
5695808
5694764
5696351
5696463
5698505
5694964
5698514
5698316
5699427
5694653
5696169
5696130
5696875
5699160
5696485
5694628
5697712
5695342
5699902
5694632
5698304
5698121
5694845
5695868
5699907
5697480
5696375
5696848
5698936
5696495
5694731
5694618
5698167
5698344
5694835
5696305
5696401
5695838
5696471
5694010
5694951
5695892
5694821
5696288
5696491
5698309
5694673
5694938
5698954
5697426
5698129
5698521
5699750
5694029
5694712
5698328
5695365
5694940
5699187
5698921
5698931
5695399
5695264
5698987
5697455
5694787
5695300
5695307
5699325
5695861
5696877
5696297
5694007
5694868
5694055
5699739
5698583
5699746
5696319
5694820
5694637
5695800
5698873
5694862
5695839
5699255
5694148
5698534
5695810
5697721
5694756
5694721
5694736
5694012
5696330
5694034
5696808
5698859
5696862
5694687
5696101
5695262
5697435
5697620
5694878
5698174
5699329
5698878
5696116
5697441
5694704
5694114
5699445
5697162
5697471
5694714
5694929
5697639
5696395
5698526
5694661
5697421
5696313
5699548
5696853
5696114
5696353
5699407
5694934
5699244
5697123
5694897
5698949
5697120
5694792
5699757
5696861
5694155
5694056
5699275
5695267
5694909
5698175
5694826
5699428
5699439
5697463
5697498
5695834
5694927
5699467
5698373
5695856
5697490
5697628
5699438
5698599
5696320
5697469
5699906
5694161
5694748
5699766
5694642
5697140
5694096
5699701
5694138
5699730
5694975
5696362
5696171
5694774
5694179
5694063
5699366
5698854
5694018
5695896
5698381
5696349
5698908
5695370
5699737
5694108
5698847
5695306
5696153
5698556
5696878
5694996
5697144
5699185
5697437
5695840
5696108
5698795
5696394
5699661
5699183
5698944
5695330
5698535
5698592
5697439
5696462
5694751
5694145
5696879
5695322
5695321
5699036
5696480
5698359
5696134
5698372
5699550
5699372
5696173
5699702
5694959
5695822
5694720
5694163
5697425
5699268
5696323
5697733
5696298
5694822
5694976
5698588
5694692
5694617
5694139
5699234
5696464
5699225
5694804
5698324
5695845
5698336
5699663
5695832
5694032
5697431
5698581
5696387
5696384
5695823
5698544
5698306
5694067
5694156
5694674
5694879
5699334
5697454
5695837
5694694
5699552
5696157
5699408
5694065
5699231
5696155
5699628
5698126
5694109
5696329
5695867
5696372
5698875
5697611
5698563
5698533
5694898
5699324
5695395
5694954
5697147
5696325
5697146
5697164
5694842
5699360
5696360
5694121
5696489
5694904
5699631
5695314
5698343
5698976
5698386
5695833
5694777
5696343
5696348
5694100
5694703
5696170
5694877
5695897
5697136
5699660
5696152
5696869
5698956
5695391
5698952
5696331
5694040
5694005
5696181
5695855
5694925
5699562
5698529
5697419
5699531
5695882
5698394
5699653
5699181
5695853
5699638
5699665
5699184
5694102
5695871
5698785
5699950
5694775
5699623
5696172
5696370
5699521
5696337
5699446
5694126
5696303
5698978
5694950
5699634
5694199
5699651
5695593
5697129
5695847
5699465
5694073
5694682
5696479
5694184
5694819
5698595
5696328
5698376
5697725
5694690
5699469
5697465
5698593
5698531
5699534
5694091
5698318
5696379
5694710
5698874
5697411
5698958
5694709
5696801
5696112
5698918
5694738
5694654
5698399
5697621
5694969
5697717
5694882
5695350
5694810
5695392
5699436
5694838
5694827
5698790
5696196
5698127
5694122
5699371
5698905
5698169
5694945
5696287
5696863
5694090
5694054
5699014
5694841
5695587
5696110
5698579
5699706
5697468
5697731
5696389
5696396
5694873
5698173
5699708
5696354
5696810
5698519
5696470
5698353
5697139
5698927
5696815
5699541
5697145
5694894
5695389
5698356
5695844
5694142
5698961
5696347
5698591
5697413
5696831
5694002
5695872
5698569
5696357
5694886
5695274
5694919
5698590
5695332
5698943
5695336
5698904
5698346
5699405
5698523
5696193
5699754
5699162
5695335
5695386
5697430
5696326
5698377
5697612
5694834
5698369
5696473
5694947
5695362
5694980
5697713
5696847
5699549
5698991
5698520
5698553
5694625
5699327
5694649
5699166
5698500
5694635
5699741
5698329
5699748
5694942
5696367
5699526
5696478
5696151
5697499
5696300
5694028
5694891
5698374
5695301
5698841
5698959
5694622
5694630
5697429
5695803
5696403
5698913
5697163
5695396
5694079
5699180
5694186
5699236
5699163
5694809
5697458
5698999
5694047
5694074
5694146
5695590
5699243
5694928
5698924
5696128
5696807
5699700
5695588
5699953
5694814
5697428
5696859
5698327
5699376
5698326
5699540
5694918
5695308
5696822
5698932
5697461
5699440
5699734
5697165
5696857
5695367
5698390
5694908
5699332
5698946
5695328
5698577
5696466
5694677
5694772
5699744
5699957
5694715
5699545
5698160
5698972
5695584
5697130
5699559
5698549
5699650
5694098
5698307
5695567
5694796
5699423
5694840
5699556
5696812
5696876
5694729
5699039
5695815
5699345
5695381
5697718
5698995
5696129
5694104
5698846
5699164
5697432
5694078
5694192
5695380
5698963
5699903
5696165
5694965
5694779
5694663
5694105
5696855
5698367
5697625
5699251
5698780
5694048
5695305
5699462
5694634
5698527
5699247
5699656
5697481
5694935
5696322
5695327
5694717
5694867
5694092
5695368
5695879
5699188
5694870
5696299
5696823
5699904
5694088
5694082
5698997
5694831
5698862
5694973
5698506
5699764
5694883
5694890
5697715
5694623
5696494
5694892
5699558
5697724
5696383
5696851
5699648
5699636
5699468
5699375
5699528
5696342
5698162
5694134
5695804
5696102
5696871
5696835
5694817
5694652
5698560
5694859
5697452
5698551
5699724
5699037
5697487
5696124
5695866
5697152
5696199
5694671
5699627
5696335
5698792
5694700
5698903
5694668
5694917
5694778
5699191
5699555
5696390
5694149
5699901
5696292
5698962
5698866
5696374
5699537
5698798
5695261
5698911
5699530
5697167
5698332
5699736
5695562
5694732
5694936
5694015
5698345
5695826
5694801
5698789
5699735
5698983
5694984
5699564
5698784
5695325
5694793
5696477
5696492
5694753
5699728
5697727
5696156
5698363
5698524
5694798
5698561
5696281
5695313
5699227
5694739
5698562
5694626
5695373
5698128
5694646
5695851
5694120
5699224
5699539
5694189
5696164
5699347
5697626
5694990
5699536
5699432
5699705
5699016
5694789
5699703
5699378
5695864
5699193
5695315
5699522
5695801
5698580
5694062
5698793
5699010
5695582
5698179
5696388
5699524
5694856
5696344
5694053
5699017
5694888
5694045
5695849
5699038
5695886
5698979
5698554
5699401
5696321
5695841
5695344
5699195
5697422
5694943
5695560
5698920
5694860
5694924
5697135
5696832
5698365
5694070
5699240
5695816
5695323
5696191
5695286
5698965
5694683
5695586
5695352
5694755
5699460
5698910
5696154
5699169
5694991
5694667
5694986
5695390
5699015
5695287
5699461
5698317
5698334
5698513
5697451
5696849
5699747
5694615
5696392
5696162
5694075
5694695
5699245
5694627
5697150
5694923
5696187
5699525
5694195
5694836
5694099
5699726
5694920
5699344
5694662
5696179
5698509
5698391
5694983
5694713
5697716
5698355
5698383
5698552
5694087
5695272
5699654
5694895
5698545
5694639
5696814
5697158
5696308
5698308
5694043
5694678
5696285
5696498
5695339
5696364
5694011
5697127
5694645
5694612
5699662
5695331
5695359
5694159
5696382
5697126
5698984
5698935
5694008
5695303
5696409
5695280
5694752
5698165
5694784
5694136
5697138
5694658
5694869
5699527
5697155
5695282
5695565
5694180
5694773
5699168
5698953
5695802
5695862
5694866
5695827
5698348
5696828
5697148
5694725
5694726
5698915
5698567
5694999
5698973
5698980
5698335
5695318
5694640
5698518
5697491
5694655
5694958
5694921
5694046
5698342
5699751
5697445
5696845
5696865
5694988
5698586
5694912
5697443
5698845
5694004
5697618
5697453
5695363
5699769
5696496
5696486
5697450
5699535
5694023
5694967
5694027
5695824
5698330
5698909
5695594
5696874
5695805
5696139
5697475
5694069
5694036
5698988
5697149
5698557
5699732
5696149
5698311
5694788
5699451
5697122
5698996
5698542
5699632
5694689
5694187
5699363
5699337
5695568
5694948
5694644
5694681
5694800
5699409
5695875
5696103
5696820
5694129
5697496
5697616
5694858
5696184
5699629
5698392
5698364
5698528
5694107
5694782
5694747
5699161
5698867
5696127
5699035
5694154
5694611
5694016
5698331
5694153
5696302
5694665
5695394
5694916
5694061
5694638
5694039
5697153
5697414
5699767
5694723
5694680
5699267
5694952
5696294
5694166
5699738
5698919
5699321
5695818
5694042
5698508
5696131
5699908
5694128
5698303
5697613
5698395
5698986
5694106
5696843
5695397
5694093
5696355
5699019
5696283
5698516
5695317
5696198
5695893
5698517
5695583
5695333
5697462
5699532
5698559
5698957
5695891
5699348
5694119
5696175
5699707
5698945
5696163
5699373
5694914
5699433
5697624
5695850
5694962
5698906
5696160
5694624
5694110
5694125
5698856
5699250
5695351
5697494
5694933
5694147
5694968
5698993
5699659
5695311
5699768
5694182
5695825
5694837
5699230
5694881
5695379
5699377
5698574
5696402
5695329
5695817
5698123
5697420
5699235
5696341
5697434
5697478
5698787
5694994
5696137
5694910
5694961
5698538
5696465
5696833
5694716
5696806
5694724
5695369
5694846
5696391
5699542
5694750
5694707
5694170
5698501
5699658
5696143
5694191
5697159
5695569
5694144
5695384
5698914
5697156
5694643
5698950
5694741
5699951
5694781
5699257
5694899
5697436
5694915
5696870
5696824
5698388
5694157
5698347
5696818
5698869
5698398
5699630
5696167
5694865
5697457
5696280
5696189
5696358
5694669
5696487
5694123
5699248
5698783
5697160
5696293
5696373
5696190
5694953
5696461
5694974
5696386
5699223
5695366
5698385
5694035
5695284
5697728
5695561
5694963
5698868
5698166
5694966
5698981
5694815
5698925
5698938
5698781
5695595
5699198
5698960
5694193
5698310
5694050
5698587
5699626
5697622
5699452
5698594
5694111
5694911
5695865
5696147
5694021
5697635
5699370
5695356
5694190
5694944
5694620
5697738
5694946
5694813
5696842
5698794
5694666
5698172
5699458
5698947
5696376
5696286
5696122
5694084
5694702
5699192
5694780
5699256
5694059
5694019
5699165
5696183
5698860
5696334
5694178
5699254
5696490
5699733
5694679
5698511
5694657
5696141
5697444
5695337
5694049
5699569
5696100
5699261
5699333
5698596
5694864
5694077
5695895
5697737
5698923
5696834
5694728
5698339
5698799
5696407
5698992
5695585
5696120
5694972
5698848
5699554
5699442
5694794
5698916
5696381
5694183
5695846
5694701
5696140
5694135
5699664
5698340
5695278
5694672
5694132
5699320
5695857
5697151
5694101
5695566
5694659
5698325
5694818
5698937
5698974
5694733
5699278
5699199
5698850
5699721
5696197
5694762
5698900
5695374
5699456
5699167
5699379
5694816
5698966
5694970
5694995
5699222
5699249
5698570
5698572
5694001
5695835
5699238
5699646
5699642
5698982
5694981
5696309
5695341
5699228
5698901
5698989
5696827
5694089
5699220
5695371
5697482
5698387
5698357
5694802
5698858
5699745
5694686
5694112
5694839
5698902
5694989
5695884
5695348
5694851
5697143
5697623
5695382
5694743
5694931
5698568
5698589
5694633
5694197
5696107
5698300
5694849
5699742
5698558
5699725
5696176
5698782
5694922
5695377
5694140
5696138
5694621
5694971
5695375
5696314
5694117
5696289
5694742
5695885
5694767
5699260
5699226
5697610
5699330
5698515
5694696
5698366
5694151
5694141
5695881
5695353
5695874
5698548
5699563
5694097
5699343
5695807
5698543
5698502
5698877
