5694596
5696423
5696416
5694573
5695511
5694556
5697503
5694594
5696429
5696449
5696452
5694553
5694552
5696439
5695522
5696414
5694588
5694593
5697506
5695514
5694585
5694598
5695519
5694558
5694566
5694509
5696419
5694551
5697501
5694503
5696435
5696422
5694523
5694510
5694590
5694539
5694589
5694583
5694579
5694587
5696440
5694505
5694508
5694500
5694514
5695538
5697500
5694511
5695515
5696437
5694545
5696432
5696425
5694535
5694512
5697504
5695535
5694597
5695534
5695518
5696410
5694591
5694546
5696424
5694580
5694568
5696436
5696459
5694529
5695531
5694555
5695524
5695530
5695523
5695520
5696411
5694547
5695512
5696427
5696447
5696431
5694530
5694565
5694532
5694520
5694569
5694517
5694567
5695510
5694540
5694599
5694575
5696438
5697507
5694571
5694559
5696417
5696451
5696458
5696442
5696415
5694544
5694506
5696446
5697509
5694563
5695537
5694534
5697505
5694577
5696445
5696457
5694531
5696433
5695536
5695526
5694549
5694519
5694533
5694518
5694561
5694522
5695539
5694526
5696450
5696453
5694548
5694516
5694515
5696443
5695529
5694562
5695516
5696441
5696448
5696418
5694592
5696412
5695513
5697502
5695521
5694528
5694538
5694582
5696426
5697508
5694554
5694537
5696430
5694525
5694507
5695532
5694502
5696454
5694595
5694564
5694581
5694536
5694513
5694584
5694550
5696434
5694504
5694586
5695525
5694557
5696444
5694572
5696456
5694524
5694527
5694521
5695528
5694541
5694542
5696421
5694576
5696413
5694501
5694574
5694560
5695527
5694570
5696455
5694578
5695533
5695517
5696420
5694543
5696428
