5693181
5693240
5692216
5693278
5695135
5692018
5693863
5693914
5693463
5693339
5693727
5693139
5693065
5699583
5693535
5693084
5696898
5693500
5699963
5693867
5694359
5693387
5694348
5693098
5693418
5693172
5699993
5692024
5693439
5695251
5692188
5692172
5696915
5693514
5696916
5693111
5695117
5693927
5693348
5693946
5693552
5696890
5692210
5699380
5699141
5692240
5695130
5693681
5693052
5693211
5693292
5692041
5699585
5692055
5693363
5699027
5693228
5692252
5693420
5693483
5693956
5699044
5693455
5692061
5693691
5692200
5693788
5693254
5693868
5693452
5693179
5693767
5693606
5699285
5693702
5695249
5693866
5693082
5693296
5693464
5693116
5695138
5693244
5692228
5696893
5696790
5693509
5699041
5699996
5693431
5699603
5692099
5692258
5693416
5693771
5693353
5692033
5693860
5693006
5693380
5693231
5693683
5693942
5693746
5693320
5693022
5693577
5699384
5692222
5693088
5693352
5699608
5693185
5693407
5696797
5692076
5693449
5693364
5699385
5695128
5693138
5693875
5693548
5693701
5693955
5692248
5693601
5693299
5692217
5692059
5693128
5693110
5693118
5693893
5693199
5699606
5699974
5692129
5693873
5693711
5699589
5693376
5693206
5695124
5693545
5693126
5693778
5693697
5693103
5695122
5692179
5693669
5696793
5695247
5695134
5693636
5695250
5693087
5699584
5693322
5693869
5693059
5698106
5693430
5695126
5694380
5693947
5693003
5693569
5693335
5692165
5693693
5692071
5695139
5693666
5698108
5693717
5693397
5693617
5698109
5693402
5692181
5693878
5693729
5693295
5693195
5699026
5692122
5692057
5696778
5693877
5693249
5693218
5693274
5693357
5695243
5695248
5693438
5693594
5694388
5693303
5693141
5693782
5693033
5693134
5693272
5692077
5693641
5693523
5693621
5693273
5695131
5698103
5693219
5693604
5694340
5699486
5695104
5693787
5693289
5694354
5693437
5693093
5692115
5693055
5693086
5693343
5693355
5693779
5694382
5693334
5693506
5693889
5693423
5693255
5693337
5692009
5696917
5693345
5693221
5693718
5693488
5693200
5693286
5699582
5692082
5693780
5693396
5699685
5693328
5693061
5693361
5693095
5693543
5699042
5694391
5692202
5693503
5693481
5693783
5699488
5693892
5693650
5692023
5693642
5692047
5695123
5693712
5693319
5693623
5693692
5693532
5693613
5699683
5693467
5693457
5693124
5699999
5693135
5699782
5693053
5693952
5695246
5693080
5693658
5693757
5693174
5693425
5693595
5693023
5693005
5693413
5692223
5693207
5699043
5699682
5693678
5693131
5695245
5699144
5699140
5693451
5692053
5696791
5693458
5692164
5693460
5699286
5695137
5693389
5693405
5692208
5699979
5693766
5693406
5693372
5693959
5693555
5699029
5693388
5696783
5692034
5693752
5696774
5693565
5699484
5693575
5699388
5693125
5692185
5693504
5693546
5693269
5693931
5696899
5695108
5692363
5699609
5692040
5696897
5693454
5696768
5693115
5692237
5692368
5692194
5693020
5692167
5693936
5693202
5693076
5692026
5693411
5693101
5694396
5699781
5693347
5693674
5692227
5693447
5693102
5693684
5693599
5693515
5693257
5693954
5699991
5693872
5696762
5693258
5693734
5693277
5693891
5693105
5693123
5693330
5692205
5693300
5693671
5693121
5693132
5693324
5699289
5693459
5693661
5693461
5693876
5692002
5693342
5699284
5693648
5696911
5693499
5693511
5693948
5693143
5693508
5692084
5693502
5693654
5693234
5692176
5693603
5693926
5693660
5692036
5692169
5692161
5693870
5693710
5693521
5693198
5693705
5692001
5693667
5693301
5693428
5693469
5693007
5693370
5693581
5693645
5693912
5693338
5693680
5693653
5693436
5693283
5692160
5693737
5692058
5692239
5699689
5693921
5693393
5693904
5693223
5693247
5694387
5693935
5692012
5693445
5693288
5693494
5698104
5693484
5692110
5693104
5693496
5699487
5699973
5692010
5693422
5692050
5693064
5693544
5699148
5693730
5696781
5693527
5693183
5693668
5692218
5693058
5693728
5696919
5693148
5693356
5693923
5692052
5699281
5692027
5692080
5693399
5693903
5692051
5693215
5693060
5693204
5693009
5693592
5695240
5693443
5695241
5693549
5695252
5693346
5692230
5693304
5693417
5693781
5693612
5692094
5693567
5693307
5693708
5693945
5692245
5693081
5695109
5699961
5699964
5693773
5693489
5692038
5693512
5695244
5693275
5693899
5693939
5693733
5693762
5692366
5699480
5693915
5692177
5692037
5693501
5693075
5699287
5692070
5693547
5693265
5693741
5692032
5693884
5693229
5693002
5693225
5693412
5693192
5694352
5693492
5693486
5693497
5692021
5693886
5693751
5693176
5693308
5693742
5694342
5696782
5693177
5699994
5699383
5692060
5699990
5693901
5693106
5693776
5692235
5693398
5693699
5693498
5693584
5693120
5693531
5693764
5692068
5693517
5693887
5693197
5692017
5692127
5693054
5693008
5693528
5699977
5693379
5699967
5695116
5693698
5693323
5693392
5693716
5693700
5693291
5699992
5693929
5693924
5693239
5693309
5693624
5693250
5694341
5692093
5693871
5696914
5693738
5696792
5693435
5693140
5693100
5693015
5693216
5693256
5693482
5693487
5692255
5692183
5692182
5693934
5696892
5692221
5696766
5693647
5699142
5693368
5696912
5693510
5692016
5693312
5692043
5693440
5692031
5695115
5693366
5692178
5693920
5693541
5699971
5695254
5693507
5699587
5693607
5693377
5693909
5693019
5692224
5699969
5693030
5699386
5693248
5693367
5693761
5696798
5693057
5693242
5693588
5692242
5693021
5693958
5693774
5696777
5693297
5693775
5693864
5693097
5699970
5693551
5692125
5694397
5693561
5693310
5693558
5692044
5693270
5693633
5694381
5696786
5693739
5693329
5694398
5693382
5693432
5693091
5696771
5693540
5693688
5693350
5693593
5692214
5693024
5693349
5693032
5693949
5693083
5693620
5693252
5693246
5693768
5693074
5693260
5693117
5692065
5693537
5695101
5693735
5693622
5693627
5695129
5693409
5692119
5693369
5692085
5692234
5693542
5692163
5699387
5693704
5693000
5693635
5699605
5693280
5693649
5693534
5693530
5693902
5693205
5693362
5693723
5693404
5692247
5692048
5692073
5693450
5692111
5693209
5693615
5693513
5693391
5699389
5693576
5692175
5693644
5692171
5692207
5692086
5692362
5693910
5693243
5694357
5699975
5699965
5696763
5693518
5693306
5693285
5693201
5693071
5693579
5693434
5692201
5693519
5699288
5693529
5693566
5694358
5693760
5693268
5693107
5693433
5693070
5692204
5693311
5692095
5693740
5693410
5693142
5693789
5693616
5699581
5693625
5693572
5692088
5692365
5693533
5699997
5693586
5699780
5692241
5693560
5696787
5693018
5693344
5693610
5699023
5693732
5693587
5693559
5693448
5693241
5693365
5693001
5699580
5699972
5693605
5693874
5693089
5692232
5699047
5695127
5693632
5693578
5693639
5693881
5693516
5693196
5693096
5693034
5692170
5693263
5693287
5694346
5693525
5693327
5693631
5693665
5693073
5693557
5693861
5699049
5692126
5693137
5699483
5693687
5692066
5693600
5693943
5693326
5699686
5693187
5695111
5696795
5693456
5694353
5693745
5693036
5693522
5693293
5693276
5693652
5692022
5693573
5692113
5693214
5692173
5693314
5696760
5693012
5693677
5693786
5693294
5693092
5693940
5693894
5693025
5699146
5693136
5699995
5692039
5692090
5699680
5695242
5693253
5693029
5693178
5692250
5693907
5693957
5693900
5693938
5699021
5695136
5698107
5693446
5692233
5693203
5693505
5695102
5692011
5699684
5693862
5692013
5693119
5698102
5696794
5692014
5693340
5693885
5693634
5693400
5699968
5692124
5695110
5693950
5699787
5695132
5694344
5694345
5693905
5692184
5693453
5692195
5693090
5695133
5693313
5693072
5694347
5693917
5693383
5693524
5696789
5693520
5692220
5693419
5692219
5693039
5692225
5693180
5694389
5693233
5699586
5692063
5693194
5693321
5693371
5693235
5693638
5693067
5692246
5693145
5693596
5693659
5693646
5699025
5696776
5693895
5694349
5693937
5693171
5696767
5699381
5693394
5693381
5692008
5693550
5693898
5699143
5692367
5692056
5693664
5693493
5693941
5693267
5696784
5699687
5693317
5692054
5693208
5693763
5693374
5699602
5693538
5695256
5693375
5694394
5693146
5693004
5693316
5699960
5693480
5693028
5692249
5692243
5694351
5692180
5693536
5693027
5692189
5693719
5695253
5693574
5693465
5692005
5693315
5693772
5693689
5693748
5699046
5693655
5696788
5692369
5693078
5699688
5693736
5693386
5693385
5693908
5693933
5693609
5692075
5693232
5693035
5693657
5693724
5693918
5693331
5693930
5696891
5693415
5692193
5693679
5693050
5692078
5693896
5693013
5693694
5692020
5693682
5695114
5693707
5693913
5693597
5693026
5692174
5692226
5699481
5692257
5699604
5695103
5693770
5692128
5692212
5696895
5695113
5693628
5693690
5699020
5692097
5692003
5693373
5693619
5692114
5692015
5693585
5696765
5693556
5693066
5692199
5692197
5699147
5693226
5693210
5692361
5692092
5696770
5692121
5699022
5693890
5692196
5693563
5693714
5696796
5692019
5693676
5693526
5693925
5693403
5693190
5693590
5693865
5693220
5693245
5693670
5693765
5693359
5693880
5693626
5694399
5692162
5699149
5695107
5693637
5693175
5693583
5692098
5695120
5692190
5693051
5692192
5695125
5692168
5693759
5699784
5693130
5693129
5693629
5692231
5693191
5693037
5693466
5693193
5693188
5693539
5695106
5695258
5693662
5696896
5693944
5692091
5693227
5693663
5692213
5693743
5693769
5693212
5693564
5693703
5699966
5693882
5692067
5693720
5694355
5693068
5696785
5696780
5699489
5693672
5693266
5693114
5692081
5693063
5699280
5696772
5693696
5692096
5692004
5692007
5693911
5693108
5693608
5693109
5699962
5693259
5692049
5693695
5695119
5699607
5693298
5693354
5693079
5692254
5693341
5693444
5696779
5693325
5693011
5693580
5692166
5694350
5693777
5693031
5692360
5693715
5694393
5692028
5693495
5699783
5696918
5693305
5693213
5693238
5692072
5694392
5699482
5693332
5693618
5692215
5693144
5695121
5695259
5694386
5693182
5699786
5693189
5693589
5693056
5693598
5693017
5699382
5696773
5693230
5692253
5692209
5696769
5696894
5699998
5692238
5693038
5693932
5693282
5693753
5695100
5693113
5692191
5692123
5693224
5693750
5693133
5693395
5693184
5695105
5699601
5693673
5693721
5693077
5694383
5693951
5692256
5692186
5695112
5693754
5692069
5692064
5693656
5693756
5692045
5693426
5693706
5693554
5693062
5699028
5693358
5693271
5699785
5699976
5693468
5693384
5693725
5693731
5692029
5692079
5693016
5692211
5693879
5692083
5693713
5693571
5692117
5693112
5693281
5693928
5693922
5695257
5693568
5693122
5693916
5693149
5693378
5693085
5693427
5693897
5693173
5692203
5693069
5693401
5692087
5693414
5693261
5692198
5692364
5693611
5693333
5693888
5693685
5693553
5693351
5699789
5699681
5693360
5692074
5693408
5692025
5696775
5696764
5693237
5693127
5692236
5693744
5693424
5692035
5694384
5696913
5693651
5692112
5693429
5693441
5698101
5693279
5693758
5693186
5695255
5693491
5693147
5693582
5692030
5692000
5692089
5692251
5692206
5698105
5699588
5693919
5692118
5693099
5692229
5699040
5693010
5699788
5693236
5694385
5693390
5692046
5693755
5699485
5693264
5692187
5693318
5693562
5699282
5696799
5693614
5699048
5693217
5693290
5693094
5694395
5693602
5693643
5693726
5693591
5692006
5693570
5692062
5693485
5699145
5696910
5698100
5693222
5699045
5695118
5696761
5693953
5693640
5693883
5692259
5693421
5699024
5693722
5699600
5693014
5693906
5699978
5693747
5693262
5693462
5693749
5693251
5693784
5693490
5693284
5693675
5693302
5693442
5694343
5693630
5692116
5692042
5694390
5693709
5693170
5699283
5692244
5692120
5694356
5693785
5693336
5693686
