4072942
4073114
4073521
4073602
4073227
4072078
4072386
4073833
4072888
4073761
4073474
4073578
4072249
4072349
4073710
4072924
4073002
4072929
4073094
4073975
4072389
4073452
4073621
4072535
4072947
4072226
4072796
4072903
4072467
4073036
4073074
4073760
4072662
4073387
4073549
4073729
4072387
4072640
4073389
4072703
4072622
4073238
4073391
4072568
4073180
4072353
4072961
4072970
4072181
4072886
4073221
4072918
4073903
4073378
4072767
4073415
4073171
4073015
4072966
4073989
4073208
4072477
4073849
4072204
4072773
4073149
4072255
4072807
4072033
4073771
4072569
4073456
4072403
4072787
4072141
4072148
4072998
4072474
4072361
4072845
4073292
4073917
4072981
4073419
4073329
4072545
4072444
4073164
4073869
4073758
4072677
4073102
4072659
4073454
4073441
4073755
4073223
4073398
4072559
4073682
4072133
4073469
4072191
4072463
4072412
4073906
4073672
4072617
4073066
4072428
4073527
4072588
4072725
4072273
4072156
4072927
4073820
4072026
4072112
4072119
4073435
4073200
4073007
4072441
4073912
4073092
4073577
4073158
4072746
4072066
4073935
4072190
4073990
4073263
4072248
4073427
4073204
4072286
4073905
4072459
4073275
4073284
4072144
4072762
4072790
4072761
4072314
4072439
4073788
4072458
4073818
4073229
4072895
4072904
4073136
4073632
4073569
4072564
4073129
4073847
4072906
4072686
4072445
4072755
4072067
4072523
4073931
4073434
4073249
4072165
4072872
4073399
4073413
4072446
4072174
4072146
4073524
4073980
4073090
4072305
4073293
4072124
4072315
4073897
4073572
4073735
4073809
4073881
4073867
4073983
4073404
4072464
4072296
4072926
4072859
4072001
4073811
4072500
4072236
4073994
4072279
4073782
4072779
4072330
4072243
4073919
4072603
4073286
4072586
4073687
4073736
4072893
4073260
4072295
4072274
4072480
4072750
4073285
4072064
4073502
4073970
4073043
4073067
4072519
4073431
4072534
4072059
4072571
4073440
4073198
4073168
4073971
4072020
4073406
4072233
4072931
4072910
4073999
4073095
4073482
4072004
4072224
4072324
4072300
4072265
4073257
4073033
4073087
4072109
4072280
4073194
4072541
4072624
4073973
4073913
4073858
4072216
4072921
4073051
4072454
4073191
4072117
4072285
4072551
4073085
4072978
4073891
4072596
4073305
4073848
4072340
4073611
4072043
4072495
4072870
4072808
4072092
4072055
4072107
4073310
4073487
4072891
4072429
4073898
4073526
4073443
4073552
4073753
4073250
4073705
4072498
4073864
4073297
4072595
4072602
4072583
4072729
4073715
4073280
4073653
4072039
4073401
4072097
4072516
4073887
4072598
4073008
4073790
4073165
4072967
4073535
4072555
4073117
4072448
4073411
4072348
4072491
4073739
4072225
4073357
4072611
4073133
4072802
4072110
4072178
4073610
4073506
4072071
4073334
4073409
4073952
4072683
4073039
4072307
4073817
4072657
4073416
4073270
4072176
4072014
4073509
4072720
4072794
4072400
4072098
4072864
4073865
4073754
4073272
4072410
4073106
4073765
4072232
4072457
4072547
4073851
4073183
4073448
4072250
4073854
4073505
4073638
4073599
4072540
4072801
4072875
4073629
4072781
4072784
4072337
4072512
4072844
4073950
4073157
4072473
4072702
4072684
4072562
4072082
4073712
4072425
4073663
4073235
4073741
4072980
4073089
4073786
4072663
4072475
4073519
4072076
4073839
4073734
4073885
4072135
4072311
4072735
4072288
4073696
4072084
4072509
4073680
4073069
4073745
4073061
4073626
4073058
4072538
4072597
4073670
4073314
4073698
4073393
4072005
4073683
4072011
4072268
4072451
4072971
4072149
4072990
4072606
4072955
4072062
4073825
4073475
4073436
4072958
4073251
4072692
4073690
4073713
4073582
4073478
4073372
4072507
4073375
4073155
4072333
4073556
4073666
4073382
4073530
4073732
4072514
4072754
4073003
4072168
4073287
4072843
4072104
4073580
4073793
4072513
4072325
4072372
4073414
4072809
4072757
4072664
4073407
4073339
4072058
4073695
4073126
4073296
4073946
4072421
4073494
4072179
4073889
4072297
4072786
4073498
4073692
4072127
4072989
4073708
4072837
4073757
4072717
4072453
4073331
4073955
4073716
4073374
4072210
4072228
4072378
4072242
4072323
4072283
4073300
4073041
4072766
4073982
4072860
4073327
4073795
4073750
4072402
4072920
4072672
4072706
4073388
4073139
4073915
4072548
4073111
4073447
4073920
4072600
4073880
4073203
4073103
4073780
4073810
4072015
4072472
4072322
4072036
4073883
4072983
4072037
4072531
4073742
4072342
4072134
4073281
4073271
4073258
4073571
4073722
4072856
4073679
4072081
4072546
4073491
4072449
4072641
4072345
4073476
4073160
4072350
4073485
4073563
4073076
4073197
4072241
4072347
4073671
4073789
4073038
4072506
4073449
4072697
4073565
4072691
4072102
4073520
4072230
4072363
4073490
4072850
4072085
4073921
4073826
4072658
4072050
4072945
4073241
4072099
4073821
4073207
4073703
4072362
4072209
4072136
4073185
4072639
4072478
4072544
4072257
4072580
4072003
4073113
4072422
4073457
4072180
4073100
4073544
4072366
4073740
4073783
4073190
4073941
4072579
4072567
4073665
4073326
4072668
4072048
4072205
4073948
4072996
4073009
4072712
4072707
4072193
4072049
4072708
4072035
4072592
4073686
4073726
4072560
4072887
4073169
4073273
4073957
4073896
4073752
4073016
4072017
4072430
4072973
4072863
4073689
4073660
4073661
4073109
4073386
4073514
4073503
4072019
4073841
4072154
4072027
4073484
4072321
4073997
4072626
4073259
4072842
4073091
4073116
4072244
4072823
4073453
4072313
4072476
4073005
4073248
4073421
4073122
4072493
4073256
4073309
4072142
4072744
4073282
4072734
4072572
4073646
4073590
4073551
4072836
4073371
4073800
4072012
4072561
4073623
4073274
4073313
4073209
4073054
4073150
4072816
4072923
4073499
4072830
4073829
4073746
4073276
4072589
4073812
4072853
4073325
4072993
4073554
4073105
4073759
4073383
4072392
4072758
4073601
4073023
4073181
4072443
4073145
4073163
4072160
4072497
4072471
4073017
4072687
4073373
4073776
4072625
4073914
4073395
4072793
4073842
4072215
4072326
4073400
4072803
4073806
4072915
4072827
4073010
4073210
4072558
4073367
4072988
4072106
4072897
4073328
4073895
4072436
4072502
4073417
4073706
4072566
4073731
4072594
4072284
4072211
4072604
4073870
4073028
4073798
4072900
4073529
4073330
4072293
4072013
4073938
4072452
4073781
4073024
4072756
4073217
4073213
4072581
4072673
4073634
4072396
4072485
4073062
4072494
4073056
4073128
4073337
4073370
4072302
4072950
4072776
4073151
4073685
4072753
4073495
4072413
4073882
4072000
4072328
4073446
4072505
4072203
4073993
4073794
4072902
4073594
4073130
4072115
4073477
4073801
4073437
4073215
4072613
4073318
4072633
4073232
4072832
4072573
4073412
4073592
4073866
4072952
4072407
4072542
4073356
4072317
4073766
4073097
4072481
4073861
4073888
4073992
4072570
4073525
4072214
4072111
4073366
4073013
4073693
4073738
4072851
4073675
4072739
4072258
4073269
4072976
4072196
4073430
4072094
4073737
4072688
4073138
4073868
4073785
4072987
4073470
4072501
4073585
4073142
4072690
4073473
4072469
4072804
4072052
4073874
4072814
4072826
4072281
4073962
4073451
4073591
4072101
4072123
4073493
4073846
4072772
4072936
4072304
4073333
4073583
4072486
4073055
4072896
4072610
4072791
4072609
4073668
4072806
4072819
4073625
4073628
4073862
4072714
4072874
4072941
4073137
4072577
4072201
4072876
4073261
4073644
4072675
4073538
4072630
4073384
4072788
4072499
4072253
4072022
4073860
4073172
4072380
4073650
4073432
4072789
4073727
4072007
4073298
4072763
4072749
4072088
4073769
4072511
4072661
4072869
4073953
4073211
4072977
4072060
4072130
4073277
4072909
4073603
4072912
4073844
4073767
4072518
4072029
4072660
4073147
4072635
4073856
4073566
4072100
4072760
4072953
4072120
4073619
4072208
4072282
4072892
4072578
4073608
4072665
4072479
4072585
4072877
4072327
4072533
4073040
4073349
4072254
4072774
4072383
4073772
4072783
4072504
4072009
4072852
4073268
4072275
4073019
4072042
4072408
4073624
4073166
4073597
4072730
4073403
4072370
4073080
4073426
4072177
4072260
4072748
4072399
4072440
4073567
4072125
4073658
4072418
4073775
4073607
4073319
4072021
4073112
4073439
4072655
4073049
4073279
4072846
4073048
4072747
4073802
4073380
4072184
4073830
4072612
4073006
4073162
4072638
4072308
4072965
4073030
4073011
4073336
4072608
4072536
4072831
4072574
4072627
4073631
4072415
4072722
4072948
4073433
4073728
4073131
4073179
4073573
4073643
4072810
4073778
4072899
4073312
4072187
4073496
4073879
4072175
4072785
4072957
4072925
4073586
4072778
4072270
4073420
4072334
4073834
4072462
4072227
4073237
4072367
4073855
4072780
4072332
4073350
4073060
4072414
4073127
4073840
4072503
4072818
4073576
4072354
4072030
4072169
4072911
4073096
4073471
4073564
4073533
4073561
4073939
4073560
4072862
4073933
4072221
4072217
4073558
4073108
4072468
4073965
4073823
4072901
4072145
4073620
4072724
4072701
4072207
4073743
4072928
4072163
4073651
4073548
4073943
4073347
4072768
4073902
4073045
4072653
4072289
4073600
4072737
4072866
4073587
4073630
4072738
4072959
4072252
4072411
4073890
4072795
4073774
4073512
4073640
4073648
4072575
4073859
4073966
4072053
4073808
4073701
4073934
4073132
4072913
4073725
4072669
4072805
4072465
4073050
4073720
4073779
4073323
4072674
4072131
4073231
4073835
4073428
4072715
4073581
4073947
4072824
4072364
4072799
4072075
4072188
4073589
4072031
4073455
4073517
4072867
4073768
4072705
4072291
4073037
4073018
4072271
4072689
4073659
4073974
4073081
4072319
4072527
4073513
4073940
4073633
4072741
4073613
4072554
4073546
4073977
4073072
4073177
4073360
4073192
4072631
4073302
4073949
4072245
4072198
4072710
4072743
4073807
4073677
4073937
4072312
4072992
4072488
4072434
4073459
4073901
4073156
4072461
4072065
4073721
4073460
4072376
4073617
4073714
4073972
4073691
4072437
4073252
4072352
4073079
4073863
4073961
4073266
4072129
4072189
4072834
4073301
4073322
4073153
4073176
4072310
4073463
4073119
4073927
4072975
4072849
4073342
4073877
4072365
4072552
4072346
4072068
4073784
4072329
4073932
4072028
4073792
4073964
4072670
4073641
4073184
4072002
4072838
4073501
4073418
4073918
4073987
4072646
4072116
4072797
4072034
4073226
4073255
4072357
4073688
4072775
4072032
4072940
4073916
4073303
4072984
4072320
4073550
4073967
4072259
4073242
4073654
4072727
4072614
4073929
4072999
4072335
4073290
4072693
4072930
4072642
4072865
4073283
4072424
4072091
4072709
4072186
4072450
4073486
4072157
4072069
4073579
4073871
4073335
4072423
4072740
4073822
4073423
4072496
4073206
4072010
4072879
4072733
4073228
4072070
4073647
4073596
4072118
4072024
4072782
4072524
4072045
4072771
4073392
4072276
4073022
4072550
4073562
4073354
4073425
4072358
4073985
4073979
4072954
4073763
4073926
4072719
4072355
4072390
4072898
4073837
4073154
4073107
4072944
4072438
4072074
4072723
4073522
4072671
4073773
4073063
4072470
4073719
4073032
4072676
4073341
4072419
4072344
4073148
4073202
4072331
4073098
4073120
4072651
4073673
4073189
4072994
4072397
4072455
4073029
4073981
4073959
4072880
4072584
4073609
4072615
4073537
4072968
4072161
4072159
4073343
4072812
4072678
4072517
4073815
4073173
4072318
4073020
4073489
4073968
4073909
4072628
4073770
4072647
4073639
4072219
4073958
4072732
4072938
4072835
4073819
4073843
4072508
4073167
4073956
4072016
4073618
4073969
4072170
4073317
4072556
4073622
4073924
4072946
4072696
4072821
4073141
4073963
4072369
4073031
4072490
4072382
4073483
4073304
4073026
4073225
4073064
4072153
4073984
4072235
4073410
4073461
4072873
4073876
4072917
4073118
4073214
4072299
4073756
4073539
4073542
4073510
4073723
4073516
4073892
4072951
4072398
4073239
4073321
4072645
4072601
4073468
4073390
4072061
4072416
4073042
4073088
4073656
4072394
4072277
4073799
4072292
4072359
4072587
4072565
4072339
4072939
4073306
4073978
4072171
4073541
4072889
4073553
4072829
4072728
4072619
4072960
4073960
4073254
4073365
4073170
4073078
4073707
4073264
4072963
4073481
4073652
4072377
4072822
4073196
4072526
4072267
4072713
4072044
4073951
4073077
4073996
4072269
4072769
4073144
4072433
4072128
4073278
4073175
4072384
4073115
4073152
4072080
4072432
4073575
4072183
4072815
4073645
4073253
4073359
4072979
4072736
4072246
4072306
4073911
4072173
4073316
4072054
4072699
4073467
4072158
4072442
4073852
4072086
4073458
4072932
4072680
4072731
4072582
4073445
4073093
4073930
4072492
4072549
4073500
4073796
4072599
4072623
4072685
4073332
4073014
4073135
4073733
4072025
4073995
4072858
4072096
4072356
4072401
4073555
4072972
4073479
4072368
4073146
4072456
4073730
4073986
4072956
4072563
4073408
4073543
4073444
4073534
4073035
4072447
4072637
4073462
4072825
4073364
4072943
4072905
4072018
4072290
4073568
4073709
4072431
4072371
4072373
4072716
4072908
4073212
4073523
4073438
4073027
4073942
4073893
4073345
4072220
4072616
4072192
4072636
4073598
4073540
4072388
4072933
4073945
4073492
4072262
4072726
4072765
4073923
4073836
4073531
4073201
4072700
4073466
4073195
4072828
4073324
4073988
4072607
4072704
4073497
4073121
4072166
4072521
4073294
4073536
4073872
4072087
4073518
4072162
4072634
4072817
4073065
4072576
4073655
4072679
4073884
4072811
4073875
4073220
4073101
4072223
4073699
4073397
4073369
4073402
4073262
4072200
4073358
4073700
4072435
4073405
4073001
4072650
4073186
4072885
4073480
4072138
4072351
4073704
4072466
4073831
4073747
4073873
4072648
4072089
4073998
4073385
4073604
4072894
4073396
4073593
4072629
4073295
4072379
4072721
4072652
4073991
4073832
4073627
4072745
4072618
4072520
4072718
4072341
4073125
4072251
4072199
4072095
4072656
4073315
4072272
4073857
4073053
4072934
4073450
4073717
4073615
4072995
4072132
4072240
4073511
4072510
4073922
4072487
4073507
4072666
4073123
4072654
4073606
4072046
4072525
4072360
4073545
4073681
4072962
4073000
4073159
4073193
4072006
4072374
4072167
4072126
4072105
4073059
4073557
4072303
4072553
4073724
4072231
4072063
4073816
4073664
4073574
4073828
4073588
4073355
4072023
4072935
4073071
4073605
4072711
4072287
4073034
4072263
4072969
4072871
4073216
4073559
4073352
4072882
4072051
4073850
4072985
4073616
4072813
4072777
4072195
4073636
4072008
4072140
4073265
4072460
4072057
4072682
4073288
4072698
4073803
4072833
4073595
4072857
4072391
4073465
4072393
4073614
4072278
4073910
4073904
4073140
4073188
4072040
4073899
4072316
4072751
4072883
4073508
4072847
4072185
4072114
4073751
4073711
4073363
4073245
4072881
4073104
4073669
4072164
4073954
4072336
4072621
4072964
4073340
4072820
4073246
4072264
4072395
4073381
4072884
4072047
4073635
4072404
4073178
4073143
4072182
4073824
4073908
4072151
4073174
4072742
4073584
4072878
4073311
4073052
4073928
4072530
4073086
4073068
4072417
4072764
4072206
4073070
4072649
4072147
4073377
4072229
4072591
4072839
4073570
4072759
4072840
4072375
4073224
4073344
4073749
4072073
4073762
4073637
4072150
4073187
4072489
4072890
4073075
4073351
4072420
4073230
4073674
4072194
4072522
4073667
4072937
4073777
4072914
4072309
4072605
4072483
4072792
4072298
4072482
4072256
4072143
4073218
4072338
4072072
4072919
4072861
4073936
4073083
4072800
4072137
4073528
4073021
4072041
4072593
4073804
4073662
4072294
4072108
4072537
4072855
4073199
4073504
4072197
4072798
4072528
4072643
4072079
4073472
4073612
4073376
4073307
4073515
4073267
4073697
4072038
4073320
4072218
4073289
4072406
4072997
4073346
4073838
4073676
4072667
4072222
4073442
4072301
4073894
4073853
4073464
4073205
4073046
4073247
4073532
4072515
4072172
4073424
4072841
4072922
4073814
4072752
4073012
4072381
4072405
4072982
4073219
4072907
4073361
4073222
4073082
4072121
4073044
4072644
4073805
4073099
4073124
4073368
4072539
4072695
4073182
4072770
4073718
4073134
4073004
4072427
4073907
4073161
4072974
4073678
4072152
4073057
4073547
4073047
4073944
4073110
4073657
4072247
4073338
4073684
4072103
4072991
4072543
4072261
4072083
4072139
4073886
4073744
4073299
4073764
4072202
4072916
4073791
4072529
4073694
4073878
4072113
4072620
4072237
4072238
4072532
4073084
4073234
4072868
4073073
4073362
4073748
4073379
4072234
4073488
4073642
4073976
4072590
4073308
4072343
4073240
4073787
4073236
4072426
4072213
4073925
4073813
4073291
4072484
4072848
4072239
4073422
4072632
4073233
4072266
4073244
4072093
4072385
4073649
4073025
4073827
4073900
4072681
4073348
4073797
4072694
4073845
4072077
4072557
4072854
4073243
4073429
4072212
4072090
4072155
4072056
4072409
4073394
4073702
4072949
4072122
4072986
4073353
