4078826
4078573
4078771
4078507
4078549
4078638
4078659
4078585
4078452
4078304
4078562
4078735
4078569
4078690
4078657
4078686
4078777
4078421
4078465
4078574
4078746
4078784
4078538
4078762
4078668
4078613
4078688
4078637
4078761
4078818
4078468
4078503
4078435
4078327
4078767
4078720
4078738
4078400
4078781
4078563
4078743
4078759
4078309
4078307
4078645
4078635
4078402
4078526
4078501
4078647
4078729
4078328
4078560
4078739
4078677
4078666
4078420
4078649
4078481
4078610
4078511
4078769
4078754
4078458
4078493
4078772
4078509
4078536
4078766
4078518
4078786
4078643
4078623
4078678
4078445
4078312
4078780
4078694
4078533
4078756
4078589
4078770
4078620
4078609
4078448
4078699
4078566
4078577
4078409
4078648
4078660
4078331
4078684
4078617
4078773
4078787
4078514
4078658
4078863
4078494
4078875
4078727
4078728
4078867
4078653
4078857
4078606
4078558
4078539
4078313
4078633
4078544
4078652
4078587
4078768
4078315
4078416
4078483
4078510
4078774
4078755
4078650
4078632
4078504
4078788
4078683
4078669
4078595
4078318
4078314
4078616
4078459
4078306
4078557
4078785
4078722
4078482
4078618
4078710
4078581
4078530
4078478
4078599
4078405
4078418
4078751
4078559
4078484
4078622
4078498
4078584
4078625
4078741
4078634
4078673
4078665
4078724
4078415
4078521
4078594
4078413
4078642
4078490
4078732
4078522
4078778
4078476
4078721
4078575
4078663
4078582
4078783
4078461
4078561
4078776
4078737
4078550
4078492
4078764
4078513
4078628
4078570
4078433
4078553
4078480
4078615
4078471
4078489
4078434
4078477
4078517
4078644
4078580
4078765
4078496
4078745
4078442
4078866
4078412
4078592
4078437
4078556
4078698
4078740
4078655
4078730
4078744
4078516
4078612
4078302
4078760
4078588
4078726
4078470
4078734
4078502
4078758
4078651
4078451
4078747
4078425
4078419
4078605
4078619
4078725
4078446
4078763
4078624
4078305
4078731
4078789
4078591
4078303
4078455
4078621
4078541
4078404
4078479
4078646
4078554
4078499
4078654
4078752
4078611
4078656
4078406
4078300
4078846
4078329
4078736
4078424
4078679
4078323
4078545
4078464
4078782
4078723
4078627
4078579
4078456
4078506
4078753
4078775
4078693
4078571
4078564
4078436
4078443
4078757
4078475
4078567
4078429
4078540
4078535
4078733
