99451101
99451608
99450857
99451354
99451733
99451727
99450840
99450487
99450363
99450560
99450354
99450732
99450539
99451658
99451451
99450713
99451214
99450426
99451248
99450500
99450825
99451699
99451394
99450434
99451307
99450459
99450866
99450312
99450589
99451456
99451827
99450625
99450743
99451853
99451604
99450702
99451249
99450300
99450034
99450490
99450130
99450680
99451488
99451911
99450570
99450861
99450862
99450804
99451955
99450409
99451395
99450750
99451392
99451360
99451679
99451570
99450829
99450200
99450719
99450474
99450591
99451611
99451745
99451824
99450821
99450755
99451495
99450466
99450776
99450537
99450207
99450584
99451872
99450407
99450870
99451402
99450332
99450273
99450735
99451840
99450797
99451873
99451382
99451633
99450399
99451433
99450637
99451305
99451765
99450568
99451207
99450347
99451302
99451689
99451466
99451432
99450406
99451674
99451587
99450761
99450832
99450333
99450765
99450179
99450543
99450425
99450484
99450714
99450498
99451479
99450643
99451124
99450607
99450766
99451601
99450437
99450652
99450413
99450370
99451779
99450213
99451453
99450976
99450361
99451993
99451673
99451924
99451901
99450455
99451425
99451561
99451874
99451684
99450626
99450967
99451551
99450720
99451796
99451710
99450475
99450808
99450574
99450501
99450989
99450518
99450351
99450711
99450549
99451851
99451984
99450477
99451517
99451351
99450024
99451919
99450609
99451612
99450567
99450334
99451304
99450712
99450448
99451736
99450654
99450533
99451541
99450563
99451898
99451951
99451588
99450392
99450791
99451925
99450796
99451808
99450220
99450616
99451439
99450721
99450270
99450918
99451535
99450984
99451490
99450045
99451804
99450716
99451728
99450494
99451334
99450306
99450605
99450393
99450321
99450670
99451411
99450551
99450491
99450441
99451625
99450740
99451922
99450514
99451602
99450526
99451396
99450733
99450948
99450461
99451358
99451641
99450309
99451883
99450552
99450366
99450436
99451361
99451571
99451406
99451340
99451430
99451610
99450694
99450234
99450341
99450367
99450898
99450772
99451534
99451363
99451352
99451607
99450330
99450785
99451283
99450451
99451264
99451540
99450496
99451890
99450411
99451683
99451200
99450731
99450564
99450453
99450470
99451618
99451729
99450934
99450073
99451806
99450586
99451811
99451774
99451964
99450676
99451606
99450886
99451318
99451850
99450424
99450883
99450969
99451330
99450774
99450303
99451434
99451324
99450805
99451409
99451846
99451839
99450706
99450368
99450679
99451945
99450624
99451589
99451702
99451693
99451437
99450778
99451913
99450678
99450836
99450722
99451701
99450387
99450566
99451301
99450895
99450728
99450282
99450038
99451201
99451556
99451510
99450502
99451628
99450578
99451062
99450318
99450640
99450686
99451724
99450662
99451098
99451690
99451350
99450741
99451357
99451378
99450709
99451934
99451458
99450982
99450891
99450880
99450471
99450843
99451364
99450246
99450250
99450815
99450876
99451507
99451980
99450329
99450324
99450841
99450191
99451160
99451719
99450336
99451474
99450671
99450538
99451215
99451600
99451346
99450577
99450344
99451343
99450831
99451751
99451867
99450469
99451268
99451211
99450140
99450777
99451520
99450419
99451170
99450346
99451333
99450328
99450266
99450703
99450204
99451983
99450647
99450512
99451752
99450210
99451756
99451412
99450695
99450746
99450837
99451326
99451662
99450704
99450051
99450148
99450094
99451545
99450632
99451692
99451832
99451001
99450998
99450742
99451616
99451960
99450542
99451144
99450391
99451970
99451631
99451391
99450603
99450373
99450689
99450879
99450377
99450914
99451399
99450486
99450856
99451651
99451410
99450899
99450645
99451405
99450897
99451403
99450830
99451480
99450212
99450845
99450681
99451311
99450781
99450588
99450973
99450629
99450529
99451575
99451383
99451347
99450121
99450850
99450343
99450509
99450572
99450839
99450628
99450035
99451313
99451502
99451531
99450802
99450757
99451469
99450978
99451848
99451454
99450673
99450046
99450889
99450043
99450615
99450760
99451805
99450414
99450410
99450348
99450386
99451972
99450383
99450587
99450707
99450325
99450254
99451414
99450612
99450614
99450527
99450428
99451162
99451082
99450751
99451982
99451842
99450656
99451875
99451855
99450326
99450415
99451582
99450388
99450966
99450685
99450185
99450478
99450981
99450221
99451251
99450756
99450833
99450854
99451569
99450092
99450977
99450520
99450747
99451464
99451734
99450874
99451053
99450775
99451557
99450495
99451757
99450432
99450759
99450339
99450875
99450639
99451649
99450555
99451462
99451289
99450244
99451465
99450559
99450801
99450690
99451709
99450364
99450482
99451781
99451483
99450864
99451189
99450561
99451768
99450633
99451991
99451624
99450408
99450648
99451899
99450317
99450569
99451345
99450430
99450613
99451632
99450030
99451368
99450820
99451523
99450226
99451384
99451685
99451711
99450683
99450421
99450748
99451428
99450446
99451393
99451844
99450550
99451863
99450202
99451424
99451554
99450666
99451942
99451205
99450420
99451813
99451322
99450738
99450592
99451314
99450726
99451677
99450700
99450767
99450752
99451726
99450599
99450668
99451367
99450674
99451578
99450240
99450824
99451599
99450947
99451634
99450435
99451584
99450972
99450497
99450358
99451722
99451427
99450536
99451973
99450255
99451959
99451415
99450506
99450717
99451400
99451418
99450047
99450007
99451664
99450631
99451864
99451789
99450901
99450663
99451847
99451967
99451987
99451968
99451833
99450532
99450141
99450182
99451777
99450576
99450893
99451646
99450521
99450792
99451389
99450675
99451758
99451413
99450595
99450417
99451127
99450394
99450881
99451897
99451820
99451303
99451852
99450422
99451536
99451912
99451475
99450974
99451659
99450867
99451519
99451228
99451327
99451697
99451958
99450516
99451723
99450525
99451977
99451438
99450885
99451496
99450412
99450971
99451800
99450522
99450316
99450488
99451688
99450242
99451081
99451791
99451369
99450938
99450283
99451999
99450460
99450327
99451515
99451585
99451593
99450458
99450725
99450231
99450396
99450268
99450385
99451408
99451620
99450655
99451760
99451705
99451645
99450423
99451461
99451550
99450505
99450627
99450276
99450510
99450320
99451092
99450565
99450749
99450515
99451764
99451678
99451097
99451900
99450356
99450548
99450585
99450289
99451660
99451494
99451225
99451835
99451514
99450909
99451621
99450806
99451563
99451312
99450331
99451591
99451508
99450381
99450218
99450657
99450644
99451252
99450547
99451654
99451755
99450784
99450209
99450181
99450065
99451978
99450508
99450233
99450573
99450313
99450928
99450782
99451637
99451956
99451590
99450531
99450340
99450994
99450593
99450044
99450493
99451785
99450553
99451962
99450851
99451359
99450903
99450040
99451139
99450868
99450744
99450149
99451317
99450860
99451653
99450996
99451695
99451472
99450290
99450315
99450535
99450979
99450353
99450834
99450822
99451706
99450582
99451615
99450214
99451566
99450011
99451953
99450970
99450369
99451525
99450403
99451888
99451546
99450835
99450888
99450252
99450287
99450562
99450476
99451595
99450427
99450338
99450602
99450905
99451643
99450433
99450787
99451865
99451691
99451501
99450376
99451337
99450401
99451373
99450450
99451647
99451880
99450262
99450322
99450723
99451790
99451812
99450783
99451420
99450988
99451979
99450963
99451528
99451306
99451770
99450311
99451626
99450345
99450953
99451374
99450227
99451927
99451365
99450440
99451401
99450894
99450483
99450847
99450215
99451422
99451300
99450173
99450397
99450737
99450304
99450263
99450418
99450020
99450145
99450827
99451482
99450992
99450277
99451380
99450990
99451524
99451459
99451794
99450669
99450402
99450718
99450729
99450558
99451594
99450342
99450400
99450859
99451452
99450464
99450243
99450206
99450646
99450305
99450754
99451325
99450431
99450809
99450701
99451949
99450790
99451504
99450554
99451682
99450604
99450667
99450481
99451176
99450416
99450873
99450622
99451735
99450175
99450380
99451076
99451250
99451725
99451417
99451961
99451617
99451732
99451907
99450452
99451506
99450275
99450534
99450975
99451830
99451747
99451943
99451329
99450310
99450687
99450523
99450186
99450779
99450378
99451596
99451278
99450872
99451385
99450793
99451338
99450871
99451783
99450382
99450492
99451198
99450677
99451944
99451115
99450301
99450222
99450991
99451423
99450665
99451772
99451328
99450758
99451672
99450089
99450374
99450503
99451467
99450540
99450557
99450485
99451512
99450405
99451567
99450335
99450541
99450404
99450803
99450762
99450961
99450986
99450770
99450634
99451206
99451390
99451940
99451336
99450349
99451798
99451038
99451670
99451635
99451553
99450705
99451492
99450230
99451562
99450556
99450465
99451845
99450664
99451184
99450177
99450960
99450571
99450545
99451447
99451513
99451376
99450389
99450635
99450999
99450987
99451521
99450691
99451712
99450985
99450708
99451981
99451627
99450745
99451759
99450763
99450980
99451487
99451229
99451079
99451522
99450596
99451344
99451592
99451950
99451744
99451470
99450131
99451882
99450892
99451838
99450479
99451012
99450454
99450794
99450890
99450190
99451613
99451547
99450590
99450660
99450078
99450390
99450911
99450597
99450896
99450855
99451938
99450583
99451387
99450882
99451355
99450357
99450869
99450319
99451614
99450715
99450307
99451738
99450350
99450773
99450997
99450211
99450946
99451366
99450443
99450610
99451698
99450887
99451687
99450688
99450170
99450993
99450620
99450736
99451656
99450697
99450352
99451771
99450365
99450375
99451921
99450314
99451815
99451652
99451778
99451581
99450877
99451579
99450337
99450362
99450429
99450642
99451476
99450580
99450630
99450384
99451947
99450511
99451609
99451580
99450371
99450968
99450611
99451310
99451966
99450463
99451797
99450261
99450649
99450228
99450129
99450504
99451762
99451273
99451623
99451271
99450852
99450724
99451226
99451331
99451876
99451860
99450621
99450581
99450727
99450658
99451332
99450447
99450858
99450600
99451477
99450302
99450995
99451572
99450087
99450285
99450684
99450235
99451323
99451377
99451537
99450323
99451817
99450693
99450457
99451818
99451530
99451274
99451793
99450517
99451468
99451503
99450372
99450359
99451985
99450636
99450659
99450863
99450962
99450355
99451235
99450823
99450771
99451407
99451931
99450247
99450462
99450788
99450575
99450641
99450965
99450924
99450229
99450769
99451321
99451370
99450878
99451233
99450472
99450884
99451776
99450456
99450308
99451404
99451544
99450480
99451335
99451941
99450579
99450734
99451539
99451974
99450061
99450442
99450085
99451348
99450299
99451442
99451381
99450251
99450661
99451583
99450449
99450513
99450682
99451718
99451870
99450807
99450951
99450546
99451478
99451444
99450264
99450594
99450467
99451869
99450524
99450623
99450698
99450379
99450786
99450753
99450826
99451696
99450445
99450672
99451885
99451023
99451375
99451379
99451676
99450865
99450519
99450473
99450544
99450201
99450848
99450739
99450692
99451526
99451644
99451518
99450398
99450764
99451497
99451342
99450964
99451560
99450799
99451640
99451681
99450929
99451353
99451509
99451893
99450710
99451559
99450395
99451552
99450528
99451052
99451448
99450032
