99477592
99470878
99470583
99470041
99477523
99477444
99470451
99470525
99470869
99470852
99470704
99477568
99477469
99470511
99470226
99470874
99477370
99477060
99470134
99477646
99470840
99470876
99470731
99470121
99477377
99470427
99470347
99470249
99470617
99477511
99470251
99477485
99470207
99477296
99470248
99477573
99470378
99470076
99470894
99477772
99477270
99477493
99477636
99477583
99477950
99470412
99477533
99470391
99477548
99470222
99477353
99477831
99470253
99470752
99470925
99477315
99470806
99477602
99470588
99470800
99470735
99470130
99470633
99470551
99470523
99470440
99477561
99477482
99470996
99477542
99477313
99470254
99470205
99470931
99470362
99477753
99470573
99477285
99477309
99470445
99470587
99470858
99470593
99470377
99470229
99470333
99470873
99477563
99470438
99470586
99477467
99477539
99470820
99470927
99470246
99470718
99470355
99470442
99470611
99477593
99470778
99477865
99470224
99470563
99477730
99477809
99470817
99470388
99477325
99477992
99470399
99477341
99477616
99470898
99470350
99470392
99470201
99470360
99477566
99470585
99470225
99470922
99470672
99477634
99470296
99477770
99477553
99470641
99470977
99470892
99477450
99470849
99470363
99470529
99477550
99470152
99470772
99470678
99470728
99470356
99477173
99477527
99470521
99470826
99477178
99470398
99470550
99470622
99477322
99477742
99477599
99470321
99470231
99477764
99470612
99470699
99477736
99470821
99470331
99477048
99470057
99477026
99470535
99470838
99477422
99470262
99477356
99477549
99470610
99470569
99470004
99477101
99470676
99470594
99470674
99477577
99470522
99470664
99470952
99470887
99477179
99470855
99470365
99477364
99477336
99470637
99477726
99470589
99470777
99477526
99477562
99477360
99477106
99470189
99477295
99477376
99477420
99477363
99470565
99477713
99477535
99477524
99470298
99470837
99477595
99470337
99477598
99470562
99470608
99470384
99477314
99477543
99477316
99477383
99477758
99470357
99477506
99470265
99470696
99470510
99477421
99470682
99470263
99470650
99470534
99470916
99470561
99477590
99470557
99477509
99477744
99477427
99477534
99470755
99477530
99470757
99470579
99477475
99470951
99470668
99477760
99470560
99470978
99470590
99470304
99470819
99477329
99470867
99470455
99470192
99477331
99470756
99477510
99470504
99470846
99470841
99477412
99470528
99477255
99470598
99470607
99470870
99470313
99470395
99470493
99470270
99470949
99477769
99470619
99477743
99477589
99470703
99470910
99477906
99477575
99470803
99477761
99470877
99477738
99477058
99470701
99470244
99470865
99470345
99470259
99470862
99470533
99477304
99477366
99470486
99477500
99470721
99477311
99477725
99477144
99470597
99470175
99477305
99470854
99470092
99477354
99470305
99470393
99477528
99477244
99470277
99470902
99477623
99477554
99470221
99470640
99470626
99470758
99470939
99477496
99470834
99470028
99477349
99477302
99477756
99477318
99470390
99470861
99470582
99477570
99470314
99477710
99470686
99477519
99470083
99470501
99470811
99477547
99470506
99477312
99477300
99477624
99477582
99470228
99477883
99470578
99470495
99470326
99470884
99470727
99477209
99470339
99477502
99477759
99470828
99470203
99470218
99477362
99477217
99477638
99470558
99470694
99470370
99470316
99477862
99470544
99477633
99470885
99477603
99470577
99477243
99470883
99477385
99470502
99477816
99470956
99470110
99470200
99470531
99477564
99470835
99477438
99477388
99470814
99477321
99477560
99477520
99470895
99477895
99470822
99470085
99470383
99470243
99477766
99470204
99470503
99477522
99477552
99477326
99477373
99470667
99470366
99470206
99477457
99470300
99470274
99477317
99477074
99470515
99477129
99477403
99477718
99470830
99477531
99470717
99477532
99477251
99470786
99477911
99477851
99470642
99470436
99477565
99470496
99470681
99477572
99477588
99477567
99477645
99477350
99470848
99470602
99477517
99470871
99477597
99470636
99470845
99470168
99470516
99470474
99470509
99477228
99470220
99477604
99477343
99470711
99470236
99477046
99477426
99470712
99470340
99470646
99470863
99470816
99470323
99470662
99470719
99477487
99470520
99470851
99470600
99477393
99477626
99470698
99470332
99470342
99477757
99477521
99470616
99470663
99477651
99470382
99477889
99477558
99470123
99470425
99477544
99470613
99470713
99477466
99470353
99470673
99470186
99470831
99477160
99470897
99477806
99477357
99477287
99470853
99477188
99470319
99470559
99477233
99470754
99470338
99477537
99477847
99477301
99470256
99477545
99477018
99470842
99477212
99470729
99470169
99470741
99477272
99477332
99470087
99470219
99470026
99470354
99470900
99470386
99477306
99470512
99477779
99477078
99470866
99477514
99477465
99477459
99477587
99470770
99470433
99470292
99470376
99477579
99470606
99470223
99477648
99477411
99470899
99477735
99477386
99470272
99470230
99477392
99470060
99470953
99470665
99477751
99477381
99470992
99470428
99470670
99477498
99470009
99477452
99470264
99470537
99477429
99470596
99477999
99470536
99470245
99477235
99477505
99470374
99470739
99470139
99470405
99470306
99470113
99470802
99477461
99477335
99477513
99470750
99477310
99477328
99470098
99477147
99477399
99477333
99470736
99477622
99477717
99470216
99477765
99470860
99477443
99470833
99477121
99470017
99477099
99470494
99470322
99470538
99477455
99470879
99470926
99477274
99477402
99477401
99477334
99470722
99470508
99470868
99470857
99477546
99470618
99470955
99470654
99477556
99470210
99477746
99470634
99470808
99470576
99470202
99470882
99470753
99477449
99477630
99477303
99477499
99477596
99470266
99470864
99470552
99470824
99470394
99470730
99470286
99477340
99470859
99477970
99470880
99477391
99477040
99477418
99477441
99470343
99477716
99470599
99477613
99477600
99477507
99470312
99470034
99477327
99470889
99470675
99470592
99470007
99470402
99477615
99477574
99477107
99470946
99477088
99470396
99477409
99477503
99477220
99470959
99470632
99470527
99470328
99477529
99470564
99470621
99477089
99470158
99470077
99470566
99470255
99477454
99477256
99477504
99477734
99470235
99470500
99470763
99477460
99477324
99470050
99470198
99477308
99477612
99470804
99470181
99477894
99477470
99470317
99470252
99477320
99477763
99470131
99477905
99470575
99477640
99477733
99477404
99477501
99477219
99470651
99470847
99470856
99470783
99477775
99477483
99477394
99470805
99470660
99470513
99477569
99470584
99470555
99470545
99477307
99477641
99470726
99470970
99477571
99470307
99477594
99470886
99470751
99477440
99477557
99470380
99470706
99470240
99470431
99470567
99470815
99477980
99477723
99470344
99470215
99470556
99470461
99477536
99477538
99477382
99477330
99470260
99470941
99477446
