97158841
97155130
97155944
97158553
97152827
97158599
97155701
97158729
97152950
97152956
97152064
97152062
97158813
97158889
97158951
97152843
97152467
97152183
97155862
97155198
97155293
97152697
97155507
97155840
97155417
97158174
97158795
97158534
97158242
97155833
97152007
97158160
97158913
97158778
97155975
97152190
97158223
97155815
97152579
97155991
97152544
97155240
97152849
97155640
97155265
97155794
97152228
97152962
97155358
97155178
97158857
97155617
97155652
97155141
97158516
97152167
97152282
97152677
97152599
97155860
97158102
97155853
97155487
97158994
97158754
97152023
97158290
97152371
97155844
97155330
97152788
97158856
97152548
97155430
97152101
97155464
97158623
97155722
97158473
97155727
97155951
97152805
97152313
97158156
97158203
97152542
97158054
97155188
97152257
97155064
97155633
97155642
97155619
97155389
97152937
97152141
97152575
97152098
97158300
97152861
97158244
97158676
97158573
97152333
97155458
97158319
97155683
97158046
97152718
97152201
97158801
97152363
97155885
97152300
97152699
97152134
97155790
97155878
97155748
97155026
97158588
97155893
97158094
97158309
97152345
97152725
97152872
97152961
97152929
97152550
97152561
97155733
97152687
97158496
97152881
97152655
97155027
97152900
97158931
97152019
97155308
97155521
97152731
97155658
97158255
97155168
97152015
97155456
97152444
97152145
97155754
97158920
97152908
97155092
97158464
97158948
97155012
97155470
97158474
97158159
97158592
97152072
97158351
97158469
97155799
97158736
97152326
97152960
97152744
97155320
97155066
97155009
97158610
97158549
97158838
97158809
97158430
97155814
97155934
97158960
97155428
97155805
97152310
97155128
97152700
97158437
97158642
97155087
97158747
97152392
97155467
97152752
97152821
97158628
97158121
97155767
97152934
97152003
97152271
97158859
97152874
97152413
97155572
97155010
97155979
97158956
97155851
97158822
97155994
97155205
97158113
97155039
97155889
97158890
97158923
97152552
97155255
97152296
97155691
97158163
97158671
97158648
97158578
97152427
97152963
97152316
97158550
97152991
97152740
97155933
97152997
97158594
97155778
97155069
97155890
97152175
97152664
97155256
97158329
97155597
97155351
97152153
97152595
97155875
97158691
97158358
97155392
97152188
97155022
97152639
97152017
97155952
97158699
97155429
97158217
97152465
97152001
97155498
97155447
97152388
97152113
97152483
97158492
97158862
97152529
97158490
97155630
97155739
97152053
97152079
97155492
97155829
97158190
97155958
97155384
97152089
97152474
97152676
97152289
97155434
97155584
97158192
97158829
97158563
97152020
97155635
97158483
97155842
97152205
97155850
97158654
97152980
97155637
97155916
97155900
97152456
97158178
97152377
97158733
97158912
97158158
97152734
97155408
97155903
97152452
97158924
97155625
97152028
97152049
97155605
97158277
97158565
97155203
97152449
97155517
97158750
97158633
97152156
97155313
97152629
97158798
97155469
97152606
97158112
97158850
97155972
97155894
97155598
97152502
97158019
97152211
97158014
97155761
97155409
97152040
97155827
97155182
97155105
97152945
97152782
97152546
97152279
97158074
97158514
97155365
97152596
97155278
97152647
97152119
97155292
97155581
97152706
97152250
97155990
97158768
97152238
97152682
97158938
97152919
97152638
97152809
97152158
97152570
97158903
97152495
97152715
97155110
97158040
97152291
97158545
97158743
97152487
97155227
97155287
97158641
97158974
97155725
97155775
97155764
97152568
97152764
97155884
97155000
97155020
97158522
97152357
97152756
97152735
97158896
97152234
97152091
97152840
97155941
97155674
97152791
97152468
97155596
97152376
97152389
97152618
97158154
97152172
97155412
97152528
97152597
97152879
97155902
97155004
97152785
97158417
97152012
97158225
97152858
97155537
97158380
97155217
97155821
97152011
97155446
97152845
97152626
97158885
97158276
97155664
97152939
97152138
97155755
97158519
97158305
97155685
97155229
97155924
97155512
97152514
97155135
97152830
97155555
97152207
97155574
97152274
97152102
97158637
97152103
97152390
97158539
97155608
97155345
97158818
97158598
97155489
97155081
97152071
97158814
97158205
97152942
97152759
97152081
97158972
97155802
97155841
97155156
97155107
97152800
97155777
97152147
97152463
97152027
97155063
97155300
97152534
97158165
97158880
97152712
97158247
97152168
97158811
97155520
97155237
97155480
97158213
97155786
97158253
97155295
97158679
97158303
97158136
97152131
97158577
97155404
97152854
97152466
97155121
97155810
97155294
97155059
97158317
97158513
97152630
97158919
97152979
97158600
97155892
97158523
97155375
97152543
97152256
97152949
97152149
97158271
97152711
97158462
97158942
97158427
97152060
97152574
97152209
97152781
97158274
97155528
97152018
97152511
97155191
97158239
97158820
97152126
97152261
97152766
97155627
97158107
97155981
97155687
97152613
97158009
97155758
97152255
97158070
97158834
97152856
97155270
97158696
97152786
97158098
97155053
97158342
97155816
97152215
97152707
97158162
97158402
97158221
97155041
97155347
97158304
97152736
97158055
97155569
97152653
97152698
97155641
97158295
97155252
97158982
97152420
97155690
97155426
97155837
97155859
97155573
97158806
97158645
97152532
97155241
97155750
97158518
97158449
97158182
97155369
97155451
97152520
97158323
97152855
97152343
97158226
97152374
97152792
97152031
97155838
97158662
97152852
97158152
97152352
97158440
97155249
97155591
97152913
97158250
97155326
97152749
97158848
97158547
97155843
97152703
97158326
97152217
97158870
97158089
97152378
97152887
97155077
97152627
97155488
97155561
97155118
97152793
97152297
97158992
97158803
97158823
97158980
97152043
97152825
97152266
97155286
97158185
97158118
97155186
97152558
97155474
97152620
97155771
97152335
97158059
97152593
97158767
97155955
97152941
97155277
97155684
97155770
97152034
97152644
97155185
97158685
97158807
97158997
97152315
97152254
97152395
97155419
97152021
97152247
97158081
97158441
97158272
97155616
97155181
97152372
97155111
97152973
97155943
97152709
97155201
97152978
97158839
97152671
97158585
97158453
97152612
97152510
97152408
97155960
97155074
97158708
97152554
97155031
97155046
97155427
97155065
97152910
97152885
97152016
97155967
97155030
97158308
97158828
97158746
97155155
97152770
97152078
97155697
97158285
97155421
97152625
97158792
97158930
97152795
97155547
97152818
97155153
97158657
97158674
97152555
97152994
97155170
97152457
97152248
97152048
97152797
97155452
97152379
97155974
97152439
97158052
97158593
97158604
97158520
97152993
97158408
97155262
97152284
97158444
97155679
97158407
97155746
97155543
97158219
97155586
97158100
97152069
97152198
97158310
97155095
97152907
97158556
97158502
97152976
97158660
97155672
97158381
97155024
97158636
97155563
97158658
97155536
97155762
97152013
97152894
97158083
97152320
97158793
97152462
97152090
97152747
97155134
97158909
97152769
97158321
97152032
97155090
97158004
97152815
97158130
97158101
97152212
97158000
97152067
97158897
97158670
97155846
97152298
97155453
97155078
97152044
97155852
97155752
97155618
97158409
97158580
97152896
97152924
97155772
97155539
97152223
97155522
97158043
97155604
97158873
97155866
97152983
97152024
97155070
97158200
97155472
97152723
97152996
97158459
97155019
97152930
97158546
97158479
97155858
97155032
97158686
97152173
97158917
97158616
97155756
97155954
97158443
97152332
97155804
97158099
97152328
97152753
97152729
97152783
97155115
97155891
97158720
97155693
97152850
97155610
97158918
97152476
97158748
97155732
97152338
97152667
97155189
97158288
97155126
97155888
97152442
97158941
97158990
97158700
97155506
97155420
97152219
97155984
97155964
97155096
97158145
97155702
97155332
97158602
97152459
97155631
97158557
97158540
97155548
97158155
97152445
97158819
97158241
97152868
97158653
97158195
97158552
97152107
97152888
97158216
97155484
97158805
97155585
97152277
97158536
97158981
97158967
97155699
97158531
97155700
97155442
97155432
97155319
97155978
97155594
97152406
97152076
97152339
97155678
97155791
97155953
97155460
97158953
97152582
97158558
97158603
97155315
97158858
97158267
97158629
97152992
97155013
97152833
97158133
97158663
97152971
97152366
97152661
97158507
97158758
97158291
97152199
97155099
97152538
97155397
97155839
97152491
97152486
97152359
97158393
97152564
97155645
97152323
97152092
97158791
97152812
97158618
97158334
97155622
97152836
97152951
97158537
97152701
97152251
97152933
97155173
97155312
97158744
97152038
97158120
97158901
97155028
97158632
97158049
97158339
97155828
97155869
97152176
97158881
97158622
97155410
97152691
97152114
97152351
97152393
97158125
97158596
97158025
97152721
97158106
97155219
97155018
97152776
97152180
97155015
97155942
97158398
97152842
97152668
97155033
97155613
97158655
97155734
97152497
97152796
97152432
97152657
97158119
97152773
97155787
97152268
97158338
97152347
97152232
97158949
97152288
97152088
97155870
97152549
97155174
97152745
97155175
97155731
97152022
97158609
97152658
97152391
97155783
97152763
97155398
97155565
97158139
97158018
97158022
97155406
97152604
97155042
97158787
97155779
97155883
97155963
97155578
97152762
97152294
97155795
97158466
97155769
97152742
97158206
97155075
97155352
97155743
97152784
97152305
97152508
97158526
97155459
97152645
97155296
97152940
97155034
97152573
97152354
97152458
97152635
97152004
97158678
97155035
97158517
97155279
97155251
97152911
97158314
97152063
97155879
97158649
97155660
97155825
97152685
97155918
97158173
97155415
97152916
97152056
97152425
97158625
97155983
97152399
97155164
97155005
97158878
97158607
97158187
97152280
97152185
97155314
97155072
97152535
97158597
97158237
97155792
97155628
97158302
97155527
97158093
97155724
97152208
97155713
97158782
97152831
97158501
97155505
97152834
97155919
97152835
97158929
97155864
97158608
97158256
97152428
97152646
97152403
97152434
97158615
97158385
97152152
97155239
97152132
97155915
97155615
97152621
97152877
97158151
97152417
97152688
97155040
97152006
97158958
97158015
97152841
97155465
97155887
97158511
97158251
97158935
97152839
97155190
97155822
97155803
97155280
97152150
97152905
97152236
97158665
97155210
97155325
97158090
97158808
97152999
97155643
97152829
97158991
97158411
97152441
97158727
97155274
97158944
97158073
97155595
97152772
97158688
97152122
97152082
97155932
97155194
97155665
97158484
97155336
97152416
97152481
97158957
97158827
97152237
97155847
97158370
97152330
97152880
97158773
97155327
97152569
97158233
97152165
97158214
97152148
97152155
97155863
97155485
97155738
97155127
97152616
97155086
97158581
97158238
97155161
97152923
97158142
97152539
97155818
97152169
97158559
97158275
97155765
97152610
97152358
97158722
97152144
97155361
97155151
97158199
97158231
97158063
97158525
97158831
97155669
97152521
97155721
97158962
97155856
97152904
97152585
97158687
97152312
97152485
97158605
97155599
97158211
97158667
97155366
97155108
97158297
97152972
97158008
97155142
97155284
97152033
97158586
97158624
97155992
97152446
97158707
97155215
97158717
97158643
97158266
97152870
97152853
97152381
97155102
97155193
97152641
97152321
97155874
97152181
97158148
97152986
97158166
97155557
97155644
97152717
97155073
97155354
97158262
97155710
97152130
97152383
97152623
97158703
97152648
97158397
97155158
97158512
97152846
97155970
97158172
97152373
97152473
97155694
97158940
97158147
97155715
97152204
97155737
97155187
97158939
97155938
97155411
97155564
97158932
97152864
97158355
97152370
97152484
97155444
97158068
97158697
97152633
97155497
97152295
97152755
97152917
97155341
97155195
97155688
97158026
97155925
97158845
97152342
97155267
97155402
97152899
97155333
97152163
97158179
97152029
97155495
97158800
97152475
97152184
97158157
97152732
97152746
97155085
97158770
97158984
97155982
97155901
97158844
97152886
97155475
97152276
97158978
97155740
97155551
97155648
97152591
97155649
97155359
97152702
97158891
97155921
97158230
97155220
97152541
97158979
97155668
97155706
97155471
97158763
97152253
97152803
97155272
97158673
97152142
97155704
97158128
97158123
97155712
97155995
97155441
97158871
97152093
97152355
97155515
97155060
97158228
97152262
97155647
97155310
97158639
97152728
97155898
97152309
97155223
97152488
97158548
97155513
97155376
97158259
97152241
97152798
97155183
97152609
97152922
97152348
97155969
97155114
97158905
97158232
97155260
97152813
97152061
97155656
97158566
97158971
97155449
97152761
97152059
97155261
97152161
97155435
97155558
97155486
97158503
97155609
97155083
97155760
97158973
97158091
97152551
97155705
97158378
97155945
97155006
97155363
97152275
97152974
97155242
97152404
97152231
97152430
97155109
97152504
97155213
97152918
97152947
97158390
97158755
97155514
97152036
97152801
97152966
97155017
97152553
97158661
97152925
97152590
97158620
97158832
97158872
97155757
97152058
97152319
97152000
97152632
97158669
97152160
97152519
97155068
97152099
97155025
97158766
97158356
97152111
97158619
97158442
97152893
97158245
97152636
97155206
97152816
97155209
97152259
97155626
97158298
97155437
97152652
97158950
97158349
97152187
97158127
97155282
97152306
97152154
97152263
97158236
97152948
97152426
97155928
97158551
97158883
97152489
97155281
97152713
97152985
97155285
97155529
97158899
97155362
97152720
97158012
97155184
97158392
97158312
97155763
97158320
97155323
97152577
97155054
97158877
97152862
97158969
97158587
97152194
97155720
97158987
97155367
97152507
97152719
97158045
97152159
97155093
97155304
97152806
97158983
97158389
97152222
97158904
97155651
97158677
97158684
97158659
97158860
97158383
97155655
97158109
97152014
97152240
97158117
97155386
97158368
97155316
97152308
97152075
97158977
97155516
97155785
97155614
97152174
97155675
97155043
97155334
97155865
97152512
97158186
97152287
97155036
97155061
97152387
97152642
97152301
97152246
97155695
97152953
97155212
97152857
97155448
97155950
97155338
97152822
97152920
97152726
97155985
97152477
97155832
97155216
97158141
97152902
97155509
97152779
97158989
97152264
97155493
97158995
97158263
97152775
97152293
97155163
97155629
97158480
97155812
97155317
97155418
97152108
97158936
97155305
97158458
97155567
97158675
97152651
97152440
97152226
97152397
97158330
97158207
97155583
97155606
97158836
97155646
97155588
97155681
97155138
97158964
97152557
97152968
97158202
97152938
97155224
97152617
97155143
97152959
97152177
97152394
97155350
97155481
97155139
97155653
97155244
97152572
97155534
97158933
97152970
97152402
97155283
97155233
97155154
97152096
97158774
97155676
97152545
97158246
97152778
97152581
97155290
97155199
97152137
97152523
97155568
97158039
97152074
97158001
97158988
97155001
97152860
97152705
97158367
97155167
97155002
97155454
97155318
97155579
97158757
97155747
97155510
97158846
97155545
97152054
97152998
97155098
97155503
97152730
97155298
97158907
97155116
97152692
97158424
97155378
97152414
97158797
97155729
97158975
97155819
97158681
97155531
97155800
97152364
97158509
97152580
97158692
97155519
97152218
97158201
97155232
97155621
97152214
97155243
97158680
97155741
97155307
97152203
97155998
97152337
97152225
97155611
97158477
97158535
97155388
97152932
97152008
97155123
97152602
97158354
97158914
97155508
97155807
97155029
97158922
97155491
97152123
97152927
97155425
97152871
97158170
97155753
97158504
97158108
97152299
97152891
97158564
97152109
97155959
97155773
97152334
97152967
97155559
97158959
97155007
97155337
97158220
97158404
97152051
97155450
97152346
97158296
97158034
97158786
97158270
97158280
97158961
97158478
97155540
97155038
97152242
97158456
97152592
97158887
97152533
97152035
97155703
97152037
97155372
97158821
97152120
97158140
97158725
97155221
97152365
97155228
97152447
97158886
97158529
97152045
97152448
97152469
97158350
97155157
97155377
97155632
97158742
97158538
97155776
97155433
97155301
97158307
97155088
97155541
97155881
97152771
97158668
97155948
97155612
97155247
97155736
97152679
97152808
97155872
97158840
97152344
97158035
97152193
97152513
97152837
97158902
97152897
97155867
97155346
97158996
97152662
97152385
97155589
97152875
97158852
97158591
97158640
97155439
97155140
97158301
97158208
97158682
97152814
97155479
97158265
97158086
97152531
97152990
97158851
97155504
97155473
97152125
97152547
97155246
97155052
97152987
97158732
97155673
97152765
97155071
97152283
97158283
97158340
97158830
97155904
97152401
97155577
97158582
97152640
97152878
97155751
97158337
97152517
97152876
97158050
97152714
97152716
97152787
97158928
97155662
97158966
97158306
97158925
97155587
97152157
97155965
97155930
97158485
97155208
97158234
97158915
97152704
97152901
97158910
97155639
97158921
97152527
97155400
97158842
97152603
97155129
97152890
97155391
97155524
97155177
97158318
97155235
97158765
97158131
97158589
97155382
97152684
97155119
97158268
97155058
97158554
97152454
97155718
97152070
97155849
97158281
97155836
97155047
97155438
97158900
97155264
97158114
97158631
97158626
97158985
97155968
97152689
97152750
97158215
97152560
97152722
97158847
97152670
97155137
97152628
97158908
97158541
97155899
97155638
97152525
97155008
97155999
97155696
97158555
97158249
97158561
97152977
97155150
97155935
97155207
97158258
97158898
97155291
97152233
97152518
97152799
97152615
97158111
97158853
97155909
97152077
97158693
97158376
97155854
97155322
97155067
97152128
97152042
97152281
97158079
97155886
97155407
97158652
97152386
97152470
97158570
97155603
97152882
97155708
97158264
97158248
97158138
97158867
97152249
97152104
97155258
97158105
97158630
97158584
97155380
97155726
97152010
97152050
97158124
97155876
97155482
97155122
97155957
97158224
97152807
97155259
97155877
97158377
97152584
97152634
97158279
97152118
97158542
97155257
97155661
97152505
97152727
97152438
97158013
97158132
97155289
97158651
97152450
97158299
97155880
97152500
97158606
97155424
97152303
97152041
97152117
97158562
97152694
97155811
97158614
97152179
97158812
97152140
97152601
97155806
97155533
97152988
97152589
97152586
97155502
97158888
97158021
97155238
97155387
97155600
97158336
97158115
97158751
97155371
97158574
97155395
97158993
97152767
97152410
97152230
97152794
97158505
97158146
97158934
97155766
97152133
97155340
97152683
97155080
97158544
97155196
97152498
97155677
97158837
97152680
97158193
97155266
97158533
97155234
97158864
97158122
97155383
97155414
97155654
97155248
97152598
97158695
97158475
97158569
97155159
97152220
97155823
97158945
97158583
97155835
97152522
97155553
97158252
97155343
97152944
97152819
97158033
97152576
97152340
97158261
97158621
97152631
97152085
97155897
97152480
97155936
97152693
97155236
97155037
97152227
97155253
97155845
97152588
97152146
97158176
97152084
97155303
97155222
97155728
97152269
97152681
97152005
97155169
97158892
97152936
97158954
97152311
97155923
97158461
97155971
97155789
97158650
97152411
97155784
97158664
97158374
97155436
97155271
97155329
97152921
97155288
97158481
97155051
97158861
97158197
97155225
97152409
97155525
97158926
97152307
97152506
97158644
97158683
97155680
97152847
97158690
97158810
97155079
97155148
97152995
97155276
97152265
97158210
97158092
97155962
97152382
97155263
97152515
97158491
97158635
97152710
97158816
97152369
97155496
97152741
97152889
97152384
97152106
97152210
97152562
97155275
97152654
97152790
97152151
97155989
97152823
97158421
97152314
97155133
97155112
97155136
97152353
97155824
97155180
97155716
97155709
97155440
97158373
97152666
97155132
97152405
97155797
97158412
97152094
97152191
97158701
97158058
97155477
97152743
97158875
97152258
97152221
97158218
97152415
97152423
97155871
97155801
97155735
97158164
97155780
97158575
97158134
97158030
97155394
97152931
97158706
97152436
97152356
97152451
97158075
97152047
97152906
97158286
97152724
97155003
97158077
97158364
97152325
97158057
97158965
97158209
97152848
97158911
97155353
97158229
97152789
97152460
97158180
97152611
97158865
97155993
97155511
97155940
97155582
97152820
97152129
97155834
97155254
97158188
97152780
97158293
97155966
97155987
97152368
97155929
97158627
97158144
97158709
97155939
97158189
97158879
97152622
97158530
97152530
97152136
97158257
97158010
97152097
97158080
97152503
97155462
97155268
97155659
97152828
97155202
97155416
97158784
97158064
97158198
97155912
97155483
97155717
97158884
97158854
97158704
97152774
97155302
97155147
97155160
97152964
97152164
97155401
97155830
97155920
97155562
97158168
97152453
97158955
97158835
97158508
97158515
97158360
97155698
97158998
97152327
97155788
97152600
97155623
97155544
97155014
97155373
97155094
97152065
97152884
97152162
97155826
97152260
97155381
97158595
97155861
97155546
97158410
97158284
97158104
97158071
97158103
97155711
97152566
97152127
97158240
97152412
97158183
97152587
97158426
97152143
97152650
97152317
97155357
97152499
97155171
97152867
97152009
97152665
97155988
97155045
97158869
97155911
97155956
97152672
97152100
97155798
97155895
97152619
97155097
97158719
97155549
97152969
97155106
97155044
97158282
97158579
97155663
97155197
97152686
97152273
97155670
97158777
97152981
97158341
97152935
97158431
97155084
97155226
97158739
97158524
97152958
97155478
97158167
97158488
97155692
97158666
97152748
97152182
97152673
97155634
97155831
97152914
97158849
97152286
97155299
97155868
97158617
97152421
97158171
97155535
97158568
97158273
97152768
97155374
97152583
97155976
97152912
97155273
97155926
97155176
97158760
97152349
97152229
97155905
97155172
97152202
97155082
97155927
97152909
97152695
97155922
97155855
97152478
97152331
97155813
97152213
97152516
97152943
97152578
97152802
97152361
97152865
97158457
97158611
97155355
97155538
97158235
97152424
97155057
97152537
97152243
97158184
97158095
97155523
97152656
97158428
97152200
97155575
97152121
97158647
97155566
97158521
97158388
97152493
97155403
97155269
97152501
97155113
97155666
97158572
97152367
97155749
97152496
97152178
97155344
97152375
97155602
97158316
97152435
97152678
97158143
97158181
97155946
97152873
97152844
97158612
97158439
97152669
97155961
97155117
97152955
97152757
97158790
97152758
97155152
97158590
97152239
97152362
97152605
97152614
97152443
97158815
97155689
97155530
97152360
97158825
97152192
97155443
97155636
97152052
97152928
97152567
97155576
97158749
97158395
97152400
97158078
97158946
97152594
97155820
97152418
97158863
97158494
97158150
97152883
97155101
97158634
97155949
97155848
97152252
97152524
97152565
97152407
97158289
97158601
97155744
97158450
97152055
97158952
97158927
97155607
97152675
97158804
97155368
97155723
97152869
97158278
97152171
97155331
97152982
97152690
97155973
97152080
97155490
97152341
97152419
97155857
97152422
97152073
97158129
97152482
97152437
97152087
97158976
97152663
97155590
97155466
97158191
97155379
97152135
97155542
97152116
97152245
97155131
97152461
97158698
97158476
97152559
97158031
97155413
97158855
97155997
97152892
97158097
97155518
97155707
97155431
97152826
97152380
97155463
97152270
97152696
97158730
97152824
97155324
97158882
97155422
97158571
97155144
97158423
97158212
97158345
97155162
97155100
97155055
97155104
97155809
97152302
97152318
97158937
97158126
97152115
97155476
97158315
97152739
97152039
97158486
97152025
97158731
97155103
97152965
97155049
97158287
97158817
97158500
97158161
97155774
97152224
97152112
97158153
97155306
97152659
97155461
97155601
97158824
97155550
97155501
97158906
97155360
97152083
97158646
97158399
97158943
97158194
97158672
97152608
97155913
97152350
97158072
97155796
97152272
97155120
97152643
97155947
97158011
97152624
97155882
97155768
97152540
97158497
97158874
97152429
97155165
97155399
97158292
97155023
97155342
97155204
97158826
97152817
97158895
97155552
97152464
97152898
97152030
97155124
97152196
97155457
97158506
97158728
97155742
97155714
97152509
97152216
97155657
97158175
97152235
97152267
97155370
97152571
97158802
97152336
97152777
97152760
97158471
97158694
97155793
97152431
97158420
97158567
97152170
97152851
97155556
97152708
97155297
97155166
97158510
97152110
97155091
97152433
97155364
97152292
97152285
97158472
97158243
97155245
97155145
97155500
97155309
97155311
97152975
97155719
97152926
97155592
97152068
97158527
97152563
97152811
97152066
97152737
97155620
97152166
97158543
97152095
97152026
97155192
97155455
97158196
97152957
97158260
97158254
97155667
97152002
97155328
97158947
97152139
97155494
97155356
97155980
97158498
97158689
97158116
97155759
97155339
97152952
97155089
97155393
97158359
97155321
97158916
97155554
97152057
97158177
97155214
97158135
97155050
97158227
97155056
97158560
97155730
97152304
97155218
97155349
97152046
97152607
97152738
97155907
97155686
97152674
97152526
97155682
97158576
97155906
97155996
97152278
97155917
97158294
97158528
97158893
97152637
97152494
97152479
97152322
97152832
97158771
97155526
97152189
97155011
97155914
97152124
97155986
97158269
97155580
97155348
97155808
97152329
97152471
97158028
97155076
97155405
97152324
97152810
97155250
97155468
97152866
97155149
97158656
97155908
97155782
97155396
97155423
97152490
97152838
97155016
97155650
97158894
97152859
97152086
97152398
97155200
97158038
97158324
97158613
97152754
97152733
97158222
97158032
97152244
97152197
97155231
97152863
97152472
97158963
97155937
97158023
97158333
97158638
97152186
97155048
97152903
97152455
97158047
97155593
97155873
97155671
97158968
97152649
97155499
97152946
97158204
97152290
97152206
97152195
97158999
97155385
97158833
97158866
97152915
97155390
97158970
97152396
97152989
97155560
97152492
97155570
97158149
97155571
97155146
97155230
97158843
97152660
97155125
97155445
97158110
97155532
97158876
97155624
97158169
97155062
97158137
97152984
97152804
97158532
97155781
97155817
97155910
97152895
97152556
97155335
97158986
97155745
97155211
97152954
97152751
97155021
97155977
97158452
97152536
97155179
97155896
97152105
97155931
