9743050
9746644
9743303
9743017
9743089
9746679
9745918
9745563
9746666
9743385
9743360
9745589
9743150
9743044
9743379
9745596
9746660
9746772
9745624
9743343
9743052
9743212
9743053
9746628
9743328
9745082
9743054
9746473
9745935
9743121
9746694
9743114
9746642
9743563
9745142
9743094
9743120
9743317
9746603
9743032
9745562
9745507
9745544
9743110
9745025
9745065
9746707
9746618
9745581
9743002
9745002
9743393
9745503
9743372
9743330
9746025
9746648
9745528
9745407
9743770
9743125
9745205
9743108
9743878
9743136
9743297
9746665
9746466
9745576
9745508
9743133
9745033
9743384
9746646
9743021
9745439
9745910
9745568
9746687
9746612
9745434
9746658
9743041
9743565
9745590
9743071
9745677
9745005
9745535
9743307
9743924
9746147
9745236
9743304
9743134
9743310
9745547
9743148
9743362
9745053
9745598
9745323
9743337
9743070
9745014
9745553
9745034
9743904
9743086
9746503
9743502
9746787
9746617
9745112
9745083
9745580
9745726
9746653
9746695
9743051
9745295
9743140
9743142
9746620
9743345
9743355
9746615
9743038
9746189
9743049
9743349
9743745
9745061
9743381
9745781
9743042
9746624
9746606
9746643
9745548
9746625
9743387
9743365
9745511
9745097
9743119
9746630
9743137
9743123
9743167
9743705
9746664
9746683
9743532
9743160
9743598
9743391
9746686
9745482
9745006
9743341
9743398
9743523
9746696
9743377
9743344
9743336
9745520
9745536
9743185
9743369
9746626
9743000
9746581
9745577
9745505
9743358
9745059
9746076
9743074
9743311
9746613
9743375
9745525
9745516
9745599
9743007
9746621
9743666
9743930
9743335
9745237
9746403
9743153
9743374
9746267
9746647
9745526
9746673
9745574
9743087
9743061
9745049
9745549
9745008
9745522
9745592
9745024
9743308
9745044
9745363
9743047
9743356
9743077
9743357
9745611
9743386
9746675
9746698
9743109
9743009
9745133
9746641
9743081
9743011
9743158
9745038
9743014
9743099
9745595
9743128
9743320
9743033
9745573
9743072
9743373
9746652
9746645
9746681
9743092
9745032
9745086
9745995
9746303
9743389
9745079
9745021
9743104
9745074
9746672
9743411
9743350
9743351
9745583
9745492
9745019
9745060
9745538
9746607
9746280
9745291
9745585
9743023
9743085
9746669
9743166
9743216
9743217
9743057
9746601
9745058
9743235
9746670
9743729
9746661
9746678
9743597
9746107
9745400
9745062
9743001
9743106
9745000
9745320
9745543
9746090
9746651
9743435
9745271
9745322
9745046
9745586
9745102
9743035
9745509
9743992
9746636
9745860
9743026
9743066
9743980
9745092
9743654
9746676
9743382
9746609
9745551
9745076
9745575
9743065
9743005
9743117
9745570
9746667
9743016
9745533
9743288
9745564
9745031
9745070
9743097
9745512
9746860
9743495
9743327
9745571
9743154
9745073
9745542
9746556
9745080
9745556
9746165
9743340
9746650
9745003
9745075
9743029
9743334
9746677
9743693
9745566
9743095
9743324
9745763
9743126
9743010
9745588
9746611
9743399
9743058
9743395
9746722
9745088
9743073
9743082
9746092
9743115
9746261
9743319
9745572
9745091
9743006
9745036
9743111
9743321
9743124
9743169
9743359
9745501
9743198
9743060
9743353
9743422
9746005
9746697
9746331
9745521
9743028
9745012
9743152
9743332
9745077
9746000
9746345
9743084
9743080
9743380
9743143
9746668
9746616
9743315
9745020
9743139
9743076
9746657
9743396
9745158
9743159
9743103
9743004
9743390
9746692
9745582
9745048
9745531
9745514
9745095
9745220
9745764
9745584
9743394
9746337
9743999
9743020
9746001
9745081
9743836
9745017
9745519
9743313
9743352
9746285
9745069
9743048
9745955
9746655
9746602
9745872
9746550
9743147
9743096
9743008
9743165
9746007
9745042
9743135
9743388
9743156
9743078
9745010
9746633
9743329
9743067
9743354
9743003
9746142
9746629
9745721
9745009
9746610
9745043
9743015
9746096
9743069
9743113
9743046
9743146
9745052
9745001
9745560
9745047
9745015
9746649
9743361
9743088
9745085
9745018
9745194
9745066
9743145
9745792
9746654
9745537
9745050
9743787
9745041
9743162
9743300
9746995
9745072
9746027
9745055
9743178
9745071
9743040
9746008
9743012
9743131
9745084
9745523
9745591
9745567
9745029
9745649
9745998
9745513
9743314
9745578
9743144
9743161
9746258
9743250
9743906
9746659
9745993
9746689
9745090
9743118
9743112
9745022
9745093
9746631
9745040
9743392
9746893
9746505
9743326
9745265
9743149
9746691
9746684
9745594
9743055
9745016
9743122
9743093
9745035
9746321
9745990
9743024
9743155
9745063
9745248
9743739
9745532
9746286
9743213
9745405
9745540
9745099
9746253
9743043
9743322
9746693
9746623
9743075
9746291
9745766
9743309
9745098
9746578
9743364
9746627
9743062
9745579
9745555
9743168
9743302
9746710
9746662
9743367
9745412
9746009
9743039
9743164
9743130
9745843
9743223
9745056
9745202
9743107
9746730
9745936
9745094
9745529
9745089
9743966
9745550
9743366
9745518
9743348
9746680
9743157
9743935
9743668
9745554
9743852
9745569
9745527
9746837
9743025
9745552
9743325
9746604
9746869
9746682
9745023
9743617
9743997
9743252
9743342
9746939
9745515
9746006
9745443
9745030
9743102
9746634
9745534
9745597
9743301
9745168
9743683
9745039
9743368
9745068
9745013
9745510
9743138
9746720
9745546
9743064
9743079
9743339
9746097
9746220
9745253
9743907
9745593
9743013
9746499
9745530
9743036
9743312
9743316
9743019
9746002
9745067
9743063
9745506
9745054
9743882
9743507
9743753
9743990
9746690
9743056
9743068
9743059
9743937
9745999
9743045
9745078
9745709
9745007
9746608
9743978
9745045
9745956
9746688
9743031
9746004
9746622
9743100
9745037
9743098
9743331
9743371
9746619
9745496
9745891
9743105
9745026
9743091
9746156
9743034
9746671
9745539
9743163
9743022
9745504
9743697
9746732
9746328
9745087
9743370
9746380
9746605
9743461
9746826
9745517
9743996
9746640
9743101
9745502
9743363
9745057
9745011
9745250
9745659
9743338
9743397
9743323
9746600
9745545
9743305
9743273
9743132
9745559
9743993
9743027
9746656
9745051
9743551
9746699
9745096
9743347
9743998
9745565
9746411
9745028
9743995
9746685
9743939
9746614
9745524
9745587
9743306
9743318
9745027
9743030
9746632
9743083
9746952
9745871
9746674
9745247
9743127
9743378
9743879
9745824
9745327
9743037
9743346
9745500
9743376
9743456
9743333
9745561
9745557
9745367
9746064
9743090
9743116
9743018
9745541
9743383
9746663
9746320
9745064
9745004
9743900
9743129
9743151
9743141
