6144787
6141719
6142747
6149013
6140876
6148838
6142996
6141739
6140870
6143652
6140714
6142944
6142815
6145686
6147316
6143981
6141821
6140053
6148898
6149136
6145972
6147798
6148878
6142997
6140939
6147262
6147463
6141751
6145542
6140728
6149024
6140718
6142935
6140777
6141888
6146708
6140868
6141852
6147526
6142880
6143759
6140793
6141795
6143712
6149937
6141848
6144853
6147616
6143684
6142851
6140771
6144764
6145995
6143910
6142883
6143962
6141856
6142828
6142836
6143921
6143641
6144835
6144772
6147482
6140031
6143971
6141847
6147314
6141864
6142843
6147412
6144704
6140095
6148711
6149033
6145615
6144839
6143727
6143663
6149297
6140743
6143731
6147427
6148779
6140985
6143808
6146754
6140791
6149972
6141718
6143876
6143798
6143747
6140898
6141867
6142929
6146784
6143970
6148308
6144825
6140794
6149081
6141736
6147767
6142999
6142934
6142873
6148804
6141892
6149882
6149173
6149963
6148467
6144782
6149104
6142764
6142760
6141780
6143809
6141757
6145735
6140061
6142927
6143724
6143929
6147349
6140894
6143736
6143751
6142903
6142956
6145990
6140027
6144877
6146750
6145988
6141838
6149034
6143850
6143715
6143906
6142706
6140917
6140074
6141783
6144819
6141833
6143849
6140710
6140872
6141851
6143746
6147766
6144870
6140050
6149060
6149165
6140005
6143729
6140033
6149960
6141982
6149970
6140994
6147435
6145999
6145544
6140756
6140738
6149082
6140968
6141704
6143830
6148255
6141903
6143965
6147592
6148702
6144751
6142861
6142758
6149872
6140042
6141700
6140003
6143792
6149767
6141701
6147701
6148895
6143719
6142701
6147727
6140087
6145810
6142922
6147726
6143629
6142896
6143756
6149242
6140762
6142741
6149994
6142819
6143752
6140940
6144846
6146701
6147426
6145866
6145724
6147591
6147667
6140018
6142746
6148758
6142989
6143957
6148872
6147271
6143708
6146780
6149856
6142846
6148272
6142900
6140024
6141987
6149758
6142727
6140729
6145638
6143856
6144758
6141979
6141930
6143897
6149249
6145696
6143998
6140719
6149008
6141984
6143733
6140845
6148801
6145774
6143934
6142705
6141775
6140832
6141705
6149041
6142938
6143835
6148426
6141938
6140007
6149976
6140722
6141927
6142750
6142908
6140888
6147693
6141759
6145991
6145952
6143844
6141720
6140034
6143925
6143722
6149036
6142932
6145616
6149051
6142713
6142795
6141996
6143601
6149707
6147417
6145893
6147651
6148489
6148848
6142806
6147346
6143807
6140884
6147330
6140759
6142790
6147777
6148831
6143775
6142859
6147540
6141711
6142716
6140768
6147587
6140731
6142985
6144899
6141761
6147741
6140990
6143701
6147419
6144878
6143939
6148890
6141935
6140801
6149775
6140076
6141842
6145946
6149871
6147472
6140017
6145885
6145672
6148853
6148821
6141946
6149296
6145704
6149074
6145753
6149709
6143763
6147418
6140921
6149944
6143610
6141827
6142786
6141933
6145828
6145795
6144897
6143974
6149999
6142776
6144848
6147421
6142850
6142872
6143784
6142826
6145829
6141897
6147628
6147507
6148754
6140028
6148800
6140973
6141765
6140734
6149955
6143720
6140908
6140037
6147743
6145839
6147779
6143895
6148815
6145518
6140011
6141774
6142862
6142978
6142991
6148203
6147445
6147523
6144779
6140086
6143872
6143936
6143743
6143954
6147621
6149956
6141940
6149725
6147581
6140707
6142995
6140955
6144801
6148852
6140896
6147479
6142788
6140004
6141722
6143991
6148858
6143704
6140049
6140859
6140065
6140871
6145734
6141735
6141731
6147618
6142728
6140861
6140760
6142814
6144706
6149135
6143804
6147257
6141743
6141959
6140853
6143770
6143735
6142753
6143846
6145532
6147600
6143801
6140842
6147406
6140764
6140055
6145984
6140880
6141793
6143927
6141770
6140010
6143874
6144745
6148435
6149282
6141900
6140051
6143602
6144805
6141909
6140954
6143909
6148885
6143815
6143646
6140767
6140001
6140937
6141955
6142822
6149103
6144884
6147459
6145800
6140063
6145647
6143977
6142874
6147260
6142909
6140904
6149111
6141724
6146700
6142766
6145533
6141785
6142807
6149818
6145719
6143924
6141978
6145577
6147387
6143857
6148712
6140864
6140745
6147613
6143889
6140013
6140963
6148727
6148491
6149299
6143853
6142982
6143845
6143703
6143903
6143741
6143902
6141992
6140798
6143982
6143786
6141875
6143648
6147287
6142752
6144869
6142800
6147713
6148832
6140914
6142715
6140812
6145989
6143800
6145664
6144731
6142809
6143973
6145668
6142802
6146737
6148799
6148812
6149964
6141865
6145591
6149711
6141814
6141738
6141998
6141858
6146707
6145547
6145836
6140986
6143968
6145546
6142915
6140931
6148301
6140035
6144778
6140800
6140995
6140946
6144720
6140869
6147264
6141798
6147317
6143961
6144898
6140811
6149207
6148889
6145551
6140039
6145766
6142887
6142726
6143820
6144834
6145583
6140885
6141860
6143898
6148818
6143858
6149310
6143848
6145969
6142787
6144858
6141929
6144734
6141934
6146795
6142906
6140775
6144881
6140943
6149821
6148462
6140989
6142882
6144824
6142888
6145920
6147573
6140802
6149122
6145824
6142879
6145787
6143995
6143750
6144845
6147582
6140773
6148714
6141818
6142990
6141951
6147689
6149922
6143993
6142721
6145914
6143754
6143797
6143893
6147704
6141995
6142992
6143945
6140818
6147637
6149285
6149953
6148840
6142711
6140792
6147474
6148808
6149047
6149169
6141813
6140836
6141839
6140965
6148205
6149009
6142954
6143718
6140000
6140026
6149714
6148755
6140838
6149878
6140739
6143990
6143824
6142825
6143908
6148873
6142724
6147627
6142712
6140887
6145811
6143823
6140067
6141915
6143737
6140725
6140708
6141854
6145955
6149001
6141849
6140772
6140742
6143825
6149212
6147498
6140993
6148766
6143881
6140755
6148427
6145997
6141850
6148707
6145940
6140014
6144818
6141811
6148322
6149038
6149748
6140899
6140953
6145816
6147307
6143959
6144833
6142969
6143892
6144859
6145620
6149014
6143953
6142719
6144735
6143950
6149921
6147451
6148809
6143765
6143749
6145505
6140944
6143791
6145791
6147489
6145557
6145502
6149067
6143796
6148720
6140835
6148437
6147697
6140926
6145864
6140865
6143930
6144891
6141925
6149209
6149006
6141768
6140098
6141914
6144841
6142959
6141772
6142811
6147458
6149162
6143862
6145981
6140823
6141968
6141706
6142725
6148880
6141744
6149731
6141975
6140992
6145619
6143789
6141709
6148836
6149118
6142968
6143700
6143758
6146077
6141732
6143863
6142743
6143787
6140924
6149093
6141754
6142911
6142919
6145970
6147494
6144890
6143963
6143728
6146000
6145923
6140858
6142773
6142827
6148817
6144702
6143859
6149121
6143969
6141893
6144850
6144885
6142855
6143983
6140758
6140852
6143879
6147513
6149706
6144733
6148459
6143818
6140077
6144773
6142901
6142853
6143717
6140715
6140088
6148290
6142920
6149813
6142792
6140097
6140079
6147724
6143709
6143705
6140069
6140841
6143920
6143794
6140002
6147770
6143994
6144766
6143864
6142710
6143866
6140827
6140972
6141872
6147718
6144889
6148816
6140054
6141740
6149839
6148770
6140813
6145767
6147344
6143711
6141874
6144777
6149917
6145678
6144790
6145656
6145820
6140930
6144894
6140740
6143894
6140015
6144868
6148888
6140981
6143755
6140085
6148408
6147465
6141877
6140863
6149076
6142840
6146764
6143907
6142953
6149854
6144807
6148208
6140757
6149307
6145942
6142854
6145861
6148862
6148850
6140711
6147740
6142742
6147345
6144882
6149765
6148418
6143785
6141755
6148810
6140096
6141926
6140816
6143632
6148336
6149176
6149046
6149235
6141889
6140706
6142857
6141792
6141762
6143869
6148871
6142803
6141916
6148833
6149110
6149735
6140090
6142858
6144827
6140938
6149933
6143832
6148814
6140092
6140911
6142884
6142839
6145856
6144795
6146705
6142761
6144888
6143980
6145998
6142797
6140922
6140950
6142813
6147546
6141883
6144768
6140905
6143841
6140702
6145723
6141845
6149736
6142781
6143744
6149862
6140844
6140847
6142717
6148856
6143771
6143967
6147688
6149004
6142810
6149089
6140712
6142841
6145736
6142918
6143827
6142804
6141931
6149287
6143875
6149849
6145930
6143938
6149066
6148733
6141899
6141713
6140964
6142798
6149749
6142885
6141910
6143984
6147722
6144820
6147598
6140807
6142848
6149992
6147676
6143732
6147267
6144802
6140941
6146703
6141862
6144701
6140022
6148453
6141980
6142818
6144780
6142756
6143822
6145699
6149160
6141703
6140991
6146729
6140070
6143628
6142942
6142863
6142765
6140761
6143937
6144810
6143795
6140892
6145915
6149021
6147413
6144856
6147501
6143725
6140883
6148742
6145662
6149761
6149108
6140980
6144816
6143851
6149788
6140903
6140849
6143769
6140016
6146051
6144851
6142886
6140820
6140935
6147272
6141716
6147738
6149171
6142751
6149719
6142704
6142921
6142895
6145780
6140866
6140956
6141960
6149090
6142877
6142856
6149124
6147793
6149895
6147324
6149077
6148896
6145609
6140045
6146778
6141920
6142881
6149848
6148870
6143951
6141776
6147490
6140825
6144732
6141746
6141773
6141988
6142831
6140962
6142771
6147542
6145588
6143883
6149847
6142947
6142762
6142912
6149086
6140787
6142834
6149000
6145690
6146759
6147478
6148736
6143960
6145865
6143667
6140058
6143713
6141707
6149002
6144843
6148805
6147620
6141846
6147430
6147795
6141991
6143989
6140072
6143935
6140735
6140889
6143955
6140828
6142740
6142757
6140056
6147742
6149293
6141747
6141919
6142864
6144873
6141999
6147717
6144817
6147469
6141750
6144838
6149929
6140057
6140733
6149281
6147706
6141869
6142905
6148304
6141799
6149094
6144737
6140959
6147771
6148842
6148495
6145752
6145992
6140778
6140797
6148413
6142904
6140910
6147577
6148819
6140748
6149087
6143904
6140040
6144832
6143948
6141939
6141815
6144804
6140846
6140094
6144849
6141721
6143730
6141932
6143702
6140840
6141779
6140726
6145876
6142744
6140987
6143773
6143882
6145744
6144867
6144814
6149044
6141857
6142702
6149312
6149954
6145559
6142844
6140009
6140920
6145758
6143885
6149091
6149106
6143913
6140783
6149928
6147708
6140763
6142941
6140770
6149908
6145951
6140967
6142948
6149080
6142869
6143826
6140893
6143647
6142866
6142957
6145895
6149168
6149727
6141763
6147700
6147527
6147495
6143831
6140984
6147545
6145697
6143933
6140996
6143900
6149075
6145817
6146068
6142775
6140788
6140741
6143707
6147319
6140704
6147263
6147782
6140044
6149015
6142852
6141963
6144886
6148323
6141885
6144840
6148471
6149911
6149988
6141843
6149166
6147359
6148866
6142759
6144847
6149838
6149078
6148813
6140059
6141922
6145936
6142933
6141886
6148745
6149117
6145980
6141985
6143956
6142730
6149039
6141911
6141966
6149035
6141894
6141973
6143811
6145640
6141766
6140785
6145524
6141834
6145748
6143860
6140900
6145525
6140982
6145872
6140901
6142821
6145948
6149010
6141880
6141956
6140790
6143636
6143633
6147711
6140779
6142950
6141950
6142823
6142769
6142988
6147625
6142998
6145594
6149023
6143988
6141942
6149048
6144739
6143890
6141901
6149294
6140041
6145932
6141895
6142966
6147543
6140071
6145845
6140765
6142830
6141928
6149128
6143691
6148865
6147568
6142876
6140723
6141819
6149079
6145886
6143949
6149936
6149962
6142707
6145715
6145714
6141976
6141882
6149213
6145684
6149812
6140052
6142951
6141844
6148734
6141714
6141957
6149292
6144725
6145855
6140700
6142794
6148414
6148772
6141840
6142897
6140727
6143805
6145871
6141810
6142967
6143833
6143778
6140752
6147623
6149305
6144785
6145857
6144896
6140075
6143685
6142808
6140701
6149295
6144711
6149052
6140854
6144705
6144823
6143986
6144753
6147614
6143838
6140947
6144829
6140851
6144769
6145947
6145905
6141943
6147678
6142867
6141863
6148868
6142894
6147556
6149779
6144892
6141717
6141917
6148822
6147720
6143865
6141989
6140927
6145660
6140084
6149025
6140932
6140857
6142708
6142729
6149991
6141887
6148844
6140969
6141954
6140814
6146095
6140083
6141898
6145708
6140721
6148803
6147755
6145749
6141830
6140810
6148430
6142793
6145887
6149018
6141715
6140875
6141777
6145652
6140907
6142893
6140724
6142899
6142878
6141784
6142829
6141855
6147736
6149819
6148256
6141944
6143686
6143931
6148860
6141812
6147483
6145815
6143772
6140837
6145706
6143726
6149163
6142871
6140099
6143976
6143992
6142805
6147778
6141853
6140754
6140909
6147589
6147624
6142780
6141921
6145644
6149290
6146087
6147595
6143958
6149164
6147605
6147261
6141728
6142745
6140878
6142847
6141876
6140855
6140732
6147278
6140078
6144781
6147788
6140867
6140988
6144821
6140809
6146730
6148806
6141881
6141824
6140012
6144874
6144815
6143799
6145802
6145967
6145789
6148330
6147776
6149777
6147675
6146771
6141964
6143738
6146773
6141825
6140747
6149764
6140822
6147561
6144854
6142835
6140834
6140730
6144828
6145771
6147733
6149288
6147384
6145622
6143880
6144762
6140817
6149920
6142926
6142735
6140713
6149123
6140948
6143706
6145878
6142755
6146052
6142845
6141949
6149007
6142774
6149225
6148315
6141971
6144812
6146704
6149734
6147323
6143828
6146702
6147354
6142785
6146741
6142700
6143911
6149313
6146755
6149857
6148892
6143871
6145599
6149049
6140877
6144880
6145848
6144703
6141970
6140803
6147544
6147538
6147488
6142784
6142816
6140848
6148877
6142891
6141822
6143891
6141771
6141967
6147626
6143964
6143918
6143861
6140036
6142860
6147274
6140831
6143790
6140850
6140709
6146063
6148899
6140766
6148738
6142960
6141829
6149072
6140744
6140933
6142782
6142889
6144852
6141733
6145898
6140895
6142720
6147275
6142913
6145890
6140032
6144724
6145902
6140971
6148737
6143975
6147422
6140958
6143997
6141879
6140703
6142994
6141730
6144707
6148460
6144755
6142732
6148854
6141884
6143777
6141913
6140030
6145790
6140043
6149085
6144860
6144740
6144744
6140976
6149308
6143813
6147728
6140819
6143793
6140974
6141871
6140808
6142979
6141826
6143884
6147786
6149042
6141904
6141896
6147252
6149115
6140978
6144756
6141953
6141878
6143940
6141729
6145834
6143742
6142772
6143839
6140796
6140918
6149283
6148879
6147530
6148723
6149019
6140960
6140839
6142986
6149037
6143782
6144857
6147539
6144700
6145977
6141937
6146762
6144716
6147768
6141820
6142907
6143972
6144837
6144844
6145993
6145823
6149809
6140737
6147562
6149846
6145511
6140983
6147337
6147759
6147250
6149053
6142736
6142945
6140975
6142739
6143723
6140830
6143734
6141924
6140879
6149304
6147411
6147730
6145754
6143810
6140928
6144830
6141788
6141828
6140750
6147634
6142987
6149003
6142789
6143661
6147584
6142731
6144729
6146796
6149903
6143760
6142777
6142977
6149782
6140998
6144811
6142865
6148423
6147735
6147707
6140951
6142868
6143886
6149893
6145705
6141866
6149172
6142875
6140020
6148380
6144895
6140795
6144822
6142733
6144726
6142748
6142993
6143952
6143943
6141990
6140060
6140019
6141981
6140769
6140066
6142768
6141983
6141725
6149289
6142734
6149195
6143966
6143932
6143748
6140068
6140023
6148722
6140029
6142898
6143978
6147744
6146092
6147503
6142714
6149070
6140873
6143745
6141817
6140717
6142737
6142892
6147703
6142783
6142943
6143840
6141836
6141781
6148884
6140746
6145718
6141952
6140912
6145755
6149990
6147671
6145888
6145566
6146757
6145720
6148851
6145803
6144713
6143852
6145545
6148802
6149868
6141760
6149914
6149193
6147586
6143942
6143837
6148820
6140829
6143788
6141791
6144836
6140815
6147450
6141764
6143901
6147644
6147773
6140881
6148428
6140961
6143947
6148855
6141745
6149837
6143764
6145959
6148824
6142902
6143639
6144803
6143757
6144727
6143843
6141787
6142916
6148303
6142738
6140891
6149040
6145700
6147320
6142767
6141977
6144792
6145522
6143767
6141823
6140780
6143710
6142812
6148807
6141965
6149016
6144717
6143766
6145677
6147607
6142842
6143855
6143922
6149068
6148823
6141986
6144871
6143870
6148743
6142820
6143821
6140997
6144826
6149069
6145507
6140902
6148464
6148861
6143740
6149314
6145550
6145535
6143665
6149814
6149760
6147529
6141890
6149753
6140934
6144728
6143783
6147760
6143899
6149303
6141891
6142770
6140781
6145870
6149032
6140999
6140789
6145917
6143761
6145760
6142914
6149780
6140979
6141756
6140751
6145528
6145957
6141859
6140736
6141723
6141832
6142832
6146744
6142779
6145928
6145541
6141758
6143806
6148716
6141974
6144809
6140913
6145840
6140091
6149113
6141790
6140008
6143896
6149291
6149855
6144861
6147484
6148260
6149948
6145842
6142703
6143877
6140915
6149055
6141923
6149800
6143999
6141727
6147366
6149005
6145717
6143854
6145504
6147757
6141873
6140048
6149710
6140860
6149873
6147695
6142754
6140966
6144806
6141841
6141796
6148891
6143946
6149112
6149747
6147687
6146722
6147775
6144842
6148701
6142940
6140970
6141902
6142749
6147784
6143781
6149224
6140952
6149284
6143867
6148297
6149095
6149170
6144887
6140021
6143819
6142838
6141712
6147619
6147311
6145853
6145730
6148436
6141726
6141786
6142778
6147750
6147781
6142817
6142963
6143714
6148207
6142722
6143928
6148302
6143979
6140862
6146765
6144747
6140942
6143753
6140753
6141710
6149899
6143774
6147277
6142837
6145568
6143888
6145676
6140821
6149945
6146720
6148874
6148715
6149011
6149778
6145729
6149744
6140720
6143944
6149968
6144742
6145868
6147799
6147748
6145527
6148876
6145899
6149030
6148455
6144872
6147452
6141752
6142799
6141958
6142917
6149220
6140945
6148811
6142718
6140949
6148793
6142910
6146726
6143776
6141794
6142833
6149175
6141835
6144808
6145852
6141861
6143768
6148825
6149785
6140749
6141789
6141993
6141868
6141708
6143716
6141972
6143780
6140925
6140006
6144800
6140833
6149298
6140046
6141912
6143878
6149998
6140784
6143868
6142791
6143941
6144763
6143873
6140882
6140923
6148875
6140916
6149728
6142824
6144813
6140081
6140806
6145818
6149900
6143919
6147611
6140906
6148305
6145838
6143926
6140886
6147325
6142723
6144862
6143996
6147536
6147379
6148724
6145873
6143721
6140080
6147737
6143915
6148719
6143739
6140929
6141962
6148739
6140025
6147367
6147575
6140082
6140977
6148828
6149012
6147357
6140824
6148385
6145985
6144855
6141797
6141748
6145862
6140919
6142709
6141816
6148893
6140786
6145670
6143985
6144712
6143630
6143779
6147747
6145648
6140874
6146756
6141831
6140936
6141837
6140826
6149248
6147381
6145924
6145555
6143762
6146746
6142796
6140957
6144730
6143834
6147772
6142890
6143802
6144831
6147315
6141918
6142763
6141753
6147433
