6681418
6685577
6685229
6685082
6694606
6694206
6681304
6685748
6690738
6694209
6685040
6694941
6694969
6666142
6690737
6685736
6690239
6690019
6680448
6685583
6685202
6681674
6690427
6690386
6685739
6690086
6666124
6690723
6694729
6685980
6685835
6680440
6680464
6690270
6690782
6685612
6681307
6681530
6685951
6690820
6681687
6685143
6685561
6694361
6694381
6685247
6680550
6694374
6680594
6694608
6690790
6690627
6685996
6694449
6694920
6690380
6690717
6690349
6690573
6694373
6680430
6694339
6685556
6681466
6666152
6685569
6685716
6690841
6690878
6685763
6694953
6685956
6690605
6694521
6681354
6685664
6690492
6694642
6694318
6690719
6690379
6690493
6690687
6666109
6690476
6690420
6685638
6680432
6694850
6690369
6694869
6694619
6685295
6681575
6685104
6694327
6681535
6690023
6685274
6680558
6685260
6694575
6690660
6681494
6694597
6681390
6690294
6681321
6685744
6680530
6685218
6690461
6681358
6685169
6681481
6694595
6680478
6680450
6680584
6694694
6666108
6685525
6694659
6694962
6690494
6685242
6690316
6690411
6694721
6681651
6690334
6690387
6694630
6690774
6681636
6694994
6685750
6690799
6685787
6685268
6694742
6681446
6694992
6685853
6681421
6685347
6685324
6690879
6690424
6694382
6694995
6690595
6694889
6685597
6694427
6685134
6685672
6694903
6690764
6666091
6690821
6685642
6681469
6685188
6690279
6680507
6694664
6690852
6690442
6690489
6685769
6694780
6681371
6694819
6685908
6685080
6694905
6690469
6690763
6666162
6685092
6685170
6685266
6690621
6681349
6694918
6694704
6690597
6685947
6680518
6680557
6690815
6690050
6685009
6694454
6685025
6666136
6694254
6690849
6680473
6685255
6690615
6694707
6694216
6680467
6690574
6694357
6694901
6690520
6690669
6694503
6680468
6685214
6694884
6690553
6690452
6694281
6685887
6685096
6690481
6681558
6681619
6694925
6680422
6690391
6685018
6694462
6681570
6685976
6690583
6685639
6694330
6685165
6694272
6685854
6694259
6690267
6681562
6685828
6685964
6685610
6681536
6690468
6685399
6694328
6694982
6666087
6685320
6685600
6681677
6681490
6681675
6694524
6690698
6685388
6681586
6685891
6681631
6694915
6690238
6694509
6685367
6694349
6690786
6694270
6685518
6685970
6694203
6685645
6685632
6685079
6680470
6685024
6681300
6690049
6680525
6694530
6685649
6694319
6681622
6694594
6694315
6694432
6694598
6690816
6690098
6685593
6694737
6694507
6680517
6694504
6694776
6681661
6694550
6685069
6680429
6681385
6694215
6681603
6694834
6690069
6685921
6694338
6694531
6694767
6680483
6694683
6690264
6690656
6681368
6685323
6685930
6680421
6694302
6694930
6694538
6690716
6685875
6681604
6685037
6685383
6690281
6694936
6681609
6685708
6694813
6694667
6694262
6685382
6690713
6681471
6685535
6694367
6690556
6694392
6681340
6681681
6685316
6694649
6694806
6680566
6690593
6681658
6681420
6690372
6690880
6694378
6681545
6681583
6680562
6666153
6681492
6680504
6694582
6690610
6666046
6694242
6681417
6685618
6690579
6685100
6690768
6690218
6685812
6694495
6681633
6690649
6685193
6685207
6694697
6694475
6690052
6685617
6685603
6694987
6690383
6694340
6685245
6690814
6685385
6690090
6685027
6690419
6681621
6681642
6690602
6681689
6681352
6685772
6685363
6681377
6690212
6685065
6694463
6685275
6685036
6690665
6694886
6681396
6694648
6690214
6690720
6694472
6690263
6690483
6694401
6690445
6666161
6694726
6680439
6685042
6680565
6685914
6681540
6690662
6685761
6685017
6685714
6690893
6690001
6685038
6681617
6690497
6694754
6690347
6690676
6694652
6694848
6690236
6690265
6680484
6681410
6681665
6681625
6690097
6681386
6680438
6694593
6685880
6685184
6694640
6685816
6685696
6690471
6690745
6681550
6666010
6685881
6690485
6694543
6685741
6694747
6694614
6694730
6694870
6694323
6685294
6681355
6680552
6685807
6685262
6694459
6694787
6685070
6690845
6690646
6681341
6685783
6685651
6685550
6694673
6681343
6681693
6685925
6694908
6690672
6680592
6694975
6690732
6685334
6694556
6685002
6685884
6694295
6690830
6685782
6685675
6694258
6694372
6685086
6680572
6690285
6694845
6685515
6694851
6685246
6685128
6681660
6685238
6685348
6690479
6690093
6681654
6685760
6694629
6685251
6681427
6690025
6681554
6690084
6694587
6694639
6666089
6681541
6690788
6690675
6685158
6681555
6694305
6690753
6694363
6690586
6681462
6690459
6690237
6690892
6680463
6694617
6690038
6666105
6690296
6694413
6685529
6694882
6681459
6681474
6690080
6690614
6685211
6685870
6681580
6694651
6680502
6694702
6685731
6694753
6690729
6694497
6680575
6680433
6685628
6685955
6694579
6690858
6694947
6685626
6690857
6694656
6694616
6694681
6694269
6690750
6685803
6694789
6685233
6685297
6694976
6690839
6685560
6681353
6690385
6680564
6681531
6690021
6694414
6694609
6685205
6690447
6685286
6690045
6666048
6681652
6685102
6694474
6680474
6680482
6690561
6681608
6685054
6694967
6685107
6690563
6690748
6680415
6694854
6681374
6694871
6690091
6694564
6685326
6680545
6681593
6685344
6690392
6685358
6690686
6681411
6685622
6694841
6681683
6666005
6685608
6685727
6690292
6666026
6685050
6694570
6690689
6666143
6680598
6685396
6680424
6690863
6685119
6685064
6685755
6680549
6681549
6680510
6685007
6690079
6685259
6690668
6680499
6681407
6685234
6685706
6694701
6681539
6690251
6666040
6690318
6694874
6681451
6685856
6681393
6694993
6685852
6685384
6681596
6685062
6694723
6690351
6666101
6681441
6694429
6666135
6680561
6694950
6694351
6685842
6685537
6690472
6685922
6681493
6666056
6681599
6666042
6694891
6694773
6694548
6685806
6694705
6694589
6690739
6685016
6694436
6694646
6690882
6690453
6685558
6681613
6681695
6690446
6690682
6685882
6694585
6694205
6690071
6685572
6681641
6681442
6681557
6685149
6685757
6694958
6690499
6694276
6685116
6694287
6685281
6690629
6666134
6690032
6690808
6685071
6690298
6685800
6685019
6690435
6680427
6685106
6685679
6685753
6666078
6694468
6685021
6685099
6690552
6681589
6694394
6685394
6681394
6694846
6694586
6690765
6681685
6685178
6680554
6685699
6694658
6694718
6690869
6690287
6681628
6685240
6690030
6694970
6681640
6690004
6694878
6690636
6685177
6685530
6694792
6690639
6685791
6681578
6681306
6694937
6680434
6681389
6685313
6685164
6685751
6681398
6685028
6680472
6690801
6694781
6685331
6690692
6690728
6690853
6690731
6680503
6685867
6680442
6694568
6685687
6690338
6685243
6685063
6685934
6680405
6694438
6680435
6690609
6690558
6680436
6690271
6685677
6685740
6680475
6685393
6694321
6690268
6685376
6694860
6685081
6690467
6694814
6685015
6685758
6685683
6681404
6694390
6694865
6690381
6690810
6690289
6694968
6685287
6685362
6685073
6690486
6694441
6681659
6685146
6690340
6681413
6694379
6694256
6681653
6690409
6681644
6690603
6690324
6694380
6681579
6694492
6685840
6690601
6685522
6666164
6685911
6694607
6690761
6681429
6690807
6685191
6685698
6680534
6690076
6680597
6694810
6694473
6685523
6680541
6685732
6685317
6694752
6685745
6690376
6694784
6680573
6685992
6690702
6694404
6690350
6685041
6685336
6694336
6685541
6685559
6685850
6694360
6690894
6690715
6680583
6694838
6694890
6690253
6681663
6694929
6685959
6690616
6685227
6694746
6694758
6685742
6694880
6685826
6666140
6690047
6694971
6694576
6685296
6690094
6681544
6694687
6694830
6681627
6681692
6690370
6685187
6680593
6685695
6685109
6690293
6685302
6681426
6685637
6685969
6685863
6685085
6685689
6690554
6690582
6690432
6690028
6685691
6690778
6690082
6690221
6685123
6681437
6694627
6681606
6694541
6681422
6690681
6694518
6694309
6690645
6690564
6694696
6690693
6681400
6690262
6681435
6694342
6680515
6685131
6690651
6685876
6690805
6681552
6694294
6685206
6685616
6685830
6680528
6690659
6694562
6680553
6666163
6685759
6685613
6690741
6690836
6685271
6666072
6690336
6690083
6681312
6680406
6694516
6694996
6681357
6685168
6685808
6694346
6685839
6685276
6690891
6694818
6690412
6690813
6690618
6694756
6685521
6690678
6690829
6685516
6690417
6681567
6690569
6681362
6690881
6685508
6694289
6685790
6685046
6690817
6694308
6681423
6685392
6685117
6685586
6681477
6690219
6680417
6690406
6681488
6685733
6694396
6694415
6690539
6685794
6690488
6685505
6685112
6690874
6690375
6690421
6694208
6685801
6690643
6694513
6681538
6690585
6690440
6680591
6690827
6681448
6690065
6685954
6690441
6680519
6694307
6690860
6680524
6685646
6694447
6685339
6685034
6694506
6694519
6690414
6690780
6685749
6680544
6685874
6694286
6685564
6694893
6694207
6685754
6694873
6685000
6681424
6666008
6690890
6685779
6685503
6690215
6694926
6690015
6694329
6690081
6685774
6694927
6685942
6685299
6685641
6680523
6690862
6694481
6694774
6685778
6685075
6694785
6690705
6685371
6694867
6685023
6680419
6694919
6680471
6681496
6685902
6694643
6685743
6681408
6690850
6690653
6694879
6685614
6694669
6685829
6694601
6685717
6690064
6694452
6685083
6694612
6694443
6681301
6680466
6685827
6685673
6685014
6685181
6690454
6690734
6685359
6690657
6685825
6690341
6681403
6681662
6694425
6681315
6694904
6694989
6685072
6694304
6666023
6690073
6690443
6666107
6690426
6685501
6685629
6681457
6685290
6690557
6694442
6681324
6694424
6690228
6694751
6685652
6690870
6680443
6680425
6690078
6681542
6690654
6690886
6690407
6666085
6694583
6681602
6694420
6690712
6680536
6685888
6690046
6685312
6685923
6694748
6685244
6685095
6685055
6690834
6694797
6680514
6685152
6690773
6694808
6681649
6685186
6690216
6694371
6681383
6685098
6690679
6694731
6685078
6690006
6694924
6690060
6690382
6681489
6694293
6694827
6681551
6685278
6690243
6694680
6690889
6690726
6685688
6685210
6685225
6694257
6694674
6680546
6694724
6694638
6694824
6685784
6685368
6681485
6681483
6685990
6681571
6694485
6685167
6694778
6694974
6694960
6694693
6694376
6681351
6690399
6685680
6690335
6685621
6690501
6694909
6690760
6694807
6690415
6690589
6685634
6681467
6681576
6681350
6690259
6685074
6685293
6685843
6685350
6694779
6680486
6694563
6690475
6681679
6694883
6694574
6685946
6685666
6690234
6685141
6694590
6690613
6690074
6685893
6690854
6690359
6685133
6681632
6694435
6694596
6681615
6694445
6666126
6690747
6690584
6694709
6690706
6685228
6685160
6690680
6685762
6680527
6694979
6685209
6685292
6694331
6685871
6685944
6685896
6680589
6681645
6694581
6690772
6680529
6690051
6694210
6680481
6681308
6694325
6681438
6685353
6680410
6680595
6690325
6685919
6680500
6690039
6685114
6690794
6685048
6685957
6681573
6694610
6690460
6685991
6685765
6681682
6681566
6680548
6694421
6685576
6685686
6690257
6680535
6694320
6690332
6690203
6690580
6681416
6680578
6685822
6690389
6690831
6694386
6685766
6681595
6685841
6690671
6685555
6694618
6694739
6685785
6680577
6694636
6690818
6685250
6690261
6690612
6685263
6694623
6694734
6694337
6690058
6690496
6685282
6680560
6681616
6690784
6694863
6685924
6685001
6690576
6694615
6694263
6690631
6685907
6685981
6690695
6685118
6685978
6689351
6690256
6690895
6690029
6690757
6694907
6685514
6690360
6690800
6690803
6690404
6690010
6685539
6690843
6694857
6666002
6685578
6685084
6690056
6685059
6694686
6685883
6694831
6694316
6690450
6694557
6685948
6685713
6681588
6681597
6690242
6690295
6694423
6694549
6694957
6681444
6681526
6685032
6681646
6690274
6685861
6694391
6694847
6694931
6680590
6694768
6690736
6694703
6685644
6690785
6681664
6694547
6681497
6685506
6681365
6685068
6685701
6681344
6680428
6685330
6681572
6685872
6685058
6690202
6685630
6685370
6690213
6694637
6690598
6681672
6690367
6685682
6685321
6685912
6690067
6685767
6690812
6685026
6694395
6690683
6694560
6666146
6690793
6681650
6694661
6690775
6685659
6694219
6694837
6694624
6685814
6685793
6694282
6685144
6685387
6690691
6681605
6685712
6685832
6690709
6685656
6685859
6681697
6690578
6685517
6685504
6690673
6681670
6685655
6694486
6685536
6680465
6694921
6690865
6685901
6690846
6690620
6690861
6685788
6685873
6690565
6694542
6685066
6694428
6694804
6680420
6685579
6681614
6681671
6685805
6694554
6681591
6690250
6685049
6690330
6694439
6690229
6694836
6685943
6680476
6690224
6690339
6685380
6681509
6681334
6694892
6694698
6685661
6680460
6685847
6694285
6694942
6694251
6685354
6685239
6694868
6685216
6685720
6690570
6681678
6685222
6694397
6685915
6685868
6685314
6685974
6681667
6694635
6690721
6666158
6685844
6685022
6680469
6681369
6694809
6680407
6694478
6690245
6685352
6685093
6680479
6685174
6685258
6685199
6694408
6680579
6685734
6690095
6690701
6694362
6680520
6685596
6681638
6694324
6694691
6685200
6681491
6694713
6690758
6690482
6685273
6690590
6685010
6666073
6685327
6694249
6685345
6690210
6685936
6681487
6690792
6666139
6694803
6685140
6685341
6694765
6680516
6681375
6694301
6685173
6685566
6690634
6694605
6685531
6681563
6685916
6680458
6690694
6694572
6694278
6685355
6681397
6685627
6690864
6694510
6685702
6685700
6694202
6685636
6694859
6690756
6685864
6680542
6694645
6681668
6685650
6694347
6694418
6694675
6681648
6681699
6680461
6680451
6666021
6685534
6694628
6690690
6690272
6685568
6690397
6685563
6685139
6685342
6680596
6685351
6690652
6685549
6690502
6685588
6694790
6694535
6694964
6690549
6694545
6690017
6681447
6685390
6690326
6690617
6694291
6690604
6685594
6681565
6685906
6694710
6685020
6685575
6680404
6694938
6694446
6680490
6690832
6685738
6694410
6666045
6666031
6685378
6681455
6685892
6690027
6694201
6685520
6694760
6685983
6690297
6694523
6694592
6694365
6694852
6680556
6685094
6685988
6680538
6685528
6690875
6690796
6694981
6685284
6690436
6680454
6694407
6681359
6685337
6685175
6685849
6694973
6694802
6694364
6690823
6690425
6685364
6685590
6685718
6680408
6685823
6694456
6685226
6694689
6690581
6690096
6685397
6685809
6681637
6694517
6685249
6685061
6685105
6690562
6690752
6694906
6694253
6685798
6694306
6685298
6694715
6694489
6685857
6680495
6694457
6685077
6690054
6694385
6685151
6690591
6690742
6690859
6681698
6685011
6685219
6685838
6694567
6690403
6666071
6681657
6685723
6680532
6680508
6685903
6685039
6694653
6685945
6685357
6694620
6694991
6666075
6685532
6681346
6681453
6685984
6690354
6685777
6690356
6681387
6685248
6681680
6690040
6685836
6685722
6685044
6689399
6685647
6694910
6685730
6694453
6690873
6666076
6694561
6690851
6685303
6681454
6694313
6694359
6666121
6681348
6690291
6694759
6694314
6690804
6681582
6694498
6680488
6685658
6690348
6694260
6681399
6690275
6690343
6685340
6681676
6690647
6681553
6685678
6690703
6694650
6681356
6690258
6685571
6690439
6685129
6681311
6694356
6681475
6681611
6685265
6694985
6694682
6685113
6690898
6680555
6690444
6685860
6690328
6685237
6685013
6685654
6694972
6694465
6685962
6690363
6685308
6694898
6685660
6694864
6685122
6694946
6680412
6685527
6680426
6694515
6690867
6681303
6681366
6690465
6694783
6690449
6685217
6685300
6680539
6685780
6694934
6690319
6685051
6690464
6685724
6685052
6690346
6694265
6681564
6681372
6690724
6694843
6690872
6694553
6685180
6685950
6685322
6694862
6680563
6680580
6680456
6680501
6685662
6681309
6690059
6685929
6694951
6666157
6681574
6685030
6685056
6694353
6694762
6690053
6685087
6685135
6690225
6694641
6694665
6694815
6685958
6685526
6685900
6681669
6681499
6685125
6690551
6690759
6685993
6685285
6694793
6685935
6681623
6694716
6685153
6681686
6685150
6681320
6685090
6694479
6680493
6694820
6694631
6685694
6694252
6685553
6690670
6685132
6690770
6685920
6690402
6694416
6685289
6690491
6690252
6681430
6690013
6685261
6690809
6690410
6681468
6694536
6690797
6685725
6694540
6694801
6690362
6685372
6685148
6694426
6685890
6685310
6694812
6685552
6690018
6694945
6694580
6690395
6681436
6694954
6690789
6694816
6685213
6694354
6685752
6685565
6685941
6694902
6681607
6690462
6690394
6694470
6681445
6690575
6685241
6681406
6690092
6694551
6694647
6690848
6685674
6690623
6685721
6690430
6685157
6694795
6685994
6690323
6666092
6690205
6694676
6685235
6694708
6690396
6690418
6690008
6694341
6694839
6685833
6685232
6685770
6681688
6681537
6690638
6685381
6694943
6690704
6690431
6694303
6680491
6690075
6685162
6685035
6685831
6685681
6694398
6690342
6690560
6681696
6694684
6690885
6681584
6694332
6685851
6694565
6685138
6690685
6690456
6685802
6685705
6680453
6690641
6685592
6690806
6690838
6690828
6690374
6685926
6680585
6690474
6685633
6685966
6694832
6666128
6690856
6690282
6694719
6680569
6685194
6690209
6694508
6666062
6694935
6681382
6690572
6694798
6685585
6690061
6685067
6680551
6685581
6680506
6685329
6694525
6685375
6681655
6694370
6690087
6685977
6690085
6690624
6685091
6666138
6694842
6685997
6685047
6694469
6681361
6685349
6685223
6681370
6690754
6690568
6681590
6694417
6690607
6694875
6685685
6694284
6680588
6694986
6694317
6690490
6690519
6690626
6681684
6694956
6694494
6685953
6680447
6690628
6690068
6690320
6690697
6685008
6690548
6690819
6685625
6685360
6694602
6694412
6685781
6690428
6694491
6680559
6689316
6685995
6685589
6690007
6685291
6694460
6680418
6681425
6681594
6685963
6680462
6680505
6690405
6690247
6685623
6685012
6685546
6690781
6681513
6685031
6694632
6685305
6690035
6685159
6681405
6685735
6690016
6681452
6685212
6690034
6690802
6685257
6685519
6681470
6685771
6685057
6694534
6685797
6680537
6690241
6685707
6685137
6685999
6690457
6685171
6694634
6690429
6685163
6681391
6690847
6694678
6685640
6694732
6685270
6690868
6690368
6694914
6685846
6685684
6694720
6685154
6694660
6685005
6681379
6681634
6685858
6690667
6680531
6694571
6685111
6694384
6690240
6690416
6694772
6685631
6694240
6685279
6694786
6680449
6694358
6694451
6690592
6690290
6685319
6694835
6685580
6690042
6685905
6690423
6690288
6694387
6690070
6685510
6685719
6694559
6694528
6690710
6694775
6694690
6680445
6690876
6690571
6685671
6690031
6690642
6680498
6685161
6685775
6685821
6681620
6690353
6685540
6681561
6681486
6690280
6685587
6694621
6689317
6685932
6685848
6694735
6690661
6694529
6681414
6694343
6685283
6694757
6685542
6685203
6690663
6685989
6685147
6690248
6694764
6690871
6680586
6690587
6681568
6685507
6694940
6694741
6685913
6694532
6685676
6694296
6685918
6681439
6694283
6680446
6690413
6690883
6685602
6685607
6685737
6681412
6685711
6685606
6685108
6685624
6685796
6685208
6681690
6680411
6694290
6694483
6685176
6685982
6685335
6685570
6685764
6694670
6685318
6680571
6690787
6685088
6690718
6680540
6680409
6680452
6685325
6685665
6690260
6680441
6685509
6685824
6666059
6694825
6680522
6690824
6685029
6685166
6694823
6694402
6685130
6690434
6685965
6666150
6685554
6685196
6685185
6685315
6666102
6694527
6690204
6685328
6690825
6690727
6690003
6680494
6690012
6690650
6685004
6685395
6694805
6690307
6690498
6685307
6680444
6690223
6694496
6680513
6694685
6690658
6690749
6694625
6690743
6685136
6685201
6681376
6685598
6690278
6685156
6680402
6680526
6685182
6690284
6681532
6694484
6685591
6690637
6694963
6681495
6681433
6681367
6685648
6685909
6690696
6680492
6680496
6690779
6694405
6680576
6681643
6690390
6694997
6690451
6690378
6681415
6685820
6666081
6690674
6690398
6694894
6681473
6681384
6694853
6685768
6681478
6690231
6694603
6681472
6685584
6690357
6680582
6694217
6694668
6685269
6681587
6694796
6685512
6685511
6685643
6685230
6694736
6681401
6681336
6685998
6685524
6690438
6694821
6694872
6681691
6690364
6681395
6685548
6690276
6694990
6680521
6685369
6680489
6694770
6681577
6694728
6694717
6680487
6685231
6681456
6694750
6694368
6694885
6690317
6685366
6666018
6694292
6681598
6690206
6685338
6685115
6685729
6681560
6685667
6681585
6685252
6694745
6690625
6680570
6694431
6681546
6690762
6685043
6694275
6681419
6685120
6685789
6685533
6694389
6694298
6685567
6685333
6694440
6694791
6685899
6694403
6685373
6694727
6666103
6690227
6685544
6681305
6694984
6681476
6690746
6690401
6681482
6694204
6680413
6685792
6685619
6681592
6685709
6685885
6694740
6685979
6690458
6680477
6694450
6694706
6694345
6685513
6685374
6694939
6681378
6680485
6685670
6694512
6694490
6694961
6681694
6680423
6685862
6666147
6690769
6694725
6681328
6681548
6685502
6685332
6681458
6694502
6690207
6694268
6694671
6685834
6685879
6690020
6694826
6681360
6680401
6690327
6690201
6694828
6680416
6690246
6680511
6685192
6694552
6690269
6694448
6681428
6681388
6694782
6681612
6685837
6681666
6694352
6690043
6680431
6685053
6681449
6685747
6690337
6685931
6694430
6685928
6694949
6681432
6680587
6690014
6685573
6690751
6694679
6685635
6690361
6685582
6685365
6690842
6690041
6685236
6694657
6694558
6681381
6694409
6694604
6666120
6685557
6685204
6694932
6685704
6690635
6690230
6694749
6681402
6681326
6694297
6694769
6680567
6690437
6694335
6685391
6694794
6694654
6666097
6690024
6694310
6690484
6685917
6690002
6685865
6694326
6681559
6690487
6690594
6685985
6685045
6685215
6694264
6681547
6685288
6681392
6681479
6690619
6694714
6694829
6694501
6685605
6690286
6694672
6685869
6680497
6666058
6685574
6685604
6694952
6666063
6685562
6694419
6694514
6685692
6694663
6694998
6690358
6685937
6685389
6694983
6690648
6690897
6690708
6685538
6685663
6694856
6694591
6690767
6694573
6681484
6690463
6694858
6694467
6685703
6685179
6690235
6694218
6685715
6694584
6685595
6685343
6685728
6690254
6685697
6690331
6690352
6694480
6681363
6685379
6694493
6681618
6685127
6681431
6681534
6685224
6680457
6694393
6685033
6680400
6694897
6685927
6680547
6685746
6681647
6685933
6680437
6694312
6694471
6690606
6666030
6690567
6685145
6685952
6694406
6694662
6694712
6681440
6690232
6690896
6680512
6690448
6690740
6685886
6690062
6694881
6690664
6680414
6685198
6685609
6680533
6685256
6685878
6666112
6685126
6685060
6666028
6694369
6690550
6681601
6694738
6685110
6694476
6690036
6690373
6690005
6681461
6685272
6681434
6690835
6685866
6694692
6690791
6685003
6694569
6690220
6690608
6685693
6685845
6681302
6685545
6690037
6694861
6681581
6680455
6690345
6680574
6681556
6685611
6685786
6690470
6681673
6685253
6685121
6690057
6694912
6690480
6690305
6666080
6681639
6694375
6694895
6680480
6694626
6694546
6694434
6690884
6685190
6694613
6681498
6690393
6685690
6694876
6694959
6690273
6685815
6690321
6685795
6690795
6680581
6685653
6690063
6694896
6690837
6690684
6690887
6666117
6680543
6694526
6681373
6694458
6685155
6685726
6694980
6681342
6690226
6694978
6694923
6666074
6685101
6685301
6685142
6685172
6694695
6694840
6685076
6680568
6685773
6690371
6690840
6694537
6690559
6694437
6694887
6685398
6685254
6690473
6690777
6685309
6685361
6685356
6685304
6685668
6681345
6694334
6685195
6685220
6690596
6681569
6690048
6694383
6685089
6685776
6694913
6694464
6680403
6690026
6690478
6685669
6690730
6681480
6694948
6685306
6685124
6694578
6681533
6681347
6680599
6666057
6694505
6681409
6685799
6685904
6681450
6685277
6685657
6694487
6685280
6685221
6685386
6694461
6690384
6685804
6666168
6685910
6681364
6685346
6694743
6694965
6690072
6690249
6685311
6685197
6694350
6690632
6681380
6694482
6681629
6690365
6694279
6681443
6685620
6690329
6694817
6690640
6685601
6680459
6685183
6685006
6685547
6685267
6685377
6681543
6685710
6690798
6685097
6685949
6685543
6694849
6685810
6690771
6685264
6685960
6685189
6694916
6690735
6685939
6681600
6690725
6680509
6694241
6666024
6690826
6685756
6694539
6690217
6681626
6694928
6690283
6685615