6664267
6664501
6664718
6664207
6664710
6664251
6664797
6664667
6664543
6664043
6664730
6664883
6664415
6664312
6664739
6664752
6664757
6664279
6664580
6664721
6664552
6664168
6664206
6664776
6664839
6664963
6664846
6664142
6664031
6664728
6664790
6664130
6664982
6664403
6664292
6664894
6664418
6664035
6664968
6664145
6664829
6664749
6664881
6664054
6664348
6664523
6664131
6664153
6664250
6664864
6664887
6664993
6664117
6664792
6664843
6664629
6664045
6664692
6664575
6664032
6664787
6664978
6664878
6664106
6664954
6664468
6664350
6664058
6664524
6664335
6664343
6664538
6664028
6664163
6664810
6664531
6664007
6664358
6664746
6664010
6664938
6664736
6664923
6664190
6664814
6664912
6664606
6664414
6664623
6664565
6664216
6664675
6664157
6664613
6664503
6664853
6664318
6664619
6664192
6664696
6664341
6664772
6664936
6664515
6664447
6664514
6664202
6664120
6664841
6664690
6664328
6664820
6664683
6664401
6664794
6664798
6664842
6664867
6664823
6664647
6664198
6664785
6664906
6664170
6664812
6664505
6664421
6664071
6664590
6664246
6664885
6664359
6664668
6664819
6664767
6664472
6664116
6664115
6664320
6664748
6664150
6664051
6664015
6664226
6664593
6664480
6664018
6664140
6664127
6664805
6664273
6664941
6664602
6664572
6664223
6664191
6664337
6664857
6664467
6664996
6664426
6664068
6664063
6664308
6664321
6664102
6664646
6664073
6664457
6664720
6664124
6664135
6664334
6664863
6664990
6664598
6664991
6664691
6664701
6664979
6664361
6664525
6664478
6664182
6664038
6664162
6664684
6664451
6664498
6664406
6664930
6664621
6664924
6664013
6664760
6664024
6664006
6664340
6664994
6664680
6664096
6664804
6664813
6664791
6664884
6664561
6664158
6664694
6664639
6664475
6664189
6664181
6664185
6664304
6664973
6664345
6664098
6664119
6664871
6664060
6664671
6664109
6664236
6664778
6664904
6664604
6664030
6664307
6664529
6664175
6664245
6664637
6664419
6664416
6664628
6664898
6664339
6664897
6664660
6664463
6664327
6664880
6664314
6664634
6664717
6664896
6664183
6664939
6664620
6664809
6664558
6664735
6664325
6664090
6664573
6664235
6664274
6664491
6664212
6664257
6664218
6664615
6664802
6664208
6664316
6664559
6664951
6664228
6664047
6664651
6664928
6664482
6664947
6664371
6664338
6664014
6664510
6664929
6664862
6664827
6664825
6664049
6664139
6664974
6664915
6664092
6664935
6664972
6664452
6664046
6664232
6664719
6664828
6664101
6664261
6664283
6664851
6664793
6664958
6664219
6664075
6664741
6664669
6664072
6664435
6664230
6664546
6664347
6664050
6664171
6664012
6664456
6664567
6664357
6664942
6664464
6664645
6664446
6664642
6664626
6664197
6664583
6664243
6664128
6664052
6664405
6664530
6664484
6664586
6664023
6664983
6664156
6664779
6664309
6664585
6664756
6664610
6664868
6664254
6664020
6664946
6664249
6664084
6664407
6664194
6664989
6664714
6664094
6664648
6664984
6664763
6664708
6664609
6664649
6664705
6664948
6664869
6664076
6664147
6664537
6664061
6664807
6664976
6664453
6664036
6664571
6664509
6664508
6664943
6664663
6664238
6664027
6664203
6664826
6664291
6664009
6664707
6664643
6664169
6664653
6664631
6664927
6664535
6664892
6664674
6664801
6664816
6664723
6664174
6664852
6664698
6664489
6664589
6664427
6664549
6664918
6664693
6664920
6664848
6664685
6664932
6664485
6664059
6664302
6664553
6664121
6664164
6664808
6664330
6664697
6664397
6664964
6664149
6664089
6664276
6664078
6664002
6664612
6664542
6664679
6664536
6664672
6664493
6664091
6664850
6664914
6664870
6664980
6664913
6664349
6664682
6664196
6664834
6664806
6664985
6664774
6664362
6664026
6664086
6664129
6664970
6664412
6664323
6664817
6664070
6664123
6664726
6664836
6664496
6664893
6664085
6664290
6664886
6664282
6664057
6664654
6664179
6664263
6664465
6664712
6664490
6664931
6664173
6664917
6664874
6664861
6664112
6664981
6664408
6664632
6664431
6664154
6664105
6664607
6664487
6664165
6664940
6664093
6664551
6664259
6664016
6664356
6664352
6664396
6664925
6664737
6664114
6664832
6664454
6664725
6664835
6664461
6664568
6664186
6664768
6664616
6664229
6664953
6664860
6664959
6664995
6664992
6664541
6664021
6664889
6664241
6664286
6664497
6664594
6664782
6664296
6664754
6664275
6664670
6664167
6664413
6664618
6664560
6664751
6664550
6664997
6664008
6664495
6664176
6664310
6664039
6664702
6664545
6664126
6664201
6664029
6664838
6664107
6664265
6664242
6664761
6664876
6664161
6664617
6664734
6664423
6664513
6664143
6664178
6664087
6664716
6664957
6664429
6664062
6664258
6664260
6664040
6664548
6664986
6664775
6664732
6664137
6664956
6664305
6664476
6664217
6664687
6664439
6664034
6664428
6664438
6664502
6664740
6664132
6664324
6664434
6664159
6664450
6664048
6664517
6664840
6664636
6664771
6664574
6664625
6664353
6664937
6664069
6664847
6664460
6664319
6664845
6664346
6664146
6664673
6664125
6664264
6664148
6664506
6664689
6664713
6664248
6664252
6664180
6664662
6664563
6664891
6664879
6664326
6664969
6664104
6664824
6664095
6664781
6664865
6664803
6664151
6664950
6664080
6664815
6664780
6664459
6664895
6664284
6664520
6664224
6664432
6664926
6664210
6664661
6664907
6664949
6664975
6664042
6664747
6664909
6664103
6664278
6664729
6664796
6664436
6664195
6664934
6664469
6664410
6664745
6664872
6664681
6664562
6664280
6664821
6664540
6664256
6664873
6664916
6664331
6664398
6664910
6664601
6664317
6664564
6664213
6664592
6664676
6664193
6664234
6664837
6664041
6664118
6664584
6664437
6664518
6664473
6664706
6664240
6664547
6664727
6664971
6664471
6664152
6664281
6664686
6664753
6664605
6664019
6664830
6664582
6664494
6664287
6664945
6664557
6664005
6664569
6664303
6664769
6664908
6664595
6664003
6664247
6664987
6664425
6664056
6664724
6664875
6664220
6664067
6664854
6664269
6664025
6664074
6664315
6664017
6664641
6664818
6664627
6664486
6664214
6664336
6664227
6664253
6664082
6664368
6664404
6664329
6664576
6664597
6664504
6664409
6664965
6664294
6664591
6664313
6664624
6664512
6664773
6664083
6664298
6664608
6664635
6664678
6664239
6664065
6664770
6664905
6664064
6664110
6664614
6664962
6664470
6664960
6664859
6664858
6664268
6664765
6664479
6664507