6660036
6668205
6668743
6668626
6668548
6668711
6668276
6668778
6668786
6668724
6668831
6668375
6668448
6668169
6668756
6668775
6668267
6660545
6668136
6668172
6668233
6668996
6668308
6668803
6668352
6668969
6668428
6668407
6660747
6668183
6668182
6668652
6668163
6668208
6668836
6668646
6668154
6660052
6668282
6668454
6668733
6668388
6668176
6660200
6668223
6668832
6668211
6668193
6668634
6668526
6668080
6660047
6668688
6660014
6660660
6668162
6668764
6668353
6668175
6668128
6668157
6668678
6668463
6668401
6660044
6668527
6668372
6660309
6660019
6668290
6668625
6668460
6668784
6668449
6668381
6668235
6668873
6660009
6660386
6660030
6668772
6668153
6660458
6660018
6668178
6668522
6668790
6660050
6668638
6668758
6668191
6668850
6668704
6668564
6668458
6668572
6668642
6668582
6668457
6668160
6668857
6668637
6668878
6668242
6668426
6668542
6668257
6668738
6668573
6660034
6668197
6668226
6668168
6668754
6660005
6668171
6668475
6668195
6668782
6668577
6668313
6668928
6668382
6668872
6668752
6660048
6668654
6668187
6668658
6668386
6668373
6660008
6668546
6668143
6668574
6668757
6668885
6668275
6668065
6660004
6668131
6668125
6660519
6668563
6668753
6668147
6668472
6668851
6668335
6668345
6668732
6668433
6668405
6660043
6668456
6668255
6660453
6668623
6668057
6668685
6668055
6668243
6668755
6668296
6668722
6668660
6668866
6668244
6660971
6660456
6668650
6660534
6668541
6668855
6668435
6668434
6668523
6668194
6660040
6668737
6660033
6668834
6668657
6660525
6668264
6668199
6668882
6668508
6668653
6668785
6668726
6668437
6668408
6668186
6660880
6668018
6668668
6668179
6660441
6668152
6668840
6660003
6668664
6660722
6668273
6668444
6660675
6660010
6668170
6668622
6668389
6668686
6668256
6668141
6668874
6668856
6668578
6668356
6668098
6660702
6660027
6668166
6668499
6668556
6668404
6668858
6668876
6668159
6668470
6668819
6668323
6668636
6668804
6668411
6660045
6668278
6668734
6668238
6668549
6660022
6668432
6668745
6668227
6668207
6668675
6660877
6668616
6668728
6668422
6660006
6660670
6668656
6660533
6660021
6668684
6668536
6668221
6668600
6668167
6668586
6668884
6668485
6668877
6668232
6668206
6668068
6660183
6660031
6668427
6668127
6660604
6668288
6668287
6668557
6668190
6668144
6668537
6660078
6668498
6668773
6668525
6668852
6668263
6660051
6668484
6668880
6660012
6668202
6668729
6668473
6660038
6668332
6668201
6668324
6668423
6668452
6660494
6668346
6668327
6668787
6668102
6668844
6668453
6668133
6668835
6668888
6668588
6668225
6668253
6668403
6668535
6668254
6668868
6668184
6668540
6668767
6668699
6668783
6668533
6668575
6668376
6660632
6668672
6668480
6668488
6668210
6660451
6668544
6660039
6668177
6668723
6668671
6660111
6668185
6668124
6660042
6668245
6668776
6668742
6668380
6668129
6668845
6668562
6668414
6668736
6668155
6660024
6668146
6668683
6660046
6660023
6660956
6660029
6660011
6660454
6660409
6668486
6668363
6668746
6668123
6668138
6668495
6668483
6668687
6668913
6660035
6668464
6668409
6668554
6668134
6668797
6668438
6668553
6668348
6660026
6668538
6660438
6668887
6668666
6668763
6668328
6668731
6668137
6668224
6668156
6668189
6668164
6668151
6660032
6668268
6668555
6668246
6668149
6668466
6668142
6660764
6668285
6668355
6668465
6668425
6668384
6668648
6668385
6668417
6668833
6660459
6668665
6668192
6668482
6668545
6668823
6668534
6660889
6668669
6660455
6660015
6660016
6668209
6668865
6668864
6668100
6668843
6668378
6668524
6668824
6668258
6668468
6660713
6668585
6668605
6668643
6668354
6668364
6668442
6668565
6668632
6660835
6668204
6668617
6660239
6668589
6668487
6660041
6660615
6668455
6668587
6668762
6668158
6660028
6660457
6660444
6668558
6660037
6668861
6668451
6668842
6668633
6668203
6668886
6668132
6668655
6668415
6668325
6668198
6660049
6668777
6660025
6668174
6660462
6668676
6668108
6668387
6668343
6668215
6668547
6668875
6668377
6668846
6668234
6660017
6660450
6668180
6668601
6668402
6668663
6668859
6668200
6668337
6668188
6668853
6668139
6668443
6668682
6668342
6668383
6668450
6668436
6668236
6668863
6668429
6668447
6668148
6668673
6660020
6668883
6668730
6668881
6668837
6668333
6668568
6668854
6660452
6668774
6668825
6668647
6668145
6668735
6668338
6660687
6668576
6668765
6668418
6668532
6668567
6668366
6668461
6668130
6668212
6668766
6660132
6668092
6668543
6668367
6668222
6668122
6668413
6668490
6668000
6668218
6668247
6668677
6660415
6660007
6668220
6668181
6668248
6668001
6668051
6668552
6668827
6660064
6668768
6668126
6668941
6668374
6668368
6668161
6668135
6668150
6668424
6668358
6660471
6668603
6668459
6668467
6668165
6668334
6668274
6660013
6668400
6668284
6668228
6660500
6668725