1868493
1868408
1868742
1868782
1868772
1868774
1868753
1868465
1868720
1868409
1868704
1868796
1868726
1868481
1868729
1868737
1868798
1868751
1868469
1868620
1868755
1868460
1868746
1868407
1868401
1868765
1868748
1868682
1868687
1868717
1868788
1868764
1868463
1868749
1868662
1868499
1868483
1868412
1868718
1868750
1868768
1868762
1868701
1868700
1868684
1868789
1868413
1868411
1868727
1868477
1868473
1868496
1868713
1868488
1868478
1868719
1868709
1868708
1868735
1868787
1868761
1868728
1868689
1868731
1868724
1868405
1868497
1868723
1868785
1868756
1868779
1868740
1868686
1868781
1868467
1868784
1868476
1868778
1868464
1868780
1868716
1868739
1868705
1868637
1868721
1868770
1868794
1868791
1868766
1868688
1868710
1868479
1868480
1868757
1868707
1868482
1868410
1868498
1868777
1868474
1868403
1868490
1868743
1868485
1868730
1868741
1868758
1868795
1868685
1868683
1868752
1868783
1868470
1868468
1868754
1868472
1868703
1868702
1868715
1868759
1868492
1868771
1868786
1868495
1868792
1868769
1868484
1868680
1868767
1868775
1868725
1868491
1868763
1868733
1868797
1868773
1868400
1868732
1868486
1868489
1868402
1868466
1868706
1868776
1868745
1868494
1868734
1868760
1868406
1868475
1868471
1868744
1868404
1868462
1868790
1868461
1868793
1868714
1868711
1868736
1868487
1868712
1868747
1868681
1868799
1868738
1868678
1868722
