35385672
35385589
35385103
35385386
35385220
35385185
35385135
35385858
35385616
35385114
35385173
35385663
35385995
35385826
35385657
35385774
35385645
35385976
35385725
35385122
35385842
35385136
35385278
35385434
35385107
35385435
35385273
35385218
35385714
35385251
35385158
35385260
35385117
35385118
35385219
35385802
35385493
35385241
35385811
35385894
35385467
35385531
35385820
35385125
35385156
35385743
35385810
35385709
35385994
35385257
35385710
35385270
35385246
35385854
35385469
35385740
35385078
35385356
35385713
35385753
35385205
35385711
35385914
35385625
35385738
35385505
35385528
35385817
35385768
35385697
35385782
35385188
35385769
35385151
35385334
35385227
35385579
35385203
35385757
35385751
35385028
35385984
35385784
35385266
35385777
35385142
35385992
35385268
35385239
35385186
35385077
35385799
35385864
35385797
35385145
35385886
35385155
35385834
35385214
35385786
35385167
35385269
35385141
35385734
35385256
35385856
35385150
35385346
35385775
35385427
35385148
35385285
35385868
35385230
35385275
35385199
35385885
35385881
35385332
35385264
35385134
35385833
35385102
35385306
35385841
35385852
35385223
35385772
35385780
35385314
35385805
35385838
35385941
35385705
35385566
35385216
35385643
35385222
35385369
35385051
35385821
35385211
35385824
35385707
35385116
35385715
35385748
35385837
35385154
35385877
35385603
35385755
35385736
35385702
35385794
35385131
35385207
35385018
35385712
35385183
35385829
35385234
35385267
35385806
35385177
35385759
35385123
35385249
35385599
35385979
35385783
35385127
35385204
35385540
35385887
35385723
35385747
35385839
35385745
35385875
35385140
35385115
35385652
35385737
35385174
35385187
35385041
35385303
35385165
35385271
35385825
35385283
35385152
35385193
35385206
35385182
35385146
35385966
35385290
35385863
35385170
35385212
35385225
35385592
35385773
35385243
35385862
35385927
35385129
35385497
35385609
35385254
35385744
35385137
35385855
35385126
35385144
35385761
35385286
35385236
35385758
35385928
35385124
35385226
35385851
35385070
35385010
35385139
35385869
35385164
35385272
35385166
35385706
35385764
35385720
35385169
35385727
35385767
35385017
35385812
35385289
35385937
35385111
35385119
35385228
35385224
35385835
35385762
35385143
35385179
35385121
35385808
35385176
35385729
35385874
35385265
35385703
35385792
35385800
35385159
35385733
35385130
35385244
35385728
35385853
35385779
35385880
35385771
35385519
35385845
35385726
35385850
35385721
35385739
35385250
35385970
35385100
35385163
35385679
35385162
35385848
35385261
35385763
35385101
35385671
35385741
35385602
35385181
35385860
35385925
35385237
35385832
35385801
35385953
35385108
35385525
35385281
35385814
35385092
35385178
35385781
35385730
35385238
35385132
35385766
35385770
35385248
35385859
35385815
35385432
35385277
35385581
35385732
35385756
35385109
35385849
35385543
35385476
35385623
35385276
35385871
35385213
35385231
35385160
35385816
35385870
35385133
35385403
35385746
35385138
35385844
35385708
35385722
35385196
35385288
35385735
35385274
35385872
35385168
35385194
35385742
35385110
35385191
35385245
35385221
35385789
35385813
35385208
35385149
35385190
35385059
35385830
35385822
35385106
35385724
35385201
35385362
35385846
35385287
35385879
35385608
35385197
35385147
35385113
35385561
35385128
35385262
35385172
35385242
35385104
35385263
35385538
35385209
35385215
35385282
35385752
35385831
35385161
35385731
35385184
35385105
35385548
35385068
35385704
35385202
35385818
35385252
35385232
35385195
35385180
35385229
35385255
35385284
35385760
35385233
35385235
35385157
35385210
35385240
35385217
