35387427
35387438
35387688
35387653
35387061
35387964
35387941
35387309
35387092
35387932
35387908
35387486
35387332
35387263
35387992
35387481
35387626
35387176
35387389
35387212
35387691
35387283
35387467
35387276
35387760
35387041
35387513
35387005
35387987
35387261
35387363
35387786
35387877
35387289
35387054
35387703
35387220
35387863
35387706
35387739
35387752
35387610
35387742
35387870
35387178
35387958
35387527
35387549
35387125
35387872
35387782
35387469
35387138
35387067
35387134
35387339
35387206
35387796
35387585
35387757
35387970
35387969
35387362
35387034
35387976
35387683
35387181
35387230
35387940
35387773
35387648
35387418
35387326
35387044
35387955
35387461
35387718
35387907
35387618
35387571
35387330
35387660
35387890
35387281
35387109
35387056
35387194
35387945
35387164
35387975
35387859
35387600
35387377
35387531
35387094
35387223
35387669
35387242
35387257
35387804
35387187
35387416
35387499
35387321
35387963
35387809
35387147
35387994
35387191
35387797
35387353
35387602
35387397
35387781
35387798
35387320
35387288
35387477
35387269
35387004
35387943
35387539
35387937
35387919
35387358
35387817
35387345
35387284
35387675
35387177
35387876
35387040
35387516
35387146
35387224
35387374
35387900
35387329
35387617
35387403
35387214
35387993
35387457
35387272
35387807
35387119
35387264
35387832
35387848
35387664
35387635
35387417
35387745
35387623
35387949
35387415
35387127
35387207
35387783
35387252
35387494
35387629
35387641
35387135
35387643
35387972
35387098
35387768
35387459
35387845
35387795
35387265
35387388
35387508
35387327
35387456
35387391
35387791
35387770
35387311
35387722
35387931
35387679
35387674
35387763
35387651
35387630
35387708
35387141
35387633
35387779
35387442
35387673
35387292
35387406
35387431
35387950
35387811
35387913
35387350
35387385
35387250
35387922
35387803
35387997
35387604
35387372
35387244
35387229
35387584
35387080
35387168
35387113
35387069
35387300
35387856
35387792
35387436
35387967
35387690
35387334
35387091
35387821
35387650
35387445
35387371
35387628
35387315
35387689
35387656
35387453
35387216
35387336
35387160
35387149
35387296
35387137
35387833
35387662
35387183
35387122
35387131
35387547
35387749
35387698
35387165
35387260
35387668
35387287
35387429
35387086
35387910
35387446
35387733
35387118
35387720
35387611
35387093
35387927
35387268
35387132
35387172
35387478
35387299
35387367
35387852
35387761
35387249
35387670
35387619
35387844
35387986
35387502
35387167
35387322
35387687
35387218
35387151
35387390
35387661
35387031
35387529
35387939
35387144
35387959
35387944
35387199
35387451
35387359
35387916
35387971
35387402
35387297
35387767
35387778
35387026
35387452
35387030
35387747
35387716
35387753
35387208
35387084
35387711
35387085
35387201
35387073
35387933
35387793
35387038
35387901
35387609
35387709
35387412
35387717
35387400
35387351
35387222
35387652
35387835
35387104
35387042
35387421
35387401
35387354
35387432
35387059
35387365
35387640
35387419
35387298
35387189
35387759
35387335
35387912
35387946
35387387
35387693
35387535
35387198
35387981
35387607
35387255
35387279
35387055
35387316
35387642
35387590
35387441
35387072
35387378
35387866
35387657
35387169
35387270
35387999
35387120
35387079
35387348
35387116
35387074
35387595
35387449
35387581
35387381
35387115
35387788
35387697
35387816
35387854
35387553
35387029
35387947
35387271
35387666
35387370
35387489
35387968
35387710
35387293
35387984
35387850
35387734
35387095
35387865
35387741
35387366
35387474
35387398
35387439
35387304
35387771
35387902
35387799
35387960
35387978
35387324
35387455
35387361
35387228
35387980
35387162
35387182
35387447
35387064
35387262
35387325
35387035
35387231
35387305
35387258
35387306
35387667
35387184
35387247
35387606
35387723
35387405
35387681
35387352
35387036
35387822
35387923
35387824
35387918
35387384
35387911
35387564
35387045
35387245
35387701
35387699
35387267
35387794
35387462
35387057
35387684
35387355
35387903
35387989
35387482
35387935
35387644
35387369
35387393
35387665
35387235
35387777
35387153
35387719
35387996
35387443
35387052
35387883
35387627
35387302
35387801
35387560
35387360
35387613
35387349
35387346
35387433
35387396
35387552
35387614
35387557
35387930
35387395
35387814
35387203
35387790
35387062
35387979
35387851
35387787
35387205
35387236
35387379
35387238
35387211
35387290
35387772
35387133
35387523
35387775
35387343
35387915
35387487
35387906
35387776
35387858
35387815
35387295
35387089
35387196
35387558
35387217
35387496
35387921
35387603
35387465
35387695
35387318
35387103
35387237
35387974
35387637
35387694
35387392
35387179
35387102
35387101
35387259
35387780
35387314
35387121
35387952
35387232
35387748
35387337
35387966
35387319
35387066
35387111
35387435
35387148
35387143
35387812
35387460
35387680
35387013
35387754
35387282
35387982
35387408
35387058
35387685
35387645
35387347
35387737
35387278
35387700
35387576
35387904
35387774
35387998
35387331
35387063
35387386
35387864
35387434
35387917
35387154
35387905
35387598
35387920
35387678
35387448
35387193
35387738
35387928
35387479
35387631
35387428
35387048
35387123
35387458
35387468
35387450
35387806
35387251
35387962
35387929
35387341
35387117
35387956
35387444
35387654
35387522
35387505
35387758
35387634
35387126
35387414
35387671
35387550
35387750
35387375
35387130
35387924
35387677
35387874
35387620
35387926
35387636
35387209
35387740
35387686
35387878
35387948
35387096
35387219
35387995
35387712
35387663
35387659
35387983
35387766
35387755
35387411
35387655
35387310
35387356
35387639
35387291
35387425
35387503
35387707
35387152
35387914
35387785
35387241
35387157
35387556
35387715
35387744
35387243
35387221
35387175
35387437
35387277
35387616
35387256
35387836
35387161
35387624
35387466
35387938
35387769
35387826
35387171
35387875
35387213
35387166
35387743
35387234
35387019
35387621
35387820
35387112
35387514
35387014
35387702
35387002
35387961
35387601
35387313
35387266
35387136
35387190
35387647
35387192
35387705
35387173
35387985
35387501
35387016
35387274
35387463
35387383
35387413
35387632
35387275
35387226
35387380
35387612
35387140
35387124
35387338
35387254
35387142
35387150
35387440
35387100
35387253
35387088
35387204
35387312
35387528
35387188
35387225
35387696
35387646
35387364
35387862
35387784
35387340
35387954
35387163
35387227
35387068
35387043
35387139
35387692
35387965
35387108
35387407
35387764
35387714
35387342
35387050
35387090
35387233
35387593
35387934
35387942
35387625
35387672
35387579
35387210
35387894
35387027
35387990
35387128
35387825
35387357
35387424
35387756
35387399
35387831
35387622
35387857
35387886
35387533
35387239
35387925
35387410
35387470
35387170
35387394
35387047
35387751
35387246
35387202
35387273
35387430
35387729
35387953
35387215
35387114
35387605
35387333
35387991
35387649
35387554
35387065
35387240
35387286
35387285
35387544
35387676
35387988
35387721
35387977
35387174
35387682
35387765
35387007
35387294
35387248
35387936
35387810
35387280
35387973
35387638
35387762
35387186
35387180
35387541
35387837
