3368125
3364873
3364245
3378556
3367494
3367788
3360852
3367106
3363211
3368216
3367985
3368413
3364376
3378796
3364857
3368195
3367619
3363276
3378795
3367429
3367755
3367941
3363062
3360807
3378578
3368959
3363838
3367019
3367691
3360766
3367647
3364233
3367141
3368501
3364365
3360731
3368268
3368438
3378655
3367234
3367524
3363831
3363106
3368719
3367472
3363152
3360773
3360875
3367048
3368428
3368626
3368870
3367042
3368667
3363070
3364082
3368101
3364031
3367756
3364024
3363041
3360715
3367279
3363866
3363385
3378689
3363079
3367874
3368071
3368212
3367821
3367635
3364797
3360806
3364228
3367352
3360703
3364211
3363195
3367681
3378797
3367826
3378885
3367014
3368710
3368485
3367034
3367746
3367661
3368577
3367187
3363860
3364596
3367394
3364556
3367373
3360889
3367460
3368855
3368656
3368440
3368117
3368402
3378777
3367927
3367553
3368126
3363363
3367325
3368587
3364381
3364260
3360795
3367342
3367950
3368035
3363120
3368322
3364088
3367962
3368467
3368604
3364858
3363317
3367457
3368199
3367344
3363730
3364854
3363052
3363377
3364534
3367757
3368209
3368083
3364828
3360871
3367134
3368819
3367548
3378631
3364033
3364757
3360849
3364725
3363091
3368922
3378868
3367064
3360787
3363727
3364544
3363015
3363848
3368885
3367701
3363128
3364884
3367267
3367040
3363769
3364095
3364025
3364045
3368038
3363135
3360740
3367351
3367458
3368198
3364263
3368581
3363205
3363312
3378662
3364527
3368847
3367156
3367605
3363141
3367510
3363742
3367388
3378579
3368938
3363764
3378649
3378785
3367370
3368838
3367311
3367349
3363061
3368658
3364380
3363072
3368725
3363075
3360712
3364791
3367583
3360855
3363772
3364573
3378779
3367835
3367018
3367741
3368470
3363084
3364767
3368167
3367436
3367729
3367983
3378836
3363779
3367812
3367883
3368734
3368815
3378671
3368812
3367518
3364226
3368904
3367586
3364808
3367045
3363757
3363225
3364225
3363264
3364323
3363176
3363220
3363886
3368231
3367115
3367357
3378827
3368256
3367004
3363738
3368836
3363101
3364397
3367359
3367877
3364214
3360782
3364251
3378694
3364232
3367913
3368784
3364072
3368287
3378877
3368899
3367969
3363269
3364720
3363139
3378778
3360776
3364318
3363183
3368991
3364569
3364238
3367773
3367159
3367306
3363179
3363098
3368556
3367616
3368343
3368779
3368920
3363839
3360796
3363058
3367398
3368059
3378838
3378686
3368451
3367659
3378891
3364552
3363261
3367098
3367855
3367866
3367201
3367497
3360864
3368537
3378601
3363828
3368677
3368492
3367184
3364740
3364277
3360783
3363024
3368031
3368211
3364567
3378530
3378561
3367332
3367762
3378596
3363331
3368648
3367039
3364358
3367768
3378776
3364361
3378852
3367424
3364708
3378884
3367269
3367312
3368192
3368061
3363046
3367072
3368921
3378760
3378576
3363008
3368923
3360788
3363749
3367392
3367596
3364020
3367010
3368327
3368443
3363160
3368189
3367362
3368822
3364736
3368080
3364560
3367044
3360896
3368539
3378650
3360831
3368768
3368103
3368172
3364719
3364019
3378563
3367590
3367360
3368235
3364436
3367484
3368208
3364737
3367782
3368449
3368375
3367986
3368186
3364410
3363841
3367427
3368217
3367241
3364419
3378770
3363060
3367705
3364845
3367036
3364070
3367607
3363232
3364563
3363824
3367084
3368360
3363871
3378798
3363265
3368430
3378606
3367921
3367735
3367873
3364050
3368106
3367559
3364385
3363233
3367223
3367853
3364517
3368659
3363707
3364868
3368785
3367195
3378875
3367751
3367062
3368863
3363282
3364262
3364339
3363327
3367603
3368302
3378546
3367608
3368979
3367838
3368293
3367300
3368549
3368232
3368027
3360854
3368300
3367249
3363304
3364337
3368746
3367542
3367724
3367413
3368652
3360817
3360757
3367456
3363343
3367124
3364762
3364809
3364507
3367181
3368037
3364098
3363133
3368433
3368563
3368174
3378830
3368721
3364775
3378565
3368962
3368742
3364898
3363836
3360780
3364367
3367368
3364316
3368816
3368591
3367054
3368448
3368476
3378790
3378818
3364509
3367434
3368574
3368429
3367714
3363776
3368513
3367771
3367380
3368463
3368898
3363249
3364510
3368364
3367488
3367736
3367217
3367175
3368562
3364763
3363117
3363022
3368813
3367191
3368607
3363892
3367432
3368272
3364553
3368266
3364296
3367923
3364709
3368685
3367356
3367202
3368036
3367501
3367093
3378666
3367058
3368341
3368889
3368381
3367428
3363747
3368963
3368367
3368041
3360843
3363094
3364027
3368137
3367085
3367216
3363029
3378541
3378746
3368540
3378851
3367415
3364541
3364431
3368425
3360768
3378850
3368532
3367120
3367094
3367478
3364521
3378581
3364223
3368771
3364504
3363181
3363763
3367070
3363037
3367314
3363777
3378792
3364829
3368717
3368875
3364506
3364844
3367672
3367955
3367238
3368622
3368699
3368095
3368782
3363226
3367060
3367610
3367219
3363704
3368704
3364272
3368052
3367337
3368166
3378847
3360790
3360821
3367948
3367376
3368944
3367220
3368661
3367108
3363030
3368245
3367274
3367258
3367784
3360777
3364311
3364500
3364269
3368636
3378816
3368309
3364566
3368697
3364244
3378702
3363048
3363389
3378863
3367516
3367932
3378860
3368925
3363347
3378710
3367020
3367903
3367761
3367083
3368273
3367483
3367277
3378698
3363108
3367294
3367865
3378514
3367013
3363092
3378782
3378872
3368148
3368185
3363262
3368310
3368896
3367074
3378534
3364746
3367996
3367871
3363849
3368332
3363200
3367538
3368153
3363754
3378738
3378806
3363360
3367783
3368490
3367323
3367212
3364501
3378715
3378759
3368834
3378595
3368376
3368560
3368442
3363873
3364375
3367539
3360734
3367914
3368630
3364818
3364742
3367731
3363228
3367462
3367361
3368498
3360878
3363792
3364782
3363033
3364852
3368377
3368758
3364781
3368669
3364724
3368014
3364814
3360830
3378586
3364304
3378647
3364342
3367609
3368554
3363723
3368427
3367111
3368751
3378741
3367384
3368244
3368435
3363111
3368608
3368347
3368829
3363002
3368127
3367052
3367006
3367452
3368884
3368617
3364549
3368190
3368280
3368371
3363832
3367600
3368551
3368088
3360721
3378811
3378550
3360701
3367246
3367798
3364848
3364739
3367747
3367543
3367145
3368504
3368672
3364227
3363169
3364879
3378724
3367281
3367958
3367975
3368051
3360825
3364293
3368015
3367466
3367189
3363815
3367618
3378693
3368252
3367163
3368415
3364047
3378892
3378853
3363881
3368202
3368747
3367956
3364835
3378543
3367544
3363005
3363038
3363162
3378879
3378727
3378523
3378643
3364859
3363119
3360815
3368716
3368012
3367459
3364056
3367642
3363399
3367144
3368357
3367385
3367412
3363714
3368219
3367418
3378887
3363748
3368271
3378574
3367016
3378804
3378529
3363290
3364368
3360881
3364292
3363826
3368827
3368818
3367759
3368867
3364096
3367869
3368858
3363121
3367656
3368852
3363746
3368285
3378642
3363318
3360751
3378848
3363104
3368582
3378511
3368939
3364731
3367690
3367754
3363126
3368161
3367745
3367143
3367919
3367112
3368456
3368345
3367046
3368243
3367097
3367682
3363352
3367868
3363190
3364745
3368702
3368351
3367225
3364545
3364783
3363877
3363192
3367417
3368688
3378757
3378723
3368474
3368096
3364721
3368678
3368131
3368466
3363878
3368221
3367937
3368401
3367896
3368579
3363324
3363197
3364213
3364519
3368547
3368414
3363765
3378825
3363009
3364219
3368141
3367490
3368283
3367430
3367333
3367660
3360870
3368160
3367247
3368521
3367922
3367116
3378548
3368572
3367322
3368249
3367230
3364593
3363858
3367341
3363167
3364257
3367513
3368140
3367161
3364780
3367886
3367546
3378750
3368760
3368206
3367998
3367770
3367185
3363254
3368365
3367477
3368099
3364067
3368665
3363813
3368178
3368558
3367343
3367038
3367636
3364855
3367110
3367673
3368464
3364281
3368086
3367149
3363156
3368507
3363768
3367558
3364812
3367904
3378732
3368292
3368334
3368269
3368620
3368168
3367390
3368325
3378880
3368205
3367557
3360842
3367965
3363818
3368227
3364352
3368573
3368395
3364378
3363260
3363735
3364533
3368017
3364298
3360756
3378718
3368147
3363125
3367899
3368143
3360874
3368805
3367303
3368370
3368114
3368074
3367155
3363194
3363314
3368002
3364716
3363284
3367780
3367173
3367924
3364206
3378787
3378651
3368082
3363143
3363025
3364513
3368116
3378640
3368008
3360823
3360856
3367455
3368505
3364427
3368180
3364531
3368988
3367744
3367182
3368281
3364036
3363812
3367792
3364800
3367967
3363019
3367486
3364831
3378751
3363724
3364769
3368213
3368159
3364503
3367263
3378657
3363791
3367382
3363353
3367528
3368304
3363822
3367999
3363149
3368940
3368902
3363340
3367820
3368204
3367767
3364266
3364789
3368450
3363259
3364205
3368692
3360729
3363268
3368627
3368267
3367889
3364588
3367174
3367411
3363068
3363899
3378517
3363732
3368965
3368146
3367244
3364353
3378615
3378841
3378706
3364518
3368754
3360882
3364215
3360888
3367644
3367908
3364319
3364389
3378535
3364054
3367480
3368789
3363216
3378605
3368735
3367902
3368339
3378504
3368791
3368739
3364334
3364388
3367556
3368048
3378857
3368807
3368633
3368799
3368362
3367075
3378695
3367409
3364764
3368218
3363043
3363726
3364885
3378737
3367888
3368854
3364810
3368409
3367128
3364321
3363823
3368777
3364379
3368003
3368353
3367324
3363247
3368032
3360705
3363391
3363206
3363388
3367482
3367328
3364840
3363725
3367139
3367653
3367929
3367725
3363783
3368876
3360895
3363134
3364028
3367717
3368826
3363266
3368917
3363771
3360716
3367224
3364069
3368265
3378703
3368176
3368877
3368016
3368040
3367105
3360869
3363308
3367818
3360868
3363387
3367073
3363239
3363861
3364255
3363186
3364089
3364265
3364305
3378769
3368676
3368471
3367683
3364078
3367308
3367951
3363184
3378876
3368951
3368102
3360836
3368559
3364766
3364279
3367266
3368915
3364580
3367121
3367841
3364217
3360718
3364022
3367995
3363393
3368942
3368929
3363142
3363364
3360847
3367041
3364312
3368774
3367864
3367296
3368119
3367894
3378682
3378590
3363344
3368089
3367259
3368745
3368686
3378600
3364833
3367994
3364061
3368224
3367414
3368654
3364428
3367772
3367080
3364834
3368568
3367849
3363036
3364091
3378505
3363705
3367190
3368969
3367154
3363145
3378585
3368135
3364590
3360883
3367194
3367298
3363085
3367758
3363207
3363230
3368284
3364021
3378616
3368077
3367297
3367502
3367715
3367562
3378620
3367012
3367793
3378775
3368233
3367183
3364805
3363837
3367233
3367738
3367377
3363189
3367245
3363864
3363395
3368000
3364051
3378632
3368810
3378842
3367723
3363090
3364774
3364882
3363107
3363737
3367627
3367726
3367309
3364574
3367061
3367791
3368520
3368694
3364571
3364201
3368352
3364341
3363843
3368506
3367147
3364761
3367353
3360848
3368968
3367222
3367722
3364240
3367479
3367878
3368861
3368732
3364727
3367804
3364350
3368602
3368683
3364345
3363289
3367807
3367270
3368927
3368361
3367676
3367727
3368599
3367399
3363758
3364765
3368120
3368392
3368469
3378763
3368926
3364261
3364841
3367199
3378598
3378867
3368839
3368354
3368073
3364846
3367367
3368483
3364433
3367692
3378846
3367810
3367655
3368974
3367065
3367527
3364734
3367283
3368514
3378709
3363784
3364502
3363146
3367493
3367671
3364773
3368318
3363830
3368998
3363358
3364357
3368297
3378589
3363797
3367003
3368978
3363396
3363296
3367854
3364733
3364420
3368047
3364267
3363223
3378665
3363354
3368748
3368945
3368519
3367292
3378554
3378648
3364547
3368588
3363700
3364243
3368123
3368118
3378791
3368990
3378883
3368972
3367578
3364572
3368913
3368949
3368713
3368597
3363361
3378764
3367425
3367848
3367024
3367686
3378696
3368970
3368336
3363302
3367789
3367252
3363880
3367797
3367419
3367265
3378802
3367632
3367987
3360746
3360832
3368321
3368387
3368398
3368091
3364843
3367802
3367193
3364307
3360724
3378634
3367529
3368493
3368193
3378771
3368399
3368228
3367438
3368151
3368878
3364747
3368237
3368050
3378878
3367679
3363271
3363334
3367319
3364411
3363718
3378577
3368957
3364356
3368326
3367981
3367858
3360732
3367391
3368690
3367228
3367640
3364863
3368749
3363368
3367769
3368670
3378500
3364010
3363729
3378742
3367372
3364741
3364562
3364743
3360764
3364568
3363869
3367229
3368743
3378843
3364326
3363131
3364861
3368290
3368738
3363168
3363063
3364579
3367954
3363311
3367519
3367957
3368076
3364369
3368328
3363137
3368631
3367496
3367703
3378869
3368258
3368358
3363884
3368518
3363890
3364756
3368028
3363281
3364776
3368515
3368975
3363219
3368081
3363032
3368098
3364869
3368820
3368229
3378700
3368987
3368894
3364330
3367056
3368383
3360890
3368956
3378685
3367800
3367226
3360753
3378531
3363834
3378635
3363349
3378762
3367582
3368400
3368165
3364034
3368090
3363728
3368510
3364744
3364825
3367136
3364333
3368936
3368857
3378675
3363876
3368640
3363295
3363161
3367805
3363144
3363218
3368589
3367547
3368740
3368982
3363150
3367441
3360865
3368276
3367500
3367447
3367321
3367302
3368511
3367614
3364508
3368092
3364236
3368373
3367255
3363879
3360824
3378524
3360717
3367920
3368001
3367884
3368664
3367545
3364359
3367680
3363740
3363379
3368849
3368277
3378580
3364548
3368823
3364086
3367264
3367666
3367785
3367982
3364239
3368984
3368453
3364897
3364046
3363040
3368583
3368522
3368655
3368437
3367938
3378815
3368797
3368864
3368439
3360812
3367446
3378744
3367315
3367718
3367537
3368756
3367602
3364815
3367410
3367748
3364790
3367059
3363857
3363010
3367909
3364347
3367947
3368649
3367492
3364229
3363182
3367005
3360837
3363086
3367067
3368386
3378572
3368571
3364772
3368220
3364344
3368033
3378748
3364876
3363708
3367631
3364030
3368191
3368575
3363123
3367386
3367162
3367840
3364538
3368811
3368924
3367364
3367875
3378639
3368843
3364752
3368066
3367406
3367698
3363178
3367695
3368643
3368164
3368246
3363203
3364087
3364877
3367911
3367550
3368897
3367431
3363373
3368359
3360752
3367534
3367704
3364537
3368780
3378584
3367839
3360725
3364398
3368060
3368786
3367885
3360867
3378602
3367218
3367318
3364349
3364535
3364237
3378674
3363359
3378549
3363338
3368021
3368565
3367765
3378859
3378761
3368728
3368718
3363796
3368596
3368744
3367531
3368752
3368473
3367779
3367103
3367027
3367082
3368804
3363789
3367844
3364336
3363273
3368731
3364371
3367934
3378833
3378592
3367814
3363733
3364026
3368107
3363204
3367401
3360811
3363310
3367645
3367210
3367972
3364570
3364856
3368644
3368833
3367990
3363300
3368264
3364511
3367801
3363842
3364561
3364340
3364816
3364586
3368909
3363044
3363118
3367575
3364770
3367158
3368801
3364811
3360745
3378569
3367845
3360774
3364755
3363335
3378729
3368412
3367236
3367150
3367624
3364575
3378670
3367876
3360860
3368535
3368312
3368830
3368348
3378551
3364713
3360758
3367273
3368344
3368262
3363251
3363298
3368288
3368632
3363294
3367943
3363148
3367521
3368175
3364729
3378526
3368155
3368701
3367515
3368548
3378516
3363378
3364306
3368342
3368874
3364013
3367740
3363016
3367383
3378781
3368397
3367905
3367032
3367710
3378680
3368108
3360762
3367625
3368637
3363319
3367508
3367069
3364276
3364391
3360850
3378636
3367180
3364370
3363345
3363853
3367687
3368154
3360805
3364075
3378575
3364068
3367915
3367860
3363018
3368356
3367822
3367153
3368906
3368279
3364396
3378831
3367186
3367561
3368928
3360719
3367989
3368871
3368948
3363236
3363241
3360816
3364807
3368930
3363237
3364875
3364338
3363116
3364295
3364585
3360770
3367819
3363821
3368881
3363339
3367316
3368389
3360702
3368935
3367257
3367907
3363313
3363785
3360886
3364429
3364836
3364364
3367825
3360863
3368472
3363329
3368770
3367662
3367648
3367051
3364520
3367397
3368512
3363868
3368695
3364042
3367200
3360735
3368891
3368110
3378726
3368100
3364250
3364887
3360726
3367678
3368296
3368914
3364074
3378687
3368618
3367063
3378817
3364064
3368638
3367743
3368422
3368109
3367214
3367959
3367836
3367055
3364057
3363229
3367444
3368696
3364564
3367892
3368253
3367728
3363215
3368578
3360709
3363003
3363087
3367576
3364415
3363270
3360804
3367674
3367086
3368378
3367329
3367974
3364895
3367047
3378849
3364432
3368919
3364242
3367817
3368023
3367355
3367435
3367816
3363136
3363865
3368282
3378513
3367976
3367684
3367719
3363165
3363398
3364532
3363767
3367338
3364735
3368062
3367861
3367029
3378855
3378515
3367963
3364016
3367940
3367207
3360810
3368468
3367374
3367612
3367335
3368013
3363323
3360784
3367565
3367248
3367824
3378570
3367879
3368610
3364554
3364514
3363840
3367468
3364037
3368601
3364386
3367505
3368478
3367169
3368872
3367433
3364099
3364093
3367057
3363342
3363780
3364425
3363741
3367133
3363083
3367730
3363322
3367345
3368788
3364058
3367551
3367131
3364252
3363114
3378807
3367925
3367066
3367532
3368112
3367712
3367271
3378774
3378866
3367554
3368776
3364565
3368408
3364414
3367573
3367978
3367764
3368496
3367711
3363845
3363065
3368329
3367305
3364222
3378822
3367774
3364730
3368214
3368753
3367326
3367206
3368723
3367002
3368961
3368954
3368916
3368156
3368487
3367146
3378858
3367485
3363706
3360885
3367850
3367831
3360759
3378613
3367076
3363096
3363059
3360858
3368973
3367095
3378821
3367675
3378704
3360713
3367750
3368671
3367781
3368495
3367721
3368223
3367304
3367763
3367786
3378711
3367867
3367693
3367285
3367340
3367122
3364871
3368295
3367507
3364589
3364294
3364583
3367665
3368270
3360822
3378692
3368171
3367422
3364426
3364702
3368067
3368709
3378832
3363761
3367928
3360737
3364434
3364798
3367887
3367137
3367977
3364728
3364819
3363100
3368259
3367966
3367078
3378537
3363854
3364332
3368045
3363097
3378509
3364714
3368997
3360785
3368419
3368431
3367566
3367808
3378772
3364853
3364894
3368673
3364558
3364799
3367589
3368444
3368305
3368179
3363081
3364824
3363159
3364424
3367504
3378558
3367421
3378823
3364363
3367031
3360833
3363073
3363113
3363766
3367834
3368931
3367752
3368488
3364597
3368724
3378676
3364235
3368703
3363138
3364203
3363875
3363372
3367365
3363277
3363110
3367299
3367253
3368943
3364077
3368764
3367467
3363717
3367395
3364256
3367897
3367331
3363320
3378609
3364576
3364794
3368662
3364435
3367895
3364788
3367000
3363007
3363267
3368184
3364248
3378653
3378890
3364817
3363164
3363088
3367107
3364417
3364354
3367613
3378571
3360765
3364750
3378739
3363293
3378560
3367320
3367997
3368598
3368022
3367402
3367898
3367702
3368393
3363238
3367157
3364049
3367813
3364539
3367405
3363173
3367288
3360884
3367235
3368711
3360802
3367523
3363042
3378672
3367960
3367474
3367846
3378621
3367916
3378800
3378705
3368200
3363711
3368240
3367650
3368845
3378753
3368553
3368078
3368736
3378623
3368977
3363272
3367633
3368934
3367949
3368057
3363050
3368170
3364290
3378573
3367176
3364777
3363894
3378708
3367667
3364084
3368530
3364792
3367205
3364221
3368196
3378678
3368188
3367160
3378617
3363833
3367387
3364703
3360781
3367942
3367327
3367555
3367102
3364348
3364430
3368291
3360771
3367237
3363743
3367857
3368759
3363867
3368971
3363348
3367688
3364258
3368416
3367278
3364327
3378668
3363810
3364083
3364040
3367495
3368873
3378788
3368856
3364802
3368851
3367119
3363336
3368020
3363370
3367369
3367568
3360845
3364705
3368883
3367668
3368026
3363240
3367944
3367700
3363367
3378568
3364274
3368452
3368566
3367450
3363069
3363332
3378502
3364889
3378873
3364308
3364395
3368691
3368011
3367794
3364867
3378673
3368481
3378820
3364387
3364204
3367028
3367936
3367015
3367453
3364584
3367588
3367749
3363390
3367591
3378633
3364230
3364303
3360834
3378654
3363862
3364392
3364438
3364278
3368824
3368828
3368955
3378553
3363023
3363770
3363021
3367657
3363140
3368289
3367806
3368121
3367196
3367242
3363028
3364528
3367049
3367240
3367637
3367629
3363885
3378754
3364220
3368698
3360738
3364864
3368113
3363872
3368773
3363292
3367775
3368150
3363188
3360708
3363213
3368111
3368236
3368311
3360851
3363744
3360775
3367096
3378683
3367188
3368552
3368158
3364551
3368595
3378743
3360897
3368526
3363112
3364210
3367449
3363891
3368007
3367026
3364582
3368524
3363751
3368366
3363897
3364287
3368842
3367689
3378641
3368983
3367291
3367506
3368093
3378684
3368976
3368181
3364832
3368772
3368798
3368800
3367408
3368561
3364412
3363045
3367514
3368865
3368046
3364796
3367828
3367677
3360749
3378688
3367393
3367440
3368534
3368641
3368225
3378659
3363382
3378627
3360750
3378661
3367470
3367272
3360801
3363365
3364439
3360809
3363243
3363760
3367778
3360876
3378810
3368755
3360861
3363035
3378510
3364530
3368700
3363316
3368406
3364578
3368882
3367891
3363852
3378555
3378691
3378783
3364247
3378837
3367464
3363350
3363774
3378618
3367837
3367089
3368030
3368910
3367713
3368901
3360727
3367491
3367766
3368324
3367716
3368145
3368674
3368368
3364862
3364505
3378829
3367366
3363071
3368592
3363795
3367880
3363383
3367261
3364413
3378898
3368966
3368396
3378519
3367104
3363710
3378608
3367334
3367317
3363719
3367126
3367354
3368005
3367213
3378566
3368445
3368817
3367025
3364286
3363124
3364302
3367540
3368173
3360841
3364771
3368222
3363158
3364325
3368907
3364264
3364704
3367567
3367396
3360877
3368162
3368144
3368761
3363889
3367030
3363263
3368355
3364423
3363721
3367581
3367033
3363130
3363163
3368576
3368340
3378725
3364280
3368981
3363105
3363781
3368994
3378889
3363752
3367167
3360747
3364881
3367901
3367799
3367301
3360800
3378582
3363095
3363291
3367358
3363299
3368136
3367177
3363745
3364715
3364315
3378828
3360786
3378773
3364515
3368980
3364768
3364710
3367489
3368299
3368605
3364823
3368794
3368278
3363053
3378520
3367522
3367604
3368374
3368912
3363257
3368880
3360730
3368995
3360772
3367420
3363397
3368886
3368275
3378752
3367584
3368436
3367290
3360828
3363829
3363102
3363155
3368681
3368133
3368765
3360887
3363031
3368611
3378803
3367250
3364581
3364594
3363080
3368646
3367732
3363132
3368660
3368152
3367152
3367511
3367734
3367926
3368793
3367935
3368388
3368778
3368564
3368194
3360789
3368533
3367833
3360778
3364865
3368612
3368680
3363847
3368404
3367079
3367293
3368708
3363221
3368802
3363786
3368993
3363011
3368869
3364749
3368502
3368545
3363384
3367129
3368584
3364803
3368895
3360891
3360739
3368600
3363170
3378786
3367912
3368330
3368841
3378625
3367117
3364283
3368034
3360818
3367178
3360748
3368333
3363321
3367830
3367598
3367646
3367375
3360840
3368044
3368274
3378826
3368115
3360893
3367572
3364748
3363147
3367109
3364094
3363844
3364422
3378525
3363330
3378679
3367081
3367487
3363369
3367138
3360707
3367980
3364314
3364706
3368933
3363716
3367574
3368628
3378758
3363055
3367776
3363014
3363051
3367211
3363026
3368134
3367168
3364063
3364066
3378819
3364847
3367118
3368941
3368068
3364288
3367859
3367585
3364320
3367753
3364285
3368890
3364041
3363212
3368242
3363356
3378862
3378660
3367971
3368461
3367979
3368004
3368831
3363274
3363855
3368868
3363166
3363811
3363392
3368893
3368187
3368063
3367628
3364366
3363177
3367832
3367827
3363191
3364259
3367268
3364557
3363034
3363172
3363151
3367760
3367509
3367968
3364282
3363722
3364224
3368837
3367053
3364542
3368084
3378547
3363064
3368331
3367626
3378626
3368529
3367694
3367606
3367166
3360898
3368499
3364015
3367829
3367809
3363196
3378677
3367620
3367023
3363000
3367601
3368814
3368762
3378622
3364382
3368315
3364097
3367870
3367563
3378518
3368651
3368477
3364753
3363017
3367371
3368303
3367400
3363736
3367742
3368570
3367135
3378607
3363898
3378809
3368479
3378663
3364418
3363306
3367243
3367707
3368555
3368104
3368394
3368484
3364707
3364029
3368527
3364536
3363288
3363715
3367577
3368480
3363882
3364837
3378736
3363307
3378767
3364587
3368087
3360744
3363039
3368459
3367498
3364512
3378512
3368544
3363278
3367071
3378611
3368821
3364890
3363006
3364310
3367170
3368715
3367503
3360755
3368911
3368727
3367638
3367533
3367021
3367952
3368349
3364550
3364023
3368606
3367795
3367307
3367930
3364329
3363210
3360779
3368737
3363355
3367803
3360742
3363870
3364543
3368316
3360894
3367993
3378624
3363893
3368663
3367009
3363827
3363709
3367697
3360853
3367463
3368407
3368058
3367652
3363067
3363154
3364394
3364555
3367262
3378669
3363814
3364795
3367685
3368124
3363157
3368908
3368887
3368509
3367630
3378712
3368251
3363115
3378813
3364872
3360862
3378664
3363798
3368853
3363346
3378870
3363775
3368380
3368603
3363253
3364726
3363250
3367381
3368486
3367623
3367445
3364313
3367564
3367172
3367008
3363122
3364892
3363093
3368960
3378597
3378808
3360808
3363739
3367164
3367286
3363275
3363859
3378897
3367275
3367471
3378508
3364309
3364275
3363199
3368250
3368390
3364522
3367254
3364559
3368531
3367192
3378522
3364076
3367221
3367530
3360794
3363750
3360899
3378856
3367151
3368207
3367481
3367426
3368238
3363755
3368580
3367910
3367284
3364598
3368860
3363305
3364373
3367651
3368337
3368157
3378881
3368767
3367992
3363258
3367597
3368645
3368835
3368418
3364754
3378583
3363103
3368687
3360892
3363174
3368953
3364785
3360743
3363703
3360835
3364324
3368447
3363187
3368888
3367125
3367906
3364014
3367696
3368254
3367090
3368650
3360872
3378501
3364820
3367669
3363702
3378536
3368042
3363380
3368457
3368441
3363374
3360799
3368065
3364012
3368475
3360797
3363720
3364813
3364241
3367469
3364234
3378594
3367512
3367232
3364039
3367442
3363077
3368657
3368308
3364208
3378544
3368025
3364523
3367350
3368201
3364851
3367658
3367208
3363078
3367535
3368130
3378656
3364231
3368255
3364355
3364860
3367011
3368317
3368122
3363863
3367991
3367100
3368410
3363255
3368346
3378690
3378861
3363825
3363793
3367123
3378794
3360813
3367796
3367287
3368241
3367017
3368298
3368313
3367179
3360706
3360793
3368796
3368795
3368411
3367893
3360814
3368177
3368729
3363351
3363303
3364893
3367881
3363222
3378603
3368403
3364216
3378784
3363127
3368996
3364751
3367499
3360761
3368369
3367239
3378628
3378630
3378604
3364254
3367001
3367443
3364888
3364787
3364246
3367641
3363235
3363245
3367423
3368986
3367077
3360767
3378733
3368675
3367587
3364384
3368684
3368055
3378812
3364827
3368183
3368964
3368363
3368494
3378835
3367592
3364760
3378593
3363734
3368075
3368197
3368714
3367451
3364273
3363341
3368569
3368420
3368806
3368787
3364335
3368790
3368142
3364249
3364284
3368105
3364524
3368844
3368323
3368215
3368006
3360704
3364300
3368497
3368614
3367475
3368722
3368385
3378559
3368666
3363794
3364059
3367639
3368024
3363851
3367737
3378652
3367549
3360769
3368733
3367088
3368482
3367654
3378844
3367404
3367336
3367852
3364393
3360791
3367140
3364793
3368892
3368840
3363202
3378557
3368307
3367811
3364886
3368263
3364362
3364200
3378638
3367022
3360741
3378707
3363027
3367007
3368712
3367346
3368294
3364529
3363049
3368210
3364322
3363217
3368043
3363799
3367198
3364878
3367579
3363012
3364722
3378587
3367043
3368992
3363013
3378562
3367282
3368239
3367663
3368625
3364383
3364870
3368056
3368808
3360760
3368848
3367621
3367617
3363874
3368766
3367037
3364842
3368517
3368391
3367787
3368668
3364331
3368862
3368528
3363787
3378894
3367363
3368458
3363788
3363185
3367599
3363701
3368257
3367068
3368085
3363712
3367946
3363153
3364343
3368384
3378701
3368567
3363224
3360763
3378734
3367594
3367448
3367091
3364830
3360803
3367454
3364700
3367939
3378612
3363171
3368679
3363790
3367863
3368693
3363850
3367953
3378845
3364822
3360722
3363315
3367933
3378610
3364202
3367720
3363887
3368707
3367215
3367945
3368985
3364011
3367649
3367461
3363759
3364779
3367670
3378722
3368621
3363214
3368379
3364784
3368730
3364595
3368932
3364592
3363376
3363753
3364891
3378681
3367203
3367900
3367295
3364043
3367476
3364052
3367197
3368070
3364826
3363301
3363287
3367101
3360754
3368989
3367260
3367931
3364268
3368750
3368682
3367348
3368542
3368635
3368705
3368226
3364896
3378824
3368247
3363180
3368741
3364289
3368072
3363279
3368163
3368809
3363371
3363020
3360723
3367209
3363209
3363337
3367823
3368850
3364346
3368465
3364899
3368859
3368508
3378735
3368138
3364271
3368775
3368879
3367536
3364718
3367790
3363297
3368536
3364209
3378731
3368424
3367251
3367843
3367961
3367280
3363227
3368550
3368950
3367733
3368706
3378713
3378839
3368319
3378646
3367379
3378789
3364526
3367313
3364018
3367310
3364577
3368129
3368314
3378719
3363175
3363256
3378720
3368423
3363333
3364044
3378717
3368382
3364017
3368434
3368613
3368405
3368937
3364374
3368803
3378893
3364806
3368064
3367560
3367593
3364317
3378714
3363252
3360880
3367092
3367643
3364591
3363285
3368491
3368918
3368689
3367856
3367634
3368642
3367378
3363082
3368726
3367988
3363309
3363846
3378805
3360826
3363198
3363234
3378716
3367227
3363246
3364758
3363362
3364416
3363231
3364850
3364299
3368286
3360728
3364759
3368557
3360733
3364055
3364701
3363242
3364297
3367525
3367416
3367526
3367256
3367862
3364801
3378697
3363381
3367130
3368615
3367917
3367890
3363713
3363109
3367664
3363054
3367739
3364065
3368516
3360710
3364874
3367552
3367204
3364732
3367165
3364207
3363089
3367882
3368053
3360711
3378667
3378644
3368757
3367964
3368999
3368234
3364270
3378882
3367339
3364838
3363375
3368905
3364071
3368132
3378755
3368634
3360736
3368128
3378599
3367148
3367569
3363773
3364038
3363129
3363326
3368846
3367984
3368825
3378793
3364599
3367842
3368647
3363001
3378658
3368417
3367847
3363056
3363357
3368338
3367541
3368866
3363280
3364804
3368720
3368248
3367389
3367517
3368094
3367872
3367973
3368783
3368301
3363099
3363074
3367706
3367087
3367439
3368182
3363193
3360827
3364212
3368616
3378507
3378614
3360798
3364081
3368320
3364546
3364786
3368523
3363782
3368203
3368952
3368769
3368958
3368426
3363244
3367330
3368946
3368350
3363386
3368590
3367035
3360714
3363366
3368546
3368792
3368372
3378540
3364060
3378545
3367127
3378521
3368543
3378533
3367570
3367473
3364035
3367171
3378730
3367970
3367113
3364062
3363057
3363325
3367699
3363756
3363394
3368503
3367709
3368541
3368455
3364253
3368018
3363283
3364540
3364778
3367050
3367520
3367289
3363208
3364712
3368462
3378528
3367142
3368585
3363076
3367580
3378629
3363762
3367347
3368623
3368525
3367276
3368261
3360873
3360846
3364360
3368489
3363066
3363328
3378721
3378527
3378699
3368421
3368432
3368169
3367114
3378532
3367437
3363778
3368260
3367231
3368460
3364218
3368593
3367611
3367708
3363286
3368230
3367851
3368781
3367403
3363201
3367815
3363047
3368335
3368832
3364516
3368306
3368586
3368010
3367099
3363004
3360866
3364738
3364032
3367465
3364377
3368054
3367595
3378834
3367615
3367777
3360857
3368903
