3362218
3362999
3362313
3361462
3361362
3363524
3360146
3363461
3361893
3362738
3364691
3361067
3361182
3361504
3361694
3362217
3362601
3364677
3361683
3362499
3361127
3361869
3361296
3362648
3360954
3364602
3364606
3362408
3361308
3362086
3361938
3361332
3361790
3361298
3361242
3362329
3361399
3361888
3361452
3361974
3362120
3361339
3363510
3363556
3361903
3361220
3362983
3362743
3362304
3361178
3360132
3362823
3361312
3362691
3360380
3362135
3361212
3361172
3361426
3361801
3361868
3362469
3361971
3362732
3361144
3362010
3361454
3362564
3362340
3363515
3360114
3361826
3362879
3362542
3362258
3362490
3362032
3361001
3361507
3361386
3361380
3360331
3361230
3362851
3360107
3361025
3361222
3362125
3362789
3362324
3361430
3361988
3377874
3362631
3361150
3377921
3361034
3362262
3361768
3362628
3360141
3361396
3362772
3361759
3361742
3362378
3362508
3361371
3362185
3361909
3362144
3362634
3360465
3360348
3361797
3361074
3362245
3362613
3361800
3360109
3362410
3360350
3362001
3364669
3360134
3362841
3364641
3362147
3377885
3362181
3363443
3361458
3361184
3363419
3362523
3362145
3361882
3377857
3360376
3361577
3361159
3363405
3360128
3362132
3362957
3364613
3361323
3361445
3362215
3363548
3363594
3363519
3362277
3377728
3361999
3361361
3361950
3361214
3360996
3360300
3361958
3362582
3362695
3362976
3362191
3361564
3362094
3362518
3362868
3377882
3361101
3361116
3363422
3361780
3362666
3361209
3361389
3362699
3364663
3361957
3363580
3360368
3377942
3360371
3362213
3362663
3361880
3362248
3362516
3361374
3361840
3362637
3361546
3361311
3377805
3362380
3361785
3361158
3361270
3361746
3361943
3361820
3362347
3362514
3361525
3362467
3362131
3363452
3362498
3362855
3364688
3364628
3361522
3362093
3361337
3361574
3361083
3360987
3362247
3362646
3361020
3363429
3363432
3361860
3362029
3360372
3360941
3361567
3360172
3361468
3361438
3360352
3361161
3362291
3361637
3361192
3362946
3362138
3362593
3361902
3363467
3361303
3361653
3361748
3361761
3364680
3362704
3363563
3361871
3362717
3363435
3361234
3362727
3364658
3363456
3362377
3363454
3361667
3362985
3362344
3361344
3362464
3363546
3361688
3362799
3362610
3361036
3361798
3361644
3362363
3363444
3361581
3362297
3362037
3360171
3377992
3361095
3362234
3361749
3362553
3361279
3362314
3361556
3361207
3362209
3361112
3361015
3361633
3361494
3361821
3362707
3362793
3361465
3361923
3377731
3362866
3360174
3361262
3361175
3362828
3377707
3362549
3362195
3362085
3362479
3362320
3377796
3363503
3361953
3362438
3360113
3362969
3362199
3362678
3361642
3362212
3377940
3361638
3361843
3362327
3361285
3377773
3360966
3361235
3361550
3361914
3363436
3377706
3364678
3362165
3361842
3377881
3362325
3362967
3362188
3361447
3361122
3361379
3362852
3360364
3377792
3361697
3362709
3362585
3361693
3361920
3361193
3362137
3361929
3362485
3361961
3361521
3361421
3362353
3361896
3361265
3363549
3361753
3363450
3362643
3362365
3361944
3377769
3362311
3377863
3362263
3362421
3362673
3362092
3362849
3364682
3363421
3360193
3360181
3362182
3361795
3361091
3362071
3362565
3360177
3362455
3363495
3361541
3363542
3362167
3362030
3362962
3362503
3362273
3362012
3362331
3362816
3361382
3361874
3362533
3361223
3362913
3362747
3362590
3360360
3364661
3361898
3361388
3362759
3362042
3364670
3362186
3362953
3377877
3361851
3360944
3362878
3361901
3361510
3362933
3362193
3363478
3363470
3362456
3362626
3361844
3360911
3361425
3362935
3361478
3362232
3361618
3361663
3362662
3362392
3361014
3361049
3361011
3362500
3361254
3361736
3363412
3362475
3361304
3362785
3360925
3362870
3361194
3361340
3377820
3362157
3361894
3360930
3361256
3362491
3361463
3362651
3360494
3361149
3361714
3362083
3362619
3360386
3361409
3362773
3362978
3377798
3361109
3360163
3362233
3377722
3361859
3362337
3361636
3361004
3363477
3377869
3361341
3362098
3364632
3362017
3361952
3361555
3362714
3362723
3362840
3362513
3362330
3362562
3362493
3361499
3362599
3361582
3363557
3361246
3360370
3362750
3361884
3361292
3361998
3361976
3361616
3361728
3362989
3360394
3361846
3361243
3360155
3362307
3361794
3362932
3361350
3361244
3360337
3361712
3360343
3362871
3361103
3361883
3361375
3362848
3361460
3377846
3362299
3362556
3362359
3362407
3361187
3360395
3362755
3377838
3362321
3360315
3361157
3361548
3360998
3361549
3362858
3377962
3362224
3361783
3361892
3362323
3362121
3361248
3362974
3362547
3361381
3360374
3361398
3362947
3377726
3362820
3360355
3364624
3362721
3361128
3363545
3362534
3361029
3361889
3363531
3360185
3362495
3360950
3361651
3361979
3363473
3362672
3361655
3362531
3360968
3364665
3361601
3362891
3361369
3362734
3362911
3360143
3361661
3360344
3362270
3377990
3361707
3362466
3362506
3363555
3362594
3361981
3364634
3361719
3362293
3361113
3360116
3377800
3362038
3360379
3362745
3377843
3361942
3360326
3361283
3361872
3361135
3361713
3361378
3362559
3362253
3362406
3362762
3377890
3364607
3361611
3362239
3362448
3361319
3362988
3361221
3361448
3362805
3362657
3362060
3377832
3362470
3363534
3362580
3362096
3363441
3362332
3362074
3362712
3361575
3364648
3362706
3360914
3360369
3362784
3361764
3362312
3361275
3362326
3360105
3360195
3362066
3361190
3362882
3362244
3377980
3362114
3360989
3361912
3360383
3361272
3361558
3360356
3361571
3361043
3361402
3362902
3361509
3362202
3362583
3362767
3361048
3360978
3363538
3361623
3360325
3361080
3361615
3362382
3362616
3362569
3363455
3361784
3363544
3362296
3362374
3361620
3361236
3360354
3362272
3362754
3377814
3361511
3362169
3361824
3362156
3363414
3360910
3361147
3360353
3362127
3362829
3362819
3361485
3362415
3362671
3362179
3362205
3360980
3361007
3362435
3360378
3360965
3364629
3362283
3363535
3361251
3360975
3377928
3362088
3377785
3361815
3361675
3361782
3362148
3362832
3362931
3360309
3361627
3377795
3377725
3360149
3361266
3361305
3362783
3361451
3362019
3362278
3363469
3362563
3361329
3362236
3377865
3361115
3362489
3361705
3360167
3363449
3361689
3362982
3361910
3363468
3362682
3361720
3362697
3362459
3361557
3362711
3361985
3362940
3361481
3360935
3362175
3362290
3361114
3362064
3362246
3361282
3361796
3363463
3361287
3362938
3361650
3361181
3360179
3361554
3361751
3361055
3362281
3362814
3361646
3361602
3361754
3361776
3361679
3361709
3362140
3377744
3363496
3361364
3362399
3361065
3362992
3361908
3362484
3361206
3364667
3364662
3361964
3362480
3362265
3362403
3360304
3364612
3362394
3361771
3363457
3377955
3362910
3361803
3363592
3361858
3362151
3361857
3362927
3362173
3362282
3362530
3362749
3362413
3364631
3360196
3360126
3361228
3377770
3362718
3363547
3361834
3360388
3377833
3361833
3362787
3363596
3361245
3361152
3360390
3361941
3361274
3361970
3362252
3360946
3361501
3363418
3362960
3361968
3377782
3361996
3362540
3361424
3362107
3362642
3361307
3362022
3362289
3363550
3362468
3363476
3361299
3362142
3361497
3361410
3361028
3377734
3361596
3362608
3361278
3362502
3362813
3377797
3362020
3362184
3360182
3362254
3363448
3363417
3361677
3362577
3361186
3361168
3361552
3361066
3362477
3360982
3361543
3361356
3363472
3363427
3361316
3362453
3361992
3360983
3362035
3362371
3362422
3360924
3361260
3361370
3361669
3361963
3360967
3361470
3361809
3360339
3377875
3362737
3362373
3360178
3361659
3361219
3377840
3362710
3361907
3361607
3362078
3364644
3362573
3361613
3362853
3362250
3362625
3360933
3361108
3362675
3362584
3361757
3362075
3360328
3361760
3362636
3361986
3361314
3361141
3361993
3361579
3377794
3360951
3361777
3363460
3360917
3361855
3362731
3362039
3362287
3361466
3361542
3360140
3362605
3362472
3361980
3361959
3377736
3362670
3362574
3362126
3360945
3362545
3361836
3363490
3362869
3361904
3361885
3361289
3361640
3362117
3361657
3362062
3362907
3360923
3360931
3362317
3361917
3361662
3362228
3362742
3362880
3362419
3362385
3361039
3361506
3362898
3361310
3362375
3361954
3360199
3362795
3377766
3362229
3360306
3377779
3360320
3361666
3360916
3362557
3360120
3377878
3360948
3360972
3361302
3361111
3361358
3362607
3360192
3377826
3361081
3362560
3361561
3362166
3363595
3361817
3363533
3361566
3360385
3361811
3361991
3363416
3362214
3361054
3364668
3360396
3361512
3361472
3361390
3362103
3361990
3362067
3361816
3361519
3377888
3362835
3361459
3362595
3361547
3362397
3362341
3361110
3361487
3361061
3362581
3362383
3360957
3360362
3362665
3362079
3364646
3361064
3362170
3361013
3360984
3361701
3362834
3377768
3362794
3362546
3361629
3362476
3362990
3362914
3364635
3361431
3362260
3362684
3361237
3361417
3361744
3361945
3361093
3362478
3362387
3362352
3360122
3361073
3362315
3360100
3361023
3361704
3361324
3361528
3361835
3361320
3377716
3361553
3362400
3362997
3362971
3362596
3361676
3363521
3361711
3361017
3362081
3363507
3360346
3362346
3361514
3362708
3361441
3362641
3361096
3361414
3362970
3362895
3361239
3360909
3361328
3362883
3362769
3361792
3360902
3361956
3362527
3361218
3361331
3362087
3362705
3361830
3362004
3361684
3361191
3362659
3362334
3361587
3360319
3362668
3362003
3364638
3361841
3362288
3361495
3362652
3360106
3362462
3377895
3360115
3362696
3362251
3362586
3361131
3362306
3377704
3362689
3363425
3362811
3362963
3362267
3361217
3362393
3361609
3361837
3362740
3362405
3362836
3361597
3361576
3361625
3362388
3362529
3361934
3362322
3364616
3362412
3362949
3361518
3360912
3362918
3361022
3364657
3362119
3364603
3362009
3362153
3362748
3362501
3361718
3361573
3363424
3361972
3362016
3361621
3362194
3364681
3362481
3363588
3364605
3360952
3361786
3361044
3360960
3361419
3361534
3361628
3361120
3361227
3361032
3361177
3361739
3377760
3362630
3361133
3361643
3362356
3360323
3362937
3362548
3362100
3361435
3362073
3362975
3360341
3377812
3362404
3360977
3361861
3361671
3362698
3361306
3362183
3362843
3361752
3361578
3361154
3377856
3361164
3361624
3361105
3361887
3361939
3362458
3364608
3361604
3363527
3362051
3362645
3361915
3362049
3360145
3362345
3360474
3362384
3377737
3362050
3361984
3362473
3361789
3361257
3362006
3362256
3360942
3360334
3361477
3361216
3361863
3361264
3377783
3361648
3363529
3362897
3361569
3361814
3362808
3364647
3362826
3363499
3361174
3362968
3361686
3361710
3361727
3362045
3361377
3377887
3361348
3362956
3361010
3362741
3362674
3361919
3364623
3362052
3361012
3362864
3362766
3362189
3361536
3362402
3362343
3362796
3362024
3361403
3362318
3361008
3361799
3361395
3377947
3361876
3361155
3360121
3360351
3361928
3377847
3361926
3362084
3361922
3362679
3362640
3362602
3361538
3362598
3361359
3363464
3361741
3362090
3361071
3362452
3361249
3362554
3361146
3377733
3362875
3361205
3362588
3362791
3361488
3360992
3361107
3361166
3363411
3361913
3362187
3361807
3360990
3361535
3361125
3360973
3362951
3363408
3361436
3361878
3360970
3361471
3362095
3377899
3360997
3361634
3362269
3364653
3361313
3362136
3361870
3361226
3362216
3361523
3360110
3361527
3360312
3362158
3362770
3362624
3360324
3362948
3362690
3361353
3363430
3363530
3360102
3362021
3362141
3362486
3360311
3360979
3362163
3361418
3362597
3363554
3361183
3361787
3362944
3362924
3361717
3362632
3362118
3362059
3360993
3361294
3362496
3362451
3362715
3362570
3362972
3362149
3361781
3362654
3361827
3362788
3362449
3362776
3363466
3361551
3377810
3362692
3363487
3377945
3361674
3377778
3361416
3362319
3362555
3362110
3361063
3377819
3360958
3362301
3361592
3364621
3361828
3361750
3361088
3362178
3360467
3361087
3361420
3361051
3361273
3364611
3362655
3360397
3361672
3362203
3361134
3377723
3377738
3361163
3361291
3377898
3363413
3377837
3361391
3362532
3377784
3362576
3362644
3362920
3361570
3361762
3363591
3364619
3360913
3361079
3362893
3362339
3377789
3361983
3360962
3361873
3362943
3360103
3362925
3362445
3377991
3377967
3364643
3362857
3362905
3362676
3362279
3363453
3363528
3362124
3362005
3361545
3360964
3361393
3361630
3361238
3361960
3362961
3361916
3362104
3362280
3362398
3362515
3363540
3361429
3362995
3361563
3363578
3377780
3362505
3377864
3361052
3361948
3361432
3362729
3360305
3361258
3362008
3361723
3361658
3361040
3361367
3361632
3361176
3360994
3362192
3361731
3362915
3362575
3361160
3361687
3362235
3361284
3360918
3361967
3362806
3360976
3363514
3361455
3361605
3377804
3362578
3362200
3362614
3361631
3361779
3364687
3361702
3362919
3362106
3363523
3360452
3361290
3364692
3361315
3364630
3362033
3377862
3361492
3377954
3364654
3377824
3362639
3362591
3361897
3363428
3364615
3361153
3361940
3362686
3360908
3362775
3361730
3361333
3361853
3361660
3363401
3362381
3362736
3361148
3361813
3361479
3362890
3361422
3361021
3361822
3363566
3362257
3360921
3362335
3362411
3361415
3362877
3362854
3361401
3360191
3361092
3360398
3362201
3362994
3361722
3362276
3363471
3362617
3362926
3361368
3362105
3362884
3362850
3361349
3361726
3362134
3361530
3362669
3361170
3361346
3362973
3362550
3362358
3362815
3361665
3361469
3363559
3360375
3361334
3361599
3360391
3363475
3361678
3362440
3362432
3361167
3377703
3362735
3363402
3360129
3362667
3364642
3361062
3361124
3360367
3361483
3361059
3362091
3362965
3362271
3361281
3362756
3361652
3361734
3363513
3362763
3362198
3361408
3361195
3360144
3362842
3361866
3361838
3362507
3362210
3377767
3362572
3361210
3362129
3377745
3361594
3364679
3362833
3362939
3361706
3363462
3361732
3362568
3362716
3360161
3361271
3361763
3362519
3360359
3363415
3362751
3361540
3361045
3361758
3361407
3360188
3362694
3362364
3362615
3362444
3361691
3361318
3377839
3361475
3362487
3361879
3362053
3362391
3362355
3361225
3377970
3361649
3362112
3361513
3360937
3362874
3364640
3361188
3377813
3362964
3361031
3377982
3377884
3377799
3377834
3361003
3361755
3360956
3363502
3362941
3361138
3364604
3362620
3361165
3361366
3362461
3361196
3360176
3361136
3362220
3360393
3361875
3363539
3361951
3361724
3362101
3362611
3377900
3363465
3361696
3377777
3361854
3362386
3363571
3377879
3361035
3364656
3361373
3362482
3361849
3360329
3362510
3362242
3360142
3364649
3362567
3362896
3360959
3360943
3362758
3361084
3360927
3363581
3362303
3360453
3362089
3361947
3362579
3361737
3363597
3363409
3362162
3362522
3361446
3361204
3360365
3361102
3361327
3362627
3360939
3361351
3360345
3361068
3361336
3361047
3377876
3361733
3361580
3362483
3361276
3360399
3361322
3361626
3362011
3377851
3361647
3377946
3362955
3364633
3363433
3360904
3360183
3360971
3362693
3362034
3361482
3362231
3363522
3362310
3361716
3362160
3362027
3362638
3377708
3362174
3361293
3363536
3362302
3361130
3361325
3361924
3361440
3360384
3362618
3362264
3360190
3361089
3361808
3360336
3364622
3362471
3361208
3362417
3361977
3363518
3362804
3362109
3362204
3361461
3360136
3377705
3377873
3363438
3361668
3361489
3377740
3362571
3361767
3362430
3363577
3362524
3362368
3362859
3362612
3377700
3361524
3377818
3362984
3362792
3361261
3362294
3361453
3362757
3360301
3377903
3360928
3364676
3361076
3362275
3362261
3363537
3377880
3360197
3361692
3362894
3360947
3360317
3362226
3377866
3363440
3360999
3362728
3361263
3362328
3361848
3361867
3362977
3362764
3361503
3362058
3361508
3362219
3361532
3361224
3361622
3362177
3363553
3362768
3377842
3361030
3361598
3362730
3361394
3362171
3362390
3377732
3361856
3362040
3362801
3362863
3362427
3362221
3364639
3361839
3360318
3362865
3361301
3361769
3361077
3362370
3361439
3360101
3360194
3361738
3362048
3362130
3361129
3362521
3361121
3362923
3377786
3361215
3361387
3363511
3360131
3362818
3362660
3361027
3377941
3360936
3364617
3362837
3364686
3362002
3361397
3362434
3362986
3362656
3361057
3362996
3362809
3362539
3362036
3361024
3362936
3377896
3362781
3364683
3361572
3364660
3361937
3362623
3377742
3377746
3361442
3361852
3360963
3361756
3361670
3362409
3361496
3361918
3360186
3361085
3361708
3362603
3361770
3360347
3377749
3360111
3360322
3362046
3362316
3362122
3362492
3364610
3362076
3362917
3360955
3362765
3362389
3362338
3361354
3361094
3360130
3363520
3364601
3360180
3363423
3364689
3360985
3362007
3361486
3362111
3361930
3362342
3361142
3362807
3361137
3377929
3362429
3377720
3362243
3362760
3363437
3377791
3360363
3361568
3360147
3361412
3362701
3362862
3361765
3362072
3362526
3362354
3361255
3362873
3361936
3361682
3377793
3360159
3364684
3362942
3362838
3362241
3362561
3361490
3363426
3361537
3362497
3363543
3361189
3362752
3361729
3363406
3364674
3361610
3361450
3361823
3362223
3360373
3363404
3377870
3362952
3361169
3362827
3362028
3361654
3377853
3362647
3362057
3362587
3361590
3362463
3360974
3362998
3377815
3361788
3364664
3361927
3361685
3361484
3361526
3361832
3361931
3361413
3361480
3361845
3361520
3361585
3362830
3363517
3362722
3361317
3377835
3362786
3362424
3360327
3361060
3361802
3360387
3362993
3362629
3361995
3361233
3361994
3361016
3362396
3361443
3377953
3361352
3361019
3362113
3361539
3362753
3361404
3364636
3362739
3362802
3361056
3364625
3362055
3363512
3361745
3362778
3362488
3360125
3362133
3360137
3363479
3364650
3361864
3362023
3362099
3360148
3361982
3362350
3360905
3362447
3362082
3361202
3361046
3377949
3361619
3361427
3360316
3362309
3362225
3362856
3362966
3362362
3362418
3362512
3362298
3361156
3362379
3362525
3377730
3364655
3362128
3362070
3362551
3361725
3360342
3362700
3361037
3361365
3361038
3362227
3362259
3360381
3377959
3377956
3360313
3361517
3361831
3360335
3361933
3360920
3362351
3364626
3362376
3377916
3361862
3360475
3361179
3361072
3362454
3360310
3361664
3361355
3362746
3361376
3362065
3362803
3360903
3360906
3362426
3362528
3361491
3360940
3362196
3362958
3362892
3360459
3361743
3362537
3360357
3362777
3361058
3360922
3361119
3362661
3364675
3361467
3360932
3362520
3362566
3363552
3377803
3360321
3361343
3362357
3361347
3361372
3377739
3361583
3362308
3362465
3362677
3362494
3377868
3361123
3361185
3377821
3362649
3360138
3377781
3361009
3364673
3362155
3361747
3360949
3362069
3362782
3362416
3362274
3360995
3361973
3360392
3361773
3360307
3362026
3361229
3363583
3377935
3363558
3362912
3361695
3361411
3361925
3361383
3364627
3361143
3362367
3361614
3362108
3362719
3377811
3362433
3361680
3362821
3361050
3362063
3362436
3361584
3364685
3362909
3361247
3362286
3362431
3360333
3360986
3360361
3361338
3361819
3361269
3360302
3361531
3360108
3361456
3361595
3362208
3361437
3362981
3362443
3361505
3360366
3362504
3362395
3361529
3361444
3362369
3362154
3361033
3361213
3363498
3362846
3361502
3360901
3361474
3362161
3362987
3361721
3362604
3361949
3361288
3361198
3361005
3361309
3361104
3362633
3362143
3362249
3362207
3361617
3361847
3360915
3362606
3360953
3362206
3362771
3360377
3361975
3362097
3361197
3361498
3362115
3362474
3360358
3362685
3361232
3361433
3361656
3361098
3361241
3362536
3360934
3361818
3363532
3377802
3363420
3362921
3361740
3361199
3361899
3361791
3361026
3361473
3362552
3361608
3361881
3362517
3360127
3377822
3362845
3364614
3362159
3361097
3361804
3361449
3361969
3362702
3361277
3361162
3361895
3362014
3362930
3362366
3361173
3362774
3361326
3360491
3362847
3360119
3362991
3362621
3362688
3361715
3363407
3361886
3362744
3361357
3360184
3362922
3363484
3361406
3362442
3362043
3362180
3362077
3362054
3362102
3362511
3361681
3377831
3362152
3361231
3362979
3364618
3362928
3363590
3362779
3361139
3361002
3362211
3360332
3363410
3361203
3361533
3362664
3362168
3361252
3361516
3362041
3361392
3362222
3361635
3361593
3361850
3362349
3361041
3362190
3362361
3362284
3361457
3362176
3360938
3360926
3377867
3361140
3362437
3362980
3361476
3362509
3361544
3361978
3361965
3362622
3361987
3361703
3362172
3362047
3360338
3362733
3363431
3361645
3361932
3362240
3362724
3361280
3362860
3361117
3363562
3364659
3361434
3361363
3362025
3361075
3361132
3362305
3361793
3361335
3363525
3361360
3362348
3361384
3363446
3362541
3361286
3360164
3362950
3364672
3362336
3362295
3361053
3364671
3362360
3361698
3360969
3362333
3361962
3361778
3362839
3361321
3364600
3361180
3377748
3362609
3361295
3362544
3362460
3361565
3363579
3361829
3362876
3362872
3360308
3377775
3362726
3361921
3360961
3362372
3360981
3361810
3361086
3362916
3360988
3362658
3362420
3361267
3362000
3362428
3361201
3361639
3362061
3362285
3362080
3362535
3360135
3362703
3360154
3364652
3362457
3364637
3361405
3363493
3362861
3361385
3362116
3361515
3377854
3362558
3362197
3360133
3361612
3361330
3362056
3361997
3362780
3361240
3362720
3360389
3361989
3362441
3362725
3364609
3361589
3361078
3377845
3360450
3361560
3361268
3363439
3362139
3361905
3362401
3361588
3362237
3377776
3362635
3362959
3362018
3362068
3362450
3360451
3361735
3362414
3364666
3360340
3360303
3363526
3361812
3361606
3360117
3360330
3362268
3361042
3362934
3362589
3362425
3361297
3360991
3361690
3361250
3362681
3362683
3364620
3361805
3363459
3377987
3361118
3362713
3362825
3364651
3361345
3361673
3361069
3362822
3361151
3363516
3361699
3361591
3377855
3377788
3361099
3362945
3362543
3361774
3360175
3377848
3362653
3363458
3360139
3361018
3360118
3363403
3362423
3363541
3361641
3360173
3362238
3362680
3361966
3364645
3362687
3361911
3362300
3361082
3362292
3377825
3362446
3362146
3361253
3362592
3377943
3362015
3361766
3362954
3361090
3361211
3363447
3362123
3360907
3362650
3377807
3361906
3361464
3361825
3360349
3363593
3361126
3362867
3363551
3361891
3361877
3361070
3361423
3360123
3361806
3361559
3361171
3361955
3362266
3361259
3363442
3360382
3361775
3362044
3362031
3361342
3360198
3361865
3361493
3361562
3361890
3362013
3362439
3361586
3362164
3362230
