3376936
3377088
3360643
3377481
3363604
3375687
3378438
3375317
3375559
3364169
3364917
3377178
3360670
3377490
3374924
3377614
3377255
3375516
3363681
3377104
3360652
3376845
3376961
3374969
3378412
3375145
3374453
3377615
3375137
3360214
3377353
3363692
3377072
3375745
3377048
3364101
3378471
3376634
3375886
3378478
3375348
3360579
3363679
3363614
3374987
3375405
3376904
3375015
3375849
3376720
3378488
3375397
3364900
3375300
3376891
3360596
3375392
3376802
3377456
3375384
3378938
3378964
3376913
3377071
3377362
3374930
3376803
3375115
3374932
3376814
3376605
3376818
3360692
3375040
3378097
3375583
3360688
3375824
3363610
3360597
3364112
3377123
3376749
3374912
3377607
3377041
3360533
3376994
3375330
3375746
3375758
3374840
3378429
3377637
3377025
3375021
3378445
3378485
3378980
3375815
3375008
3377493
3360557
3376712
3376661
3364158
3377232
3378479
3377156
3376894
3375573
3360504
3375026
3376855
3377617
3375373
3375562
3377171
3374933
3363646
3375793
3364143
3374999
3376606
3375829
3374974
3375037
3375357
3377696
3374936
3360552
3363613
3378950
3376835
3364955
3376770
3377474
3375514
3360229
3375880
3377390
3375845
3376768
3377343
3376888
3377144
3364157
3375894
3374972
3376853
3378050
3376613
3376848
3360268
3374917
3375389
3376656
3375680
3376988
3377444
3375059
3363616
3364126
3375359
3364941
3375585
3364473
3375133
3364183
3376623
3375871
3376986
3374950
3375120
3364145
3377122
3377202
3375334
3375693
3376906
3374937
3377112
3360573
3364192
3377480
3376630
3363636
3375575
3378001
3376912
3375820
3376837
3374905
3360561
3364992
3377160
3378455
3377425
3375691
3376757
3375532
3360408
3375424
3378452
3376975
3364482
3360445
3376795
3376937
3375333
3376731
3376838
3377674
3360556
3375047
3377179
3377000
3375787
3375689
3374913
3376813
3377100
3363631
3376862
3375399
3364141
3376883
3360446
3378054
3360655
3377227
3364006
3375041
3376884
3364935
3376951
3374945
3378032
3360667
3377080
3377101
3375695
3376705
3376674
3364198
3375747
3376666
3375395
3375408
3360239
3376718
3378418
3360507
3377693
3374970
3375675
3375400
3375092
3375044
3377220
3376890
3378434
3376784
3377187
3377339
3364924
3374981
3376701
3375102
3376885
3376876
3375837
3375411
3364134
3364114
3375540
3377246
3375066
3364491
3377116
3375033
3374949
3378420
3375105
3375398
3378077
3375315
3364495
3376764
3364185
3364007
3377162
3378066
3364958
3377216
3375752
3375823
3378030
3360672
3364186
3377473
3375342
3364005
3363605
3376995
3375086
3375034
3360228
3375444
3376700
3375500
3376794
3360683
3375858
3364901
3377213
3377039
3364118
3364914
3375376
3376763
3374966
3378441
3360565
3364493
3377058
3374968
3360205
3376827
3377114
3364959
3375310
3360569
3374904
3376900
3375401
3378981
3360208
3364195
3364489
3376766
3377049
3363666
3375116
3364468
3377230
3377437
3360215
3378432
3363690
3375441
3376907
3364123
3378921
3364406
3378468
3364976
3378070
3377440
3360551
3374965
3364989
3364405
3376859
3364132
3375740
3360418
3376948
3375091
3375819
3360651
3375146
3360661
3376824
3377458
3376769
3364929
3377113
3374982
3376741
3375568
3376709
3375020
3360566
3363686
3376908
3364109
3378486
3375596
3360272
3375106
3364133
3376897
3375821
3376922
3377111
3374928
3375156
3364187
3375391
3364408
3376844
3378497
3376832
3375529
3360227
3360415
3364934
3377026
3377105
3375852
3377348
3376857
3360403
3375410
3360212
3376758
3374962
3377435
3364115
3375327
3364121
3374959
3374975
3378041
3364961
3360563
3364926
3375361
3375814
3363623
3360213
3378985
3378053
3377155
3375681
3375143
3360204
3364168
3376717
3376955
3363641
3376840
3375525
3364937
3375022
3375158
3360592
3363632
3376873
3378091
3374902
3378454
3360216
3360411
3376969
3376647
3377028
3375024
3375709
3375544
3376950
3377033
3363658
3376825
3360679
3360687
3364916
3375451
3360220
3375524
3375889
3374832
3360593
3377081
3378419
3377233
3376637
3376665
3375012
3375090
3364907
3376730
3375688
3375321
3360232
3363607
3375353
3378075
3378408
3378920
3360513
3375058
3377157
3378996
3375323
3376924
3376721
3375288
3364983
3375412
3375580
3360599
3375535
3375318
3364480
3374992
3364998
3376996
3375863
3360663
3364967
3376615
3364159
3377320
3364194
3364968
3377479
3376780
3375873
3360659
3377011
3376783
3364499
3360273
3363645
3363804
3364957
3375107
3364966
3376726
3376734
3376753
3364970
3376927
3377015
3364942
3378064
3377029
3364977
3375827
3378007
3377510
3375841
3374841
3364469
3364949
3377465
3376660
3375070
3377658
3360210
3377376
3375515
3376746
3375347
3376992
3360641
3378096
3363608
3374978
3375833
3375119
3377608
3377433
3363652
3364122
3377059
3364111
3375113
3375407
3375358
3377117
3375413
3364138
3364919
3377671
3378407
3377106
3375505
3376860
3378952
3376793
3364492
3375696
3378491
3375878
3364938
3378401
3360448
3364160
3377306
3376809
3378476
3376636
3364488
3374980
3376828
3360691
3376991
3363621
3376880
3363625
3376715
3376670
3375124
3376626
3377136
3375518
3375853
3378930
3363677
3378037
3375698
3377069
3378982
3378999
3375543
3374995
3375813
3360528
3376868
3375828
3376681
3364910
3377251
3375296
3378461
3375301
3376982
3360570
3376631
3377143
3376887
3377379
3360407
3364155
3376805
3378465
3375867
3377447
3363675
3377172
3378042
3377166
3378904
3377635
3377394
3360686
3376638
3360269
3377158
3376830
3375881
3374997
3363611
3376923
3375304
3375153
3375800
3364107
3375129
3376673
3378463
3377448
3375322
3377125
3378058
3376787
3364904
3376779
3375135
3376964
3364925
3378464
3378466
3364467
3376916
3375337
3378989
3364922
3376910
3375079
3378907
3375767
3376600
3376659
3376821
3377108
3376932
3364921
3376858
3376601
3374901
3375686
3364199
3376751
3376903
3376649
3376879
3376736
3376624
3376743
3375748
3360696
3375096
3376911
3364125
3360417
3378060
3376610
3376602
3375125
3377013
3377173
3375308
3376985
3375743
3360441
3375130
3378936
3378421
3363622
3374830
3377491
3378946
3376909
3360694
3375506
3375578
3374929
3378949
3364486
3363664
3375440
3364409
3375877
3374839
3363644
3378056
3360511
3376747
3374994
3378458
3378934
3375118
3378428
3375482
3360580
3375504
3375346
3375429
3377129
3377017
3360525
3377385
3376778
3375416
3374935
3375329
3364956
3377632
3375114
3364986
3378034
3378493
3363695
3375807
3375895
3360221
3360646
3378933
3360531
3364401
3376905
3377611
3375055
3377097
3377031
3375801
3364478
3377005
3375072
3376925
3377191
3375338
3364928
3364167
3375755
3376882
3375838
3378902
3378035
3377250
3360508
3376781
3360509
3376658
3377177
3364911
3364927
3360554
3364963
3375379
3375132
3376849
3360658
3377170
3378046
3360591
3374993
3375830
3377057
3376943
3377449
3377277
3374957
3376861
3376724
3375452
3376628
3376611
3378414
3377302
3364947
3374820
3376710
3376893
3363694
3376847
3376958
3375366
3377205
3376725
3377314
3363612
3360571
3360594
3375856
3377065
3376926
3360693
3364981
3377184
3374985
3377326
3377460
3375299
3360238
3374942
3376707
3375545
3377238
3377185
3376776
3377061
3375872
3378038
3378000
3374958
3378074
3375448
3364985
3376807
3378049
3360575
3376650
3376956
3376654
3360503
3375571
3377020
3378451
3364982
3376895
3360647
3376811
3375122
3376877
3375446
3375364
3360529
3364154
3375511
3375283
3364953
3376785
3377212
3375846
3376839
3375406
3375316
3375835
3375912
3376817
3377159
3375454
3375312
3360413
3376616
3375331
3375531
3375144
3364962
3375362
3364100
3375581
3377045
3375148
3360582
3376685
3377603
3360510
3377102
3377225
3375501
3360233
3375437
3360255
3374973
3375089
3375483
3376788
3376871
3375503
3375865
3378039
3360675
3364191
3375340
3360444
3378948
3376732
3378069
3376645
3378079
3360585
3375032
3376669
3375564
3375138
3364932
3378482
3363618
3377365
3375374
3363639
3360640
3375067
3364995
3360590
3377420
3375387
3360259
3376800
3375354
3376806
3377182
3376672
3377222
3375377
3375458
3375382
3376643
3375157
3376773
3376974
3376843
3360252
3374859
3364930
3376815
3360250
3375335
3364951
3375094
3376812
3376706
3360527
3360230
3363805
3378051
3375692
3377175
3375375
3375818
3376841
3375862
3376875
3375857
3364008
3377127
3375521
3360500
3364177
3360235
3360410
3376767
3360447
3363600
3364980
3375847
3364975
3377346
3378477
3374825
3376742
3364197
3374988
3376947
3375303
3378998
3375576
3360678
3375151
3374944
3377010
3378995
3375892
3375326
3360262
3375302
3378082
3374903
3378997
3377168
3377145
3377165
3378055
3376929
3375855
3376810
3377186
3376728
3374927
3375831
3364104
3375595
3375311
3374452
3364466
3374955
3364131
3376826
3364987
3378093
3376933
3375891
3376997
3378047
3375438
3374829
3377027
3375533
3364481
3375344
3377244
3360648
3364984
3360598
3375131
3375864
3376973
3376954
3377126
3378004
3377008
3363624
3378446
3375589
3374953
3374845
3374971
3377399
3375100
3360595
3374455
3378095
3378406
3377006
3360542
3376744
3375004
3360665
3377638
3377526
3377009
3374967
3363693
3376755
3364971
3376740
3378025
3376620
3377099
3376679
3377338
3377036
3376799
3364909
3376738
3378081
3378462
3374940
3375159
3364180
3375350
3364124
3375861
3377401
3376688
3364912
3376965
3375868
3376977
3375810
3378088
3378954
3363617
3360576
3377310
3374960
3364948
3378431
3375806
3374836
3376928
3374954
3375450
3374976
3378470
3376791
3364400
3360654
3364113
3376941
3377231
3378423
3360581
3377034
3375341
3376820
3375367
3376979
3360674
3376727
3374900
3364944
3360402
3377240
3378087
3363649
3375309
3360266
3375843
3376775
3375390
3375063
3375111
3375684
3360536
3364182
3376663
3360588
3374910
3360644
3376713
3378444
3378442
3360406
3363619
3376614
3374450
3377107
3376851
3364140
3375360
3377037
3375594
3376816
3363615
3364485
3378953
3376627
3363685
3375742
3377012
3374951
3360537
3377183
3375851
3364103
3360223
3375313
3375009
3377272
3376762
3377132
3377063
3376735
3375884
3375038
3374925
3377601
3375325
3377325
3360400
3375697
3360680
3377174
3375048
3360534
3378963
3378424
3376790
3375369
3363697
3375839
3378971
3375394
3374923
3375453
3376983
3374984
3378409
3375305
3376664
3378496
3376854
3378459
3376850
3375537
3375134
3378057
3364920
3376917
3375370
3360689
3377215
3363680
3363699
3377052
3378400
3375869
3375345
3376901
3375356
3377040
3364119
3378044
3375336
3377038
3377200
3376856
3375802
3376786
3374961
3376998
3375298
3375351
3377349
3375590
3377164
3375139
3375355
3377074
3375081
3377324
3377014
3364189
3364152
3360265
3360656
3364150
3378020
3378040
3360442
3375876
3364479
3374941
3375757
3375128
3378955
3375422
3376651
3363648
3378085
3376733
3377115
3375314
3378076
3375484
3378439
3364120
3378480
3378417
3375082
3363630
3376931
3376960
3360516
3374938
3364156
3375328
3377605
3375979
3364127
3376957
3364993
3360586
3378061
3378951
3376981
3376678
3376993
3376714
3377331
3377118
3376682
3363629
3364105
3375885
3364403
3375284
3375887
3378003
3377032
3375882
3376789
3376796
3376655
3374906
3375136
3360568
3376632
3375006
3375874
3374854
3360219
3375826
3375152
3374861
3374920
3377464
3376708
3375057
3375104
3377087
3378905
3375065
3375536
3377522
3378098
3376938
3375457
3363669
3364471
3376752
3375142
3360206
3375854
3376866
3376940
3375126
3375428
3360515
3374847
3364979
3363602
3364465
3377067
3375127
3375343
3375085
3375528
3363601
3364106
3378945
3376914
3364978
3376971
3374909
3376945
3364999
3375029
3378923
3364497
3375414
3375805
3377317
3378022
3364402
3360662
3376970
3360263
3376798
3376968
3377234
3374943
3376671
3375150
3378956
3378005
3378977
3364166
3375432
3375025
3364475
3377237
3376872
3364137
3378472
3377403
3374921
3375586
3364490
3376902
3376677
3376765
3374916
3377432
3375099
3374907
3375349
3360555
3376604
3374964
3364184
3360660
3376621
3375030
3360558
3376804
3378903
3377356
3377529
3378941
3364936
3364407
3377181
3376846
3376646
3364918
3377161
3360236
3375750
3375103
3375763
3374918
3360524
3375393
3363654
3360520
3360642
3375149
3378987
3376633
3364974
3360584
3375426
3363687
3375811
3377201
3377363
3378970
3377120
3376978
3378940
3377313
3375332
3375368
3375418
3377176
3364130
3377070
3375893
3377266
3377698
3375808
3376640
3360676
3363672
3376639
3377404
3360225
3378410
3376829
3375386
3375699
3375850
3376676
3376842
3360681
3377035
3376675
3376629
3377193
3360271
3377124
3378405
3375045
3360224
3376836
3374977
3360649
3377060
3377660
3378965
3375449
3375883
3375859
3364915
3376668
3374931
3377380
3363696
3376737
3360200
3360502
3376990
3363801
3378494
3378484
3375825
3364404
3375324
3374983
3377137
3375396
3375372
3364463
3374946
3375683
3360697
3376870
3364144
3364483
3364474
3377084
3377318
3375002
3360401
3360685
3378071
3377214
3364940
3378443
3375567
3376607
3376686
3375459
3377169
3363668
3375051
3360416
3375293
3377307
3364171
3377387
3360564
3378084
3375287
3374934
3375068
3364498
3378962
3374919
3375436
3378059
3376667
3377180
3364973
3375741
3376953
3375749
3376662
3377414
3360449
3375380
3375385
3364939
3364116
3376944
3360512
3375577
3375003
3375023
3375840
3375844
3378908
3376966
3360203
3374998
3374846
3376723
3378961
3375155
3375517
3375415
3375095
3378900
3378068
3374911
3363663
3377004
3375378
3375403
3364135
3363802
3360587
3375101
3375522
3363657
3376935
3376899
3360562
3376987
3364181
3375694
3377455
3375098
3377096
3378063
3360645
3377228
3375890
3363637
3375339
3375007
3376702
3378078
3377623
3375295
3376934
3378492
3375043
3360560
3375523
3374926
3378052
3363803
3375875
3375292
3375036
3375584
3360231
3376748
3375685
3376939
3376921
3363650
3374996
3375848
3377053
3376618
3377021
3378906
3375363
3377103
3375307
3360202
3378048
3376896
3360267
3377043
3377386
3364117
3360572
3375290
3378495
3375383
3377110
3377121
3376704
3375566
3375084
3375591
3375388
3378456
3376792
3375282
3377484
3377300
3364988
3376930
3376967
3377494
3376719
3363656
3375790
3378983
3378959
3376756
3374947
3360440
3364472
3376703
3376689
3360409
3376801
3374824
3376959
3378430
3378411
3364176
3364933
3378072
3375870
3360559
3376852
3364136
3377457
3364110
3376865
3375028
3360443
3378498
3374849
3376609
3375117
3376761
3378006
3376963
3376642
3375371
3376949
3376687
3375014
3364142
3376635
3377609
3375306
3377042
3364923
3364151
3376808
3360567
3363647
3375809
3364908
3376972
3364009
3375039
3375803
3377392
3378984
3375592
3377358
3364190
3374991
3376863
3374963
3375860
3364946
3375817
3364196
3364129
3375600
3378922
3360218
3376989
3360519
3377030
3375320
3374908
3377604
3377217
3376920
3376889
3378475
3377003
3376745
3363653
3378402
3377208
3375616
3375570
3360549
3363698
3375352
3375822
3360583
3364128
3376612
3374939
3375121
3377334
3376777
3375700
3376869
3377002
3376603
3374956
3378469
3377452
3376750
3360226
3378925
3364931
3376644
3378062
3364147
3360574
3377619
3376915
3376952
3377024
3377243
3360532
3376962
3375445
3377669
3375080
3375365
3363665
3378033
3360234
3377062
3378958
3375123
3360577
3376976
3378094
3375572
3375050
3360543
3360261
3376754
3376653
3376881
3363620
3376831
3375005
3376984
3377206
3377018
3360544
3364170
3378437
3375154
3364945
3375777
3363659
3378957
3377370
3364952
3376819
3374855
3377090
3378031
3375804
3378481
3360404
3376641
3364477
3376946
3360505
3377055
3375541
3360217
3377631
3377064
3375420
3375110
3378416
3374922
3378960
3377076
3374979
3377001
3375836
3376834
3376648
3375866
3375842
3360550
3376797
3378036
3377163
3376892
3378450
3375560
3375834
3360669
3376999
3378988
3378024
3360650
3375548
3376729
3375519
3376942
3360666
3374990
3376772
3375141
3363655
3374915
3364153
3376716
3360414
3375832
3376608
3378021
3360539
3376833
3374986
3378045
3374843
3377323
3375480
3376898
3374948
3377044
3374877
3374833
3364494
3376867
3375112
3377242
3376622
3375879
3377375
3376680
3364476
3378467
3375816
3364470
3377189
3376878
3364175
3375319
3360405
3364146
3377672
3375069
3376980
3360673
3377056
3377524
3375539
3375588
3375060
3360209
3375078
3377446
3377496
3375427
3376711
3375447
3375088
3378002
3364193
3375442
3375812
3360695
3360207
3375443
3376864
3375109
3360260
3360578
3378487
3374914
3376874
3364913
3375690
3377188
3375381
3377050
3375087
3375599
3375147
3375108
3375744
3376739
3375552
3377135
3376886
3376625
3375706
3360501
3377699
3377229
3376617
3375530
3378099
3360541
3376760
3376774
3376684
3377269
3378080
3378986
3376918
3360547
3360545
3375512
3364965
3360526
3375587
3364496
3360211
3375280
3377235
3375140
3363609
3360682
3360553
3376823
3364149
3378943
3376619
3375513
3378083
3375455
3360201
3377194
3364108
3375423
3376722
3375046
3376683
3375563
3374989
3375597
3364487
3364906
3376782
3360518
3375049
3363640
3376919
3375534
3378067
3376822
3375682
3378009
3377167
3377016
3360589
3376771
3375402
3375404
3376652
3360419
3376583
3364960
3375888
3376759
3364172
3376657
3364188
3377128
3377078
3364102
3375052
3377007
