81908295
81806497
81903795
81901941
81908292
81806486
81909785
81909784
81908297
81906869
81906861
81909782
81809851
81906863
81703801
81901945
81806480
81908293
81901949
81901944
81904471
81806498
81806492
81906860
81909780
81909783
81703803
81806487
81903793
81901946
81806488
81806494
81903790
81909789
81806481
81901942
81904478
81908296
81809852
81906865
81906867
81901943
81908299
81909787
81908291
81903794
81906866
81904473
81806485
81806495
81908294
81906864
81903796
81809854
81901947
81806490
81904479
81901940
81703800
81806489
81904475
81909788
81901948
81904470
81903799
81906868
81806491
81903792
81904474
81806482
81906862
81909786
81806499
81809850
81909781
81806483
81904476
81904472
81806493
81904477
81903798
81809853
81908290
81903797
81806496
81806484
81908298
