81708536
81800919
81707472
81908430
81800123
81604727
81708435
81707587
81604688
81703837
81908241
81707734
81707466
81908408
81800966
81906871
81707664
81800888
81707334
81708484
81800603
81800600
81906718
81707662
81707546
81707599
81707418
81707775
81800000
81708639
81708564
81807670
81708401
81708852
81906855
81707788
81703841
81800700
81707017
81906717
81908252
81707539
81707537
81800721
81906838
81707407
81809839
81707595
81908245
81603465
81604290
81707586
81906719
81906625
81807607
81708335
81707597
81707079
81707520
81707684
81707790
81707791
81906622
81908391
81906693
81908271
81809823
81704874
81707526
81707498
81708364
81708808
81704801
81708305
81707482
81707533
81908446
81704814
81906880
81604275
81604576
81707798
81707493
81707412
81906754
81707678
81707499
81906682
81906628
81707618
81708444
81906812
81906621
81707566
81707554
81708409
81602284
81807665
81604828
81906692
81800300
81707475
81708477
81906714
81707484
81707518
81704817
81604929
81708423
81602300
81807991
81908436
81708328
81707573
81906713
81609712
81707515
81604307
81800583
81708245
81609338
81707779
81604987
81707794
81800898
81604736
81906872
81906746
81908333
81604369
81704800
81604862
81906752
81906702
81602369
81708593
81707477
81707041
81906732
81800823
81708367
81707564
81906837
81604825
81807691
81906708
81708325
81807618
81708415
81800455
81708515
81704866
81906742
81906690
81707419
81708503
81602738
81800722
81707440
81807676
81707574
81908613
81708877
81707485
81708553
81800934
81906721
81807900
81807642
81807687
81908629
81906629
81800491
81707656
81800100
81708388
81807614
81807626
81703816
81707663
81800655
81906705
81708261
81707793
81707609
81708448
81906744
81708529
81906831
81800605
81707598
81704812
81708510
81906631
81704880
81807675
81708949
81807655
81707594
81906680
81800320
81707465
81906624
81708355
81708309
81708507
81707415
81908616
81906691
81704926
81708414
81807647
81604356
81906731
81707568
81707517
81604926
81707330
81708442
81906734
81807634
81908281
81906738
81707740
81704948
81900816
81708427
81707463
81800800
81800544
81707512
81604618
81604524
81708351
81704942
81708575
81800696
81807624
81809899
81707781
81708913
81707569
81604362
81703891
81707589
81906627
81604302
81707540
81704805
81707471
81707561
81707523
81906730
81906889
81704807
81707481
81807627
81708760
81906724
81908621
81906834
81807650
81707413
81708827
81800982
81807646
81708422
81602316
81906835
81908694
81908437
81707783
81800428
81604725
81906686
81807649
81707078
81908301
81707799
81704922
81704816
81906639
81603498
81707529
81908614
81707639
81807667
81704821
81807619
81708478
81908604
81704917
81906623
81908280
81906758
81800601
81707473
81707792
81604781
81800336
81604612
81708363
81807616
81908251
81906709
81800670
81807657
81908423
81707538
81906704
81708509
81708360
81708377
81906818
81708434
81906761
81703823
81707591
81707770
81708347
81807639
81908331
81704897
81906813
81704810
81807993
81601573
81906791
81908442
81703851
81604839
81708432
81906681
81906821
81708316
81708850
81908028
81800342
81906707
81707570
81908601
81708378
81807609
81707627
81604728
81707786
81707535
81807659
81906851
81800972
81707636
81800903
81906737
81908359
81708957
81906757
81903771
81707474
81906842
81908699
81604649
81906843
81908427
81906749
81609923
81707659
81707469
81707514
81704818
81906620
81707387
81707584
81708446
81707522
81708358
81906848
81707525
81906716
81707536
81800111
81800687
81906759
81807682
81809897
81707416
81708650
81604726
81704896
81707884
81906830
81809832
81707491
81609369
81908274
81704802
81708517
81809836
81708683
81800809
81708269
81708288
81908631
81800821
81708263
81708318
81800222
81906824
81906733
81807686
81709007
81906689
81906637
81809891
81707665
81708559
81707292
81708426
81708439
81707623
81707682
81708384
81906879
81908258
81707403
81703896
81604782
81909799
81800899
81708366
81704911
81604651
81707660
81908257
81707548
81908248
81807658
81800808
81906751
81708362
81908426
81906699
81906811
81906750
81707562
81604780
81708383
81707527
81707441
81807641
81707547
81708456
81604941
81707468
81707476
81800327
81707032
81800701
81906850
81906870
81906735
81707772
81906886
81707513
81906891
81604630
81604761
81708425
81602319
81800915
81707666
81704865
81800325
81906711
81704885
81906697
81908619
81906819
81807681
81906706
81708321
81908255
81603773
81707739
81800543
81704809
81707467
81908369
81708528
81906873
81800684
81707464
81906712
81707593
81707797
81708480
81604360
81906753
81906710
81707545
81906722
81708314
81708835
81604537
81807678
81608345
81707549
81704806
81906701
81906700
81707778
81604305
81703855
81704870
81604988
81707588
81604729
81707483
81604313
81809838
81707228
81807612
81800361
81708533
81609456
81604787
81708332
81606541
81707893
81908617
81604588
81906755
81906684
81708331
81906638
81908610
81906849
81707452
81704894
81906756
81906853
81708455
81906878
81708540
81707650
81906687
81807660
81906688
81800602
81906726
81604719
81809834
81800485
81708489
81707889
81908261
81800568
81703815
81707789
81800846
81908424
81906703
81602570
81906685
81908351
81708333
81800400
81604873
81906698
81908428
81908609
81906630
81800816
81708903
81807934
81906832
81708386
81906739
81708326
81708303
81908618
81708417
81708302
81906715
81707470
81707480
81708337
81906626
81707487
81604779
81708550
81908626
81906736
81906881
81908221
81707488
81704895
81708506
81708443
81906801
81708365
81707360
81800386
81708317
81906683
81800220
81908603
81707943
81604367
81707658
81707635
81800367
81906747
81707516
81704912
81708357
81908361
81708601
81604439
81604603
81906720
