4673950
4676939
4670477
4673707
4673779
4672275
4673634
4673585
4673570
4676902
4676705
4670411
4673687
4672036
4673713
4676219
4673631
4676277
4672869
4673615
4672903
4670474
4672273
4676401
4672926
4673774
4672254
4673874
4670028
4670073
4676287
4676580
4673672
4673625
4679021
4670776
4673982
4673642
4676942
4673786
4670061
4670423
4676423
4673690
4676429
4670479
4670091
4676087
4673920
4670099
4670484
4673757
4672277
4676268
4670460
4676207
4670020
4670737
4676203
4672858
4673793
4673630
4676914
4676221
4673986
4673947
4672917
4672901
4676285
4670723
4676297
4673899
4676216
4670704
4672034
4676091
4676426
4670454
4673743
4670089
4673622
4673991
4676274
4673877
4673551
4676403
4673645
4672040
4676068
4673698
4673574
4670439
4673988
4672928
4673896
4672019
4670442
4673702
4670419
4673987
4670420
4672906
4676077
4676922
4670036
4673981
4673617
4676074
4676255
4670481
4676263
4676915
4672029
4673798
4672833
4670055
4672280
4673955
4672283
4672900
4673639
4670006
4673995
4670038
4676234
4673767
4673566
4672943
4670730
4670043
4670463
4672862
4670799
4672293
4676408
4676058
4672020
4672831
4672271
4673637
4672925
4673960
4676217
4670753
4670005
4670406
4670453
4672931
4673770
4670096
4673721
4676651
4673989
4673948
4670742
4672010
4673638
4673565
4673970
4670441
4673958
4670729
4676088
4673792
4670017
4673686
4670702
4672278
4676282
4673794
4672038
4672915
4670784
4673712
4670476
4673682
4672839
4670438
4676252
4670750
4672028
4670009
4673616
4670714
4672008
4673611
4676259
4673613
4672854
4670044
4670790
4673893
4672255
4676205
4673694
4673952
4673895
4673765
4673932
4670773
4673933
4672005
4672914
4673736
4670166
4670744
4676262
4670098
4670447
4676946
4670057
4673607
4670445
4673589
4672003
4670151
4673643
4673573
4673873
4676590
4673657
4673756
4676412
4673870
4673659
4673916
4673961
4676414
4672026
4673684
4672039
4670745
4673766
4676071
4673990
4676425
4670779
4670726
4670065
4673922
4670738
4676261
4672946
4672021
4670783
4673727
4679040
4676420
4676258
4673584
4670451
4673666
4676707
4670004
4673619
4676097
4670708
4670788
4670448
4676209
4673910
4673911
4672936
4670782
4670433
4676916
4676084
4672258
4676067
4673998
4670410
4673875
4670700
4670432
4672932
4672048
4670489
4676583
4670458
4670417
4673962
4676589
4673949
4673975
4673902
4673781
4676568
4670060
4670418
4676280
4676294
4676584
4676094
4676588
4673914
4672841
4676076
4670029
4672918
4670015
4679015
4673907
4670016
4676567
4672046
4673904
4676421
4676944
4676298
4676222
4670167
4673797
4673670
4670034
4672910
4673649
4670488
4676940
4672940
4676719
4673704
4670090
4676575
4673759
4676098
4672941
4673569
4670727
4673688
4676232
4670019
4672294
4676943
4673903
4676251
4673787
4673629
4670437
4673701
4670030
4673897
4670734
4676069
4673934
4673600
4670777
4673696
4673785
4673605
4670774
4673732
4672933
4672944
4673692
4676286
4673693
4670464
4676227
4673564
4676271
4670749
4673685
4673748
4673691
4672024
4672871
4673959
4676400
4673927
4673993
4670757
4676710
4670078
4670413
4670047
4670494
4670499
4673679
4673945
4673762
4672007
4672044
4670731
4676415
4672916
4676085
4672297
4676559
4670424
4673967
4670461
4672911
4673720
4673703
4672850
4676417
4676215
4673572
4670416
4673658
4673553
4676594
4673598
4670770
4670739
4676065
4670084
4676092
4670769
4673913
4670718
4673974
4673610
4676561
4673708
4673592
4676299
4676095
4673588
4673891
4670475
4672924
4673706
4676418
4672004
4676928
4673667
4672846
4673591
4673871
4672015
4672298
4673796
4672001
4673773
4670478
4672260
4672290
4676279
4670162
4673771
4672292
4676269
4673594
4673898
4670440
4673738
4670709
4672870
4672864
4672045
4676260
4670035
4670400
4676577
4673674
4672913
4673620
4673648
4670756
4679055
4672860
4670079
4673652
4670459
4673749
4673581
4670058
4670156
4676404
4673568
4676653
4676586
4676948
4676560
4679032
4670431
4670002
4676059
4670008
4673795
4670485
4670434
4670771
4672923
4670064
4673602
4670787
4676284
4673567
4676249
4676582
4676204
4676711
4676201
4673901
4673930
4672836
4673983
4672945
4673571
4676060
4672834
4670446
4673559
4673768
4673731
4676248
4670024
4670466
4673789
4676599
4672856
4673554
4670728
4673609
4676241
4673668
4672847
4673582
4673716
4673641
4670761
4676267
4672947
4676925
4673604
4676708
4670746
4670062
4670767
4670409
4673754
4676266
4676240
4673775
4670010
4670086
4676278
4673599
4673788
4672927
4670076
4673969
4673943
4676281
4670797
4670075
4670025
4670768
4673624
4676073
4673593
4673971
4670040
4670721
4673717
4672033
4673953
4670421
4673597
4676410
4670404
4676275
4679053
4673711
4673784
4676913
4672844
4676566
4673218
4676072
4676070
4673552
4673689
4676929
4673906
4670785
4673560
4670415
4673213
4672013
4670412
4676066
4676564
4676229
4676214
4676917
4670765
4670732
4673723
4672284
4672855
4672291
4672296
4670051
4676562
4673746
4670443
4679017
4676555
4672279
4670495
4673912
4670053
4673740
4673954
4673944
4670012
4673647
4670455
4673936
4670786
4673999
4673728
4673628
4676949
4673763
4676927
4672299
4670072
4670021
4672863
4672929
4676053
4676428
4676427
4673719
4670426
4679054
4670444
4670087
4673935
4670703
4673655
4673729
4673951
4673942
4670789
4673908
4676930
4670712
4673778
4673918
4676598
4672272
4676245
4676265
4673695
4673758
4672259
4673761
4670725
4676558
4676581
4672852
4676714
4673651
4673580
4676709
4676923
4673699
4676716
4670491
4676228
4670492
4676704
4673980
4673595
4676062
4670707
4676293
4679051
4670469
4672281
4673939
4670095
4676051
4673925
4670711
4670074
4672919
4670414
4672912
4673923
4672042
4676050
4679039
4673596
4676270
4670042
4676247
4673555
4672253
4672853
4673760
4670780
4676291
4672025
4676932
4670026
4670401
4676905
4676063
4670425
4670083
4672877
4676700
4676551
4672938
4670041
4670468
4670736
4676591
4672857
4676242
4672250
4676057
4670794
4670000
4676903
4676706
4670164
4676703
4673938
4673928
4673931
4673661
4670796
4670063
4673556
4670710
4676941
4676926
4676947
4673726
4672295
4673586
4670003
4670402
4673957
4672908
4676246
4670793
4676419
4676553
4673929
4676235
4673590
4676236
4672257
4672270
4672837
4670046
4670754
4673915
4670049
4673633
4673656
4672002
4670733
4670001
4670449
4670069
4670493
4673917
4673909
4670716
4676937
4676224
4672907
4673924
4670760
4676064
4670747
4670706
4676907
4673215
4673640
4673644
4676078
4670022
4676272
4676237
4676206
4670471
4670462
4676231
4676569
4679042
4673872
4676550
4673733
4679027
4673646
4673973
4672859
4673968
4672018
4673751
4673977
4676089
4676223
4673664
4673978
4676208
4672252
4670011
4673996
4676082
4670781
4673985
4670093
4673563
4676416
4676587
4670795
4673562
4673747
4672023
4672251
4673752
4670070
4672875
4670763
4670766
4672286
4670486
4670482
4676061
4673966
4673890
4676936
4673994
4672835
4673984
4676935
4676292
4670436
4676563
4672022
4676576
4672935
4670039
4673654
4676218
4676288
4673799
4672937
4673710
4672288
4670752
4676283
4676718
4676717
4676239
4673578
4670717
4673579
4673735
4672256
4670735
4673919
4673606
4676924
4673791
4672830
4673678
4676080
4673558
4670407
4673635
4676244
4673737
4676402
4672043
4673940
4670018
4673722
4676574
4672264
4670082
4673663
4670778
4679020
4676595
4676096
4673714
4672848
4679045
4676290
4679038
4676213
4673557
4670428
4673745
4676918
4672276
4676554
4673905
4676264
4673576
4676099
4672274
4676715
4673744
4670467
4676210
4676422
4676243
4673627
4673601
4672865
4672035
4676083
4673782
4676557
4670033
4676552
4672047
4673587
4670071
4670713
4670759
4676413
4670791
4670473
4676424
4673608
4672872
4673676
4676407
4673660
4673671
4673742
4676056
4670498
4673734
4670023
4670496
4670014
4670748
4672031
4673626
4670775
4672902
4676289
4673632
4672866
4676910
4676945
4676701
4673741
4670719
4672012
4676093
4679041
4676233
4670080
4670422
4673612
4673783
4676212
4670724
4670160
4670056
4672948
4670048
4676406
4673992
4672282
4676713
4673878
4673705
4676054
4672037
4670452
4672909
4670050
4673769
4673675
4673963
4676904
4673680
4673921
4673790
4673972
4672921
4676226
4673700
4670045
4670755
4672009
4672041
4676934
4672016
4676702
4673894
4673603
4676075
4673662
4670068
4676211
4673753
4673709
4679047
4676200
4672000
4670798
4670052
4672261
4676230
4670472
4670085
4676202
4670456
4670470
4676409
4673697
4670088
4673879
4673776
4672262
4670758
4673941
4676931
4672030
4673677
4672289
4679023
4672934
4673665
4673577
4672949
4673926
4673683
4673772
4672049
4670430
4670762
4673750
4672904
4670465
4676411
4673755
4670741
4673876
4673979
4676256
4676254
4673997
4673780
4672285
4676912
4673618
4670403
4670092
4676295
4676712
4672922
4676650
4672027
4673636
4679043
4670054
4673653
4670081
4670161
4670077
4672287
4672011
4670429
4673724
4670483
4673965
4672930
4673583
4672006
4679022
4670031
4670722
4670007
4672832
4676055
4676921
4676911
4673718
4670427
4670480
4676901
4673650
4676250
4676276
4673550
4673561
4676086
4673669
4676220
4676052
4672851
4676081
4673900
4670772
4679057
4676556
4670740
4676578
4670435
4670701
4670720
4673764
4673614
4673937
4676273
4673956
4670487
4679029
4676565
4673964
4676920
4673673
4672939
4676585
4676933
4670751
4676296
4676225
4670497
4670094
4673725
4670490
4672905
4670037
4670457
4670097
4670764
4672942
4673621
4672032
4670743
4672014
4676919
4670715
4676090
4673681
4676079
4672838
4676253
4673777
4670032
4670450
4672017
4679011
4670408
4673976
4670405
4670705
4676405
4673946
4670066
4670027
4673892
4670059
4676238
4670792
4676938
4673623
4673739
4673715
4673575
4676257
4670067
4673730
4670013
4672920
