4670645
4670619
4670527
4673841
4672205
4670519
4670513
4670356
4672563
4670245
4673818
4673076
4670530
4676144
4670284
4670531
4673835
4670263
4676147
4673809
4670675
4670577
4670277
4670218
4672238
4673819
4676786
4670687
4672226
4672231
4673064
4672596
4670568
4676796
4672502
4670264
4676826
4676802
4672450
4672705
4673062
4670622
4670558
4676845
4670399
4670297
4672249
4670554
4670674
4672219
4673826
4672505
4670363
4670235
4672224
4673845
4676119
4670516
4670572
4670368
4670227
4670330
4676765
4673098
4676843
4672454
4672586
4672531
4670212
4670250
4672595
4673037
4672561
4672456
4672571
4670326
4672554
4670545
4672553
4670371
4670298
4676790
4673043
4670691
4670397
4672589
4672598
4673057
4672225
4670557
4670668
4670596
4670347
4673089
4672210
4676839
4670503
4673058
4676133
4670379
4670348
4670377
4672729
4672542
4670540
4673832
4676827
4673829
4670576
4676111
4673047
4673025
4672559
4670339
4670532
4672560
4673840
4670387
4670626
4670529
4670659
4670301
4672713
4672599
4672588
4672518
4673053
4676116
4673066
4670688
4672567
4670393
4676804
4670507
4670625
4670601
4672215
4670582
4670289
4670549
4670396
4670243
4673052
4670591
4670395
4670319
4672579
4670303
4673820
4672712
4672741
4670341
4673092
4670209
4670535
4670211
4673807
4670563
4672500
4673042
4672591
4670631
4670667
4670589
4670682
4670352
4670615
4672452
4672248
4673086
4672552
4670579
4672468
4672514
4672541
4670669
4670307
4670639
4670536
4673802
4673812
4676766
4670217
4670657
4670565
4672209
4670202
4670203
4670220
4670322
4670692
4670515
4672728
4673838
4672540
4670544
4672731
4670683
4672507
4673848
4672516
4670689
4670583
4676761
4672504
4676134
4672222
4673071
4670652
4670681
4672715
4673813
4670698
4670210
4672508
4676113
4672702
4670523
4670317
4670559
4670241
4673081
4672244
4670261
4670233
4672506
4673811
4670627
4673080
4672550
4672245
4670336
4673056
4670256
4670642
4670255
4670346
4670643
4670522
4676764
4670651
4672587
4673054
4670690
4676115
4670543
4670242
4670324
4672240
4672524
4670514
4670283
4672562
4672512
4672521
4672216
4670518
4672577
4673844
4670500
4673085
4673821
4673061
4672503
4676105
4670658
4670293
4670334
4670566
4676110
4672519
4673847
4670588
4670296
4676846
4673094
4673048
4673082
4670662
4670383
4672593
4673846
4670351
4672533
4670502
4676792
4673831
4672565
4672243
4670200
4670251
4673827
4670222
4673837
4670384
4673029
4670382
4670328
4670672
4670246
4672213
4670315
4676844
4673849
4670354
4670646
4673839
4670679
4673050
4670391
4670590
4676821
4672544
4676847
4670327
4676801
4670388
4673072
4670603
4672739
4673843
4670240
4670355
4672539
4672592
4670654
4672721
4672517
4670630
4672723
4670358
4673070
4670353
4670504
4670343
4672564
4670337
4670541
4676763
4670333
4676779
4673833
4673825
4670362
4670308
4670345
4673040
4670602
4676814
4672535
4670621
4670267
4670648
4676768
4673805
4670299
4670254
4676106
4670275
4670247
4670533
4670656
4670636
4670225
4672525
4672714
4670213
4672515
4670673
4670676
4673038
4672558
4676781
4676100
4673034
4670286
4672203
4670571
4670285
4670633
4676774
4676823
4670629
4676124
4673075
4673049
4670552
4672700
4670635
4670244
4672223
4672703
4672511
4673046
4670546
4670570
4673079
4670564
4673021
4672576
4670272
4670526
4672214
4673026
4672725
4670677
4670342
4672217
4670508
4673814
4676760
4673801
4670699
4672575
4676828
4670561
4672510
4672545
4670274
4673804
4672509
4670359
4670686
4673083
4670204
4676822
4670344
4670534
4670314
4672529
4670506
4670385
4672543
4673068
4672555
4672536
4676833
4670234
4673059
4673069
4670585
4673091
4670623
4670634
4670364
4676103
4676832
4670338
4673027
4672534
4676108
4670587
4670226
4673033
4670223
4673024
4670340
4670512
4673810
4670617
4672528
4670323
4672230
4670239
4670369
4673022
4672246
4670271
4673808
4672584
4673055
4670394
4670694
4672718
4672734
4672202
4670257
4672746
4670305
4676842
4672247
4670520
4672466
4670574
4670381
4676772
4673830
4670249
4670208
4670670
4673095
4672242
4670612
4673078
4670509
4672566
4670655
4670653
4672711
4672569
4670278
4673036
4672200
4673815
4673041
4670600
4670221
4672570
4670685
4670376
4672237
4670201
4670265
4672527
4670525
4670528
4670279
4670649
4672551
4673817
4676820
4672523
4670392
4672722
4670215
4676825
4672229
4670521
4670550
4672590
4672720
4672207
4672745
4670542
4670357
4670370
4676767
4670320
4672241
4672537
4673039
4670373
4676117
4672236
4676788
4670511
4670505
4670517
4676136
4670548
4670664
4676127
4673023
4670282
4670538
4670660
4673045
4670665
4670380
4670501
4670375
4670216
4670678
4670372
4672732
4672583
4670537
4672573
4670605
4670581
4672548
4672235
4670555
4670270
4672221
4670644
4672201
4670398
4676834
4670695
4670592
4672208
4670228
4670306
4676824
4670266
4670584
4670312
4670597
4670632
4672522
4672580
4670316
4672582
4670361
4672568
4676102
4673084
4670638
4672743
4673051
4670224
4670325
4672740
4672232
4673828
4670230
4672556
4670332
4670628
4670586
4673044
4672234
4672724
4670580
4672727
4670302
4670295
4670609
4676800
4676762
4670205
4670637
4676118
4676829
4672228
4670610
4670697
4673065
4673028
4676126
4672206
4672239
4670598
4670389
4670294
4670641
4670613
4670291
4672572
4670578
4670350
4676817
4670273
4672547
4676841
4670671
4670594
4670206
4676114
4670219
4670300
4670539
4672233
4670593
4670349
4670553
4670260
4670611
4673822
4676838
4670680
4673803
4670236
4672585
4670378
4670310
4672597
4670238
4673824
4670311
4673836
4670231
4670560
4670331
4672574
4676848
4670551
4673077
4670614
4670335
4673087
4670290
4670573
4670604
4673020
4673842
4672464
4672526
4672594
4670288
4676769
4676101
4670618
4670666
4670360
4670684
4676148
4676107
4670365
4670269
4670693
4672520
4676138
4672546
4673816
4670624
4673073
4672220
4672557
4676799
4670556
4670207
4670287
4670620
4670524
4670640
4672707
4673063
4670661
4670696
4670663
4670313
4672726
4670309
4673035
4676849
4670276
4670510
4670214
4673800
4670280
4673823
4670562
4670366
4670237
4670606
4670367
4672204
4670259
4673067
4670650
4670595
4673060
4670252
4672581
4670547
4670575
4670292
4670248
4670229
4670607
4672501
4670567
4670258
4670304
4673074
4670616
4672513
4672227
4672538
4670281
4670232
4672578
4676787
4672549
4673834
4670253
4670374
4670321
4672530
4670318
4672211
4670390
4673088
4670386
4672744
4670262
4676811
4670608
4670268
4670329
4676840
4673806
4670647
4672532
4670569
4676818
4670599
