4676496
4672771
4676964
4676459
4676369
4679076
4676517
4672058
4676753
4676973
4673483
4673488
4676378
4673293
4670175
4672776
4673486
4672801
4673499
4676956
4672788
4679075
4673492
4672130
4676435
4672426
4676152
4676754
4676742
4672787
4676453
4679073
4676155
4676440
4676456
4676432
4672792
4679068
4672402
4672141
4670181
4676454
4676449
4673498
4672780
4673489
4672760
4676954
4672420
4673491
4673100
4676458
4672403
4676758
4673479
4673485
4673274
4676450
4672789
4676971
4676442
4676977
4676746
4672120
4672444
4670111
4676983
4676353
4672775
4676752
4676751
4676457
4673482
4673101
4673475
4672050
4676150
4676972
4676153
4679072
4676968
4672449
4676755
4679077
4679070
4676443
4676441
4672078
4670184
4672773
4673107
4676436
4672778
4672762
4672688
4673495
4672427
4676757
4672341
4670118
4672061
4673497
4670172
4672779
4673487
4676357
4672080
4672785
4676451
4679078
4672448
4673480
4676536
4676151
4676445
4673477
4676156
4673462
4676154
4670173
4676745
4672125
4672442
4679066
4676747
4672772
4672135
4672443
4673496
4676962
4676437
4672127
4676953
4673494
4679062
4672145
4676965
4676452
4672092
4673182
4679071
4676994
4673493
4673484
4672143
4670170
4670193
4672142
4672077
4676159
4676438
4676448
4676955
4670194
4672786
4676157
4679061
4670188
4676447
4676433
4673490
4676434
4673867
4673862
4676439
4676759
4676741
4676158
4673481
4676957
4673183
4676695
4673466
4676444
4670171
4676724
4676692
4676475
4676431
4679079
4673180
4676756
4672055
4672432
4676455
4672441
4679074
4673181
4670176
4676430
4670190
4676446
4676495
4676750
4676960
4676951
