96657832
96657627
96657786
96657705
96657811
96657687
96657806
96657693
96657807
96657836
96657703
96657801
96657743
96657736
96657603
96657725
96657653
96657845
96657657
96657881
96657702
96657624
96657898
96657774
96657851
96657734
96657799
96657681
96657695
96657641
96657652
96657608
96657713
96657634
96657600
96657690
96657674
96657802
96657824
96657866
96657714
96657631
96657738
96657857
96657893
96657884
96657656
96657895
96657819
96657880
96657647
96657899
96657640
96657721
96657876
96657673
96657741
96657812
96657778
96657841
96657633
96657604
96657858
96657749
96657715
96657682
96657787
96657663
96657722
96657740
96657730
96657887
96657872
96657831
96657697
96657783
96657628
96657676
96657839
96657684
96657707
96657825
96657670
96657728
96657602
96657678
96657882
96657815
96657739
96657842
96657643
96657752
96657665
96657759
96657859
96657830
96657724
96657746
96657605
96657833
96657712
96657630
96657694
96657607
96657658
96657853
96657885
96657698
96657708
96657846
96657840
96657710
96657870
96657662
96657616
96657755
96657854
96657626
96657719
96657847
96657655
96657651
96657747
96657613
96657618
96657629
96657826
96657711
96657757
96657792
96657865
96657723
96657773
96657650
96657677
96657664
96657855
96657888
96657699
96657609
96657648
96657625
96657863
96657671
96657864
96657732
96657620
96657622
96657896
96657619
96657771
96657814
96657706
96657745
96657789
96657877
96657688
96657784
96657756
96657645
96657611
96657680
96657691
96657849
96657809
96657735
96657892
96657717
96657696
96657683
96657813
96657779
96657879
96657878
96657828
96657617
96657829
96657897
96657636
96657769
96657686
96657768
96657720
96657649
96657848
96657701
96657644
96657871
96657742
96657775
96657675
96657797
96657748
96657793
96657861
96657744
96657886
96657874
96657700
96657737
96657614
96657875
96657750
96657661
96657890
96657850
96657791
96657873
96657788
96657790
96657666
96657760
96657766
96657816
96657621
96657660
96657772
96657764
96657781
96657685
96657632
96657823
96657817
96657835
96657601
96657821
96657889
96657785
96657612
96657805
96657777
96657727
96657852
96657795
96657761
96657843
96657692
96657894
96657862
96657780
96657827
96657754
96657729
96657751
96657796
96657637
96657794
96657733
96657844
96657803
96657731
96657615
96657672
96657838
96657753
96657716
96657767
96657891
96657798
96657623
96657689
96657726
96657776
96657704
96657606
96657782
96657869
96657639
96657763
96657709
96657638
96657810
96657667
96657610
96657804
96657642
96657770
96657856
96657635
96657860
96657765
96657668
96657654
96657834
96657758
96657679
96657659
96657822
96657762
96657868
96657820
96657646
96657669
96657837
96657718
96657867
96657800
96657808
96657818
96657883
