96656555
96656937
96654445
96656338
96656771
96656016
96654754
96656439
96656765
96654252
96656282
96656554
96656762
96654057
96654743
96654424
96654129
96654737
96654689
96656699
96656037
96656456
96654967
96654545
96656974
96656872
96656921
96654436
96654947
96656641
96654430
96654270
96654604
96656070
96656261
96656235
96654564
96656104
96654297
96654661
96656144
96654273
96656789
96654620
96654860
96654876
96656756
96656460
96654133
96656132
96654578
96654686
96656327
96654293
96656887
96654097
96656577
96656184
96654153
96654999
96656601
96654600
96656893
96654257
96656936
96656174
96656929
96654696
96656165
96654808
96656160
96654516
96656715
96654607
96654203
96654346
96656416
96656597
96656220
96656603
96656750
96654335
96656668
96656609
96656985
96656453
96656837
96656337
96654437
96654713
96654005
96656289
96654307
96654483
96654858
96656632
96654009
96656173
96656177
96656744
96654664
96656490
96656495
96654587
96654742
96654954
96654784
96656421
96656431
96654302
96654595
96656648
96654705
96656823
96654836
96654056
96654449
96654969
96656367
96656481
96654408
96656254
96654907
96656786
96656945
96654148
96656487
96656523
96656270
96656248
96656859
96654610
96654340
96656259
96654496
96654121
96656001
96654234
96654786
96654412
96654158
96654996
96656557
96654374
96656711
96656695
96656758
96656221
96656351
96654707
96654314
96656911
96656258
96654207
96656753
96656965
96656760
96654659
96656172
96656599
96656510
96656370
96654341
96654321
96654930
96656900
96656798
96656054
96656691
96654073
96656279
96656458
96654024
96654803
96654136
96656217
96656323
96656684
96656182
96656396
96654456
96654755
96656324
96656564
96656463
96656465
96654310
96656652
96656021
96656377
96654611
96656276
96654410
96654576
96654806
96656682
96654328
96656619
96656622
96654402
96654100
96656655
96654044
96656075
96656842
96656025
96654000
96656023
96654292
96654988
96654847
96654286
96656161
96656780
96656931
96654781
96654419
96654911
96656055
96656642
96656526
96656529
96656136
96656383
96656415
96654291
96654666
96656542
96656018
96654558
96654363
96656539
96656409
96656923
96656863
96654575
96656675
96654099
96654602
96654896
96656196
96654932
96654537
96654639
96656423
96654816
96654683
96654068
96654538
96654831
96656881
96654918
96654403
96654075
96656360
96656658
96654638
96656517
96654186
96656734
96654316
96656902
96656076
96656074
96656608
96656977
96656326
96656873
96656079
96656999
96654095
96656888
96654051
96654511
96654478
96654667
96654354
96654868
96654028
96656701
96656883
96656935
96654332
96654371
96656129
96654506
96654315
96654964
96656980
96654880
96654758
96654390
96656066
96656357
96656052
96654112
96654118
96656722
96656587
96654882
96654059
96654843
96654677
96656283
96654441
96654863
96656441
96654238
96654725
96656123
96654047
96654040
96656400
96654951
96654590
96654420
96654222
96654867
96656874
96654900
96654311
96654128
96656650
96654096
96654431
96656375
96654485
96656649
96656804
96654447
96654574
96656489
96656192
96656424
96656154
96656344
96654946
96654517
96654309
96656159
96654181
96654820
96656774
96656445
96656090
96654473
96654892
96656724
96654561
96656401
96654819
96654146
96654633
96656356
96656943
96656594
96656428
96654761
96656387
96656562
96654393
96654162
96654194
96654016
96654550
96654531
96656727
96656498
96656821
96654208
96654334
96654048
96654074
96654086
96654173
96656288
96656834
96656063
96656792
96656745
96654029
96656345
96654986
96656200
96656286
96654717
96654103
96656677
96654800
96654382
96654978
96654489
96656794
96654643
96656519
96656864
96656561
96654955
96654113
96654573
96654767
96656973
96654224
96656049
96656084
96654723
96654376
96654111
96656393
96656768
96656830
96656912
96656736
96654391
96654606
96654231
96654849
96656833
96654634
96656434
96654180
96654976
96654641
96654387
96654015
96654943
96656145
96656391
96654811
96654052
96656299
96656121
96656869
96656239
96654353
96656558
96654818
96656723
96656026
96656214
96656817
96656242
96654362
96654279
96654583
96654879
96656914
96654665
96656452
96656661
96656570
96656186
96654687
96656897
96656669
96654064
96654179
96656082
96656216
96654933
96654501
96654373
96656237
96656163
96654266
96654929
96654347
96654327
96654500
96654669
96656885
96656782
96656528
96656014
96656563
96656316
96656578
96656183
96654821
96654700
96654650
96654958
96654834
96656468
96656574
96654087
96654380
96656718
96654255
96656644
96656692
96656219
96654428
96656271
96654246
96656930
96656666
96656593
96656511
96656386
96656680
96654581
96654608
96656368
96656962
96654355
96654474
96654520
96654383
96654753
96654805
96654923
96656047
96654357
96656435
96654200
96656968
96654457
96654319
96656418
96656809
96654773
96654461
96654712
96656819
96654060
96656028
96656527
96656970
96654679
96656484
96656552
96656376
96654498
96654766
96654082
96654920
96654542
96656278
96654804
96656263
96656406
96654658
96656241
96656331
96656442
96656373
96654589
96654063
96656207
96656766
96656785
96654584
96656831
96654798
96656906
96656284
96654288
96654120
96654085
96656240
96654392
96656348
96656776
96654220
96656627
96656108
96656197
96654342
96654812
96656230
96656674
96654622
96654839
96654247
96654997
96654320
96656455
96656964
96656251
96656425
96654769
96654704
96654710
96656759
96654749
96654155
96656854
96654396
96656314
96654649
96654487
96656982
96656797
96654166
96654599
96656858
96656861
96654499
96656659
96656191
96656645
96654539
96654521
96656948
96654776
96656590
96656138
96656402
96656853
96656835
96656694
96656630
96656963
96654488
96656451
96656901
96654855
96656636
96654442
96654928
96654163
96656226
96654276
96654317
96654174
96656187
96654810
96656496
96656426
96654697
96654001
96654701
96654468
96654204
96654338
96654724
96654646
96656751
96656381
96656225
96654974
96654058
96656307
96656582
96654833
96654694
96654415
96654033
96656151
96654406
96654081
96654472
96654283
96656430
96656919
96656467
96656942
96656713
96656412
96654698
96656535
96654400
96656127
96654010
96656580
96654237
96656372
96656039
96654656
96654407
96654290
96656328
96656719
96654671
96654476
96654914
96656763
96656752
96654388
96654300
96656813
96654046
96654385
96656988
96656838
96656791
96654502
96656040
96654003
96654936
96656244
96654421
96654557
96656995
96654703
96654676
96656330
96654730
96654959
96656044
96654263
96654895
96656004
96654066
96656137
96654750
96656737
96656298
96654869
96656404
96656775
96654845
96656232
96656992
96656960
96656617
96654399
96654540
96656103
96654555
96656681
96656716
96654512
96654934
96654850
96656700
96656998
96656353
96654156
96654413
96656607
96656946
96654364
96654789
96656131
96656507
96654956
96656034
96656896
96654642
96656032
96654243
96656855
96656125
96654995
96654275
96656479
96656673
96656581
96654625
96654728
96656660
96656757
96654588
96656938
96654011
96656959
96656971
96656250
96654261
96654809
96656604
96656706
96656860
96654904
96656309
96656152
96656993
96654675
96654465
96656512
96656422
96654215
96654114
96656042
96656333
96656591
96654259
96656967
96654036
96654438
96656524
96654950
96654692
96656364
96654462
96656827
96656516
96654975
96656011
96654339
96654299
96654987
96656509
96654296
96656560
96656656
96656020
96656503
96656099
96654226
96654768
96654846
96656093
96654165
96654748
96656514
96656693
96656820
96656478
96656984
96654223
96656374
96656631
96654464
96656625
96656043
96654170
96654216
96656746
96654331
96654345
96656748
96656816
96654448
96656002
96656749
96654654
96654125
96654977
96656180
96654790
96654228
96654425
96656385
96656667
96656543
96654563
96656346
96656670
96656618
96656676
96656779
96656087
96656256
96654780
96656366
96654343
96656482
96656506
96656305
96656272
96654909
96656818
96654711
96654571
96656801
96656850
96656890
96656589
96654567
96654192
96656363
96654427
96656643
96656940
96656135
96656624
96654285
96656545
96656222
96656073
96654070
96654580
96654188
96656355
96654791
96654616
96654272
96656548
96654432
96654827
96654752
96654205
96656474
96654455
96656518
96656315
96656534
96656454
96656329
96656602
96656469
96656784
96654167
96656647
96654108
96656829
96656494
96656092
96654972
96656050
96656793
96654214
96656378
96654324
96654799
96656041
96656886
96656253
96654861
96654078
96654801
96656347
96654006
96654197
96654719
96654682
96656551
96656653
96656705
96654117
96656358
96654727
96654593
96656878
96656690
96654168
96654775
96656530
96654905
96654747
96656981
96656322
96656843
96654359
96654160
96654206
96656729
96654527
96656709
96656733
96656671
96654746
96656491
96654094
96654660
96654931
96654053
96656767
96656742
96654271
96656994
96654306
96654913
96654618
96654469
96654609
96654242
96656130
96654612
96654466
96654948
96654856
96656175
96654150
96654229
96654647
96654925
96656053
96654301
96656908
96654736
96656389
96656277
96656928
96654886
96656844
96654260
96654494
96654014
96654556
96656841
96656735
96656832
96654832
96654529
96656567
96654308
96654965
96656781
96656471
96656024
96654452
96654043
96656477
96656297
96654370
96654405
96654756
96656461
96656124
96656212
96654477
96656743
96656525
96654889
96656808
96656466
96654132
96654864
96654032
96656770
96654631
96656882
96654605
96654269
96656470
96656556
96654187
96654672
96654002
96654937
96654039
96656905
96656325
96656440
96654507
96654325
96654962
96654159
96656420
96656109
96654640
96654651
96654875
96656568
96654859
96654268
96654998
96654144
96654147
96656268
96656027
96654164
96656252
96656008
96654298
96656446
96656621
96656895
96654715
96654530
96656486
96654443
96654902
96656685
96656922
96654722
96656586
96656403
96654841
96654565
96656198
96656057
96656500
96656342
96656504
96656274
96654092
96656334
96656238
96654952
96656918
96656475
96656120
96654446
96656275
96656614
96656939
96656301
96656867
96654971
96654582
96656199
96654559
96654621
96656892
96656086
96654401
96654379
96654361
96654313
96654235
96654492
96656462
96654333
96654921
96656030
96656549
96654281
96656871
96656048
96654992
96654797
96654079
96654264
96654356
96654505
96654080
96656166
96654942
96656233
96656068
96656201
96654318
96656202
96654256
96654254
96654183
96656143
96654305
96656313
96654906
96654102
96656891
96654721
96654623
96656633
96656966
96656176
96656521
96656473
96656394
96654903
96656954
96656904
96654322
96654597
96656164
96656142
96656876
96656996
96654232
96656898
96654745
96656146
96654940
96656291
96656688
96654282
96654119
96654211
96654176
96656060
96654912
96654369
96656847
96656714
96654454
96654949
96656095
96656013
96654793
96654953
96654106
96654384
96656215
96654013
96656162
96656438
96654994
96654796
96654740
96654596
96656485
96656583
96656156
96656811
96654377
96654826
96654569
96654135
96654744
96656953
96656877
96656140
96654497
96656302
96656185
96654195
96654915
96654981
96656538
96656536
96654467
96654708
96654115
96654065
96654957
96656866
96656296
96656294
96656369
96654022
96654258
96654899
96656732
96656208
96656799
96656321
96656362
96654963
96654636
96656824
96654021
96654652
96656035
96656725
96654770
96656502
96656913
96656227
96654439
96656920
96656113
96656204
96656726
96654253
96654090
96654458
96654617
96656361
96654518
96654508
96656110
96656012
96654598
96656790
96654577
96654874
96656444
96656559
96656267
96654249
96656606
96654739
96654375
96654536
96654025
96656269
96654626
96656005
96656287
96654101
96654287
96656947
96656203
96656080
96654217
96654020
96654023
96654544
96654699
96654734
96656924
96654526
96656472
96656573
96656133
96656000
96654785
96654071
96656038
96656944
96656257
96654026
96654304
96656634
96654175
96656807
96654893
96654034
96654830
96656078
96654091
96654491
96654729
96656696
96656492
96654127
96656189
96654935
96656433
96654201
96654910
96654685
96656340
96656639
96654695
96654367
96654547
96654535
96656019
96656731
96656703
96654212
96656029
96656102
96654109
96656879
96654209
96656626
96656576
96656308
96656862
96656448
96656566
96654510
96656600
96654684
96654890
96656894
96654239
96654423
96654585
96654149
96656010
96656547
96654982
96656839
96656845
96656234
96654386
96654241
96654601
96656410
96656812
96654221
96654543
96656826
96656856
96654927
96656339
96654453
96656513
96656246
96654124
96656616
96654172
96654824
96654274
96654037
96656058
96656320
96656612
96654199
96656909
96656443
96656382
96654973
96656178
96656778
96656072
96654218
96656588
96654522
96656777
96656457
96656899
96656352
96656613
96654251
96654823
96656210
96654881
96654546
96656532
96654777
96654017
96654632
96656889
96654409
96656195
96656480
96656702
96654792
96656266
96654337
96654738
96656285
96654624
96654630
96656112
96654945
96656153
96654398
96656407
96656579
96656915
96656059
96654294
96654050
96654493
96656293
96654280
96654591
96654897
96656332
96656343
96654417
96654471
96654157
96656488
96654434
96654178
96654663
96654303
96654878
96654054
96656783
96656371
96654479
96656664
96654509
96654350
96654779
96654814
96656907
96654778
96654720
96654765
96654670
96654348
96654351
96654842
96656957
96656408
96656022
96656772
96656795
96654629
96654678
96656459
96656015
96656623
96656769
96656061
96654552
96654145
96656802
96656436
96654219
96654475
96656317
96654813
96656571
96656118
96656427
96654137
96654759
96654240
96654774
96656933
96654143
96656546
96656117
96654515
96654049
96656392
96656114
96654139
96656689
96656990
96654389
96656796
96654733
96656848
96656158
96656411
96656741
96656017
96654887
96656825
96654395
96656126
96656628
96654481
96654961
96654815
96654645
96654012
96654067
96654018
96654381
96654568
96654140
96654008
96654107
96656958
96656857
96654794
96656354
96654851
96656941
96654031
96656359
96656388
96656349
96656170
96654919
96656031
96654196
96654161
96654440
96656822
96654027
96654004
96654862
96654614
96654524
96656398
96654089
96656983
96654122
96656218
96654394
96656097
96656149
96656007
96654277
96654083
96654062
96656836
96654983
96656265
96654352
96654551
96654866
96654763
96654637
96654619
96656181
96654184
96654416
96656105
96654554
96654069
96656107
96654771
96654038
96656141
96656432
96656447
96656167
96656397
96656128
96656115
96654857
96654450
96656704
96656051
96656211
96654289
96654035
96654560
96656926
96654985
96654429
96656698
96656662
96654210
96654284
96656193
96654787
96654378
96656870
96654822
96656292
96656098
96654323
96654225
96654901
96656281
96654134
96654885
96654735
96656206
96656868
96654848
96656150
96656515
96654126
96656657
96656764
96656986
96656520
96656747
96656679
96654267
96654653
96656081
96656249
96656280
96654426
96654802
96654613
96654635
96656651
96654772
96656223
96656508
96656450
96656721
96656290
96654404
96656147
96654265
96654329
96656925
96654549
96654966
96656304
96656540
96656638
96656295
96654716
96656884
96654451
96656730
96654444
96654523
96654055
96656069
96654041
96656231
96656399
96656916
96654105
96656464
96656840
96654991
96654898
96656810
96656544
96656100
96656800
96654894
96654541
96656629
96654366
96654592
96656155
96656505
96654248
96654922
96656077
96654706
96654782
96656738
96654470
96654245
96654030
96656910
96654076
96654433
96656300
96654628
96656846
96654460
96654360
96656036
96656157
96656483
96656168
96654825
96654397
96654084
96656585
96656319
96654372
96656665
96654042
96654751
96654045
96656065
96654674
96654154
96654680
96656773
96656303
96656255
96654762
96654673
96656949
96656179
96654198
96654411
96656046
96654891
96656380
96656851
96654718
96656243
96654227
96654807
96656686
96656805
96656417
96654835
96654553
96656365
96656569
96656611
96656598
96656678
96656531
96656720
96654840
96656991
96654152
96656803
96654872
96654528
96654236
96654295
96656247
96654190
96656646
96654655
96656712
96654098
96654131
96656596
96656236
96656209
96656927
96656987
96656245
96656710
96654514
96656419
96656111
96656575
96654110
96654422
96656083
96656989
96656033
96654870
96656262
96656429
96654662
96656961
96656806
96654503
96654532
96654924
96654061
96656739
96656414
96656312
96656969
96654349
96656955
96656119
96656139
96656188
96654141
96654757
96656224
96654230
96656917
96654566
96656395
96654594
96654944
96656194
96656384
96656875
96654072
96654829
96656903
96654873
96656979
96654562
96654648
96654171
96656787
96656310
96656620
96654336
96654853
96654088
96654980
96656976
96656493
96656951
96656122
96656062
96656260
96654138
96656952
96654495
96656089
96654480
96656635
96654989
96654278
96654151
96656335
96654019
96656003
96656537
96654917
96654764
96654435
96656071
96656932
96654854
96656852
96656169
96656350
96656956
96654627
96656228
96656497
96656708
96656754
96656311
96656085
96654783
96656522
96654504
96654116
96654668
96656683
96656654
96654579
96654968
96656405
96656728
96654916
96654169
96654688
96654731
96654693
96656009
96656584
96656171
96654262
96654177
96654182
96656637
96654123
96656449
96654615
96656697
96656006
96656390
96654690
96656815
96654990
96656828
96654525
96654960
96654093
96654142
96656341
96654926
96656814
96656880
96656592
96656717
96654414
96656849
96656975
96654871
96656064
96654330
96656116
96654250
96654741
96656707
96654691
96654979
96654104
96654908
96654519
96656190
96656106
96656067
96656134
96656572
96656096
96654938
96656273
96656091
96654463
96654007
96656934
96656865
96654884
96656541
96656088
96654702
96656413
96654202
96656640
96654358
96654572
96654941
96656553
96654513
96656950
96656101
96654482
96654365
96656306
96656379
96654852
96656788
96654644
96656094
96654817
96654189
96654191
96654888
96654732
96654681
96654077
96654533
96654459
96656565
96656740
96654883
96654760
96656761
96654984
96656045
96654233
96656595
96654877
96654844
96654418
96656213
96654130
96656550
96654312
96656336
96656672
96656229
96654603
96654970
96656499
96654795
96654570
96656997
96656264
96656663
96656056
96656972
96654185
96654726
96654344
96656978
96654490
96654548
96654828
96654486
96654838
96654709
96654368
96654865
96656205
96654657
96656687
96654714
96654837
96656610
96656605
96654484
96654213
96654193
96656501
96654586
96656533
96654534
96654244
96656318
96654939
96656476
96656148
96656615
96654788
96656755
96654326
96654993
96656437
