96657264
96657180
96657268
96657147
96657034
96657090
96657213
96657082
96657159
96657290
96657056
96657073
96657037
96657140
96657292
96657021
96657209
96657120
96657119
96657277
96657142
96657059
96657164
96657025
96657254
96657273
96657095
96657105
96657145
96657089
96657066
96657078
96657285
96657063
96657075
96657008
96657225
96657024
96657177
96657113
96657133
96657044
96657181
96657231
96657149
96657134
96657017
96657163
96657077
96657234
96657202
96657029
96657002
96657051
96657009
96657035
96657160
96657004
96657050
96657112
96657157
96657139
96657267
96657269
96657299
96657137
96657215
96657229
96657239
96657097
96657172
96657117
96657214
96657054
96657197
96657288
96657126
96657115
96657167
96657036
96657039
96657166
96657187
96657279
96657005
96657032
96657122
96657191
96657031
96657109
96657121
96657237
96657168
96657233
96657263
96657271
96657208
96657176
96657000
96657062
96657192
96657245
96657053
96657222
96657161
96657080
96657043
96657094
96657195
96657020
96657155
96657015
96657079
96657190
96657246
96657081
96657250
96657158
96657014
96657203
96657272
96657048
96657295
96657287
96657040
96657098
96657083
96657152
96657114
96657087
96657111
96657193
96657255
96657247
96657096
96657146
96657072
96657016
96657189
96657297
96657099
96657228
96657116
96657258
96657138
96657179
96657232
96657027
96657205
96657291
96657064
96657132
96657244
96657127
96657071
96657011
96657125
96657010
96657106
96657154
96657041
96657240
96657230
96657185
96657199
96657070
96657183
96657107
96657052
96657150
96657012
96657067
96657207
96657129
96657130
96657003
96657298
96657018
96657100
96657293
96657182
96657101
96657198
96657148
96657118
96657045
96657001
96657238
96657284
96657294
96657030
96657257
96657235
96657131
96657220
96657241
96657175
96657216
96657103
96657110
96657144
96657281
96657282
96657165
96657251
96657201
96657211
96657102
96657200
96657276
96657227
96657296
96657135
96657088
96657253
96657007
96657206
96657260
96657013
96657104
96657123
96657226
96657169
96657262
96657038
96657128
96657006
96657026
96657184
96657076
96657124
96657153
96657266
96657074
96657217
96657219
96657210
96657173
96657280
96657141
96657170
96657224
96657174
96657023
96657084
96657196
96657289
96657256
96657033
96657049
96657283
96657085
96657221
96657092
96657270
96657136
96657047
96657259
96657204
96657261
96657058
96657278
96657108
96657061
96657186
96657243
96657022
96657091
96657178
96657055
96657218
96657223
96657046
96657151
96657249
96657248
96657143
96657242
96657060
96657028
96657057
96657188
96657194
96657042
96657156
96657068
96657065
96657093
96657069
96657212
96657275
96657265
96657171
96657286
96657252
96657086
96657019
96657274
96657162
96657236
