96659831
96658670
96658209
96658930
96659985
96658672
96658739
96659402
96658253
96659111
96659891
96659749
96658136
96659063
96658308
96659329
96659323
96658182
96658056
96658781
96658238
96658189
96658573
96658232
96659253
96658686
96658548
96659403
96659162
96659318
96659302
96659458
96659071
96659825
96658431
96658158
96659098
96659516
96658358
96658799
96658400
96658839
96659341
96658335
96658437
96658047
96659091
96658863
96658093
96658210
96658941
96658178
96658247
96658974
96658361
96658133
96658733
96659916
96658737
96658858
96659469
96658060
96658196
96658695
96658835
96658849
96659122
96658487
96658314
96658668
96659937
96658304
96659425
96659468
96658935
96658127
96658757
96658080
96659423
96659163
96658879
96659208
96659654
96659246
96659839
96658952
96658594
96658844
96659909
96658740
96659083
96659833
96658554
96658150
96659261
96658095
96658028
96658881
96658277
96658315
96659608
96659289
96658167
96658938
96659199
96659518
96658068
96659300
96659173
96658461
96658741
96658763
96658262
96659265
96659601
96659235
96658250
96658006
96658494
96658100
96659325
96658147
96658135
96658044
96658144
96658318
96659143
96659489
96659790
96659017
96659970
96658831
96658206
96659602
96658535
96658397
96659415
96658482
96658553
96659256
96658746
96659198
96658711
96659387
96659266
96658417
96658890
96658025
96659299
96658555
96658914
96659014
96659422
96658728
96658830
96658719
96658732
96658565
96658597
96659679
96659042
96659384
96659084
96659771
96659798
96659924
96659666
96658895
96658112
96659088
96658534
96658975
96658678
96659576
96658339
96658583
96658970
96658991
96659337
96659896
96659939
96659259
96659324
96658242
96659507
96659343
96658850
96659205
96659560
96658457
96658384
96659220
96659950
96659544
96659383
96658181
96659727
96658069
96659829
96658036
96658927
96658724
96659398
96658700
96659151
96659660
96659855
96658717
96659824
96659707
96658568
96658891
96658294
96659405
96658506
96659418
96659238
96658033
96659617
96658853
96659407
96658867
96658743
96659827
96658483
96659504
96659596
96659059
96658215
96659453
96658035
96658284
96658775
96658636
96658934
96659744
96658269
96659876
96658010
96659763
96658235
96658363
96659288
96659767
96659892
96658425
96659001
96659003
96658048
96658888
96658346
96659482
96659992
96658459
96658777
96658316
96658434
96659521
96659355
96659575
96658689
96658034
96659914
96659987
96659310
96658814
96659860
96658926
96659344
96659642
96659269
96659447
96659851
96658030
96659280
96658052
96658070
96658377
96658726
96658972
96659076
96659473
96659022
96658876
96658466
96659991
96658771
96659541
96659009
96659795
96658529
96659093
96658142
96658478
96658550
96659410
96659532
96658040
96658797
96658231
96658407
96659534
96659414
96658085
96659497
96658331
96658121
96658654
96658307
96658393
96659493
96658143
96658500
96659424
96659669
96659055
96658077
96658219
96659183
96659947
96658664
96659448
96659757
96658472
96659599
96659140
96659243
96659492
96659712
96659309
96659522
96658267
96659210
96659312
96659802
96659124
96659755
96659958
96658096
96658083
96659060
96659433
96658311
96658009
96658183
96659705
96658767
96658412
96659834
96658185
96659886
96659189
96659232
96659386
96658198
96659646
96659935
96659595
96659863
96659242
96659515
96659645
96659332
96659057
96659226
96659510
96659460
96659549
96659577
96659109
96658448
96658651
96658658
96659627
96658249
96659760
96658628
96658588
96659999
96658109
96658792
96658279
96658661
96659799
96658258
96659072
96659212
96659708
96659702
96658809
96658798
96658402
96659632
96658684
96659773
96658819
96658177
96658600
96659275
96659607
96658796
96659271
96659023
96658520
96659148
96658118
96658388
96658964
96659420
96658557
96659181
96658032
96658312
96659769
96659157
96658800
96658391
96659994
96659920
96659138
96659761
96659867
96659065
96658273
96659633
96659528
96658365
96658099
96658878
96658190
96659462
96659239
96658064
96658107
96658382
96659883
96659260
96658510
96658337
96659960
96658779
96658341
96659879
96658057
96658220
96658981
96659400
96658865
96659338
96658629
96658828
96659040
96659650
96659796
96658912
96659766
96659674
96659615
96658961
96658115
96658399
96659597
96658615
96658256
96659579
96659701
96658359
96659321
96658619
96658007
96658390
96659147
96658822
96659965
96659774
96658833
96658677
96658825
96658369
96659142
96658192
96658874
96659551
96659287
96658251
96658892
96659556
96659110
96659912
96658984
96658168
96659570
96658024
96659847
96659249
96659500
96659782
96658919
96659237
96658469
96658145
96658813
96658602
96659007
96659308
96659545
96659303
96659158
96659426
96659530
96659578
96659821
96658373
96658745
96659872
96659870
96658018
96659852
96658330
96659025
96659404
96659012
96659281
96658504
96658300
96658894
96658650
96659963
96659193
96659582
96659998
96658257
96658549
96658327
96659857
96658351
96659487
96658481
96658694
96659339
96659604
96658473
96659484
96659603
96659772
96659326
96658643
96658631
96659225
96658765
96658062
96659981
96658214
96658758
96659961
96658898
96658072
96659652
96658114
96658386
96659389
96658931
96658614
96658860
96658587
96658620
96659858
96659567
96659815
96658538
96658998
96658097
96658113
96658990
96658997
96659624
96659494
96658995
96659432
96658383
96658826
96658087
96658435
96659357
96658323
96658375
96658965
96659819
96658584
96659471
96659033
96659194
96658319
96658713
96659956
96658616
96658519
96658703
96658297
96658868
96658621
96658367
96659282
96658872
96658224
96658637
96659918
96659724
96658159
96659449
96658051
96659993
96658820
96659743
96659345
96659296
96659692
96659546
96658286
96659075
96658151
96658736
96659067
96659940
96658202
96659202
96659165
96659430
96659973
96658124
96659779
96659930
96659644
96658640
96658633
96658641
96658803
96659729
96659437
96658808
96659207
96658043
96659228
96659859
96659517
96658259
96658191
96658908
96658870
96659078
96658255
96658977
96659838
96658969
96658468
96658856
96658983
96658692
96659974
96658450
96659223
96658545
96659955
96659046
96658773
96658058
96658859
96658687
96659121
96659313
96658195
96658829
96658415
96659178
96658794
96658884
96659006
96658320
96659170
96658370
96658862
96658014
96658302
96659568
96659751
96659693
96659547
96658539
96658882
96659047
96658847
96658420
96658237
96659845
96658731
96658536
96659954
96659305
96659481
96658484
96658511
96659665
96659486
96658029
96658585
96659273
96659640
96659000
96658989
96659897
96659272
96658662
96658446
96659836
96659809
96658137
96659295
96658194
96659024
96659980
96659662
96658604
96659953
96659016
96659574
96658333
96658203
96658918
96659550
96659861
96658352
96658366
96659949
96659581
96658322
96659571
96659279
96659262
96658430
96658635
96659553
96659635
96658685
96658769
96659957
96658063
96659049
96658906
96659641
96659018
96659319
96658710
96659340
96658569
96658909
96659725
96659907
96658652
96658688
96658827
96658910
96658676
96659837
96659446
96659008
96659086
96658788
96659746
96658039
96659082
96659728
96659118
96659427
96659882
96659241
96659020
96659115
96658433
96659090
96658752
96659166
96659206
96659041
96659013
96658037
96658405
96658296
96658766
96658422
96659251
96659527
96658671
96658162
96659268
96658532
96658027
96658005
96659004
96659146
96659087
96658680
96659609
96659803
96659374
96659365
96659278
96659906
96658778
96658498
96658440
96659866
96658106
96659948
96659479
96658805
96659291
96658229
96658160
96658851
96659478
96658458
96659419
96659168
96658515
96658681
96658139
96659031
96658103
96659741
96659841
96658292
96659846
96658546
96659172
96658753
96659129
96658495
96658787
96659005
96659945
96659791
96659161
96659776
96659406
96659804
96658066
96659229
96659864
96658750
96658841
96659685
96659520
96659658
96659820
96658003
96659470
96658281
96658418
96658916
96659066
96658958
96659720
96658980
96658073
96658599
96658170
96658937
96658558
96659328
96659201
96658530
96658738
96658055
96659878
96658747
96659638
96658691
96659952
96659651
96658749
96659966
96659778
96659978
96659756
96658552
96658690
96659740
96659347
96658563
96659908
96658905
96658357
96658962
96659734
96659874
96658725
96658968
96659639
96659380
96658907
96659135
96658547
96659715
96658174
96658419
96659104
96659480
96658416
96659737
96658041
96658595
96658475
96658626
96659600
96658871
96658288
96658630
96658020
96658317
96658126
96658188
96659946
96658574
96659126
96658076
96659983
96658436
96658920
96659264
96659917
96659015
96658464
96658013
96659895
96659687
96659871
96658632
96658613
96659670
96659372
96659214
96658567
96659231
96659043
96659828
96659392
96659255
96659675
96658274
96659130
96658456
96658074
96659591
96658706
96659844
96659590
96658592
96658138
96659932
96659316
96659457
96659080
96659351
96659850
96658045
96659843
96658521
96659951
96658709
96658875
96658622
96658444
96658050
96659156
96658049
96659483
96659680
96659382
96658218
96658667
96659868
96659376
96658116
96659900
96659441
96658625
96658486
96659465
96659417
96658723
96659990
96659429
96658949
96659943
96659928
96658290
96658061
96658645
96658660
96658140
96658606
96659307
96659713
96658639
96659501
96659739
96658518
96658653
96659822
96659459
96659988
96658807
96658785
96659408
96659120
96658443
96658432
96658476
96658438
96658502
96659938
96658812
96658499
96658507
96658603
96659396
96658356
96659026
96658012
96659842
96658261
96658398
96659218
96658720
96658570
96659972
96658764
96658944
96658940
96658605
96659925
96659438
96658169
96658560
96658082
96659137
96659443
96658263
96658861
96658479
96658088
96658887
96658130
96658543
96659174
96658644
96658666
96658054
96658213
96659105
96658163
96658265
96658455
96658295
96658624
96658683
96658541
96658165
96659584
96659375
96659185
96658956
96659671
96659563
96659428
96658414
96658193
96658896
96659625
96658031
96658957
96658340
96658793
96659180
96658216
96659862
96659971
96658522
96658301
96658004
96659217
96659512
96659452
96659048
96659548
96658379
96659331
96658721
96658811
96659964
96658421
96658873
96658707
96659186
96659710
96658152
96658329
96659888
96658046
96659061
96659823
96658017
96659064
96659865
96659989
96659391
96658838
96659250
96659586
96658815
96659742
96659485
96659768
96658474
96658774
96658509
96658696
96658789
96659456
96658821
96659370
96658447
96659750
96658761
96658408
96658463
96659058
96658780
96658354
96658705
96658321
96658125
96659649
96658942
96659373
96659621
96659502
96658270
96658280
96659664
96659573
96659905
96659748
96658406
96659788
96659636
96658155
96659781
96659735
96658716
96658171
96658439
96659911
96658186
96658230
96659717
96658410
96658026
96658477
96658332
96658485
96659107
96658947
96659131
96658131
96658092
96658289
96659167
96659696
96658176
96659793
96659738
96659496
96658460
96659378
96659409
96658848
96659159
96658490
96658818
96658493
96658742
96658611
96658979
96658954
96658488
96659039
96658392
96658953
96659002
96658586
96659893
96658161
96659811
96659476
96658157
96658924
96659320
96659153
96658559
96658917
96658449
96658451
96658869
96659346
96659081
96659467
96658744
96658374
96659092
96659442
96658735
96659101
96659366
96659630
96658846
96659695
96659363
96659631
96658893
96659812
96659732
96659689
96658561
96659461
96659358
96659412
96659401
96658489
96659108
96658271
96658104
96659127
96659390
96658679
96659171
96658754
96659136
96658011
96658285
96659559
96659032
96659079
96659653
96659361
96659623
96658396
96659840
96659247
96658994
96658395
96658355
96658067
96658966
96659356
96659495
96659177
96659677
96659113
96658718
96658581
96659967
96658598
96658840
96659348
96659618
96658699
96658021
96659797
96658988
96659203
96658634
96659620
96658986
96659690
96658462
96659334
96659431
96658338
96658638
96659294
96659684
96658389
96658784
96659647
96659982
96658453
96659314
96658675
96659792
96659095
96659413
96658857
96659045
96658243
96659252
96659691
96658441
96658834
96659889
96658647
96658201
96658148
96659068
96659450
96659777
96658347
96658575
96658324
96659030
96659832
96658298
96658993
96659011
96659931
96659100
96659114
96659349
96659875
96659073
96659169
96659290
96658729
96659686
96659869
96658349
96658424
96659044
96659176
96658580
96659322
96658596
96658350
96659222
96658305
96658166
96659959
96658234
96658542
96659526
96658702
96659301
96659116
96659585
96658276
96658081
96658929
96659787
96659475
96658445
96659655
96658345
96658900
96658372
96658376
96658609
96659580
96659995
96659187
96658222
96658404
96658371
96659753
96659464
96658816
96658842
96658105
96659010
96658426
96659923
96659219
96658523
96659759
96658722
96659455
96659354
96658491
96658102
96658837
96658950
96659490
96659816
96658240
96658682
96659885
96659051
96658411
96659209
96659663
96659377
96658832
96659557
96659411
96658228
96658154
96659929
96659036
96659657
96658608
96658353
96658038
96659588
96659283
96659694
96658132
96658207
96659342
96658019
96658517
96659764
96659298
96659160
96658394
96659543
96658002
96659399
96659926
96658075
96658248
96658649
96658697
96659211
96659659
96658925
96659393
96659333
96659327
96658923
96659537
96658129
96658836
96659605
96658252
96659240
96659506
96659102
96659593
96658480
96659667
96659037
96658960
96658149
96658897
96658015
96658610
96658663
96659721
96659709
96659106
96658959
96659234
96658516
96659085
96658503
96658669
96659986
96658730
96658845
96658236
96658326
96658123
96658783
96658967
96659730
96658471
96658128
96659697
96658429
96658880
96659394
96659752
96659976
96659192
96658971
96659699
96659508
96658299
96659997
96659367
96659877
96659661
96659330
96659050
96659204
96659052
96659523
96659542
96658642
96659711
96658727
96658084
96659293
96658544
96659770
96659786
96659227
96658817
96659184
96659503
96658623
96658227
96659762
96659451
96659808
96658275
96659019
96659444
96659539
96659069
96659440
96658283
96658806
96659903
96659561
96658078
96658343
96659472
96658540
96659053
96658852
96659910
96658932
96658593
96659175
96658802
96658153
96658287
96658804
96658526
96659360
96658877
96659594
96658211
96659718
96658454
96658071
96659498
96659736
96659077
96659509
96659197
96658086
96658801
96658000
96659150
96658982
96659629
96659619
96658233
96658223
96659152
96658698
96658564
96659919
96658514
96659236
96659248
96659499
96658590
96658864
96659902
96659975
96659371
96659385
96658902
96658094
96659884
96659244
96659195
96659369
96659704
96659747
96658380
96659996
96659933
96659818
96658618
96659062
96659513
96658111
96659038
96659315
96658016
96658566
96659894
96659134
96659572
96658963
96658571
96659703
96658401
96659285
96658001
96658951
96658712
96658759
96659927
96658987
96659936
96659673
96658260
96659099
96658108
96658053
96658328
96659979
96658225
96659276
96659021
96659628
96659552
96658141
96659474
96659854
96658427
96659257
96659353
96659164
96658059
96659123
96659899
96658824
96659097
96659216
96659491
96659454
96659612
96659182
96658556
96658996
96659826
96659096
96659810
96659887
96659466
96659529
96658537
96659188
96659154
96659070
96659439
96658955
96658577
96659606
96659245
96659942
96659519
96659758
96659267
96659277
96658889
96658911
96659589
96659230
96659849
96659643
96658172
96658617
96658551
96658023
96659233
96659132
96659719
96659029
96659921
96658254
96659292
96658579
96658508
96658885
96658180
96659814
96659901
96659672
96659531
96659566
96658913
96659190
96658348
96659555
96659613
96658883
96659074
96659807
96658790
96659149
96658665
96659200
96658089
96659035
96658528
96658768
96658776
96658409
96658701
96658241
96658205
96658336
96658428
96658467
96659789
96659880
96659191
96658360
96658525
96659817
96659813
96658278
96658208
96658823
96659445
96658673
96659565
96658562
96658656
96659524
96659274
96658098
96659611
96659848
96659898
96658693
96658120
96659028
96659648
96658156
96659800
96659362
96659564
96658334
96658627
96658899
96659027
96659224
96658173
96658674
96659125
96659263
96659890
96658936
96658704
96658117
96659714
96658226
96658282
96658146
96658465
96659784
96659533
96659984
96659723
96658501
96658601
96659934
96658751
96659306
96659352
96658413
96659421
96658933
96659881
96658378
96658362
96659668
96659395
96658184
96658762
96659221
96658527
96659806
96658110
96659698
96659587
96658505
96658310
96659678
96659258
96659614
96658576
96658715
96658904
96659317
96659336
96659436
96658264
96659511
96659397
96659034
96658344
96658795
96658973
96658204
96659913
96659688
96659145
96659215
96658197
96658065
96658770
96659915
96659683
96658042
96659119
96659388
96658748
96658175
96659311
96658756
96659922
96658212
96659745
96658985
96658090
96659089
96659381
96659733
96658708
96659610
96658646
96659144
96659505
96659944
96659128
96658582
96658492
96658101
96659558
96659785
96658531
96659196
96658921
96658607
96659765
96659700
96659656
96658309
96659830
96659477
96658187
96658022
96659682
96658946
96659141
96658313
96659359
96658403
96658306
96658939
96659540
96659538
96659435
96658524
96658578
96658992
96658268
96658217
96658791
96659463
96658381
96659112
96658246
96658772
96658572
96659179
96658903
96659583
96659535
96658886
96658293
96659562
96658612
96658244
96659904
96658423
96658855
96658008
96658342
96659775
96658782
96658199
96658239
96659297
96659133
96659592
96659716
96658266
96658854
96659681
96658591
96658364
96658303
96658245
96658533
96658291
96658999
96658810
96658091
96659368
96659270
96659962
96659977
96658387
96659054
96659626
96658119
96658079
96658976
96659536
96659103
96658657
96658843
96658659
96659969
96659637
96658442
96659634
96659726
96658512
96659056
96659434
96659379
96659783
96658368
96659094
96659554
96658760
96659853
96658655
96658978
96658513
96659801
96659780
96658497
96659794
96659598
96658272
96658734
96659722
96659622
96658945
96659416
96659335
96658755
96659284
96659213
96658714
96658200
96659155
96659569
96659514
96658648
96658922
96658589
96658122
96658928
96659488
96658134
96658901
96659968
96658179
96658948
96659364
96658470
96658221
96659835
96659350
96659941
96659731
96659706
96659286
96659805
96659117
96658385
96658866
96659754
96659525
96658325
96659856
96658786
96658452
96659304
96659139
96659676
96659254
96659616
96658164
96659873
96658943
96658915
96658496
