9751752
9751734
9751724
9751706
9751721
9751776
9751743
9751750
9751754
9751760
9751709
9751739
9751704
9751771
9751753
9751794
9751798
9751777
9751751
9751742
9751741
9751744
9751781
9751780
9751713
9751758
9751749
9751715
9751765
9751761
9751725
9751726
9751700
9751736
9751789
9751792
9751766
9751764
9751762
9751737
9751799
9751755
9751796
9751788
9751747
9751718
9751783
9751775
9751791
9751723
9751785
9751773
9751757
9751717
9751732
9751738
9751782
9751769
9751733
9751793
9751716
9751763
9751735
9751722
9751784
9751797
9751795
9751728
9751703
9751719
9751727
9751710
9751786
9751756
9751774
9751778
9751767
9751720
9751779
9751711
9751729
9751708
9751740
9751768
9751745
9751731
9751759
9751787
9751707
9751772
9751770
9751705
9751712
9751748
9751714
9751746
9751701
9751730
9751702
9751790
