3245631
3245612
3245624
3245649
3245695
3245611
3245634
3245602
3245628
3245656
3245619
3245675
3245684
3245674
3245646
3245694
3245604
3245657
3245678
3245697
3245635
3245651
3245662
3245672
3245605
3245608
3245637
3245640
3245682
3245683
3245622
3245686
3245665
3245607
3245677
3245613
3245688
3245658
3245616
3245668
3245659
3245630
3245654
3245693
3245601
3245615
3245636
3245664
3245627
3245676
3245661
3245670
3245692
3245623
3245618
3245617
3245681
3245642
3245644
3245669
3245660
3245679
3245638
3245645
3245689
3245606
3245698
3245696
3245687
3245643
3245639
3245603
3245641
3245671
3245685
3245680
3245691
3245650
3245620
3245621
3245632
3245626
3245652
3245653
3245673
3245690
3245666
3245655
3245610
3245648
3245629
3245600
3245647
3245614
3245667
3245663
3245625
3245633
3245609
3245699
