3247382
3247082
3247204
3247581
3247394
3247491
3247869
3247099
3247274
3247027
3247756
3247140
3247478
3247909
3247162
3247602
3247855
3247144
3247669
3247007
3247652
3247799
3247069
3247267
3247257
3247436
3247745
3247272
3247412
3247644
3247434
3247649
3247578
3247690
3247026
3247256
3247955
3247130
3247624
3247265
3247211
3247567
3247911
3247821
3247415
3247815
3247859
3247804
3247853
3247636
3247980
3247659
3247645
3247145
3247090
3247417
3247661
3247510
3247334
3247547
3247358
3247380
3247504
3247312
3247707
3247867
3247705
3247672
3247603
3247916
3247806
3247896
3247124
3247552
3247107
3247067
3247239
3247490
3247668
3247270
3247389
3247281
3247457
3247781
3247511
3247161
3247152
3247794
3247300
3247407
3247514
3247648
3247425
3247564
3247471
3247202
3247895
3247247
3247408
3247071
3247810
3247549
3247718
3247847
3247052
3247098
3247042
3247997
3247561
3247557
3247137
3247553
3247060
3247044
3247709
3247433
3247102
3247873
3247493
3247401
3247059
3247227
3247807
3247528
3247971
3247451
3247730
3247540
3247766
3247134
3247634
3247376
3247975
3247599
3247470
3247203
3247671
3247819
3247336
3247020
3247637
3247037
3247978
3247554
3247768
3247320
3247535
3247291
3247008
3247747
3247266
3247724
3247530
3247277
3247010
3247784
3247428
3247254
3247832
3247908
3247381
3247243
3247318
3247570
3247721
3247879
3247208
3247632
3247835
3247733
3247983
3247076
3247078
3247808
3247299
3247698
3247837
3247038
3247944
3247725
3247795
3247324
3247480
3247234
3247379
3247657
3247169
3247259
3247383
3247476
3247091
3247565
3247737
3247466
3247992
3247330
3247183
3247040
3247329
3247213
3247538
3247941
3247885
3247642
3247843
3247448
3247327
3247063
3247319
3247840
3247128
3247822
3247998
3247255
3247736
3247135
3247462
3247292
3247483
3247842
3247200
3247120
3247035
3247863
3247688
3247714
3247933
3247817
3247193
3247536
3247198
3247284
3247139
3247932
3247595
3247196
3247712
3247321
3247828
3247850
3247017
3247000
3247109
3247371
3247452
3247136
3247331
3247474
3247606
3247285
3247479
3247238
3247228
3247302
3247888
3247240
3247872
3247771
3247874
3247866
3247341
3247039
3247752
3247934
3247464
3247877
3247230
3247305
3247012
3247658
3247703
3247362
3247870
3247286
3247342
3247943
3247066
3247628
3247073
3247678
3247704
3247197
3247117
3247981
3247773
3247355
3247844
3247043
3247711
3247726
3247221
3247338
3247131
3247930
3247173
3247111
3247956
3247442
3247964
3247820
3247343
3247987
3247326
3247108
3247738
3247388
3247689
3247058
3247903
3247770
3247496
3247912
3247898
3247782
3247225
3247246
3247080
3247683
3247598
3247692
3247948
3247278
3247364
3247431
3247432
3247618
3247248
3247989
3247153
3247523
3247685
3247174
3247780
3247089
3247527
3247626
3247849
3247215
3247772
3247351
3247760
3247165
3247209
3247393
3247495
3247016
3247929
3247856
3247848
3247132
3247966
3247881
3247512
3247361
3247484
3247201
3247353
3247328
3247830
3247732
3247588
3247940
3247214
3247927
3247101
3247377
3247236
3247613
3247587
3247708
3247065
3247739
3247520
3247194
3247206
3247539
3247793
3247723
3247154
3247699
3247910
3247019
3247103
3247180
3247290
3247156
3247970
3247126
3247195
3247693
3247367
3247475
3247018
3247469
3247555
3247871
3247616
3247057
3247591
3247826
3247862
3247411
3247253
3247430
3247122
3247217
3247767
3247339
3247675
3247055
3247942
3247529
3247269
3247619
3247159
3247783
3247651
3247189
3247559
3247310
3247497
3247583
3247542
3247500
3247891
3247370
3247226
3247700
3247584
3247374
3247946
3247426
3247041
3247372
3247609
3247416
3247670
3247979
3247119
3247960
3247996
3247420
3247301
3247596
3247694
3247682
3247516
3247950
3247534
3247105
3247467
3247400
3247605
3247487
3247900
3247533
3247123
3247550
3247308
3247882
3247453
3247298
3247776
3247569
3247175
3247728
3247774
3247893
3247424
3247423
3247676
3247612
3247405
3247218
3247344
3247481
3247816
3247489
3247764
3247024
3247641
3247392
3247858
3247397
3247289
3247403
3247205
3247186
3247181
3247568
3247522
3247790
3247460
3247437
3247455
3247263
3247607
3247188
3247727
3247610
3247074
3247779
3247792
3247701
3247544
3247295
3247755
3247070
3247923
3247680
3247421
3247638
3247235
3247241
3247543
3247901
3247526
3247352
3247831
3247022
3247350
3247691
3247244
3247662
3247190
3247761
3247142
3247157
3247836
3247127
3247468
3247868
3247926
3247558
3247093
3247579
3247865
3247729
3247375
3247681
3247617
3247919
3247656
3247777
3247499
3247936
3247172
3247687
3247166
3247811
3247620
3247663
3247580
3247440
3247834
3247876
3247114
3247531
3247673
3247758
3247643
3247785
3247972
3247356
3247314
3247548
3247593
3247021
3247976
3247667
3247023
3247519
3247062
3247763
3247878
3247168
3247207
3247787
3247586
3247229
3247178
3247185
3247079
3247743
3247461
3247719
3247988
3247293
3247754
3247249
3247625
3247880
3247574
3247854
3247149
3247349
3247030
3247861
3247264
3247696
3247674
3247283
3247444
3247396
3247823
3247296
3247191
3247146
3247096
3247505
3247788
3247741
3247906
3247731
3247566
3247458
3247969
3247556
3247306
3247845
3247601
3247439
3247354
3247864
3247233
3247307
3247258
3247639
3247753
3247839
3247441
3247521
3247391
3247655
3247409
3247438
3247116
3247985
3247679
3247665
3247045
3247563
3247597
3247216
3247684
3247532
3247775
3247498
3247938
3247857
3247242
3247304
3247482
3247398
3247965
3247054
3247611
3247666
3247077
3247031
3247551
3247297
3247046
3247825
3247572
3247472
3247378
3247399
3247851
3247276
3247802
3247083
3247994
3247920
3247086
3247486
3247990
3247212
3247798
3247465
3247176
3247887
3247740
3247797
3247015
3247571
3247706
3247199
3247952
3247541
3247949
3247664
3247036
3247640
3247001
3247104
3247722
3247148
3247717
3247260
3247614
3247084
3247170
3247268
3247846
3247151
3247414
3247592
3247812
3247905
3247803
3247158
3247357
3247818
3247939
3247094
3247517
3247463
3247005
3247454
3247899
3247325
3247261
3247577
3247622
3247028
3247237
3247913
3247167
3247590
3247509
3247303
3247317
3247003
3247385
3247537
3247446
3247110
3247921
3247686
3247025
3247279
3247968
3247508
3247150
3247311
3247418
3247219
3247346
3247702
3247562
3247633
3247796
3247515
3247335
3247494
3247029
3247009
3247413
3247507
3247160
3247889
3247369
3247769
3247800
3247630
3247884
3247231
3247608
3247133
3247813
3247288
3247061
3247838
3247386
3247115
3247280
3247048
3247068
3247748
3247631
3247366
3247315
3247524
3247647
3247995
3247735
3247112
3247456
3247907
3247251
3247954
3247791
3247984
3247337
3247348
3247925
3247654
3247765
3247716
3247575
3247852
3247545
3247275
3247892
3247100
3247585
3247384
3247047
3247143
3247273
3247097
3247744
3247757
3247750
3247368
3247573
3247488
3247886
3247824
3247594
3247546
3247677
3247751
3247918
3247501
3247958
3247340
3247801
3247604
3247600
3247915
3247473
3247141
3247778
3247809
3247309
3247957
3247518
3247449
3247171
3247177
3247902
3247993
3247182
3247224
3247155
3247271
3247623
3247294
3247050
3247947
3247138
3247762
3247635
3247999
3247922
3247435
3247615
3247513
3247914
3247973
3247841
3247390
3247935
3247282
3247187
3247316
3247064
3247805
3247875
3247422
3247951
3247653
3247967
3247695
3247406
3247974
3247742
3247445
3247051
3247890
3247363
3247576
3247014
3247313
3247503
3247660
3247250
3247627
3247072
3247359
3247629
3247002
3247459
3247222
3247833
3247883
3247713
3247223
3247560
3247081
3247210
3247033
3247113
3247477
3247621
3247759
3247427
3247129
3247931
3247322
3247945
3247345
3247419
3247589
3247232
3247395
3247402
3247928
3247220
3247924
3247786
3247789
3247011
3247447
3247192
3247506
3247179
3247125
3247986
3247049
3247963
3247917
3247991
3247450
3247006
3247088
3247262
3247582
3247827
3247894
3247387
3247485
3247087
3247715
3247492
3247961
3247333
3247365
3247697
3247004
3247710
3247962
3247075
3247360
3247106
3247734
3247121
3247092
3247829
3247332
3247953
3247720
3247937
3247525
3247443
3247814
3247164
3247904
3247429
3247410
3247085
3247982
3247323
3247646
3247746
3247034
3247347
3247373
3247095
3247502
3247404
3247897
3247056
3247959
3247977
3247860
3247147
3247252
3247118
3247245
3247749
3247163
3247650
3247184
3247053
3247287
3247013
3247032
