3248042
3248618
3248751
3248694
3248707
3248447
3248647
3248715
3248668
3248725
3248471
3248934
3248530
3248572
3248064
3248584
3248390
3248946
3248577
3248671
3248819
3248864
3248686
3248368
3248958
3248789
3248437
3248548
3248612
3248910
3248029
3248362
3248063
3248987
3248236
3248138
3248573
3248738
3248973
3248465
3248352
3248058
3248759
3248623
3248957
3248743
3248610
3248379
3248342
3248555
3248015
3248508
3248659
3248914
3248748
3248469
3248134
3248757
3248680
3248315
3248968
3248357
3248065
3248496
3248429
3248434
3248331
3248559
3248993
3248664
3248253
3248121
3248334
3248475
3248996
3248585
3248995
3248672
3248579
3248490
3248089
3248388
3248667
3248621
3248812
3248720
3248911
3248385
3248006
3248212
3248472
3248951
3248655
3248420
3248624
3248870
3248690
3248594
3248980
3248895
3248147
3248607
3248918
3248148
3248875
3248477
3248967
3248363
3248333
3248528
3248876
3248735
3248915
3248929
3248122
3248721
3248518
3248383
3248105
3248316
3248217
3248731
3248549
3248349
3248755
3248824
3248936
3248716
3248827
3248532
3248392
3248730
3248926
3248765
3248889
3248543
3248094
3248868
3248443
3248373
3248019
3248979
3248879
3248412
3248780
3248586
3248760
3248505
3248999
3248481
3248478
3248792
3248880
3248223
3248456
3248402
3248308
3248215
3248622
3248692
3248984
3248554
3248426
3248125
3248767
3248904
3248952
3248994
3248248
3248605
3248938
3248462
3248803
3248422
3248865
3248592
3248452
3248510
3248828
3248691
3248907
3248540
3248344
3248905
3248601
3248639
3248947
3248410
3248361
3248479
3248467
3248451
3248455
3248348
3248104
3248066
3248186
3248673
3248919
3248837
3248711
3248590
3248158
3248997
3248366
3248372
3248567
3248653
3248846
3248126
3248113
3248830
3248416
3248805
3248909
3248133
3248928
3248536
3248872
3248319
3248587
3248484
3248772
3248360
3248232
3248495
3248844
3248978
3248614
3248858
3248737
3248608
3248991
3248948
3248541
3248897
3248626
3248638
3248523
3248213
3248514
3248022
3248355
3248977
3248312
3248529
3248861
3248524
3248906
3248683
3248591
3248108
3248565
3248786
3248175
3248741
3248831
3248644
3248135
3248687
3248974
3248150
3248719
3248939
3248854
3248625
3248881
3248894
3248485
3248640
3248488
3248218
3248498
3248820
3248568
3248374
3248397
3248326
3248453
3248240
3248300
3248520
3248178
3248516
3248547
3248332
3248597
3248770
3248796
3248818
3248267
3248652
3248305
3248637
3248932
3248734
3248371
3248800
3248787
3248432
3248493
3248321
3248450
3248001
3248370
3248701
3248522
3248408
3248380
3248301
3248574
3248210
3248943
3248814
3248600
3248616
3248829
3248826
3248833
3248822
3248648
3248816
3248310
3248613
3248773
3248534
3248335
3248398
3248053
3248046
3248500
3248941
3248564
3248763
3248650
3248635
3248504
3248028
3248062
3248873
3248847
3248460
3248545
3248271
3248512
3248802
3248950
3248955
3248903
3248007
3248382
3248309
3248454
3248747
3248768
3248381
3248507
3248279
3248898
3248811
3248509
3248427
3248670
3248306
3248327
3248139
3248466
3248463
3248695
3248663
3248679
3248961
3248740
3248756
3248832
3248060
3248839
3248693
3248660
3248835
3248341
3248744
3248964
3248415
3248439
3248935
3248930
3248965
3248859
3248998
3248272
3248468
3248893
3248609
3248259
3248073
3248723
3248705
3248499
3248441
3248750
3248314
3248869
3248497
3248474
3248440
3248794
3248330
3248325
3248172
3248526
3248636
3248712
3248502
3248494
3248489
3248642
3248634
3248629
3248503
3248989
3248337
3248533
3248225
3248491
3248726
3248442
3248684
3248714
3248793
3248718
3248797
3248323
3248942
3248588
3248722
3248177
3248449
3248551
3248527
3248799
3248424
3248446
3248985
3248883
3248857
3248307
3248511
3248598
3248030
3248825
3248367
3248645
3248838
3248676
3248032
3248724
3248834
3248746
3248197
3248596
3248419
3248990
3248513
3248696
3248954
3248277
3248887
3248436
3248841
3248992
3248544
3248661
3248809
3248975
3248704
3248983
3248411
3248912
3248406
3248313
3248702
3248571
3248425
3248678
3248153
3248358
3248728
3248546
3248874
3248927
3248287
3248550
3248852
3248407
3248009
3248933
3248764
3248129
3248798
3248340
3248606
3248506
3248963
3248602
3248777
3248921
3248285
3248191
3248913
3248681
3248649
3248050
3248742
3248433
3248784
3248414
3248982
3248303
3248525
3248617
3248538
3248801
3248769
3248840
3248281
3248324
3248537
3248404
3248976
3248517
3248758
3248461
3248576
3248575
3248531
3248290
3248106
3248542
3248620
3248156
3248628
3248413
3248866
3248539
3248753
3248966
3248710
3248350
3248444
3248752
3248216
3248304
3248043
3248423
3248666
3248480
3248088
3248632
3248862
3248848
3248025
3248962
3248815
3248399
3248137
3248268
3248688
3248076
3248937
3248658
3248018
3248409
3248970
3248774
3248603
3248856
3248901
3248589
3248464
3248515
3248823
3248486
3248476
3248920
3248729
3248430
3248657
3248739
3248808
3248896
3248651
3248583
3248013
3248095
3248317
3248665
3248560
3248810
3248627
3248871
3248521
3248359
3248193
3248886
3248878
3248483
3248630
3248669
3248562
3248339
3248389
3248318
3248604
3248593
3248561
3248553
3248558
3248569
3248940
3248745
3248470
3248519
3248114
3248552
3248785
3248842
3248599
3248900
3248214
3248899
3248351
3248615
3248482
3248641
3248457
3248922
3248582
3248807
3248556
3248403
3248727
3248322
3248888
3248761
3248384
3248972
3248346
3248580
3248364
3248405
3248779
3248662
3248127
3248845
3248595
3248867
3248329
3248884
3248843
3248736
3248292
3248631
3248438
3248031
3248563
3248804
3248953
3248181
3248037
3248501
3248401
3248969
3248161
3248949
3248944
3248945
3248677
3248783
3248892
3248675
3248233
3248492
3248956
3248791
3248682
3248806
3248813
3248733
3248328
3248311
3248297
3248923
3248749
3248428
3248782
3248396
3248924
3248459
3248925
3248795
3248860
3248959
3248988
3248338
3248581
3248057
3248250
3248732
3248431
3248776
3248699
3248633
3248535
3248689
3248685
3248698
3248119
3248754
3248343
3248254
3248855
3248418
3248697
3248417
3248237
3248717
3248473
3248656
3248821
3248487
3248263
3248149
3248981
3248611
3248155
3248646
3248762
3248566
3248836
3248654
