4850444
4850604
4851271
4850458
4850250
4850667
4850098
4851245
4879711
4851468
4879866
4850229
4851605
4851396
4850629
4850420
4850415
4851122
4857313
4857267
4851548
4851214
4850014
4850103
4851909
4850070
4850134
4879727
4851681
4850754
4851111
4851117
4851388
4869040
4851887
4857107
4851467
4851930
4851790
4850828
4879863
4850689
4850736
4851644
4850127
4879743
4850582
4850090
4850410
4850860
4851725
4851152
4851912
4851997
4851645
4879871
4878000
4878946
4850030
4850323
4869030
4879791
4857140
4851366
4850724
4850005
4850699
4851469
4850495
4850046
4857349
4850627
4850226
4851694
4879700
4857344
4851893
4850344
4851799
4851270
4850647
4878698
4850547
4851865
4851272
4851228
4879848
4857229
4850153
4851963
4850713
4850913
4850785
4850552
4850191
4879715
4851903
4851845
4851221
4851560
4850314
4851957
4879890
4850245
4851307
4850470
4857390
4878943
4851423
4850810
4850484
4850182
4851679
4850521
4850670
4878017
4869012
4879838
4850271
4851496
4850702
4851631
4850513
4851877
4869064
4851653
4850000
4879896
4850490
4850832
4850072
4850456
4850822
4850381
4851498
4857253
4851263
4851500
4869060
4850873
4851655
4851987
4879841
4850094
4851817
4850623
4851632
4851924
4850665
4879839
4850476
4851736
4878938
4850265
4879717
4850730
4857288
4850745
4850530
4850223
4851565
4850083
4850159
4878916
4850826
4879763
4850519
4850531
4850726
4851283
4851911
4850262
4850399
4850536
4850996
4851975
4850899
4857268
4851349
4851579
4850683
4851951
4850055
4850078
4850657
4851497
4850593
4850335
4851121
4850515
4850270
4850060
4850798
4879879
4851265
4851403
4851908
4851979
4850545
4857208
4851115
4850302
4851149
4869010
4850099
4851920
4851140
4879748
4869014
4851327
4850635
4850855
4850695
4850825
4850680
4857239
4850171
4850823
4850590
4851608
4851783
4850391
4851832
4857231
4851527
4850688
4850129
4857398
4857134
4851302
4850866
4850041
4850910
4850751
4850544
4851363
4851789
4851956
4851457
4850355
4850319
4869046
4869057
4850681
4851180
4850067
4851324
4851827
4850980
4850653
4850308
4851113
4851119
4857270
4851606
4850781
4851659
4851883
4850004
4851634
4850557
4850864
4857255
4850749
4879762
4850397
4879864
4851599
4851566
4878011
4879797
4851717
4850903
4857141
4879830
4857279
4851520
4879860
4850082
4850879
4850694
4851905
4851238
4851595
4851577
4851833
4869033
4850956
4850360
4850922
4850348
4851394
4851449
4850227
4850357
4878690
4851340
4851593
4851575
4850463
4851597
4850664
4850034
4851984
4850523
4850806
4851404
4851378
4850575
4850238
4879880
4851460
4850972
4851880
4850884
4851735
4850166
4879876
4850820
4850278
4851337
4851282
4851670
4850626
4850011
4851835
4850051
4851869
4850641
4851154
4851186
4850276
4879719
4857237
4851259
4851511
4879865
4857217
4850102
4850795
4851718
4851390
4851472
4851818
4850326
4850524
4850659
4850895
4850714
4857392
4879726
4851292
4851230
4850062
4850084
4850984
4878915
4850986
4850424
4851974
4851215
4850318
4850633
4850592
4850539
4851682
4851860
4878930
4879894
4879772
4851843
4850773
4850783
4851882
4850045
4851299
4850197
4850481
4850393
4857289
4850778
4850848
4850068
4850032
4879723
4851426
4851603
4850835
4850269
4851954
4850949
4851162
4851102
4851684
4850703
4851258
4851854
4850830
4857246
4851708
4857273
4850649
4879882
4850214
4851914
4850293
4851784
4850183
4850741
4879850
4851435
4851409
4851839
4851512
4851172
4851748
4850401
4850464
4851106
4879893
4851787
4851990
4869050
4850993
4857180
4850902
4851266
4851220
4851441
4857242
4850402
4851666
4850104
4851872
4850073
4851539
4851884
4850992
4850607
4857311
4850896
4851253
4857323
4851100
4850797
4850001
4850533
4850729
4850578
4850546
4857193
4850700
4850301
4850909
4850934
4879833
4851242
4850292
4850562
4850259
4850661
4851303
4851739
4850777
4879806
4851646
4850320
4851722
4850043
4850088
4869047
4879822
4850244
4850770
4851654
4851731
4879786
4851729
4878939
4851110
4851320
4851691
4851355
4879813
4850058
4850711
4851293
4850621
4850469
4851780
4851786
4851128
4851268
4851772
4850564
4851250
4851711
4850025
4851618
4850985
4878680
4850454
4857104
4857221
4857249
4879852
4850296
4850317
4851669
4851921
4879831
4851590
4851301
4850645
4850366
4850385
4850804
4850439
4851600
4850282
4857295
4850794
4850367
4850686
4850538
4851816
4850772
4850009
4851852
4850209
4851425
4850994
4879828
4851389
4850712
4851749
4879746
4850671
4850673
4879755
4878664
4857393
4851342
4857259
4850450
4850737
4879775
4850457
4850933
4851260
4850596
4850413
4851978
4857127
4850377
4857343
4851207
4850677
4879742
4879869
4857266
4851199
4850133
4879802
4851462
4850003
4869026
4851538
4850198
4851129
4851868
4878934
4850175
4850341
4850246
4850906
4851648
4850955
4850107
4850639
4851640
4857145
4851134
4851768
4850310
4850843
4851365
4857396
4851448
4850740
4851525
4879844
4857212
4850384
4850685
4850901
4851427
4851135
4851573
4850991
4851470
4850383
4850258
4879878
4850969
4857294
4850398
4879765
4850101
4851296
4851257
4851392
4869037
4879761
4850489
4851552
4850131
4851518
4878910
4851319
4851339
4851581
4851334
4850997
4850035
4851947
4851881
4851101
4879787
4851686
4879810
4879846
4850636
4879794
4851934
4851589
4850304
4879907
4851166
4851615
4851917
4851360
4851760
4879905
4869016
4850574
4857276
4850359
4878917
4851345
4851161
4851201
4857243
4850432
4857251
4851698
4850322
4851310
4850710
4851278
4850240
4850498
4879843
4850038
4851159
4857203
4851153
4851279
4850771
4850086
4851442
4850725
4851410
4851198
4857290
4857334
4851838
4851508
4851160
4850549
4850717
4850668
4850598
4857142
4851189
4851248
4850672
4850342
4850764
4850105
4857351
4850580
4850057
4850505
4851688
4879885
4857236
4850765
4850945
4851213
4857306
4879819
4851306
4850568
4850779
4851778
4869044
4850716
4879722
4850642
4850311
4850305
4851804
4879888
4857135
4850821
4857346
4857335
4851610
4850380
4850167
4851985
4851246
4850815
4879837
4879812
4850350
4850757
4850634
4857347
4850687
4851114
4851757
4851126
4851641
4850365
4851690
4851451
4851965
4851524
4850462
4879771
4850243
4850169
4850388
4851622
4851169
4850433
4850142
4850279
4857272
4850650
4850917
4857252
4851680
4857326
4878936
4857325
4851281
4850493
4850614
4850886
4850567
4857333
4851229
4851452
4857241
4851623
4851940
4851361
4851664
4850138
4857264
4850509
4851513
4851311
4851315
4879741
4857250
4851504
4851685
4879867
4850277
4850528
4851494
4851942
4851828
4879781
4850392
4850853
4850941
4879716
4850534
4851502
4851967
4857244
4851970
4879766
4850618
4850666
4851738
4850188
4850372
4851459
4850619
4850532
4869045
4850889
4851359
4851488
4850143
4850390
4851181
4869013
4879769
4850872
4850914
4851352
4851866
4857355
4878697
4850684
4850089
4879845
4879870
4878901
4850503
4851696
4850288
4851300
4850312
4851103
4850165
4851627
4850938
4851642
4851823
4851461
4850428
4851944
4851819
4851298
4850556
4851261
4850353
4851594
4850840
4850723
4850027
4878922
4851531
4857220
4879708
4851353
4850375
4857216
4878909
4851720
4851745
4851878
4850361
4850706
4850285
4879737
4850065
4850097
4869025
4851697
4879725
4850249
4851922
4850119
4879740
4850152
4851241
4851620
4851108
4850100
4851209
4857338
4869068
4850106
4851156
4851847
4879747
4850121
4850970
4850857
4851287
4850792
4850013
4851551
4879702
4851588
4850358
4851465
4851792
4857280
4850833
4851741
4851105
4850125
4850799
4857261
4850831
4850898
4851958
4857148
4878928
4850958
4851541
4851962
4851797
4850130
4851585
4850708
4851693
4850655
4879718
4851976
4850897
4850951
4851663
4851732
4850753
4869024
4851863
4850024
4850049
4857210
4879835
4850535
4857278
4851471
4851179
4857283
4851935
4850196
4851422
4851177
4851558
4879861
4850846
4857121
4850272
4857296
4850321
4850423
4850606
4851473
4851173
4851118
4850442
4879785
4850195
4850585
4857124
4851464
4851578
4850029
4850218
4850164
4851639
4850184
4869038
4851516
4851774
4851771
4851795
4857234
4857223
4851509
4851190
4851421
4851876
4879873
4850808
4850920
4857282
4879897
4851703
4857293
4850782
4851437
4851274
4857262
4851822
4851953
4850696
4850869
4850147
4850075
4850609
4857226
4851247
4851927
4879701
4879731
4851328
4851418
4851377
4851492
4851672
4851318
4850291
4850343
4850241
4850963
4850431
4851973
4851297
4879756
4850351
4851888
4851499
4850378
4850675
4878919
4851706
4850861
4851382
4879891
4850236
4850579
4850412
4879739
4851932
4850648
4869059
4851561
4851380
4851519
4850738
4850852
4851407
4850352
4879758
4850643
4851387
4851916
4851807
4851485
4851195
4851219
4879736
4850982
4850074
4851971
4850789
4850400
4850570
4850145
4879872
4850486
4851981
4850805
4879705
4857269
4879735
4851762
4850496
4850525
4857248
4850827
4851626
4857320
4851192
4851343
4850421
4851801
4850053
4850660
4850555
4850283
4850477
4851864
4851433
4851547
4851168
4850988
4851723
4850447
4851490
4878942
4851802
4851243
4850455
4851820
4857240
4850185
4851798
4851665
4850387
4851534
4850144
4851358
4851785
4850213
4850474
4851376
4851611
4857125
4851568
4850211
4851895
4850692
4850758
4851982
4850092
4850120
4879859
4850091
4851569
4850721
4850954
4850018
4850419
4851858
4850396
4851874
4850981
4851391
4850422
4851811
4851321
4857298
4879903
4850731
4851836
4851155
4850638
4850071
4850069
4850942
4878004
4850330
4850494
4850255
4851936
4850287
4851986
4851740
4851995
4879757
4851269
4850925
4851891
4857308
4851164
4857366
4850774
4850905
4850136
4851204
4850558
4850662
4851384
4851405
4857206
4850340
4850113
4851613
4851960
4851456
4851766
4850682
4857307
4850669
4850362
4850021
4851989
4850438
4879784
4879853
4879710
4850376
4857202
4851447
4851329
4851232
4879751
4851193
4851399
4851777
4851842
4851649
4851744
4851607
4850451
4850478
4851240
4851144
4878691
4879752
4851849
4851750
4850135
4851545
4851972
4851431
4850149
4851280
4851356
4851753
4850940
4851210
4851549
4850031
4850870
4850108
4850199
4850174
4850946
4851175
4879884
4851158
4857394
4850573
4851886
4857146
4850734
4851904
4850408
4850718
4878681
4850315
4869053
4851983
4851316
4850254
4850141
4850132
4851138
4851535
4851616
4850316
4851699
4851148
4851514
4850449
4879767
4850522
4851617
4850253
4879887
4850417
4851351
4850337
4851484
4850436
4850973
4879774
4850158
4879886
4850554
4851687
4851955
4851733
4879836
4857317
4850210
4850605
4879851
4851674
4850148
4857348
4851398
4851814
4851332
4851493
4851730
4850595
4850200
4879803
4850386
4851572
4851793
4851480
4850404
4851812
4850787
4879889
4879764
4850237
4851837
4869039
4857122
4850172
4851194
4851143
4851124
4851913
4857340
4851941
4850620
4850998
4851943
4850876
4879826
4850510
4851902
4878914
4879807
4878945
4850722
4879829
4850548
4851906
4850465
4851165
4851726
4850915
4850691
4879868
4879892
4879799
4851515
4850112
4850374
4851754
4850042
4850871
4850349
4850882
4851223
4850416
4851647
4851715
4857151
4850177
4851946
4851196
4850232
4851829
4851767
4851503
4851543
4850834
4851415
4851141
4851338
4850964
4878929
4850368
4850056
4857256
4851478
4869023
4851901
4851523
4851761
4851362
4851791
4851826
4851689
4850932
4850622
4851794
4851331
4851781
4851142
4850939
4851205
4850900
4878016
4850927
4851692
4850266
4851996
4850824
4851867
4878005
4850036
4851375
4851130
4857245
4850851
4851254
4850863
4851952
4851937
4851277
4850299
4850836
4851178
4851889
4851439
4857218
4850095
4878911
4850790
4850587
4850156
4850275
4879788
4851969
4850137
4851139
4850066
4851621
4851289
4850501
4869021
4869034
4850116
4850550
4850801
4850728
4851910
4850434
4851133
4851251
4850202
4851381
4851176
4851656
4851412
4850756
4851264
4850577
4850881
4850028
4850891
4850231
4851395
4850588
4851197
4850842
4850516
4850875
4851411
4850608
4850767
4851885
4869027
4850040
4851341
4878012
4869043
4851212
4879732
4879801
4857286
4850944
4850768
4850370
4850517
4851182
4878070
4857228
4850215
4857225
4857143
4850928
4851239
4869063
4850506
4850468
4879858
4850610
4851756
4857227
4857271
4851602
4851208
4851550
4850294
4851330
4850890
4857149
4851104
4850974
4879840
4857200
4850888
4850016
4850264
4869011
4879849
4850118
4851123
4851335
4851291
4851325
4850936
4850336
4851635
4851929
4851775
4850497
4851424
4850085
4869067
4850081
4850117
4850975
4869042
4857230
4851813
4851420
4850698
4879908
4850868
4879809
4850037
4851657
4850048
4851308
4851385
4850652
4850663
4850924
4851157
4850459
4857132
4850201
4851444
4851870
4850719
4851931
4850926
4851309
4851234
4850023
4851414
4850225
4851824
4851491
4850968
4857397
4879714
4850395
4879881
4850705
4850979
4850628
4851438
4851966
4851477
4850109
4857238
4879862
4879724
4850239
4851825
4850508
4851372
4879712
4850904
4878932
4851348
4851188
4851587
4879820
4850176
4851225
4869018
4850157
4850837
4851624
4851850
4850324
4857300
4851742
4851554
4869051
4879798
4879721
4851900
4850829
4851482
4857274
4850930
4851977
4850632
4851592
4878694
4851383
4851323
4850482
4851285
4851386
4850235
4857285
4850761
4850181
4857204
4851369
4857211
4851980
4850345
4850907
4850908
4850448
4850961
4850406
4850676
4878903
4879779
4869056
4851347
4850363
4851275
4850339
4850630
4879704
4850791
4850346
4851714
4879754
4857284
4879729
4850742
4850328
4857131
4879834
4850298
4850093
4851150
4879776
4850965
4851848
4851574
4851770
4851505
4851724
4850212
4851734
4850487
4879904
4850601
4851501
4879817
4850207
4850847
4851751
4869036
4857214
4851235
4850950
4851892
4851683
4850437
4851830
4850935
4879793
4850248
4879738
4850418
4850076
4850594
4851401
4850492
4851857
4851677
4850656
4850257
4851875
4850990
4850194
4850551
4850646
4851915
4857209
4851650
4850192
4851926
4851290
4879728
4851563
4850591
4850019
4851224
4857222
4851584
4851112
4850862
4850228
4851619
4851918
4850786
4850697
4851840
4851481
4851374
4878913
4850007
4851506
4851533
4851517
4879796
4851759
4878689
4850844
4869017
4851855
4850759
4851625
4857312
4850403
4850306
4850849
4850491
4850079
4850947
4851671
4851596
4850429
4851336
4879780
4878009
4851894
4851898
4879713
4850631
4850893
4851806
4850080
4878018
4851367
4850087
4857254
4850931
4850850
4850841
4850499
4851582
4851495
4850762
4851218
4851370
4850441
4850838
4851776
4878931
4850962
4850114
4851262
4857260
4850611
4850923
4851871
4850921
4851191
4851993
4879832
4851132
4851200
4850161
4850560
4850453
4850527
4851643
4850017
4851846
4851938
4851928
4851583
4879825
4850874
4878948
4851540
4851959
4850586
4857207
4879749
4850230
4851419
4851651
4879792
4857281
4851434
4850747
4879778
4850263
4857287
4850526
4850190
4851612
4879808
4879789
4851637
4850047
4850637
4851609
4851702
4851841
4850485
4851604
4850193
4851859
4850553
4850427
4850640
4851313
4851304
4851546
4851237
4851879
4851127
4857205
4851428
4851529
4878925
4851322
4878047
4879875
4850052
4851354
4851373
4879750
4850064
4869065
4851803
4851662
4850180
4851899
4857310
4857301
4850511
4851710
4850327
4879855
4878933
4850919
4851571
4857265
4851716
4850803
4850600
4850163
4851357
4851137
4879902
4850589
4851326
4850480
4879800
4851559
4879795
4857123
4851755
4850452
4850247
4850894
4851747
4850096
4878941
4850289
4851580
4850793
4850788
4851919
4850916
4850221
4850139
4857201
4851945
4850514
4857341
4879857
4879753
4851586
4851673
4850617
4850338
4851125
4850220
4851661
4850187
4851707
4851712
4850658
4857247
4850179
4850563
4850128
4851809
4851769
4850867
4850151
4851453
4851758
4869052
4851284
4850784
4850281
4851660
4857213
4851350
4850500
4869048
4857215
4851992
4850679
4851810
4851532
4851773
4850178
4850616
4850217
4857350
4850929
4850518
4879730
4878927
4851667
4850483
4850701
4857275
4850839
4850300
4857291
4851890
4851633
4850883
4850565
4851217
4851183
4851486
4850290
4850707
4850817
4851458
4851695
4879782
4851454
4879707
4857232
4857319
4851522
4850732
4850313
4851678
4850967
4850111
4850286
4869015
4850569
4850382
4857235
4851231
4851479
4851668
4851167
4850426
4850952
4857299
4851998
4850407
4869055
4850234
4851174
4851988
4851463
4850347
4850219
4857297
4851131
4851542
4850715
4850054
4879895
4851925
4851923
4851406
4850733
4878912
4850755
4850750
4879709
4850061
4850995
4850274
4851834
4850044
4850752
4851109
4850379
4850572
4857277
4851364
4879805
4879824
4851440
4851628
4851861
4851536
4851994
4850050
4850811
4850006
4879856
4850943
4851184
4879874
4850389
4851450
4878947
4879842
4850977
4851765
4850122
4850170
4850405
4851800
4851530
4851675
4850584
4851116
4850443
4850953
4850845
4851146
4857257
4851873
4850957
4850987
4851255
4850273
4850295
4850280
4850520
4850887
4851163
4857263
4879759
4850446
4850256
4851713
4869066
4851862
4851294
4851256
4850796
4851446
4851286
4850816
4851991
4850561
4850309
4851933
4851371
4851145
4851629
4850892
4850960
4851598
4851796
4851746
4850597
4850877
4850775
4857314
4850162
4857187
4850371
4851305
4850735
4850624
4851397
4850146
4850537
4850022
4851393
4851999
4850559
4851430
4857399
4879815
4850571
4850015
4851948
4851553
4850467
4850878
4851564
4857233
4850208
4850529
4879883
4851949
4851312
4850440
4851851
4851557
4850267
4879818
4850123
4851408
4850566
4850430
4850356
4850615
4850026
4851614
4850224
4851476
4850189
4879703
4850581
4850727
4850748
4851474
4850576
4851432
4850466
4851782
4851719
4857192
4851455
4851701
4850502
4850284
4851576
4850364
4850242
4850744
4850802
4851779
4850720
4851763
4851939
4851709
4850966
4851521
4850203
4850766
4851743
4879777
4850435
4851591
4850307
4879814
4850251
4850333
4850205
4851344
4879854
4850937
4851636
4851402
4850332
4851227
4879823
4850471
4851964
4850154
4850222
4851721
4851443
4850603
4851856
4850204
4850612
4850541
4878687
4878907
4850488
4851273
4879877
4850978
4851400
4851445
4850885
4850475
4851187
4850479
4879768
4850414
4850160
4850776
4850512
4851171
4850268
4851226
4851562
4851222
4850216
4857224
4850445
4878918
4850959
4851413
4850173
4851147
4878695
4869032
4851831
4850010
4850543
4850110
4851206
4851379
4851630
4850856
4851236
4850425
4851601
4850063
4851907
4850411
4850150
4879821
4850008
4878007
4878682
4851700
4850800
4851961
4851727
4850233
4850033
4851510
4850461
4850690
4850613
4850297
4851705
4850012
4850807
4879770
4850704
4850124
4851555
4851249
4850654
4851821
4851489
4851808
4879898
4851638
4851136
4851752
4878008
4851295
4850971
4850739
4879745
4850504
4850325
4850859
4878923
4850354
4850540
4850168
4850542
4850651
4850140
4851436
4879783
4851288
4879816
4851844
4851658
4851897
4850334
4851317
4851466
4851896
4851737
4850602
4851483
4851202
4879811
4878924
4851968
4879744
4850809
4850709
4850854
4879899
4851652
4850039
4851267
4850812
4850369
4851120
4851333
4851429
4878908
4851805
4850813
4879847
4851417
4850261
4850674
4851151
4850880
4850394
4850115
4878683
4850460
4850409
4850999
4851252
4850760
4851203
4879706
4850911
4851170
4857258
4850059
4851676
4850020
4850473
4850373
4851788
4879773
4851244
4850858
4851567
4850818
4851528
4851233
4850780
4850912
4850507
4850252
4851276
4851507
4850186
4851704
4850983
4851314
4879720
4878949
4850002
4851107
4851950
4869029
4851487
4851815
4850206
4850763
4878944
4879734
4850329
4879804
4851475
4850644
4850769
4851526
4850819
4850918
4851537
4869022
4869049
4850746
4850743
4851544
4850693
4851570
4879733
4850303
4850331
4850583
4850472
4850814
4850678
4850126
4879827
4879790
4851368
4851853
4850865
4850948
4857219
4850599
4879760
4850155
4878003
4851185
4851211
4850976
4851416
4851764
4851556
4850260
4857332
4851216
4850625
4878014
4851346
4850077
4857292
4850989
4851728
