4873284
4879465
4873247
4857057
4853155
4853160
4873034
4879155
4872935
4872978
4853184
4879330
4888394
4853776
4873956
4873188
4873154
4869009
4853309
4879582
4857081
4853632
4853055
4853384
4888369
4879459
4872908
4853674
4873241
4879389
4879561
4853096
4853677
4879249
4873007
4853657
4873923
4853787
4879006
4873311
4853345
4879503
4879149
4857584
4853356
4853754
4857088
4879012
4853449
4873933
4857571
4853521
4879352
4873192
4853730
4857059
4873927
4873113
4853504
4879240
4857047
4872934
4879318
4873942
4872941
4857021
4873212
4857063
4879029
4879575
4879042
4873182
4853364
4873202
4853321
4888144
4879659
4873299
4853614
4857508
4857022
4879210
4879484
4857045
4853176
4879104
4879495
4853606
4873900
4853414
4853725
4873996
4853458
4878622
4853060
4888477
4873252
4873167
4853317
4853400
4888395
4873302
4872913
4879133
4853385
4873316
4879445
4853447
4888496
4853756
4879616
4879455
4873163
4873266
4853046
4853445
4857543
4873381
4879153
4888149
4879272
4879106
4853086
4873032
4873916
4853145
4879232
4853030
4888136
4853003
4879098
4873225
4879008
4888374
4879068
4853753
4853696
4879083
4879253
4853731
4853056
4853695
4879562
4857019
4873915
4879385
4853334
4857055
4879611
4853718
4879205
4853470
4873947
4873109
4879463
4873051
4853104
4869094
4879085
4853168
4873010
4879686
4888494
4879424
4853646
4888393
4873325
4873902
4879609
4853532
4879256
4873100
4879607
4879334
4872914
4853520
4853180
4853302
4879021
4879310
4879348
4853088
4857545
4853006
4879572
4853004
4853770
4879625
4853409
4857504
4879090
4888407
4879343
4879436
4873155
4853481
4853714
4879015
4853142
4879207
4872999
4873001
4879297
4873366
4853405
4873257
4853563
4872951
4873229
4888491
4879351
4879279
4853416
4879031
4879410
4872991
4879242
4857073
4879305
4853418
4872915
4888165
4872976
4879038
4853438
4873040
4872979
4857556
4853125
4873004
4873080
4857079
4853526
4853514
4853793
4853477
4879363
4879697
4857061
4879564
4888143
4853791
4853388
4853712
4873313
4879159
4873328
4872985
4873255
4857589
4853369
4853598
4873263
4873081
4879296
4879678
4853089
4879430
4879505
4853015
4873030
4879315
4873345
4879648
4879634
4853631
4872920
4873936
4873960
4873026
4879360
4853320
4879419
4873389
4853129
4888304
4853027
4888372
4853568
4888390
4853066
4873179
4879384
4873069
4872903
4879573
4879163
4888310
4879265
4879020
4873978
4853610
4873290
4853019
4879299
4879204
4879386
4873228
4879078
4879444
4853154
4853303
4879329
4879574
4857053
4873165
4879218
4853032
4879438
4873909
4873110
4853341
4853703
4873131
4853737
4853199
4873211
4853564
4879601
4853013
4888168
4879382
4872958
4879237
4873162
4853381
4873296
4879216
4879161
4853005
4853768
4853518
4879641
4853399
4888490
4879283
4857013
4879286
4879504
4873043
4873000
4853178
4879425
4872962
4879608
4879374
4873958
4879626
4879399
4872996
4879381
4879333
4853570
4857526
4879654
4857095
4873277
4888346
4873998
4853700
4879190
4879289
4853350
4857524
4857587
4879394
4853524
4873176
4857093
4879077
4853557
4853078
4873303
4857076
4888326
4853421
4879380
4857016
4853346
4879044
4873158
4879462
4853362
4879124
4857569
4853455
4853372
4853555
4879665
4873194
4888484
4873011
4888303
4853325
4879264
4853531
4853436
4879160
4873375
4853748
4872901
4872911
4888498
4853050
4878610
4873939
4873156
4853412
4888120
4879311
4853105
4853112
4873924
4873144
4879191
4873021
4879496
4853544
4853070
4879684
4879393
4853759
4873077
4853608
4853679
4879135
4872971
4879110
4888439
4873070
4873283
4857008
4853551
4888480
4888345
4879238
4879158
4879105
4879197
4879361
4873342
4853761
4879563
4879003
4853701
4873123
4853615
4879060
4879469
4888323
4873059
4873953
4853686
4879475
4879170
4873948
4879675
4873125
4872992
4866668
4853423
4872961
4857094
4853655
4879028
4853010
4872902
4866669
4857538
4853692
4853507
4879689
4879243
4873028
4873335
4853080
4873999
4879258
4873126
4857505
4888175
4873937
4873922
4873315
4879091
4853478
4873318
4879623
4853048
4873122
4853795
4879506
4879096
4879407
4879206
4853772
4853585
4879219
4853644
4857519
4879660
4879426
4853115
4873133
4879140
4873295
4879432
4879674
4873282
4853777
4853338
4888121
4878624
4853473
4853049
4853095
4873082
4853182
4853330
4873997
4853587
4857562
4879595
4879251
4873372
4888358
4873980
4873041
4873304
4879479
4857024
4879403
4873065
4879005
4888312
4857030
4879001
4853001
4888354
4873349
4853549
4873083
4873219
4879617
4853008
4872960
4866661
4879025
4888403
4879688
4873186
4853360
4866663
4853179
4853191
4879405
4872921
4873390
4873288
4857554
4857517
4879411
4857060
4857531
4873198
4879016
4873258
4873984
4879244
4853472
4853727
4872918
4853500
4853192
4853415
4857029
4857594
4853143
4872970
4879172
4873289
4879141
4857007
4879122
4873353
4879636
4879383
4873974
4879211
4879594
4873986
4853181
4853688
4853017
4853572
4873226
4853474
4873150
4873305
4879081
4853411
4853704
4879570
4879409
4879916
4853710
4853398
4857525
4853040
4879369
4853512
4872917
4879165
4873260
4873333
4853745
4879171
4879261
4879317
4873911
4879408
4879115
4873075
4879263
4873281
4857523
4873338
4873292
4853462
4853719
4853621
4879391
4879245
4873064
4879620
4853085
4873286
4888125
4872081
4853561
4853083
4873233
4873238
4853517
4873234
4879629
4879157
4873368
4873068
4857004
4873210
4853139
4872977
4873929
4873949
4879325
4853556
4873132
4853505
4879638
4873312
4873975
4873346
4853658
4888154
4853647
4873136
4853584
4853106
4853516
4853444
4879280
4873006
4853630
4853796
4853131
4853171
4853370
4873965
4873200
4879127
4879687
4888178
4853774
4879067
4879331
4857014
4873983
4879234
4857084
4853052
4873199
4853127
4873344
4857036
4853497
4853057
4879437
4873039
4888431
4879032
4888173
4853396
4873058
4853600
4853382
4879413
4879142
4872983
4857564
4857086
4853041
4879420
4857011
4873917
4853367
4853071
4853510
4873087
4879231
4879345
4853177
4879500
4853121
4873991
4873207
4872904
4879298
4853072
4888306
4873280
4853765
4853775
4888401
4888314
4888361
4853511
4888378
4879277
4879397
4853134
4853726
4879269
4873091
4853144
4879014
4853711
4879328
4879501
4873170
4873347
4857066
4879615
4879685
4879390
4879643
4853709
4873273
4879137
4879179
4853377
4853404
4857035
4853076
4873337
4853406
4853728
4873932
4853780
4853720
4869001
4853528
4879252
4853310
4872989
4878623
4873025
4879309
4879451
4879087
4873358
4853084
4879418
4873943
4857590
4873230
4888135
4879227
4879372
4873106
4873913
4857033
4879071
4857001
4873373
4857534
4879414
4879089
4873962
4853368
4853705
4853721
4879355
4873989
4879365
4857581
4853173
4853582
4857056
4879178
4853374
4879274
4879187
4853152
4879699
4879434
4879449
4873008
4853336
4879507
4857092
4879326
4853508
4879324
4853420
4853454
4857547
4873149
4857573
4888300
4873950
4853558
4879182
4879154
4879435
4853068
4869000
4888479
4853163
4873298
4872972
4879246
4879590
4853037
4879041
4888166
4872928
4853446
4879632
4878619
4873384
4853358
4879260
4873193
4879322
4872949
4888162
4873148
4872987
4888492
4857091
4853195
4888301
4879143
4879241
4869090
4879229
4879011
4888167
4873240
4879621
4879306
4879580
4853586
4879698
4879293
4879682
4879051
4879103
4853571
4879655
4873244
4853318
4873195
4879148
4853075
4853328
4879267
4872954
4888371
4879285
4853167
4853165
4879291
4853529
4857500
4879075
4853386
4872956
4853428
4879023
4857002
4879610
4853637
4853113
4879600
4857555
4873118
4853340
4872909
4879282
4853363
4879248
4857552
4853342
4879222
4879320
4873267
4879482
4857099
4853326
4888430
4853393
4879456
4873946
4888392
4873256
4879412
4873197
4879151
4873022
4873308
4879402
4853494
4879470
4879428
4853148
4853743
4879164
4853771
4857530
4879477
4873398
4872975
4853408
4853082
4879442
4873367
4879480
4853183
4879290
4853782
4879509
4879033
4853431
4888317
4857085
4872952
4873397
4873307
4879349
4878618
4853379
4853376
4853120
4853024
4853315
4873971
4869005
4879226
4853650
4873320
4853742
4853440
4853747
4853051
4853378
4879301
4879646
4872919
4879126
4853708
4853479
4879113
4873055
4853489
4888353
4853769
4853722
4873919
4878629
4873047
4879366
4888437
4873204
4853122
4888436
4857582
4857028
4879627
4853537
4872945
4853156
4873020
4879651
4879447
4888373
4853485
4873940
4873399
4879662
4879401
4857012
4873056
4873054
4853197
4853683
4853546
4879637
4857527
4853375
4853025
4888126
4873301
4853588
4853002
4879002
4873268
4873181
4853794
4872082
4873130
4872974
4879670
4879406
4873174
4853525
4888319
4873921
4853755
4857512
4857017
4879373
4879086
4873035
4853186
4853539
4853790
4872995
4853645
4853304
4853153
4857075
4853437
4857598
4857513
4873227
4873044
4879491
4857049
4853422
4873987
4873976
4888302
4853079
4879673
4888341
4853189
4853185
4888320
4853752
4873928
4853459
4873952
4853778
4873341
4853627
4879039
4888402
4879656
4873086
4873098
4857509
4857551
4853460
4888325
4879139
4879019
4888461
4879010
4873191
4888350
4873009
4866664
4853784
4857568
4853616
4879353
4857548
4879302
4873092
4872968
4879230
4857070
4853021
4888129
4879111
4873036
4888308
4888123
4853597
4879066
4879327
4857010
4879097
4879628
4853468
4879602
4853633
4857032
4873903
4853417
4888460
4857518
4853611
4879568
4888404
4879239
4879312
4853596
4873959
4873048
4879336
4857577
4873187
4873093
4879120
4879065
4857051
4879483
4853750
4853402
4879443
4869086
4879017
4879314
4872953
4853110
4853361
4879079
4879395
4853169
4879048
4872948
4873206
4857009
4873287
4853100
4857595
4853492
4888124
4873276
4873215
4873237
4853471
4879049
4873137
4879052
4853135
4888396
4873393
4873348
4853536
4879007
4853702
4873992
4888142
4873003
4873129
4879489
4853012
4853016
4873031
4853124
4853493
4853797
4853741
4873120
4857570
4879567
4853140
4853305
4879176
4873243
4857074
4879337
4853413
4853480
4873067
4853592
4873306
4853739
4853684
4873251
4879070
4853311
4853656
4879268
4853333
4879499
4888141
4879107
4879454
4873355
4872955
4873089
4879344
4873264
4873954
4857503
4873963
4879295
4872912
4888488
4879614
4857576
4888137
4879276
4853501
4857574
4879225
4853397
4873934
4853751
4879292
4853111
4888466
4873184
4873981
4853463
4872994
4872906
4872900
4879173
4857579
4879184
4879281
4879347
4879168
4869092
4857549
4879453
4853077
4879396
4879152
4872936
4866660
4853059
4873072
4873322
4853045
4873275
4869099
4853451
4853487
4873128
4879378
4879577
4888367
4873314
4879579
4853161
4853530
4888468
4873050
4873990
4879604
4857065
4879119
4879683
4879180
4853580
4857515
4872939
4879323
4888375
4873995
4853150
4873115
4853591
4873223
4879064
4853327
4879195
4853601
4853749
4873386
4879192
4853640
4857533
4857044
4873967
4873973
4873964
4873377
4853764
4888158
4879691
4873045
4879026
4873161
4857553
4857020
4879254
4853114
4879102
4857050
4853335
4873321
4853495
4853723
4879676
4857521
4873926
4853300
4869008
4853593
4879196
4873931
4873396
4873261
4853543
4879375
4879398
4873107
4853577
4853061
4857027
4853693
4872940
4853565
4879487
4853196
4879321
4857069
4853605
4853343
4879416
4873024
4853690
4879439
4857528
4879117
4879203
4888363
4872980
4888362
4872982
4853533
4879043
4879694
4853383
4853475
4879692
4873359
4873930
4879072
4873172
4888155
4853158
4879649
4879058
4853087
4873391
4879223
4873168
4873274
4853552
4853164
4879370
4888152
4873214
4873254
4879316
4873285
4873387
4879129
4873231
4873166
4879423
4857593
4873972
4888399
4857529
4879275
4873175
4879024
4853128
4853651
4853058
4853126
4879255
4853785
4873152
4873060
4872947
4853760
4878628
4853090
4888349
4873071
4873127
4888177
4872946
4879035
4879588
4873143
4879167
4873049
4853574
4872964
4853401
4853074
4872931
4853062
4873383
4853432
4869003
4873370
4853097
4853407
4888365
4853109
4853484
4853482
4879095
4857048
4879193
4853190
4853789
4853767
4879371
4853026
4879294
4853073
4879474
4873910
4872916
4857550
4879134
4873253
4873119
4853773
4857567
4879162
4879054
4873139
4857026
4888465
4888151
4853579
4873343
4879603
4873944
4873159
4853457
4857054
4879144
4873356
4853043
4879046
4873293
4879461
4879047
4879358
4853486
4879194
4879669
4853022
4857507
4873371
4873135
4853781
4873037
4853036
4853344
4857015
4879009
4853307
4879069
4888342
4879208
4879114
4857535
4879092
4879062
4879093
4853132
4853490
4853491
4879622
4872933
4857078
4873329
4853009
4873013
4873216
4873245
4853174
4879359
4873102
4879576
4879183
4853448
4879319
4873224
4879493
4879116
4879671
4872925
4879235
4873938
4878627
4872959
4879146
4879118
4853352
4853107
4879647
4873190
4853465
4873104
4873033
4872957
4857087
4879645
4879429
4853188
4853007
4853573
4857089
4857599
4853560
4853548
4873905
4888469
4853729
4853562
4873394
4857038
4873993
4879619
4873985
4872927
4873955
4888139
4879013
4888463
4879057
4879156
4873248
4872984
4853425
4857052
4873362
4879448
4857591
4873250
4853301
4853554
4873085
4888397
4873116
4879633
4857080
4879174
4853713
4853461
4857596
4873209
4879635
4853519
4853098
4879377
4872924
4873076
4888483
4873099
4857539
4853559
4853540
4853453
4869085
4873331
4879266
4857578
4878611
4873012
4857532
4879696
4853419
4879404
4879650
4853672
4879053
4872981
4872907
4853534
4857557
4857041
4872910
4857064
4853503
4873339
4873101
4857097
4879055
4869083
4873374
4873078
4853069
4888340
4853170
4853746
4853319
4853476
4853738
4853357
4853467
4853433
4879464
4857520
4879273
4872930
4853515
4853538
4869002
4888179
4872929
4873232
4879332
4879313
4873042
4888485
4873105
4873063
4879362
4873142
4853322
4873319
4879476
4873324
4853028
4879478
4879440
4853629
4888153
4857025
4853366
4873140
4857544
4853108
4853435
4873249
4879593
4888433
4879693
4879458
4879441
4873941
4853732
4879132
4879392
4879653
4879189
4857511
4879199
4873205
4857046
4879271
4879335
4872950
4853581
4873074
4879050
4873951
4872986
4853535
4853430
4853391
4879661
4853014
4888487
4879303
4869004
4853717
4879185
4879147
4853499
4872932
4873103
4879287
4879288
4879250
4873364
4853313
4873365
4853506
4888140
4853429
4879186
4879037
4857039
4888147
4888171
4873027
4873920
4879663
4857023
4879457
4853466
4879338
4879166
4873196
4857034
4853410
4879080
4857542
4879350
4888408
4879150
4872926
4853329
4872997
4853351
4873239
4857067
4873376
4853550
4873220
4853427
4879088
4879215
4853798
4853047
4853093
4879346
4879679
4869006
4879074
4857082
4857546
4853622
4853011
4853779
4853394
4873029
4853464
4853159
4853483
4879592
4879030
4873084
4853799
4857561
4873300
4853390
4853349
4873062
4888146
4853314
4873121
4853542
4873380
4857572
4879262
4873388
4853166
4873310
4879045
4879198
4857540
4879364
4853788
4873977
4857006
4853306
4879340
4873014
4857510
4879642
4879082
4853694
4879076
4873925
4873018
4853578
4853387
4873966
4888368
4853439
4853442
4879422
4873988
4879128
4879612
4853151
4853067
4857575
4853685
4866667
4888438
4879354
4888174
4853324
4873242
4879446
4873171
4879618
4857565
4873363
4878617
4873378
4853042
4879508
4879022
4873360
4853172
4853541
4879640
4872084
4879486
4853064
4879214
4879431
4888493
4853786
4872963
4853424
4873079
4873271
4872998
4857536
4857541
4873969
4853716
4879934
4879485
4879236
4888157
4873935
4879460
4879056
4879209
4873019
4879367
4853175
4879112
4853091
4853595
4853136
4879421
4853706
4873246
4879497
4879099
4873968
4888145
4872943
4873334
4873201
4853371
4853162
4857592
4879467
4872923
4873297
4888435
4888379
4879613
4853348
4879145
4853707
4879000
4879233
4873002
4879084
4853604
4853000
4853373
4853147
4879368
4873352
4853389
4853576
4857588
4857537
4857072
4879061
4879569
4853308
4879388
4879004
4888318
4872938
4888150
4857558
4873147
4873112
4853792
4853353
4873332
4853365
4879181
4857005
4873291
4879667
4873094
4853671
4879652
4873350
4879472
4879109
4879228
4873906
4853736
4853149
4879175
4853566
4857563
4853545
4873141
4873046
4879121
4879177
4853193
4873015
4879247
4879131
4853426
4888409
4853744
4879220
4857037
4853509
4857090
4879123
4873914
4853638
4873912
4873183
4853766
4853038
4857506
4853757
4873235
4873218
4853569
4879036
4879657
4879639
4853553
4872993
4879136
4879471
4873180
4873957
4853715
4879108
4888160
4873016
4879668
4872988
4872937
4873124
4879278
4853187
4879565
4853590
4879169
4879202
4872922
4873361
4853734
4879466
4873157
4873351
4853123
4879304
4888475
4873279
4879664
4879094
4857501
4888377
4873357
4879666
4888478
4873259
4857040
4857003
4879488
4853403
4873138
4853513
4879342
4873379
4853118
4853456
4853312
4879125
4857098
4853137
4853119
4873278
4872942
4879284
4879101
4857585
4879027
4873369
4888322
4857514
4879492
4853323
4879427
4853359
4888486
4879681
4873330
4857566
4853054
4853567
4853354
4873908
4853450
4857583
4853498
4888307
4873189
4873160
4873053
4879138
4879308
4879259
4853527
4853138
4853733
4853102
4857068
4872967
4853392
4853029
4873918
4879473
4853117
4873961
4853763
4857031
4888357
4857077
4879073
4853332
4879100
4879018
4857522
4873023
4853053
4888405
4853044
4879452
4879494
4879695
4853762
4873217
4853092
4853063
4853194
4879415
4853699
4873169
4872965
4879468
4873208
4879605
4873270
4888316
4879677
4869097
4873146
4888321
4879224
4853331
4853031
4879481
4853141
4853133
4879624
4879040
4888343
4879566
4873173
4879672
4879257
4853103
4879270
4857000
4853594
4853033
4853023
4853198
4853653
4873336
4888370
4873213
4873354
4879450
4857083
4857018
4857062
4873982
4873097
4853441
4873294
4853469
4853654
4853626
4888148
4873385
4872990
4879417
4857559
4873088
4873134
4853116
4873164
4853673
4873317
4888489
4873265
4879690
4879490
4853355
4879376
4888163
4873090
4857586
4873236
4873979
4853575
4853065
4879341
4872969
4853081
4853502
4879213
4873272
4872966
4873907
4873057
4873323
4857560
4853099
4873994
4853316
4888134
4879433
4879400
4879379
4879063
4879680
4857516
4873262
4857058
4873222
4873382
4873185
4873269
4879188
4853443
4873904
4873066
4873340
4879201
4888324
4853452
4857096
4873005
4866666
4879658
4879498
4879630
4853735
4873073
4857042
4879217
4857597
4853347
4879644
4853339
4873326
4853740
4853101
4879130
4879059
4873114
4873177
4873052
4879631
4853018
4853583
4888327
4853589
4879212
4879034
4853496
4853094
4873117
4873111
4873970
4853602
4873327
4853636
4873145
4879387
4872973
4879200
4853039
4853642
4853434
4878620
4853599
4853488
4873203
4873017
4879307
4853130
4853783
4853035
4873395
4869007
4873945
4853724
4853157
4873221
4853659
4872944
4857580
4853758
4879357
4853620
4853034
4853395
4873096
4873901
4873108
4872905
4873151
4888400
4873392
4873309
4873061
4879356
4857043
4879339
4857502
4853020
4873178
4853380
4857071
4853547
4853337
4879221
4853146
4873038
4879300
4879606
4873153
4853522
4853523
4873095
4869084
