4888722
4860584
4869525
4866323
4869580
4860589
4878566
4878113
4866700
4872328
4860396
4866166
4873746
4872652
4860779
4860392
4872404
4872445
4878319
4860722
4866723
4866783
4866903
4866500
4878166
4869147
4872138
4872605
4869169
4866122
4872237
4860974
4878590
4878240
4878116
4860340
4869741
4878149
4873706
4872765
4869387
4860944
4888767
4869591
4860174
4869528
4872352
4866964
4872311
4860114
4872649
4878208
4869154
4869161
4866968
4866522
4860708
4866945
4866175
4872218
4866172
4878292
4878355
4872189
4873784
4872255
4866975
4878132
4869726
4869565
4860155
4872682
4866750
4872592
4872586
4878526
4872644
4860191
4866114
4860560
4860187
4860116
4872629
4872118
4860988
4869371
4878579
4878348
4860510
4872792
4872624
4878274
4872114
4869317
4872741
4866740
4869187
4873734
4872427
4869541
4872135
4866532
4873729
4866718
4869150
4860528
4860353
4866761
4872101
4872369
4860534
4866711
4869159
4869305
4872639
4872215
4866772
4872384
4866983
4872181
4866756
4873708
4869713
4878243
4866148
4866118
4866343
4878173
4878103
4866579
4869705
4869710
4866380
4860998
4872116
4866722
4872555
4869515
4878128
4872632
4869375
4872155
4866350
4860551
4872409
4872345
4872405
4878195
4869727
4872317
4869325
4869536
4872482
4866169
4860981
4866193
4860171
4872240
4878232
4860977
4860792
4866376
4872335
4866384
4869788
4866505
4869514
4878521
4860782
4878336
4878343
4872394
4869171
4860161
4860304
4860545
4878317
4869383
4873721
4860315
4872365
4866782
4866973
4860130
4878311
4878394
4872343
4860105
4860319
4872378
4866115
4878129
4866562
4878341
4872207
4878500
4873781
4872479
4866701
4878533
4872141
4878175
4878508
4866504
4869757
4866915
4869542
4878578
4866346
4888760
4878180
4866982
4869555
4872519
4888582
4866999
4866570
4872179
4872610
4869756
4860939
4869769
4872478
4860186
4860713
4869560
4860567
4860145
4860358
4860911
4866349
4866920
4869716
4872324
4878396
4878552
4872213
4866951
4878365
4866978
4866140
4872107
4860310
4860399
4878112
4860106
4860715
4869345
4860989
4860520
4872521
4872406
4878251
4866745
4860962
4866546
4860990
4872206
4872467
4872396
4878367
4869381
4873759
4878213
4872289
4860537
4878157
4866187
4872139
4878164
4878222
4872112
4866961
4878298
4860966
4869378
4872597
4869784
4878123
4860955
4872676
4872323
4873750
4860509
4888711
4860917
4860140
4869731
4878539
4872567
4872433
4878236
4860945
4860967
4878372
4860565
4872504
4878371
4860916
4869764
4872105
4872197
4869558
4869709
4878542
4866734
4878599
4872383
4860113
4860163
4888731
4872574
4866335
4869323
4872446
4872296
4872582
4872387
4866705
4872680
4860502
4873757
4866331
4888785
4872143
4869151
4878197
4866188
4872196
4878249
4872470
4872449
4873714
4860333
4873711
4878152
4860910
4872493
4866334
4869789
4866797
4869584
4860778
4872543
4878333
4869321
4878262
4866548
4869157
4869322
4860573
4869721
4866103
4872250
4866755
4866316
4860781
4866126
4860949
4872214
4878358
4872224
4872247
4872153
4866133
4872550
4872432
4878228
4869701
4866925
4888713
4866585
4869780
4869593
4866365
4866123
4878376
4872379
4860777
4872618
4860736
4869776
4860529
4872298
4872411
4866909
4869340
4869382
4866938
4860996
4866173
4878577
4869783
4860583
4866794
4860122
4869706
4878509
4869117
4866308
4860382
4878154
4866980
4878368
4860561
4860185
4860975
4878545
4872381
4869725
4866341
4860595
4872225
4860732
4860196
4866179
4860508
4869735
4860940
4860532
4878354
4878256
4866168
4873777
4860963
4860926
4872476
4866102
4869575
4878517
4869166
4872695
4878229
4866998
4872249
4872385
4872573
4872392
4869379
4873754
4869781
4888505
4860587
4866977
4866758
4860519
4869190
4860946
4878349
4860398
4878192
4888559
4869332
4872501
4869554
4869315
4872321
4869122
4878121
4872598
4866763
4866987
4872675
4866787
4860913
4872681
4860305
4872650
4869189
4860380
4866748
4869399
4878159
4872664
4873728
4866578
4872295
4869351
4866575
4860127
4866542
4869347
4878560
4878235
4860714
4860753
4866559
4869116
4869537
4878361
4866556
4869792
4872362
4869126
4872498
4866129
4869133
4869790
4878302
4869131
4866158
4872359
4866153
4869143
4866325
4866558
4860365
4888535
4872353
4872557
4860577
4878207
4878550
4866355
4869791
4869563
4860368
4866789
4872659
4872326
4860559
4888781
4888793
4866340
4866985
4872148
4872325
4872653
4872304
4860511
4860918
4872606
4860775
4873747
4872282
4866393
4869303
4869532
4860703
4872667
4878387
4869553
4860599
4878540
4873736
4872700
4866501
4860707
4866708
4869511
4878360
4878118
4866905
4866908
4878200
4866155
4878573
4860726
4878300
4860754
4860309
4878504
4873769
4860999
4878122
4878324
4866567
4888786
4860313
4860192
4860389
4872403
4866356
4869100
4860795
4872668
4860329
4860919
4866746
4869763
4869767
4866124
4866339
4869796
4869755
4878546
4866739
4860344
4878160
4878196
4866149
4866780
4860137
4878520
4860330
4888588
4860549
4878593
4860133
4878126
4872506
4860750
4869715
4860178
4878586
4860957
4872757
4878528
4860950
4866361
4860189
4872152
4878501
4866189
4872661
4873738
4878206
4866544
4878588
4872252
4860730
4878105
4860188
4869768
4872747
4888512
4860547
4866157
4869368
4866926
4860943
4872272
4872124
4878176
4872453
4888515
4860720
4872412
4878226
4866141
4878291
4869300
4866970
4878144
4866901
4872334
4878570
4860177
4866911
4872145
4878115
4866509
4869574
4866979
4873764
4872670
4869500
4872248
4878310
4872596
4860394
4860768
4878399
4872198
4869564
4873795
4878502
4872375
4873748
4869547
4872209
4872160
4872474
4878537
4869107
4878395
4873788
4869559
4860135
4860931
4872613
4869335
4872442
4872562
4872341
4866743
4888734
4878155
4860784
4869146
4866587
4869338
4878547
4866110
4869130
4866991
4866924
4878595
4860927
4878548
4878294
4866312
4872357
4869140
4888589
4860960
4878543
4866143
4860322
4869774
4872108
4872466
4878147
4860379
4860347
4860327
4866589
4860503
4872302
4872122
4866950
4860908
4860933
4869324
4878352
4878130
4860717
4878296
4872459
4860973
4866317
4866300
4878220
4872260
4872234
4872269
4872454
4866195
4860166
4866357
4860541
4872510
4860755
4869110
4860143
4869354
4872434
4860128
4872443
4860397
4866986
4866156
4872456
4878534
4878338
4869361
4878563
4860538
4888576
4869121
4860324
4878233
4872593
4869330
4872338
4869380
4872158
4869385
4860915
4872464
4873724
4869358
4869561
4869540
4878562
4860385
4872625
4869134
4860169
4860799
4869771
4866939
4872688
4860334
4866372
4872462
4872538
4866943
4888725
4878392
4872397
4866736
4878351
4872579
4878217
4869180
4860300
4878287
4888566
4866599
4869739
4878297
4878511
4869186
4872363
4878114
4872288
4860581
4866774
4866162
4878106
4860311
4878316
4872440
4869728
4873718
4869341
4869145
4878275
4860575
4866130
4866131
4872701
4878187
4869750
4866106
4869740
4866799
4873787
4872773
4872559
4866318
4869158
4872103
4869160
4878337
4866545
4866753
4869798
4869509
4872279
4869164
4872287
4860536
4872615
4872258
4888756
4866138
4860343
4872146
4866757
4866591
4878124
4866710
4866993
4872658
4869501
4872785
4860321
4869174
4872499
4872147
4860797
4872481
4873719
4869797
4878380
4860111
4878383
4878239
4872513
4872284
4878327
4869350
4869377
4873727
4869392
4872168
4872354
4872417
4878172
4866134
4869765
4878331
4873704
4866387
4872564
4860995
4866952
4869115
4872666
4873799
4872475
4860361
4878575
4878191
4878153
4872355
4866906
4872480
4860936
4866554
4872507
4866923
4888510
4860139
4860789
4872515
4860723
4869743
4866956
4888598
4872177
4866538
4869752
4860386
4869775
4872508
4860767
4872319
4866108
4878574
4878591
4872271
4869353
4872489
4872451
4878555
4869125
4860131
4872448
4866917
4869729
4860951
4860972
4888511
4869717
4872373
4866386
4872376
4866744
4878259
4866167
4866310
4860316
4860164
4866304
4872640
4869548
4866342
4860381
4860958
4869589
4872342
4860731
4872553
4878356
4860903
4869370
4860375
4869719
4869170
4872380
4869526
4872752
4869562
4866583
4869534
4888541
4872591
4860337
4869334
4866786
4872488
4872529
4860935
4872447
4866984
4869344
4872236
4860383
4869172
4878362
4872594
4872265
4873733
4869707
4866549
4872686
4860103
4866396
4866990
4869390
4878111
4872226
4869328
4866516
4873744
4866581
4872228
4869103
4860785
4872241
4878323
4866537
4878194
4869521
4860716
4860336
4872231
4860374
4878178
4878264
4866919
4869516
4869530
4866561
4878312
4872314
4878223
4872223
4872444
4878385
4878313
4860771
4872368
4866792
4878518
4860522
4860301
4860968
4869529
4866996
4860555
4872303
4869167
4866995
4878506
4866767
4869552
4869184
4872600
4872203
4866125
4872388
4872690
4866198
4860586
4878398
4860598
4878209
4878557
4866930
4869395
4869384
4878321
4878569
4866336
4860762
4869142
4866165
4869114
4866111
4869360
4869357
4869570
4869177
4872386
4872706
4866347
4872665
4860546
4878285
4878581
4866147
4872524
4866515
4872310
4873717
4869136
4878344
4872150
4872477
4866702
4869773
4872399
4878161
4869712
4860729
4872426
4860971
4866595
4860900
4869748
4860356
4860941
4869168
4873758
4866766
4869120
4869386
4878241
4872111
4878505
4873771
4860170
4860531
4872361
4878315
4872348
4873763
4860769
4866719
4869156
4869326
4888788
4873730
4878335
4860938
4878137
4872398
4872768
4869513
4869744
4872360
4869531
4869732
4872337
4860758
4866932
4866161
4872330
4878248
4860588
4860590
4860513
4866714
4878366
4866717
4866918
4872293
4866955
4860109
4866770
4878177
4866790
4872205
4872674
4878529
4872691
4872580
4866593
4872683
4866747
4866510
4878306
4878125
4872428
4866913
4873796
4866170
4872408
4866353
4866368
4869194
4860569
4869557
4866759
4860542
4872104
4878585
4872611
4872393
4872329
4866749
4878369
4866507
4869700
4860764
4878265
4878378
4872438
4872421
4873778
4866371
4860303
4866305
4872119
4873725
4872154
4873700
4872242
4860982
4866594
4869533
4872473
4860388
4878227
4869508
4860914
4860518
4888787
4866196
4866737
4878201
4872457
4888531
4860523
4878170
4872320
4878184
4860712
4872307
4872416
4869704
4878119
4872435
4869734
4872570
4872634
4869316
4860120
4872788
4866185
4872545
4869539
4872308
4860965
4878231
4872301
4872450
4866519
4888547
4872235
4866181
4878314
4869342
4872106
4878584
4878532
4869391
4866326
4860332
4869573
4878564
4866921
4860976
4872267
4866725
4872166
4872511
4878283
4860129
4878237
4860535
4860756
4878541
4866344
4860921
4869581
4869582
4866121
4866359
4872584
4872503
4860948
4878284
4866533
4866398
4878252
4866934
4872244
4860325
4888549
4878582
4878108
4869362
4872616
4866778
4872595
4860165
4869301
4872648
4888729
4860562
4872246
4878353
4878384
4878379
4878389
4860912
4866327
4878279
4872229
4872278
4872200
4866967
4872259
4869176
4860591
4878221
4878377
4878134
4860193
4872113
4866954
4866584
4888528
4872178
4872517
4860138
4866177
4872413
4860339
4872673
4872299
4872698
4878260
4878514
4873703
4866127
4869595
4873774
4872537
4878133
4872588
4866391
4866324
4872777
4873797
4869365
4866902
4873731
4866199
4872161
4866931
4869577
4866528
4869504
4860790
4860552
4869714
4860983
4873775
4878210
4860124
4866788
4872243
4878263
4878339
4860741
4878597
4869543
4878512
4872115
4860770
4869753
4860317
4869742
4866733
4872750
4872280
4873710
4866586
4860349
4869179
4866150
4878247
4872374
4860367
4888748
4866576
4872794
4866139
4872126
4872452
4866375
4873760
4872687
4872657
4869113
4878301
4873782
4860112
4869314
4878127
4873723
4869506
4860110
4872322
4878104
4860312
4878270
4872646
4866366
4860907
4860102
4878347
4866502
4872672
4872309
4873755
4872656
4866935
4860345
4872429
4872283
4878565
4888597
4860527
4872620
4872536
4869124
4872677
4872174
4860597
4872587
4872364
4869587
4878531
4869165
4866107
4878592
4873770
4878190
4860141
4866159
4860115
4878277
4866163
4872531
4869162
4866101
4873794
4866513
4872693
4872458
4869770
4860721
4860515
4860733
4872390
4869590
4872266
4860724
4872539
4878205
4869127
4869319
4872371
4866760
4872638
4878276
4869503
4872617
4872305
4872162
4872577
4878244
4860359
4869746
4872626
4888721
4860146
4878373
4860934
4866776
4866137
4869196
4873741
4866771
4869722
4873766
4872522
4878549
4873791
4860952
4869137
4866764
4872193
4860783
4872123
4869517
4866530
4873786
4872140
4866976
4869520
4872367
4872633
4860144
4873716
4872571
4866178
4860928
4869787
4878293
4860578
4873761
4866512
4878198
4869331
4878102
4860574
4866712
4872535
4860505
4860920
4878255
4860563
4872157
4866113
4872208
4869586
4866765
4860788
4873737
4872170
4878524
4872532
4869566
4860760
4860709
4869307
4878553
4869108
4866352
4869579
4869793
4872127
4866937
4866171
4866793
4878202
4866132
4878193
4878146
4866732
4872784
4878525
4878342
4860752
4878527
4860786
4860198
4878363
4888758
4872358
4872185
4869191
4872230
4872239
4872561
4872751
4869550
4888706
4860540
4872619
4872642
4878286
4872121
4872692
4860564
4878238
4866900
4878246
4872685
4860544
4872662
4860543
4878290
4869313
4878587
4872232
4860338
4866590
4869777
4878328
4866960
4860504
4860738
4878151
4866313
4872581
4872487
4872554
4860596
4866715
4872556
4869363
4866100
4869549
4866399
4860132
4866796
4869112
4878568
4860376
4878325
4866394
4866948
4872407
4866798
4869193
4866741
4866529
4860924
4878386
4860107
4866348
4860556
4860101
4866315
4872637
4866191
4873776
4860942
4872491
4860501
4878535
4872210
4866795
4869327
4860585
4872549
4872372
4872612
4869199
4866598
4878503
4873772
4860793
4878364
4872251
4873793
4866363
4869173
4873739
4866523
4866197
4872671
4869799
4860126
4860719
4872268
4860580
4872142
4872286
4872654
4872318
4860387
4869785
4869311
4860922
4869502
4860744
4869349
4872262
4866182
4878278
4869535
4860153
4872655
4860391
4866582
4860798
4878135
4860711
4869175
4872603
4872137
4878204
4866929
4872636
4878303
4860766
4869346
4866728
4869510
4860134
4872568
4866706
4860350
4888506
4873789
4872415
4860568
4860993
4888775
4878571
4860986
4878538
4872349
4860570
4878186
4878234
4872340
4872144
4866785
4866309
4878185
4878141
4878544
4860314
4878580
4866362
4869104
4872505
4872502
4860307
4860100
4866517
4872346
4860571
4860197
4878397
4878381
4872192
4869389
4872300
4869129
4869132
4878167
4866543
4872602
4872238
4860180
4872518
4872276
4866321
4873752
4872660
4869749
4860997
4878107
4866965
4872669
4860978
4866914
4878322
4869348
4872270
4878199
4860737
4869318
4866550
4866569
4860331
4872136
4878334
4866146
4872285
4888736
4869754
4860759
4869195
4866395
4860930
4872176
4866521
4860172
4872684
4872306
4878168
4860727
4878558
4872187
4860355
4888525
4878289
4866526
4872333
4872472
4869163
4869779
4878554
4866726
4878148
4872389
4878183
4869355
4866142
4866540
4866534
4878230
4869759
4872291
4873792
4860521
4869388
4860557
4872697
4866751
4869596
4872327
4866385
4872590
4866547
4860366
4872339
4869135
4869571
4872468
4869185
4869397
4860994
4866936
4866360
4878589
4860954
4866541
4866791
4866784
4866752
4878522
4860159
4872332
4860341
4860739
4860773
4860592
4873707
4869795
4873743
4872256
4872130
4869102
4872547
4866301
4866306
4878307
4878388
4872169
4878583
4878165
4872460
4866966
4869745
4866388
4872525
4878100
4872430
4872601
4869310
4869398
4869512
4869369
4878329
4866194
4872347
4860985
4872461
4866144
4860181
4869568
4872391
4869302
4888710
4860905
4860157
4878598
4860751
4872437
4878179
4866944
4869119
4873753
4872614
4869183
4869101
4872202
4866535
4860749
4860901
4860757
4888546
4869572
4878318
4869333
4866379
4866184
4872486
4878309
4872274
4878320
4866768
4869736
4872455
4869527
4888519
4872264
4866364
4860725
4878203
4872410
4860702
4872424
4872484
4873735
4866958
4866382
4872533
4872110
4866506
4873709
4872171
4878391
4860582
4869105
4872290
4866769
4869544
4872589
4872402
4860742
4860594
4872551
4873701
4860108
4873745
4872191
4866192
4860909
4866572
4866941
4869794
4878556
4860539
4869588
4860371
4869198
4866527
4866539
4860718
4860320
4878225
4869733
4872420
4860119
4872275
4872651
4872641
4872184
4869306
4872219
4872195
4860360
4860964
4878281
4878145
4860979
4872542
4878120
4878299
4872527
4866731
4878131
4872560
4873756
4872356
4866953
4872273
4872565
4860969
4866974
4872431
4866389
4878250
4878382
4866314
4872631
4872425
4860517
4869111
4869178
4872292
4860308
4866183
4888769
4872257
4860326
4878288
4860787
4878326
4872245
4866907
4869343
4873702
4866568
4872628
4860533
4860906
4866116
4866109
4878370
4869556
4866503
4878216
4869393
4878507
4860117
4869507
4860980
4888753
4872151
4869373
4866713
4866592
4873762
4878390
4869109
4860743
4860370
4866963
4866971
4866370
4860136
4866560
4869144
4869320
4873751
4866105
4869737
4878596
4878245
4878189
4869551
4873715
4860772
4869149
4866311
4878273
4860747
4878171
4872401
4866910
4860150
4869576
4866777
4860390
4860173
4866904
4873749
4878559
4869188
4866596
4878261
4869703
4860925
4873705
4866940
4878280
4872485
4878305
4860516
4866994
4866164
4873726
4866307
4866720
4860558
4869192
4866392
4866988
4860160
4878138
4860323
4866927
4866514
4860194
4860149
4878188
4866531
4869505
4860548
4869762
4866117
4866574
4872277
4872204
4866330
4872622
4866754
4866957
4872220
4872696
4872764
4866190
4866724
4888783
4866145
4872172
4866174
4860761
4872694
4860364
4878156
4860514
4872761
4872465
4872350
4860763
4866704
4860372
4869702
4872548
4860566
4878282
4860395
4869720
4873722
4878272
4872575
4866555
4869336
4866381
4869197
4866367
4866557
4860184
4872599
4866320
4873742
4860500
4878219
4872100
4869367
4872514
4872569
4878374
4866566
4866729
4872186
4869786
4860970
4866358
4869118
4866553
4872222
4872120
4869138
4888521
4872370
4872216
4878330
4866738
4878393
4869374
4866735
4869372
4869356
4869523
4866383
4873740
4866104
4866397
4878257
4869522
4860748
4872621
4873712
4869339
4869139
4872163
4860507
4860992
4872469
4878266
4866345
4869772
4878308
4866946
4872414
4878212
4869519
4878268
4878375
4866721
4872418
4872572
4872422
4878169
4878253
4860142
4878551
4872793
4872156
4869309
4860929
4872635
4866351
4866972
4869312
4872497
4872441
4869578
4866552
4866390
4878576
4878136
4872395
4872281
4860318
4860572
4866709
4878110
4869394
4869153
4860154
4872492
4878340
4860328
4878142
4869758
4866551
4860378
4866997
4872173
4878269
4872576
4878357
4869778
4860526
4872117
4872544
4866727
4860151
4878163
4872558
4860984
4866703
4878346
4888585
4860125
4866942
4888703
4866373
4869761
4866588
4866959
4872315
4860700
4878519
4860937
4866354
4860991
4878271
4866781
4869766
4872791
4872201
4873798
4866322
4869567
4872534
4869569
4878510
4878345
4860182
4878182
4866337
4878214
4872400
4866186
4860780
4866151
4869148
4888555
4860121
4872167
4860302
4860351
4866773
4860902
4866302
4872175
4869583
4869352
4872182
4872471
4872164
4872419
4872194
4878101
4860705
4860947
4866369
4878561
4878181
4878139
4866525
4872212
4860794
4872253
4866912
4860706
4866524
4878215
4860176
4873779
4872254
4860363
4878572
4872578
4860904
4866730
4866152
4860953
4860123
4872183
4866949
4860550
4872604
4866947
4872483
4872609
4873767
4872528
4872344
4860956
4860342
4873720
4866378
4872199
4866377
4869747
4872500
4860593
4866518
4860710
4872180
4872221
4888796
4878218
4869599
4869730
4872607
4860524
4866332
4866176
4872159
4872331
4878143
4866571
4869718
4873768
4860357
4873732
4878211
4866989
4860148
4872377
4872313
4872546
4860987
4869182
4872509
4860306
4866135
4872125
4869123
4873785
4872647
4872294
4866128
4860167
4869592
4869396
4860377
4872463
4869366
4860147
4869723
4866707
4872351
4869155
4866154
4860175
4888526
4866775
4878267
4869128
4872744
4872512
4860746
4872439
4869724
4872336
4888503
4860195
4878242
4869738
4869751
4860362
4860199
4888591
4873780
4869308
4860701
4860776
4878150
4888763
4866333
4866742
4869708
4860384
4869598
4872530
4860162
4872608
4869782
4869597
4872630
4866136
4869337
4860373
4866928
4878536
4860369
4872217
4866916
4860506
4860335
4878174
4878140
4866120
4872552
4869594
4860745
4872541
4872263
4872623
4860179
4878523
4860734
4872523
4888708
4878530
4878513
4866328
4860704
4872134
4878359
4872131
4866329
4860932
4866580
4872678
4888776
4872496
4860393
4872516
4878254
4866563
4866508
4869141
4872297
4869538
4872149
4860576
4860158
4869518
4860352
4860168
4860530
4869304
4873765
4872233
4860791
4872490
4872132
4866180
4860190
4860796
4872520
4872585
4878567
4869711
4869545
4872540
4869585
4872165
4872227
4860728
4866338
4866374
4878304
4872583
4872366
4872643
4888538
4872526
4860348
4873790
4860579
4872494
4866716
4873773
4866112
4869524
4860923
4860354
4872128
4878295
4860346
4866119
4869329
4872759
4872679
4866969
4866520
4872423
4860765
4869106
4860183
4860525
4860740
4878224
4873713
4878594
4866303
4872699
4860961
4860156
4869376
4866981
4878117
4860553
4866762
4872786
4888523
4878109
4860118
4872689
4872261
4872312
4872436
4872627
4866536
4860152
4872645
4878516
4888764
4878258
4869359
4872188
4872102
4866511
4872763
4869760
4872566
4872316
4872190
4866577
4866565
4866597
4872109
4869152
4866933
4866564
4872129
4866962
4878350
4860104
4860554
4872663
4866922
4866573
4866319
4869181
4872495
4878332
4860959
4860735
4878515
4872133
4878158
4872211
4872382
4866160
4878162
4873783
4872563
4866992
4869546
4860774
4869364
4860512
4866779
