4857814
4857777
4851095
4857605
4857706
4857480
4857691
4857864
4857739
4851016
4857755
4873664
4857952
4872077
4872071
4873698
4878607
4857615
4857725
4851001
4851096
4857775
4857816
4869971
4857727
4851057
4869998
4857955
4857609
4857926
4857418
4873662
4851019
4857439
4851000
4857735
4857621
4873624
4857741
4857902
4851082
4851063
4857611
4857474
4857818
4879983
4857763
4869991
4851052
4851062
4851060
4857861
4872073
4857698
4879993
4873608
4857603
4851033
4873601
4857485
4857757
4857601
4857780
4857465
4872062
4857770
4872070
4857640
4851086
4857916
4857766
4857673
4851061
4857602
4872036
4857793
4857991
4851012
4857868
4851027
4851039
4857608
4857914
4857455
4857689
4851008
4857789
4851002
4857965
4857790
4851090
4872075
4851041
4857668
4857786
4857655
4873665
4857449
4857634
4857718
4857752
4869953
4857710
4857733
4857765
4851011
4857672
4869954
4857462
4857988
4857983
4857858
4857622
4857422
4857402
4857821
4857648
4857997
4857444
4857424
4851077
4851021
4857626
4857488
4851045
4851018
4851064
4879992
4857892
4857624
4873628
4857845
4872805
4851026
4851099
4873634
4857877
4851076
4857794
4857438
4857803
4851065
4857922
4851050
4851030
4857927
4857653
4873681
4851070
4857771
4857880
4857677
4857676
4857760
4857471
4857448
4857773
4857730
4857671
4857987
4857919
4851042
4851059
4857445
4857669
4857460
4851028
4857788
4873676
4872803
4857649
4879970
4857711
4857716
4857457
4857886
4851080
4857731
4851056
4857433
4857442
4851036
4857897
4873636
4857724
4851022
4857656
4857627
4873622
4857712
4857416
4873663
4857963
4851020
4857882
4851081
4878603
4857802
4857923
4851044
4857943
4851073
4857783
4857413
4851004
4857754
4857437
4857614
4857604
4871881
4857458
4869955
4869951
4857812
4857647
4857405
4851049
4869985
4857971
4857903
4857846
4857486
4857446
4869989
4857453
4872078
4857799
4857476
4851075
4857759
4857660
4851029
4857494
4873667
4857910
4857758
4857687
4857412
4857935
4851014
4851024
4851006
4857400
4857920
4857713
4851071
4851054
4851009
4851067
4851051
4857678
4857612
4869981
4857700
4857639
4857911
4851078
4857717
4857841
4857699
4857915
4857890
4857829
4873613
4851079
4873697
4851069
4857764
4857652
4857666
4872076
4857779
4851038
4857859
4857417
4857600
4872079
4851017
4857697
4857617
4857705
4857924
4851087
4857797
4851048
4857635
4857913
4851085
4872074
4851031
4857421
4857667
4857707
4879977
4851013
4851092
4857918
4857454
4851093
4851068
4857761
4851007
4851003
4851097
4851046
4851037
4857663
4857451
4851089
4857787
4879988
4879981
4878634
4857493
4851025
4851088
4851047
4857459
4851058
4857688
4873675
4857959
4857723
4857466
4878605
4857690
4851023
4869952
4851015
4857708
4857999
4857822
4851066
4873682
4851005
4857607
4857440
4857852
4851098
4851053
4857478
4851072
4869979
4857865
4857703
4851032
4857737
4857989
4857628
4857866
4851084
4851034
4873684
4857661
4851083
4857414
4857891
4851043
4857411
4857420
4857785
4873620
4869963
4857750
4857972
4851094
4851074
4872072
4857613
4857680
4857715
4857704
4857801
4873685
4851010
4857906
4857426
4857606
4851091
4873677
4857470
4851035
4857620
4857610
4851055
4857696
4851040
4857843
4857632
4857719
4857499
4857482
4873679
4857477
4857856
4857616
4879997
4872095
4857996
4857951
4857658
4857746
