5196701
5194879
5199157
5196184
5196276
5194451
5198291
5196323
5195238
5198789
5197875
5199338
5199354
5194809
5196007
5198900
5194458
5195838
5198912
5196171
5197231
5199123
5194272
5193270
5196132
5195930
5198411
5195328
5196181
5198083
5198059
5199712
5195302
5197029
5199318
5195972
5198755
5196711
5194100
5199273
5198787
5195012
5194109
5195336
5199341
5196343
5199723
5195338
5199169
5194085
5194937
5196149
5194132
5195317
5199335
5199439
5196738
5198730
5197272
5194353
5196514
5199785
5197028
5196720
5195380
5194684
5195977
5196718
5194127
5193240
5195309
5196433
5196729
5198603
5194375
5197477
5198920
5194068
5198778
5196300
5198278
5196511
5196758
5199352
5195848
5194152
5194679
5197625
5198339
5195213
5197025
5196123
5194825
5194037
5195812
5198746
5195038
5196723
5197476
5198250
5198085
5196122
5196527
5195721
5199367
5194352
5199460
5196577
5194930
5197302
5194425
5194914
5198207
5193237
5196425
5199204
5195811
5196005
5198733
5194027
5196780
5194069
5194839
5198633
5196645
5196677
5195730
5194876
5194059
5198322
5196787
5195807
5194807
5196764
5196355
5198208
5198631
5194820
5196534
5196679
5196415
5194106
5196145
5196517
5198090
5194126
5194357
5194938
5193223
5194020
5199703
5199111
5198249
5199304
5196705
5194431
5194479
5199372
5193271
5196316
5199244
5199342
5194058
5195975
5194061
5194038
5194418
5194775
5196180
5196233
5194350
5197478
5199362
5194452
5198425
5196637
5196931
5194470
5196530
5194808
5193257
5194408
5196632
5193202
5196538
5198293
5197253
5194832
5198070
5198676
5196372
5196141
5199155
5196314
5196512
5196183
5196642
5195577
5194122
5195341
5194913
5199175
5194922
5194135
5195572
5196756
5196728
5195076
5199774
5195321
5196977
5196570
5195022
5194830
5195034
5196305
5196306
5198664
5197376
5196189
5196647
5198292
5194029
5199720
5196222
5198922
5194662
5196227
5199790
5193230
5194168
5195818
5197337
5198410
5194931
5198662
5195348
5195839
5196356
5195634
5198040
5194433
5199772
5196178
5194157
5196185
5193242
5196639
5199737
5199391
5196333
5197466
5195630
5197364
5193248
5196277
5198625
5198200
5198795
5195237
5198650
5194779
5198995
5196140
5194172
5198790
5194227
5193231
5199767
5198772
5196148
5198310
5194410
5194167
5195139
5198217
5193239
5194121
5195028
5194678
5194359
5198420
5198688
5199473
5194687
5196370
5195374
5195301
5199326
5195979
5197463
5197235
5196706
5194021
5195337
5194976
5194661
5196939
5198428
5194877
5196721
5197932
5198236
5193238
5199293
5193251
5194828
5194927
5197462
5196722
5198983
5196137
5196375
5199206
5198333
5195115
5195706
5195342
5197351
5196436
5194101
5194477
5194907
5195430
5195825
5196332
5196735
5198262
5197485
5198940
5199485
5198427
5199333
5199464
5194472
5196125
5194040
5197365
5199398
5195735
5194237
5198618
5199386
5194048
5198334
5197622
5197446
5194047
5195339
5195571
5197719
5196833
5196134
5193217
5194778
5194160
5194777
5195130
5199228
5195340
5194042
5198910
5196335
5194051
5198240
5194870
5199254
5193259
5198253
5199756
5194081
5199234
5199292
5195828
5199152
5196633
5194009
5194334
5195019
5197488
5196671
5198985
5195918
5194146
5198654
5197329
5195823
5197242
5193219
5196935
5194827
5194351
5194022
5194411
5194331
5198760
5198754
5195912
5196435
5199738
5197311
5193232
5199192
5199127
5194430
5194023
5196710
5194918
5196173
5196700
5197878
5195729
5198306
5198971
5197322
5198658
5194271
5196275
5196174
5193208
5194129
5196434
5198431
5199746
5194337
5194003
5199752
5196228
5198649
5196120
5194000
5198921
5195870
5194006
5195173
5199151
5199187
5199239
5199120
5196750
5197369
5196747
5194105
5194138
5194139
5198436
5195030
5199288
5194014
5199212
5196439
5196327
5196544
5195816
5194407
5194333
5196731
5197934
5199356
5196536
5193201
5195914
5197355
5198679
5199136
5198756
5196719
5194117
5196537
5195847
5194372
5198981
5194970
5199358
5199182
5198764
5194052
5196870
5196528
5198089
5199207
5195921
5196515
5194092
5194921
5198079
5198329
5193241
5196386
5196523
5193262
5199480
5198435
5199107
5199296
5199758
5194912
5194118
5195897
5197325
5196702
5196374
5195330
5194057
5195821
5194099
5194071
5199323
5195071
5196641
5197437
5196540
5198055
5196135
5198998
5199272
5197451
5195809
5194078
5194873
5198099
5198327
5198050
5196972
5199115
5199339
5196236
5198239
5193261
5194090
5196338
5195112
5194671
5196128
5195379
5195308
5199490
5195029
5196340
5197352
5199714
5196792
5198044
5198096
5196133
5198051
5199270
5194131
5198442
5196761
5197456
5195898
5198950
5195174
5196832
5199753
5194098
5196324
5196748
5196785
5196272
5196237
5199497
5196279
5195078
5198689
5193252
5195899
5198942
5194171
5194273
5194972
5195246
5199330
5194837
5197870
5196226
5194402
5194149
5199178
5196009
5197320
5194417
5198087
5196172
5194077
5194450
5198290
5197867
5195570
5196773
5194097
5194162
5195910
5198058
5198202
5198906
5196631
5195938
5195024
5199121
5198970
5196630
5196788
5196182
5196572
5199237
5194049
5194159
5199461
5195350
5199470
5199789
5198641
5199194
5199784
5194920
5199134
5194179
5196344
5199327
5194169
5197368
5198053
5195312
5194910
5197448
5194067
5197872
5194829
5193269
5195032
5198934
5193209
5196239
5199731
5199222
5196732
5198902
5195020
5196223
5196740
5197717
5199103
5195327
5194872
5195412
5196131
5194060
5196878
5197434
5196745
5195349
5199347
5197931
5196739
5193227
5195111
5193211
5194917
5198326
5195178
5195579
5195389
5194276
5199213
5194161
5196830
5197938
5197470
5195070
5198259
5196187
5195419
5198422
5196644
5197378
5194878
5195329
5195359
5194147
5193212
5195372
5195371
5196640
5196541
5195779
5197339
5199186
5194239
5198669
5196428
5199211
5195628
5197620
5194091
5195027
5197820
5195319
5195919
5196871
5198221
5194005
5194279
5195325
5199363
5194034
5197343
5195137
5196384
5199349
5196424
5194668
5199240
5193245
5198441
5196670
5194008
5194332
5194088
5194771
5198232
5194072
5198707
5196278
5195920
5194278
5199717
5196938
5195388
5198924
5194925
5195357
5194018
5198086
5196831
5195621
5193203
5196762
5199278
5195418
5196325
5198665
5194438
5194672
5196777
5194401
5195376
5199281
5196707
5194911
5195039
5195578
5195411
5198903
5194822
5198201
5195973
5195331
5194674
5194422
5194339
5197936
5198979
5197336
5194432
5199433
5195922
5193268
5193222
5198793
5195911
5194420
5197627
5194017
5196709
5197468
5194110
5194222
5195031
5199150
5196177
5199214
5195937
5199328
5199350
5198376
5198699
5196979
5196778
5197634
5199393
5196186
5198209
5194228
5194358
5196576
5194821
5195322
5197276
5196725
5196143
5195381
5196976
5199298
5194908
5196737
5196139
5196188
5195123
5194689
5193207
5194677
5194974
5194409
5194124
5196376
5196937
5196774
5195935
5196345
5198708
5198769
5196373
5194170
5196727
5195239
5196414
5196930
5196179
5198627
5198386
5199761
5194011
5194455
5195808
5196532
5195849
5198328
5196426
5194412
5194140
5197354
5196142
5193218
5196971
5198982
5194151
5194427
5198735
5194330
5194376
5194039
5195414
5198071
5196751
5199193
5196749
5199765
5195927
5198716
5195232
5199260
5197972
5197976
5196127
5198674
5196170
5194148
5194150
5194270
5194667
5195817
5194120
5196741
5195387
5196715
5194457
5197837
5196124
5196235
5194226
5199768
5195831
5199796
5195303
5194007
5195878
5195917
5197833
5199179
5196775
5196635
5193200
5195813
5196875
5194142
5195172
5194231
5196708
5196529
5194019
5196315
5199734
5197254
5196789
5193250
5199385
5194371
5196879
5194439
5196730
5197930
5195827
5198909
5198634
5197474
5196678
5198719
5198636
5199321
5194107
5194087
5198784
5198661
5194670
5199716
5195673
5198738
5195377
5196784
5194275
5194220
5198052
5193247
5195136
5197716
5195079
5195777
5195832
5196779
5196346
5199368
5196932
5196303
5199309
5196634
5195939
5196519
5199119
5197473
5196978
5194977
5196008
5198951
5194030
5195212
5198424
5194112
5199238
5194437
5193260
5194473
5198043
5198204
5196549
5199236
5199190
5196224
5194772
5196579
5197454
5194012
5198753
5199483
5196136
5195896
5196423
5198680
5195171
5195417
5195075
5195671
5197430
5194158
5195311
5199168
5195970
5196767
5198269
5196712
5196437
5199267
5195822
5194660
5198960
5196238
5199741
5198248
5196229
5199156
5197020
5197429
5196302
5195113
5194835
5196524
5195320
5195872
5194102
5198430
5196225
5197426
5194177
5196638
5194225
5198796
5193258
5196129
5193249
5198726
5194676
5195117
5196877
5199158
5195479
5198758
5195127
5194400
5195410
5195013
5198041
5194076
5194062
5196717
5197636
5194688
5195243
5195978
5196518
5194871
5199359
5198060
5196144
5196578
5195332
5196546
5194338
5194928
5197358
5194108
5196385
5198720
5194080
5194001
5196312
5196147
5194070
5197357
5194421
5198414
5198281
5196516
5195713
5199226
5195895
5193228
5195300
5194277
5194010
5195416
5195829
5198978
5199325
5195879
5198042
5196522
5194770
5196752
5196427
5193210
5194082
5195810
5195420
5194939
5194932
5194669
5198320
5194031
5194128
5194924
5193264
5198206
5195971
5196771
5198256
5195318
5194043
5194066
5194471
5196130
5195120
5194032
5195021
5194232
5198704
5199394
5195638
5196874
5195672
5194459
5194119
5199498
5196542
5194041
5194971
5198773
5196781
5194929
5193221
5197223
5197234
5195871
5196146
5198254
5198965
5196336
5198916
5199202
5199759
5195837
5198448
5196759
5196126
5195778
5196349
5199279
5198602
5194686
5198713
5195017
5199725
5195833
5195932
5197279
5195378
5194831
5198054
5199374
5197452
5194111
5197257
5194079
5199251
5194137
5195931
5199718
5196933
5198949
5197480
5194377
5197632
5198905
5195307
5194935
5193267
5196763
5194238
5195708
5199751
5197360
5198610
5198715
5196270
5199735
5195836
5199477
5194419
5194919
5196547
5194229
5196430
5196176
5199463
5198063
5196571
5195077
5198992
5198446
5197303
5194370
5196334
5197334
5194130
5194141
5196539
5196772
5199130
5196970
5195072
5194234
5196672
5195347
5194478
5194025
5195820
5199233
5195219
5196429
5198243
5195358
5198312
5195830
5196757
5196121
5196770
5195351
5196326
5198968
5196304
5196872
5194050
5196821
5196782
5197245
5194909
5199249
5194089
5195011
5198954
5195819
5199146
5194028
5195382
5194373
5197877
5198972
5196175
5197258
5193263
5198068
5195370
5196648
5198241
5194230
5194002
5194221
5196510
5196138
5194429
5196410
5199166
5196760
5196520
5199133
5194224
5195018
5194064
5196548
5199726
5196742
5194428
5196318
5196416
5196531
5194776
5193229
5195037
5193220
5196521
5195711
5198709
5198752
5198651
5196797
