5195928
5195929
5195942
5195941
5195940
5195949
5195948
5195947
5195952
5195951
5195950
5195957
5195959
5195958
5195960
5195962
5195961
5198161
5198160
5198171
5198174
5195902
5195901
5195900
5195904
5195903
5195909
5195908
5195907
5198180
5198187
5198191
5198198
5198199
5198194
5192018
5192019
5192017
5194680
5192021
5192022
5194682
5192020
5194681
5192025
5192023
5192024
5192029
5192027
5192028
5192032
5194695
5197722
5192030
5192031
5192036
5192037
5192035
5194696
5192038
5192039
5192040
5192041
5192042
5196404
5192047
5192048
5192045
5196400
5196409
5192049
5196405
5196406
5192050
5192051
5192055
5192052
5192058
5192059
5192057
5195968
5195967
5195966
5195965
5195969
5195982
5195981
5195980
5195989
5195988
5195987
5195993
5195992
5192000
5195991
5195990
5195997
5192001
5192002
5192007
5192008
5195999
5192006
5195998
5192009
5192010
5192011
5192015
5192012
5195009
5195008
5197672
5197678
5197676
5196354
5196360
5196362
5197690
5197699
5196364
5196365
5196366
5195043
5195042
5195041
5195040
5195047
5195044
5195049
5195048
5193272
5193279
5193277
5193278
5193282
5193280
5193281
5193287
5197641
5193288
5193289
5193290
5193294
5193291
5193292
5193297
5197655
5193298
5197652
5193299
5195002
5195001
5195000
5195007
5195090
5195092
5195091
5199453
5195098
5195097
5199450
5195099
5195050
5195052
5195051
5195058
5195057
5195055
5195059
5195061
5195060
5196394
5196395
5195062
5196392
5195069
5195068
5195067
5195066
5195082
5199440
5195081
5195080
5199442
5195087
5195089
5195088
5199447
5199446
5194742
5194741
5194740
5194747
5194746
5194745
5194744
5194749
5194748
5194750
5194752
5194751
5194702
5194701
5194700
5194707
5194709
5194708
5194799
5197826
5196500
5196501
5196502
5196508
5196509
5196506
5196507
5197844
5197856
5197850
5197852
5195200
5194758
5194757
5194756
5194759
5194761
5194760
5194765
5194763
5194762
5194769
5194768
5194767
5197801
5197806
5197805
5194783
5194782
5194781
5197811
5194780
5197812
5194787
5194786
5194789
5194788
5194790
5194794
5194792
5197822
5194791
5194798
5194797
5196467
5196464
5196465
5196466
5196470
5196471
5195141
5195146
5195145
5196479
5195144
5196474
5196475
5199502
5196476
5195147
5196484
5195153
5195152
5195156
5196485
5196486
5199513
5199512
5199518
5195160
5196493
5196494
5196495
5195164
5195161
5195168
5195167
5199528
5195166
5196496
5199521
5196497
5195169
5192061
5192062
5192060
5192064
5192069
5192067
5192068
5192072
5192070
5192071
5192076
5195102
5192077
5192074
5195106
5195105
5192078
5192079
5195109
5195107
5192080
5196440
5192081
5192082
5192087
5196445
5192088
5196446
5196448
5192089
5196444
5192090
5196451
5196456
5192099
5196457
5196454
5196455
5199572
5199577
5199579
5199578
5199588
5199595
5199594
5199597
5199596
5198260
5199599
5199535
5195180
5199542
5199541
5195185
5195188
5195187
5199549
5195191
5195199
5199564
5199560
5199566
5199568
5193988
5193987
5193986
5193985
5193989
5193991
5193990
5193992
5193999
5193998
5193997
5193996
5193942
5193941
5193948
5193947
5193949
5193951
5193950
5193953
5193952
5193959
5193958
5193957
5193962
5193961
5193960
5193964
5193969
5193968
5193967
5193973
5193972
5193971
5193970
5193977
5193975
5193979
5193978
5193980
5193983
5193982
5193981
5194442
5194441
5194440
5198801
5198808
5194449
5194448
5194447
5198806
5195784
5198811
5198816
5194460
5195795
5194463
5194462
5194461
5194468
5194467
5194465
5194469
5198827
5197502
5198835
5198834
5195742
5195747
5195749
5195751
5195756
5195760
5195764
5196104
5196105
5196106
5196107
5196108
5196109
5196110
5196115
5196116
5196117
5196118
5196111
5196112
5196113
5196114
5196119
5194361
5195692
5194360
5194365
5194362
5194369
5194368
5194367
5195697
5194379
5194378
5197400
5197401
5197406
5197409
5194382
5194381
5194380
5194387
5194389
5194388
5194390
5194392
5194391
5194398
5194397
5194399
5193900
5193902
5193901
5193908
5193907
5193909
5193911
5193910
5193912
5193919
5193918
5193917
5196190
5196195
5196196
5196197
5196198
5196191
5196192
5196193
5196194
5196199
5193922
5193921
5193920
5193929
5193928
5193927
5193932
5193931
5193930
5193937
5193936
5193934
5193939
5193938
5193940
5196151
5196152
5196153
5196154
5196150
5196159
5196155
5196156
5196157
5196158
5196162
5196163
5196164
5197495
5196165
5196160
5196161
5196166
5196167
5196168
5197499
5196169
5195803
5195802
5195801
5195800
5194501
5194500
5194505
5194504
5194502
5194509
5194508
5194507
5194506
5194512
5194511
5195842
5194510
5195841
5195840
5194559
5194558
5195889
5194557
5195888
5195890
5194563
5194562
5194561
5195892
5194560
5195891
5194567
5194566
5194565
5194569
5194568
5194570
5194572
5194571
5197603
5194578
5194577
5194576
5197608
5194579
5197606
5194581
5194580
5194582
5194589
5194588
5194587
5197617
5194592
5194591
5194590
5194594
5194599
5194598
5194597
5194516
5195844
5194519
5194518
5194517
5195850
5194522
5194521
5195852
5194520
5195851
5194527
5195858
5195857
5195855
5194529
5194528
5195859
5194530
5195861
5195860
5194532
5195863
5194531
5195862
5194538
5195869
5194537
5195868
5195867
5194539
5194541
5194540
5194543
5194542
5194549
5194548
5194547
5194552
5194551
5195882
5194550
5195881
5195880
5195887
5195886
5196218
5197549
5196219
5197550
5198881
5198888
5197552
5198883
5197560
5197562
5197567
5198897
5197570
5196240
5196241
5196247
5196248
5196249
5196244
5197575
5196245
5196246
5196250
5197584
5196258
5196259
5197585
5196255
5196256
5196257
5197509
5197505
5198838
5194482
5194481
5194480
5197513
5198845
5194489
5194488
5194487
5197519
5194493
5194492
5194491
5194490
5194497
5198851
5194499
5197521
5198853
5194498
5197527
5196203
5196204
5196205
5197536
5196206
5197537
5196200
5196201
5197532
5196202
5197533
5196207
5197538
5196208
5196209
5197540
5198870
5196215
5197546
5196216
5196217
5197541
5198873
5196211
5197543
5196213
5198008
5198007
5198009
5198004
5198006
5198011
5198010
5198013
5198012
5198019
5198015
5198014
5198022
5198021
5198024
5198023
5198020
5198029
5198026
5198025
5198028
5198027
5198033
5198032
5198031
5198030
5198039
5196264
5197595
5196260
5196269
5196265
5196266
5196267
5196268
5196285
5196286
5196287
5196288
5196289
5196295
5196296
5196297
5196292
5196298
5196299
5193744
5193749
5193747
5193748
5199054
5193752
5193753
5199059
5193750
5193751
5193757
5193758
5193759
5199063
5193760
5193761
5193762
5193767
5193768
5193765
5193769
5199071
5199078
5193770
5193771
5196800
5193774
5193772
5193773
5193778
5193779
5196806
5196807
5193777
5196808
5196801
5196802
5196803
5196809
5196810
5196811
5199012
5199029
5199034
5199040
5193741
5193742
5193740
5196856
5196857
5196858
5196859
5194200
5194204
5196860
5194202
5196861
5194201
5196862
5194208
5194207
5194205
5196867
5196868
5196869
5194209
5194211
5194210
5199902
5194212
5194219
5199908
5194218
5194217
5194216
5199909
5196880
5196885
5196886
5199913
5196887
5199912
5196888
5196881
5196882
5199919
5199918
5196889
5196890
5196891
5195560
5199922
5199921
5196897
5195562
5196898
5195561
5196899
5195568
5196892
5195567
5195566
5196816
5196817
5196818
5196819
5196812
5199092
5199090
5199096
5196822
5196827
5196828
5196829
5196824
5196838
5196839
5196837
5196841
5196842
5196840
5196849
5196845
5196846
5196848
5196852
5196850
5196851
5198518
5199849
5195490
5199850
5195492
5195491
5199856
5195498
5195497
5199858
5199857
5195499
5199867
5198535
5199869
5198537
5199868
5194181
5194180
5194185
5194184
5194183
5194182
5194189
5194188
5194187
5194186
5199874
5194192
5194191
5199880
5194190
5194195
5199889
5194199
5199888
5194198
5194197
5198554
5199885
5199886
5199809
5199808
5195449
5195448
5199807
5195450
5195452
5195451
5195458
5195457
5195455
5195459
5196790
5196791
5195461
5195460
5195464
5196798
5196799
5195462
5195469
5195468
5195467
5195472
5195471
5195470
5195478
5195477
5198500
5195482
5195481
5195480
5195487
5198513
5199847
5195489
5195488
5197283
5197289
5197294
5197299
5199000
5199003
5199005
5199004
5199006
5198565
5199896
5198564
5198567
5199898
5199897
5198574
5198578
5198577
5197262
5197263
5197261
5197267
5197268
5193867
5193868
5193869
5193870
5193871
5193872
5193877
5193878
5193875
5196907
5196900
5196901
5193879
5196902
5196908
5196909
5193880
5193881
5196910
5193882
5193883
5193888
5193889
5193886
5196917
5193887
5196918
5196911
5196912
5196914
5196919
5193891
5193892
5196920
5193890
5196921
5193899
5196927
5193897
5196928
5193898
5196929
5196922
5195601
5193822
5193820
5193821
5193826
5193827
5193824
5193828
5193829
5193830
5193833
5193831
5193832
5193837
5193838
5193836
5193839
5193840
5193841
5193845
5193842
5193848
5193849
5193847
5193851
5193852
5193850
5193855
5193854
5193859
5193857
5193858
5193862
5193860
5193861
5194318
5195649
5194317
5195647
5194319
5194321
5194320
5195650
5196987
5196980
5196981
5194323
5196982
5194322
5196983
5194329
5194328
5194327
5196988
5196989
5196990
5196997
5196998
5196992
5195666
5196999
5194342
5194341
5194340
5194347
5194346
5194344
5194349
5194348
5195680
5195685
5195684
5195683
5195682
5195689
5195604
5195603
5196940
5196941
5196942
5195612
5195610
5196948
5196949
5195614
5195618
5196946
5196947
5196951
5196952
5196950
5196959
5196956
5196957
5196958
5196962
5194302
5194301
5196960
5194300
5196961
5194307
5194306
5194305
5196966
5196967
5194309
5196968
5194308
5196969
5194310
5195641
5194314
5194312
5194311
5194280
5199971
5199970
5194282
5194281
5194288
5199977
5194287
5199976
5199979
5199978
5199973
5199972
5199975
5194289
5199974
5194291
5199980
5194290
5194294
5194292
5194299
5199988
5194298
5199987
5194297
5194296
5199989
5199984
5199983
5199986
5199985
5199991
5199990
5199993
5199992
5199999
5199998
5199995
5199994
5199997
5199996
5195569
5199925
5199927
5194240
5199933
5194242
5194241
5194248
5194247
5194249
5199939
5194251
5195582
5194250
5195581
5195580
5199944
5194255
5195585
5195584
5194252
5195583
5194259
5194258
5195589
5194257
5195588
5195587
5194262
5194261
5195592
5194260
5195591
5195590
5195597
5194265
5194264
5194269
5194268
5195599
5194267
5195598
5199960
5199966
5199968
5199967
5197396
5197399
5193811
5193812
5193810
5193819
5193817
5193818
5197382
5197388
5197389
5194842
5194841
5194840
5194843
5194849
5194848
5194847
5194852
5194851
5194857
5194859
5194858
5194860
5194862
5194861
5194868
5194867
5194866
5194869
5194802
5194801
5194800
5194813
5194812
5194811
5194810
5194817
5194816
5194819
5194818
5197092
5197093
5196618
5196619
5196615
5196616
5197947
5196621
5197952
5196622
5196623
5197950
5196620
5196629
5197956
5197957
5197958
5196627
5197959
5196628
5196654
5197986
5196656
5196657
5196650
5196651
5196652
5197907
5194882
5194881
5194880
5197910
5194885
5194889
5194888
5194887
5194893
5194892
5194891
5194890
5194897
5194894
5194899
5194898
5196600
5196601
5196602
5196607
5196606
5196610
5196611
5196612
5199606
5196580
5196581
5196582
5195252
5196588
5196589
5195253
5199615
5196585
5195258
5196587
5199618
5196591
5196592
5196594
5195263
5195261
5196590
5195267
5196599
5199625
5195266
5195265
5195264
5196596
5196597
5196598
5195277
5199638
5195279
5195285
5195283
5199647
5195288
5199649
5195286
5195206
5195226
5195225
5195229
5195228
5196560
5196561
5196567
5196568
5196569
5196562
5197895
5196565
5199694
5198365
5198368
5198396
5198398
5199650
5195296
5199659
5199653
5199660
5199669
5199668
5197009
5199665
5197003
5199664
5199673
5199675
5199678
5199681
5199689
5194959
5194958
5194957
5194962
5194961
5194960
5194967
5194969
5194968
5194978
5194979
5194981
5194980
5194985
5194982
5194989
5194988
5194987
5194992
5194991
5194990
5194993
5194941
5194940
5194942
5194949
5194948
5194947
5194952
5194951
5194950
5195407
5195406
5195409
5195408
5195429
5195428
5195427
5195432
5195431
5195436
5195434
5195439
5195438
5195437
5196768
5196769
5195443
5195442
5195441
5195440
5195447
5195445
5194999
5194998
5194997
5195403
5195402
5195401
5195400
5198403
5198400
5195391
5195390
5195395
5195393
5195392
5195399
5195398
5195397
5195396
5197105
5197106
5197107
5197102
5197103
5196658
5196659
5196660
5197996
5197997
5196667
5197998
5196668
5196661
5196662
5197994
5196663
5196669
5196680
5196681
5196682
5195355
5196687
5195354
5196688
5196689
5195352
5196684
5196690
5196691
5196692
5195362
5195361
5195360
5196698
5196699
5196694
5195369
5195368
5196696
5195367
5196697
5197153
5197156
5197157
5198487
5197158
5197159
5198497
5197166
5197168
5197174
5197172
5194901
5194900
5194902
5197112
5197113
5197115
5197120
5198452
5197127
5197129
5197124
5198457
5197126
5198464
5197139
5197134
5197135
5198465
5197141
5197142
5198475
5197144
5198471
5197146
5198476
5197147
