5192413
5192418
5192419
5192421
5192420
5194603
5194601
5192429
5194608
5194607
5192428
5194605
5194609
5192433
5194610
5192430
5192437
5192434
5194612
5194619
5194618
5192438
5192439
5192440
5192201
5192444
5192441
5192448
5192203
5192204
5192446
5192209
5194629
5192449
5194628
5192208
5192450
5192454
5192455
5193302
5194632
5192211
5192453
5193300
5193703
5193709
5193708
5197070
5197078
5197073
5197074
5197079
5193712
5193713
5193717
5193714
5193715
5193718
5197080
5193719
5197081
5197087
5197088
5197089
5197082
5197083
5193723
5193724
5193727
5193728
5193729
5197099
5193730
5192403
5192402
5192408
5192409
5192410
5193349
5195528
5195527
5192258
5195526
5192259
5193348
5195525
5195529
5192260
5195531
5192264
5193353
5195530
5193350
5192267
5192268
5192265
5192266
5192269
5193358
5193359
5192274
5192273
5192278
5193367
5192279
5193368
5195545
5192277
5193366
5193369
5195548
5193374
5193375
5192283
5197734
5193373
5197735
5192289
5193378
5193379
5192287
5197730
5192288
5195554
5195559
5195558
5197736
5197738
5197739
5193381
5193382
5197743
5192297
5193386
5193383
5197745
5197746
5193389
5197740
5192298
5197741
5192299
5193388
5197742
5192458
5192217
5192459
5192214
5193309
5192218
5194639
5192219
5193308
5194638
5192461
5194644
5192224
5193313
5192221
5194642
5192469
5193316
5194648
5192228
5194646
5192468
5192229
5193318
5193319
5194649
5192473
5193320
5192470
5192471
5192476
5195502
5195501
5192232
5192474
5194653
5195500
5192233
5192238
5194659
5192239
5193328
5194658
5195505
5192478
5193325
5192237
5192479
5194656
5195503
5195509
5193329
5195508
5192483
5192481
5192245
5192487
5192488
5192244
5195510
5192249
5193338
5193339
5192489
5192248
5195519
5195518
5192490
5192252
5192250
5192498
5193345
5195524
5192499
5195523
5193343
5195522
5193344
5195521
5195010
5197207
5197202
5197208
5197209
5197210
5197215
5197218
5197214
5197219
5199405
5199401
5199403
5199402
5199812
5199811
5195210
5199813
5199819
5199818
5199817
5199822
5199826
5199829
5199836
5199835
5199830
5199831
5199838
5199839
5198121
5198120
5198123
5198122
5197039
5198129
5198128
5198125
5197036
5197037
5197038
5198132
5197044
5198130
5197041
5198139
5197047
5198135
5197048
5198138
5197049
5197053
5198143
5197056
5197052
5197057
5197058
5198146
5197059
5198149
5198148
5197064
5197065
5197066
5198155
5197060
5198150
5197062
5197063
5198151
5197068
5198158
5197069
5198157
5198159
5199409
5199408
5199415
5199418
5199412
5199413
5199419
5199429
5199428
5196397
5199423
5199422
5198341
5198340
5197011
5198101
5198343
5198342
5197017
5198107
5198349
5197018
5198348
5197019
5198109
5198108
5198345
5198105
5198110
5198351
5198111
5198353
5198118
5198359
5198119
5198116
5198358
5193624
5193625
5194712
5194711
5193628
5194718
5193629
5194715
5194719
5193631
5192301
5193630
5194724
5192302
5193633
5193634
5192308
5193639
5194729
5192309
5194728
5193637
5192307
5193638
5194726
5192311
5193400
5193642
5194732
5192312
5193401
5193640
5192313
5194734
5192319
5193408
5193409
5194739
5193406
5193648
5194738
5192318
5193407
5193649
5193650
5192320
5193651
5193410
5192327
5193658
5192324
5193414
5193419
5192328
5193417
5193659
5192329
5193418
5193660
5192334
5193665
5193662
5192332
5193604
5193605
5193608
5193609
5193610
5193613
5193614
5193617
5193618
5193619
5192379
5193468
5193469
5192381
5193473
5192388
5192389
5193478
5193479
5192392
5193481
5192390
5193484
5193485
5193483
5192399
5193488
5193489
5192398
5193491
5193492
5193496
5193499
5193497
5193498
5193668
5192338
5193669
5192335
5192336
5193425
5192339
5193428
5193429
5193433
5192348
5193679
5192349
5193438
5192346
5193677
5192347
5193436
5193678
5193439
5192355
5193444
5193686
5193445
5193684
5192354
5192359
5193448
5193449
5193688
5192358
5193447
5193689
5193690
5193451
5193693
5192363
5193452
5192360
5193691
5192361
5193698
5193695
5193459
5192368
5193699
5192369
5193458
5192370
5192373
5193462
5193463
5193461
5192378
5192375
5193464
5197791
5197798
5197799
5197795
5196010
5196011
5196016
5196018
5196019
5196014
5197748
5197749
5193391
5193396
5193397
5197755
5197757
5197751
5193398
5193399
5197758
5197759
5197768
5197762
5197769
5197770
5197771
5197776
5197778
5197779
5197772
5197782
5197788
5197789
5197786
5196065
5198002
5196068
5196069
5196076
5196070
5196072
5196078
5196079
5196080
5196087
5196088
5196083
5196089
5196091
5196097
5196098
5196099
5196092
5196093
5196027
5196028
5196029
5196023
5196031
5196038
5196039
5196034
5196043
5196044
5196049
5196045
5196047
5196048
5196054
5196050
5196051
5196056
5196058
5196059
