5193050
5193128
5193103
5193188
5193510
5193551
5193585
5193518
5192185
5193595
5192167
5193057
5193548
5193579
5193125
5193151
5192191
5193136
5193501
5193066
5192105
5193528
5193145
5193183
5193544
5192138
5193043
5193077
5193142
5193073
5193070
5193508
5192172
5193545
5193148
5193591
5192116
5193012
5193598
5193072
5193127
5193032
5193118
5193119
5193067
5192154
5192107
5193171
5193063
5193587
5193126
5193568
5193589
5193576
5192181
5192128
5192177
5193172
5193060
5193558
5193167
5193549
5193157
5192147
5193053
5193517
5193160
5192103
5193186
5192136
5192155
5192137
5193158
5193058
5193028
5193033
5192186
5193075
5193047
5193174
5193023
5193196
5193144
5193048
5193599
5193574
5193503
5192168
5193122
5193088
5193018
5193529
5193138
5193079
5193040
5193199
5193569
5192166
5193168
5193016
5193165
5193108
5193089
5192146
5193038
5192190
5193524
5193513
5192161
5192111
5193107
5193143
5193519
5193132
5193527
5193582
5192113
5193198
5192158
5193037
5193539
5193154
5193173
5193098
5193100
5193184
5192133
5192122
5192127
5193509
5193178
5192115
5192157
5193588
5192160
5192126
5192118
5192196
5192148
5193117
5193507
5193515
5193559
5193027
5193189
5193137
5193169
5193566
5193182
5192125
5192117
5192102
5192109
5192182
5192197
5193175
5192178
5193068
5192165
5193152
5193111
5193177
5193593
5193147
5193025
5193190
5193156
5193026
5193105
5193110
5193097
5193538
5192194
5193197
5193176
5193193
5193121
5192162
5193102
5193191
5193078
5192112
5193164
5193045
5192187
5193578
5193500
5193034
5193013
5192188
5193187
5192152
5192108
5193090
5193505
5193017
5193525
5193021
5193064
5193087
5193181
