20128067
20120745
20127592
20120058
20125368
20124374
20129955
20122534
20120411
20122466
20126175
20128132
20128775
20127947
20122899
20127513
20127194
20122079
20120066
20128695
20129129
20121031
20125294
20128390
20128533
20122623
20128958
20120347
20125049
20129988
20120739
20129498
20128439
20125635
20122874
20126065
20128151
20128416
20127249
20127109
20127879
20124088
20128029
20121185
20128468
20129367
20120344
20122608
20122722
20128584
20128216
20126329
20128591
20122455
20127073
20128003
20120740
20128414
20122353
20120685
20122573
20120877
20125541
20129261
20122391
20126887
20122764
20128845
20128207
20128910
20120544
20128432
20126632
20128341
20122695
20120124
20120184
20122732
20121993
20127577
20129803
20121355
20123216
20122426
20121218
20127688
20127423
20127556
20128410
20120141
20121043
20122049
20123570
20120691
20128677
20121243
20120091
20120004
20127442
20125076
20120500
20120312
20122416
20128813
20120211
20128600
20122691
20120706
20120505
20122113
20128253
20122675
20128332
20127770
20127128
20120855
20122975
20127390
20128706
20127956
20122767
20121182
20127392
20125188
20121193
20129804
20122044
20122146
20129831
20120642
20122162
20127472
20122780
20122659
20127701
20120537
20120941
20126349
20129823
20122053
20120038
20126936
20121847
20122503
20128536
20122731
20127130
20127984
20122483
20121359
20122294
20128868
20120377
20128762
20128454
20127760
20127263
20128368
20129725
20127146
20126971
20127973
20121181
20122323
20128967
20122635
20120259
20126211
20128174
20128579
20128898
20127413
20122552
20128576
20121967
20122820
20121570
20120742
20120242
20124387
20122928
20120342
20120491
20127452
20128098
20120257
20122540
20127622
20120216
20123358
20129000
20122604
20127732
20124462
20128122
20121120
20125746
20128856
20122155
20127244
20127735
20120109
20122253
20123495
20127209
20122775
20127788
20123592
20122288
20122449
20122359
20127893
20128640
20122531
20127876
20122827
20121033
20128859
20122581
20127285
20121730
20120389
20126719
20127270
20120867
20127855
20128744
20122881
20128085
20128183
20122404
20120786
20122259
20120229
20123715
20121525
20122481
20127330
20122072
20120005
20128440
20120764
20128251
20126829
20129102
20120810
20128226
20122366
20128177
20128339
20127806
20128790
20123941
20120280
20128568
20127532
20120504
20121283
20127964
20120615
20120621
20122080
20125290
20128181
20123017
20126806
20122727
20120460
20123683
20120070
20122583
20128242
20126939
20128598
20121104
20122002
20120770
20123443
20120103
20127469
20128062
20128491
20127924
20129619
20127467
20128787
20126141
20122611
20123914
20128399
20127569
20128959
20121263
20127508
20126794
20120322
20122847
20127411
20128056
20128995
20127726
20128103
20128035
20122330
20121091
20122712
20121048
20127905
20128210
20127813
20123895
20128259
20120571
20124231
20129133
20127186
20121616
20127217
20126295
20126615
20126359
20120295
20120582
20122001
20123317
20123188
20128823
20125951
20127832
20122995
20122178
20120056
20128299
20125160
20127906
20124149
20128874
20122117
20121685
20128630
20120206
20128006
20128427
20122189
20128890
20128492
20126635
20120521
20125468
20127255
20121969
20127434
20120276
20124621
20127428
20120614
20123366
20120205
20120192
20120352
20122678
20125816
20129574
20120875
20127355
20120158
20128811
20127650
20120214
20127633
20127980
20128288
20128552
20121166
20129324
20121204
20128239
20129561
20120051
20120631
20127990
20127425
20122660
20120364
20121584
20120774
20127511
20121237
20122561
20120227
20122690
20127594
20127271
20123398
20127615
20128878
20129788
20128834
20120655
20123530
20129919
20122036
20128146
20121246
20128657
20122446
20128175
20122801
20124094
20128438
20124490
20120110
20122864
20127999
20126861
20122755
20122539
20128556
20120586
20122397
20125500
20128279
20124598
20121068
20128354
20126512
20125018
20127993
20120090
20120730
20129821
20121011
20121147
20120645
20123184
20128822
20128145
20120193
20125114
20123506
20122911
20123286
20122141
20123133
20129155
20127694
20120814
20128069
20120843
20128287
20120032
20121096
20127635
20128257
20120874
20120455
20129372
20120848
20129060
20123173
20127400
20128195
20120012
20123687
20122010
20122621
20129484
20122349
20127936
20126269
20121116
20127765
20127778
20127821
20127446
20121255
20127457
20127667
20122735
20122645
20121265
20120828
20126997
20127750
20129378
20121007
20120215
20120330
20127851
20125084
20121071
20122527
20121271
20124328
20128265
20120647
20127421
20122433
20122710
20120260
20120114
20120549
20124811
20128981
20120010
20126181
20120223
20128398
20120273
20120112
20120725
20129113
20120650
20128107
20120637
20122219
20120701
20127041
20120161
20128572
20128104
20129460
20125549
20120760
20121254
20129220
20124295
20128729
20127744
20124046
20122984
20122816
20120328
20128611
20127033
20126723
20120715
20127288
20121171
20127473
20122603
20128140
20128152
20122600
20121625
20128541
20128450
20127574
20121534
20127691
20122703
20127573
20128816
20122351
20120444
20124118
20128761
20125588
20128213
20120566
20122876
20129090
20120648
20120899
20120856
20124188
20129971
20128861
20128266
20128585
20122803
20127143
20120144
20121646
20128702
20121485
20128025
20124977
20122557
20129718
20120523
20127098
20127988
20120272
20124560
20122015
20127191
20120461
20129218
20127614
20122084
20120354
20122830
20125133
20127496
20121100
20120077
20122760
20124648
20127417
20127053
20123651
20120062
20126759
20122021
20120003
20125646
20127159
20128866
20122879
20127761
20125445
20128908
20128444
20121285
20129219
20122919
20120185
20124345
20122777
20127102
20122721
20120809
20120226
20121273
20122519
20128349
20127546
20127062
20125791
20120964
20122778
20128092
20122576
20126905
20128938
20127612
20120522
20122020
20128831
20124443
20128887
20123970
20122910
20122810
20120147
20120406
20127983
20128408
20122467
20121156
20128206
20120497
20126805
20122109
20128233
20121141
20123601
20123597
20120164
20120053
20127368
20127780
20121201
20128893
20124370
20127402
20127369
20127766
20127119
20122048
20122136
20129663
20121287
20120270
20122316
20122126
20127663
20120525
20126185
20122132
20122507
20122673
20121747
20121909
20127381
20127235
20120340
20123676
20120264
20128971
20124893
20120796
20127549
20120487
20127690
20120083
20127808
20127842
20120084
20127620
20120704
20122551
20124736
20120037
20120453
20121115
20122114
20122450
20122193
20128950
20126536
20128781
20124531
20122122
20125639
20122107
20125550
20127739
20122138
20122637
20120499
20120063
20121582
20128220
20125287
20121144
20120025
20120542
20120450
20122016
20121125
20120552
20123223
20128848
20128196
20128110
20127215
20127488
20129455
20122034
20127585
20122133
20122782
20128197
20121247
20127299
20125122
20122776
20120137
20122228
20121259
20126654
20128841
20121192
20120751
20127145
20127430
20122885
20120102
20128577
20127439
20121188
20121358
20123304
20122793
20122789
20123780
20121008
20128509
20125069
20120111
20120815
20129073
20125964
20121924
20127323
20128704
20121102
20128186
20125320
20123868
20129586
20122568
20128708
20128407
20122380
20127468
20123114
20122035
20128973
20128670
20125378
20121757
20120329
20127568
20127405
20120047
20127275
20128459
20127110
20127515
20125949
20120738
20128130
20121660
20128752
20122168
20124071
20123458
20120886
20127751
20120132
20128714
20121037
20122808
20128722
20120911
20120834
20129522
20128353
20127422
20120752
20128773
20127794
20120201
20122032
20128111
20122306
20128637
20122686
20123062
20127470
20122147
20128173
20124472
20121169
20127353
20120275
20121294
20123212
20126616
20128388
20128016
20128776
20125839
20122451
20120387
20123643
20122553
20127651
20127339
20125518
20129170
20122597
20124065
20120771
20125543
20123236
20122969
20121229
20122729
20129603
20128733
20120663
20120367
20120382
20122953
20127393
20122708
20127890
20122524
20123266
20120676
20122123
20120583
20122893
20128721
20128805
20125359
20122509
20126119
20120441
20125021
20122813
20127444
20127038
20120391
20120266
20123678
20120468
20120287
20125758
20122229
20123365
20122305
20120142
20122856
20128401
20125913
20121056
20122771
20129675
20128943
20120341
20124609
20127543
20129575
20122199
20128840
20120516
20120765
20121217
20121055
20122070
20127480
20122983
20124252
20120529
20123042
20127966
20127804
20127713
20125741
20122981
20120117
20122609
20120331
20127005
20129023
20127519
20121659
20127009
20128097
20122393
20128358
20121128
20127328
20128992
20122733
20128091
20122799
20129585
20127377
20120588
20125244
20127486
20121034
20128750
20127104
20128860
20122994
20128700
20122795
20122656
20123932
20129767
20121042
20128337
20122562
20127133
20129664
20121082
20122052
20128778
20127957
20128963
20120351
20122485
20120641
20125819
20122095
20128912
20122033
20127242
20120385
20124568
20127278
20128150
20125251
20123537
20125082
20128182
20122555
20123265
20129139
20128663
20128970
20128537
20123137
20129093
20121651
20120838
20122445
20122887
20123667
20124991
20127223
20121208
20124211
20120281
20122853
20127892
20127708
20129417
20123281
20127920
20124946
20120231
20127520
20128880
20128534
20122308
20127354
20128482
20122515
20122493
20122792
20120425
20126597
20122074
20127736
20125222
20122297
20121548
20122075
20122145
20128739
20127418
20120065
20120152
20120837
20120853
20128442
20128086
20124634
20122907
20122004
20126406
20121064
20120768
20124067
20128490
20126891
20127627
20123388
20121126
20128022
20128320
20121170
20120526
20129163
20126414
20122872
20122697
20126198
20120335
20122850
20120289
20122427
20122693
20122742
20121149
20121057
20126957
20122394
20124963
20125097
20122570
20122832
20123942
20128522
20128430
20121274
20120570
20128169
20128555
20120495
20127482
20127037
20127881
20122082
20122270
20125284
20121425
20127477
20127349
20128835
20122728
20127494
20128252
20128261
20122005
20122013
20127120
20121150
20122037
20120061
20123511
20122111
20129138
20128748
20122641
20122312
20127272
20127720
20120303
20120541
20128634
20120707
20126769
20125366
20120197
20128803
20127389
20128689
20127709
20127151
20120576
20128260
20128208
20122505
20120515
20127034
20120673
20122790
20127681
20126633
20127197
20126921
20127045
20128946
20128413
20120759
20127100
20128323
20128924
20129285
20120420
20120572
20125098
20120595
20127081
20128263
20120762
20128540
20128687
20123123
20126830
20122768
20126289
20128031
20127982
20128625
20122129
20124563
20122248
20126736
20126756
20125508
20122097
20122076
20121093
20120860
20128621
20120408
20123614
20122050
20128224
20127653
20123334
20120921
20122473
20127659
20125531
20128309
20120265
20127077
20127838
20129221
20127689
20127581
20120282
20120804
20120596
20128546
20127960
20127093
20124676
20125094
20121286
20120129
20127362
20127501
20127502
20128275
20128980
20127901
20122802
20122878
20129249
20128701
20128338
20123553
20127863
20129432
20124577
20122886
20127018
20127065
20122560
20128809
20127579
20121213
20129734
20122521
20120237
20121507
20126801
20120271
20120196
20125090
20122461
20128512
20120892
20127238
20122299
20120182
20121194
20127337
20128457
20120320
20121078
20120338
20127058
20121239
20122807
20128008
20125753
20120000
20122399
20121180
20128017
20127373
20125281
20124104
20122971
20121108
20126842
20120669
20121725
20128096
20126076
20126223
20120212
20120486
20121127
20120802
20124795
20128879
20122435
20121837
20127475
20127631
20122783
20122993
20120309
20128205
20122655
20121224
20120564
20127134
20128507
20128466
20127775
20122153
20128090
20122769
20129722
20120573
20124787
20124713
20127792
20128930
20122668
20124719
20122443
20127932
20120165
20121173
20122310
20124652
20128212
20120798
20127056
20120651
20121088
20120894
20120140
20120859
20122626
20127210
20128378
20120064
20128755
20128525
20123886
20129301
20121041
20125252
20122423
20125356
20128366
20128756
20128235
20120531
20127805
20120046
20122622
20123118
20125862
20122169
20120068
20128968
20128821
20120503
20122019
20127232
20122719
20128682
20126382
20128283
20122227
20120381
20128578
20122239
20128570
20122335
20128731
20120397
20122099
20128597
20121162
20127604
20122313
20124791
20120783
20127030
20128141
20121053
20122725
20120207
20128412
20121207
20129685
20127203
20127885
20128719
20127050
20120033
20126726
20122640
20129089
20128985
20128023
20122682
20120498
20122317
20121841
20128569
20121143
20121225
20129527
20121618
20120373
20122773
20122894
20120880
20122657
20121175
20128837
20121675
20126668
20120890
20120036
20122528
20128521
20121737
20128497
20127955
20127346
20122896
20120465
20127830
20127733
20128763
20121074
20122405
20120122
20127859
20128979
20123987
20127040
20125762
20127682
20128671
20127880
20120842
20120155
20122011
20120778
20127057
20127586
20120416
20123972
20127593
20128917
20122478
20126956
20127245
20120325
20126549
20122831
20127095
20120965
20126547
20125315
20122955
20120123
20122058
20122226
20127311
20128327
20127935
20120780
20127950
20122085
20120048
20126476
20122158
20127150
20121786
20127979
20128718
20122605
20128883
20127919
20128792
20127929
20128433
20129868
20122951
20124938
20122424
20122606
20121633
20122757
20128481
20128296
20128124
20121236
20120308
20127177
20125265
20129801
20121235
20128595
20127825
20125916
20120006
20122784
20122350
20125911
20128727
20127408
20125717
20128616
20128664
20127646
20127345
20128661
20127298
20126037
20128545
20122787
20124801
20120682
20123624
20128610
20122677
20125293
20121051
20126705
20120228
20127702
20127304
20128654
20124040
20125205
20120694
20125259
20120074
20127763
20129570
20122264
20120821
20122345
20127483
20123005
20127206
20128475
20122916
20120584
20122456
20122734
20128888
20122040
20125017
20126067
20127755
20120041
20127510
20121140
20121135
20121305
20127044
20122102
20125235
20125533
20128472
20123074
20127086
20122632
20122217
20121620
20128771
20122236
20127846
20123510
20120649
20121735
20128258
20129980
20121851
20122130
20123325
20129049
20128493
20123496
20126237
20121129
20127970
20122720
20127625
20127429
20120166
20120831
20127459
20120806
20127248
20128851
20121269
20128589
20127123
20120767
20120356
20122906
20128244
20120021
20127874
20127531
20124098
20127789
20128315
20122563
20121176
20122042
20121189
20120472
20120869
20121778
20120587
20122440
20122093
20122403
20125271
20121889
20123929
20128624
20127897
20129427
20128005
20121183
20128947
20127375
20127089
20124133
20121242
20121867
20128902
20122245
20120305
20127441
20129672
20123513
20128826
20120306
20121253
20121123
20128686
20122942
20127655
20127179
20127478
20124099
20127908
20127147
20121245
20124943
20124809
20121459
20122284
20128613
20128862
20120840
20129933
20126748
20128734
20127600
20122352
20123764
20127823
20122311
20126682
20120813
20128138
20127132
20122750
20128026
20128328
20127403
20122267
20122692
20128099
20124093
20121256
20121199
20123132
20120346
20128134
20121040
20120349
20120023
20125615
20120693
20120718
20122436
20122688
20120456
20127643
20120283
20127017
20120818
20125547
20122268
20120741
20128411
20124788
20127869
20121069
20120020
20127872
20122796
20127168
20122746
20126772
20124889
20122039
20122751
20127773
20121560
20127383
20125278
20122594
20128531
20127395
20122326
20123545
20122121
20120079
20122069
20120232
20129400
20120262
20129161
20122358
20128436
20120559
20124290
20120434
20127710
20122618
20125860
20128517
20128956
20122251
20127728
20129523
20122244
20127046
20122492
20120797
20122525
20127283
20127716
20127711
20122679
20120043
20129993
20128066
20125410
20122475
20127675
20128355
20127718
20120507
20120492
20120171
20126178
20129406
20123993
20121914
20122545
20128431
20125780
20129847
20121226
20129258
20122965
20129428
20127563
20124341
20122314
20128891
20128559
20120093
20120153
20127231
20122231
20128046
20126754
20122500
20127096
20123529
20123312
20124570
20127364
20120912
20122465
20120737
20129588
20123826
20128024
20122355
20127715
20128095
20128170
20127340
20123698
20120002
20120668
20120817
20121215
20125629
20120885
20122834
20128295
20121619
20120029
20128788
20122937
20124869
20127854
20122367
20122631
20127717
20126228
20122181
20127378
20122003
20121602
20127925
20121222
20128479
20126684
20128535
20125369
20127833
20120661
20125702
20123171
20125546
20127665
20120717
20122848
20120479
20127865
20121054
20120628
20127803
20127247
20122179
20125561
20121806
20125352
20122706
20122717
20128194
20122902
20127791
20127921
20126728
20126758
20125096
20125893
20122043
20127158
20128812
20123359
20128974
20123981
20126527
20123367
20121083
20121001
20122382
20121133
20120407
20122290
20125055
20120903
20127436
20122643
20121774
20120034
20128782
20122927
20120557
20126367
20123432
20127917
20127274
20126700
20128961
20126958
20120095
20128080
20127269
20121502
20124935
20127268
20120569
20128814
20121184
20126374
20128692
20124780
20120799
20120301
20125763
20122292
20122068
20128180
20127388
20128590
20128321
20122791
20128027
20128526
20120426
20122281
20128896
20122428
20120438
20126638
20120302
20128477
20120854
20122517
20127998
20128949
20127894
20122745
20127107
20127730
20120054
20128966
20120353
20121710
20122496
20122331
20127331
20122966
20125103
20128599
20120130
20122556
20120823
20122088
20120613
20127923
20122407
20128032
20127877
20124401
20122549
20128302
20122977
20122689
20128048
20127578
20127692
20120436
20122106
20126796
20127228
20129198
20120793
20129351
20120873
20127207
20128293
20127721
20126809
20121099
20128168
20128794
20121629
20120962
20122110
20122880
20120858
20120092
20120415
20128113
20122577
20127317
20120241
20127940
20127280
20122320
20123591
20120245
20120634
20127322
20125483
20120396
20127822
20120568
20122342
20120732
20123937
20120670
20124158
20127236
20128853
20121032
20128808
20127185
20128863
20127683
20125667
20128343
20127777
20120240
20120086
20128070
20126401
20127420
20126686
20120225
20124597
20127639
20127287
20125324
20129630
20125879
20122333
20122926
20122529
20127365
20127462
20122931
20129290
20128187
20128713
20127591
20122867
20121075
20122067
20129591
20128055
20125677
20129697
20120255
20129033
20122026
20122869
20125904
20127554
20128393
20127252
20122949
20127173
20128804
20127343
20120392
20127162
20120720
20126395
20122293
20129676
20125421
20121276
20122991
20126117
20123771
20127695
20122047
20122702
20122724
20127951
20127837
20121506
20125634
20123457
20122629
20127769
20120857
20120075
20120868
20129317
20128153
20121198
20127899
20120709
20127669
20122852
20128991
20127742
20128710
20128777
20127797
20120816
20128109
20126729
20127316
20120181
20125672
20127621
20125740
20129254
20126394
20120686
20128838
20127290
20121815
20122694
20121767
20120126
20120131
20127241
20122759
20122180
20122237
20128308
20120719
20124326
20128602
20122596
20127889
20127768
20121289
20128059
20123974
20122898
20128978
20120189
20122332
20121191
20124452
20127106
20122272
20121098
20128939
20120470
20124655
20120822
20121292
20127971
20127135
20126227
20128648
20124481
20127414
20122854
20127157
20128365
20128184
20125489
20122212
20121153
20121424
20128789
20127465
20127521
20129326
20122565
20127164
20122770
20125902
20127817
20120027
20120100
20120882
20120711
20120607
20122240
20124782
20122222
20128037
20126713
20125735
20123978
20120561
20128100
20129503
20127152
20121785
20122061
20122408
20126741
20127835
20128021
20122857
20124033
20127642
20128273
20122950
20126521
20129792
20122077
20128593
20121151
20122749
20122157
20128737
20122437
20124004
20124618
20127371
20120409
20120744
20120795
20128567
20125870
20122273
20124754
20128549
20128269
20125257
20127613
20127868
20125447
20120769
20120524
20129235
20121442
20121070
20127882
20128236
20121155
20122476
20128311
20126738
20127640
20125404
20128999
20122447
20127025
20122667
20127986
20122197
20127953
20128872
20120069
20122190
20122287
20124573
20120358
20120119
20124708
20127540
20120149
20128463
20124281
20126319
20122589
20128690
20127450
20120073
20127809
20127456
20120157
20121073
20129145
20127522
20127167
20120430
20124110
20129100
20126698
20122498
20128632
20121027
20121206
20126513
20127262
20128817
20127561
20122303
20122923
20120708
20127731
20122922
20127347
20125025
20122665
20126835
20127276
20127560
20122883
20127518
20127461
20122908
20128918
20121501
20124112
20127463
20121293
20120176
20128588
20128774
20127506
20123522
20127327
20129373
20122944
20128728
20122715
20124806
20120952
20127673
20128192
20127032
20127937
20128360
20127883
20123907
20127002
20123803
20127934
20121059
20122523
20128544
20122289
20120734
20128846
20122448
20124649
20120700
20123406
20128061
20121653
20128000
20121094
20129357
20127619
20127416
20122526
20121551
20127220
20128747
20128676
20128038
20120316
20122996
20120638
20128681
20128158
20128499
20120567
20121935
20126314
20127277
20120605
20120592
20128515
20128357
20121346
20128904
20127088
20128672
20120024
20127297
20122744
20128942
20122143
20128420
20122998
20122988
20120747
20128231
20122973
20127101
20127898
20121708
20121029
20122307
20127015
20128994
20127551
20127326
20124922
20127097
20128772
20127294
20121067
20127922
20122430
20124821
20122752
20121270
20120477
20128779
20120096
20122368
20121656
20120623
20120350
20122840
20128102
20129298
20122925
20124189
20127762
20128307
20120724
20122698
20122868
20121284
20128699
20128301
20128916
20127525
20123027
20122057
20123928
20121210
20127819
20122548
20124743
20120727
20121920
20122884
20120187
20128828
20120008
20127580
20128105
20120538
20128229
20121268
20128047
20122379
20128931
20122301
20122116
20128483
20127332
20128352
20120535
20128425
20126558
20121017
20122809
20122090
20122530
20122873
20122696
20127481
20121661
20120286
20120279
20121081
20122889
20123021
20120872
20127406
20122578
20120603
20122008
20122681
20127931
20121010
20128126
20122154
20120812
20127396
20128114
20128620
20125580
20128264
20127474
20128557
20120889
20128434
20129137
20127747
20124129
20120618
20120978
20124267
20122723
20128553
20122756
20126204
20127412
20120844
20127069
20122705
20122173
20120234
20127815
20121762
20128944
20126656
20127839
20120125
20122494
20128200
20126207
20122378
20126927
20122468
20127995
20123654
20127466
20120172
20128698
20128989
20126731
20128316
20128030
20121038
20121072
20120250
20122841
20129512
20122347
20126233
20122547
20128933
20122921
20120619
20128249
20122964
20124579
20128583
20121158
20127707
20125443
20122255
20127341
20129355
20128101
20125738
20128962
20122159
20122100
20126534
20120519
20128298
20127440
20120800
20122482
20120852
20126574
20128923
20120788
20122909
20120826
20128911
20125844
20122518
20120390
20128291
20122963
20122071
20127824
20127992
20127051
20128149
20122970
20122387
20128318
20120261
20120781
20128519
20122160
20127193
20126434
20120681
20121187
20128601
20129808
20127476
20122213
20126935
20124790
20125106
20127048
20120864
20120143
20122411
20127258
20127793
20120253
20122941
20122741
20120653
20126122
20127455
20128172
20124144
20127218
20122413
20122115
20122740
20128705
20120078
20127727
20120372
20127507
20128423
20127382
20128255
20127853
20126505
20122395
20121248
20122567
20122150
20128203
20129944
20127652
20127700
20122276
20120790
20120629
20127126
20121110
20128232
20120298
20123030
20122664
20122714
20128106
20122375
20121131
20128270
20124225
20120851
20121836
20127049
20128501
20128655
20120580
20129141
20129710
20120327
20127529
20129495
20120779
20127183
20128711
20121178
20127843
20122842
20123898
20127533
20120220
20127516
20129961
20127052
20120617
20128115
20126524
20129454
20127719
20128785
20129678
20120022
20129394
20128125
20121066
20129677
20120120
20128659
20120581
20120680
20122961
20124682
20123540
20121732
20128068
20127572
20127184
20128645
20120218
20121167
20121223
20121684
20128723
20122825
20127137
20127800
20127111
20128928
20125274
20120832
20120917
20122564
20122164
20120222
20120547
20121395
20122031
20126084
20128832
20128876
20129569
20127693
20122674
20120442
20121080
20120168
20127598
20122188
20128331
20122680
20127479
20120336
20122120
20121568
20120881
20120841
20121667
20129674
20121840
20121486
20124896
20121761
20120546
20120175
20126896
20121044
20122356
20120285
20120448
20120019
20128547
20127195
20120560
20127187
20121134
20128639
20120829
20121232
20128802
20127360
20127286
20120459
20128325
20127165
20127010
20122897
20128945
20126050
20120599
20122242
20121261
20127192
20125334
20122684
20127427
20122822
20127617
20124393
20127229
20126500
20122588
20126697
20127176
20120485
20123555
20121850
20122987
20121174
20127163
20120471
20121879
20122835
20125946
20122340
20122357
20120081
20122713
20128691
20128272
20122582
20128665
20128333
20127784
20129841
20121469
20128119
20124453
20120750
20127757
20122915
20127974
20128161
20120244
20122875
20120343
20121036
20126926
20128447
20122163
20121186
20122006
20128543
20123322
20120376
20123724
20124470
20122418
20125624
20129838
20122172
20120696
20122601
20128237
20128060
20120643
20128052
20125338
20122489
20121421
20127080
20125328
20127658
20125034
20127028
20125820
20127136
20120639
20128757
20128919
20123653
20125452
20125737
20127460
20127384
20127035
20121240
20120672
20122516
20122414
20120530
20127344
20127387
20129765
20120268
20122976
20128305
20122296
20123189
20125263
20127500
20124539
20124898
20122860
20120627
20127059
20128566
20127723
20121157
20124698
20120534
20129172
20123849
20128058
20120300
20127725
20120598
20128649
20126949
20122007
20127338
20128139
20128363
20120044
20122385
20128738
20121079
20127571
20122055
20123594
20122091
20121200
20120589
20128171
20126048
20128703
20122383
20123374
20122112
20120394
20122580
20120219
20122151
20127745
20128850
20121205
20128726
20121112
20124193
20120608
20120773
20126384
20122421
20127743
20120449
20124835
20122709
20122402
20122997
20123426
20121138
20120494
20122644
20127989
20120035
20124668
20127676
20127547
20125232
20127068
20129777
20126346
20127628
20120115
20127487
20122855
20121228
20120726
20125562
20123735
20128984
20122574
20122839
20127453
20122639
20122992
20127626
20127237
20126970
20120540
20127641
20129753
20125755
20122636
20120401
20122506
20120626
20122669
20127656
20122763
20127534
20120151
20127698
20120484
20125540
20127629
20120384
20120267
20122246
20120520
20129860
20128120
20128415
20122786
20128018
20127253
20122628
20121152
20120457
20120924
20121231
20121339
20121244
20122754
20123541
20127027
20120787
20122265
20120777
20125289
20129205
20123658
20126003
20129526
20120729
20123498
20121105
20129629
20128228
20129434
20120785
20122262
20128900
20122947
20122438
20122371
20127352
20120782
20128798
20127861
20120451
20125510
20128219
20120026
20126884
20121052
20126501
20128652
20128673
20120825
20121529
20120716
20122699
20120772
20121209
20122486
20127648
20122495
20121046
20127661
20122275
20126027
20124172
20128400
20123950
20121049
20125803
20127233
20128605
20127891
20128720
20121264
20122285
20120235
20120082
20128907
20122286
20128417
20127072
20120009
20123385
20127758
20127764
20122348
20122805
20121050
20122484
20127063
20127866
20125041
20122094
20121569
20126629
20129518
20127602
20127319
20120483
20129559
20121039
20125749
20125008
20128087
20128033
20124841
20122309
20128986
20121288
20120121
20129380
20122672
20127212
20128688
20125909
20128084
20122612
20122224
20120866
20122211
20127329
20127404
20122386
20122738
20123688
20122620
20124408
20123337
20120076
20120602
20120533
20122685
20127987
20120666
20120548
20125810
20129648
20129862
20128077
20127301
20129202
20122182
20120016
20127291
20122191
20122025
20122183
20128128
20122252
20121002
20122815
20122410
20128028
20128920
20127787
20128073
20123455
20120348
20120059
20120089
20127303
20127181
20121257
20127321
20125371
20121114
20127910
20126710
20126455
20120360
20128248
20122943
20128335
20127503
20120203
20128976
20128915
20128592
20122978
20128503
20124900
20126373
20123758
20124394
20122419
20122497
20120293
20122327
20127537
20124789
20129983
20124559
20120463
20127903
20122388
20128628
20122591
20122187
20127103
20128678
20129175
20120528
20127606
20120402
20123163
20123562
20120355
20128560
20127798
20126246
20128178
20128385
20128964
20121148
20120243
20120179
20120160
20128901
20122103
20127961
20125138
20120481
20122218
20129213
20128513
20127849
20120898
20124924
20129418
20124520
20125011
20127144
20127084
20128594
20127047
20126280
20127491
20128909
20128864
20127043
20127031
20120895
20128500
20120167
20128267
20129667
20121279
20128749
20122845
20127394
20122999
20123360
20120871
20122499
20121466
20127968
20127012
20128464
20128290
20128297
20122392
20120699
20122283
20128997
20128724
20128473
20122360
20129828
20122364
20127756
20120517
20128582
20121021
20122737
20128362
20122866
20120807
20122837
20127776
20124803
20122912
20120127
20123141
20128825
20127915
20122009
20125963
20127281
20125942
20122232
20120417
20128631
20128460
20125072
20125614
20120319
20121019
20120361
20128304
20121375
20127308
20121124
20121241
20122221
20127265
20128626
20122829
20121250
20120371
20120480
20127867
20128865
20125382
20120224
20126000
20121013
20125308
20120011
20122139
20127836
20125665
20128929
20122862
20120249
20127125
20128877
20128488
20128615
20122936
20127201
20129892
20127013
20126038
20120511
20126022
20129273
20120433
20122859
20120690
20129864
20121234
20122377
20120145
20128922
20125524
20129118
20123536
20127644
20120359
20129457
20128163
20122322
20128045
20120221
20128326
20128429
20120291
20128903
20120496
20120482
20127570
20120944
20122863
20123600
20122700
20120368
20120755
20121839
20120186
20128820
20128799
20127190
20128456
20120789
20126036
20128889
20128629
20120820
20120884
20128336
20126002
20122140
20122374
20122836
20122142
20122616
20129696
20120398
20128074
20121062
20122704
20120489
20120403
20122535
20120731
20127464
20121297
20127438
20128345
20124161
20128064
20127624
20121296
20121468
20126186
20120104
20125781
20120150
20122956
20127024
20127649
20127447
20121163
20120088
20122954
20121005
20128369
20123515
20128443
20122329
20122127
20122593
20129519
20128156
20128685
20127608
20120439
20127670
20122502
20126678
20127118
20120388
20127774
20128148
20128674
20122938
20125868
20124184
20127587
20127498
20127022
20122325
20120326
20120365
20122045
20122346
20128843
20128446
20127541
20121376
20128123
20127219
20129642
20120248
20123985
20120118
20128391
20122334
20122958
20126519
20128254
20127916
20120400
20120345
20127746
20128083
20126550
20126689
20127559
20121077
20129490
20120454
20128380
20120532
20128935
20127451
20127007
20120443
20127401
20128554
20122261
20128010
20122277
20127039
20120200
20121211
20122439
20123752
20125136
20128036
20120183
20122022
20128317
20122800
20127637
20127254
20122753
20127391
20120835
20127099
20127550
20121086
20128936
20122781
20128020
20120850
20128550
20128449
20122851
20122774
20120028
20126327
20127674
20128322
20121848
20125204
20127334
20122501
20120060
20120833
20123416
20128857
20122280
20120230
20128753
20121202
20122254
20128849
20120657
20122828
20125981
20126424
20122278
20129074
20127492
20121295
20128419
20120277
20126340
20122736
20126043
20125841
20127552
20128243
20121003
20127795
20128551
20120087
20124430
20127336
20120723
20122464
20122666
20124500
20120640
20127884
20129543
20127356
20122029
20127357
20124322
20120404
20128783
20129456
20122279
20122432
20122536
20120469
20121121
20123980
20122258
20128658
20120675
20128609
20128222
20120395
20128247
20128176
20120239
20128660
20128262
20122772
20121101
20128969
20122948
20122152
20122537
20120565
20127061
20120101
20120236
20120217
20122533
20120713
20122804
20128580
20120512
20129318
20125142
20122073
20126433
20125206
20122298
20128218
20121444
20120475
20127660
20120440
20122817
20120310
20127189
20127174
20127385
20122271
20120045
20122108
20123268
20121160
20122210
20121023
20127256
20122429
20120274
20127759
20126355
20120766
20120072
20122890
20121282
20123944
20120324
20127448
20128897
20127664
20128795
20122490
20127909
20120294
20122779
20122785
20128289
20126694
20121028
20127685
20121281
20127224
20127443
20122315
20128680
20120039
20127064
20122602
20126760
20122554
20120684
20127313
20121290
20124758
20122843
20122161
20127888
20120292
20122369
20127575
20128382
20128716
20127538
20120296
20128485
20129212
20126356
20128072
20120754
20127348
20126548
20120836
20122903
20128754
20122797
20126099
20124130
20127704
20120040
20122929
20122064
20126364
20129176
20120784
20120635
20123691
20129550
20128735
20120593
20122406
20128855
20120334
20122175
20128082
20127490
20122972
20124666
20124731
20128854
20120536
20127499
20123410
20120763
20128934
20122241
20120702
20127831
20121085
20127555
20127942
20120208
20120466
20123142
20125362
20122946
20127609
20120431
20127112
20120464
20120636
20125563
20129845
20122263
20120304
20123060
20125110
20120633
20129751
20120698
20127528
20128214
20128618
20120683
20121113
20121686
20123770
20125970
20122134
20126441
20122634
20127928
20128886
20122362
20121784
20121657
20127900
20122027
20126623
20128564
20127216
20127493
20127029
20122398
20125625
20129513
20120611
20128696
20125448
20120849
20127767
20122861
20122544
20120269
20120437
20121724
20120625
20128421
20126416
20127437
20120467
20120136
20129308
20128142
20127000
20128188
20128198
20120597
20122017
20125064
20126057
20127548
20128284
20128563
20127616
20128437
20127079
20127944
20121221
20122400
20127361
20122282
20127386
20122882
20122558
20128653
20128154
20120337
20127239
20122870
20122156
20125083
20127074
20120097
20129020
20121826
20120055
20122610
20120042
20122238
20120579
20121500
20120410
20120148
20125335
20122625
20122384
20124631
20127517
20128937
20122957
20128905
20120749
20128118
20127914
20122105
20128651
20128451
20120386
20128815
20128770
20122165
20120313
20129210
20128801
20122982
20122627
20128063
20120156
20128712
20128810
20124825
20120722
20128623
20122300
20128758
20120575
20127724
20128166
20126473
20127991
20128381
20121726
20127754
20120474
20124181
20124058
20127264
20122062
20123428
20128646
20122337
20128683
20122396
20125433
20120490
20127205
20120555
20126173
20127856
20129179
20128403
20120876
20122304
20120278
20123575
20128116
20127419
20122952
20128162
20121280
20122012
20128642
20120370
20120447
20122918
20120756
20123716
20124383
20123108
20128548
20128054
20122510
20128960
20126603
20124650
20128932
20126210
20122192
20121139
20121145
20122538
20127875
20120030
20127671
20126708
20123192
20122877
20122118
20128340
20129615
20121197
20120862
20122176
20122811
20127737
20120630
20128562
20120897
20128445
20120202
20127398
20123675
20122372
20127178
20122585
20120139
20122361
20122590
20123161
20128742
20120246
20122892
20122249
20120314
20128800
20120865
20127588
20122365
20128396
20129120
20122579
20122650
20120513
20128606
20128895
20120660
20124321
20128717
20123646
20127826
20122477
20127672
20128015
20128201
20128656
20124013
20125764
20126298
20128975
20120163
20120674
20122514
20127902
20120585
20127607
20121103
20128383
20129069
20129057
20120819
20120591
20127582
20121291
20127678
20128882
20121489
20127075
20128982
20128662
20127852
20126604
20127630
20123475
20122895
20120421
20127790
20122614
20122171
20121899
20127666
20122415
20128042
20128034
20123362
20128179
20127200
20120284
20127965
20127985
20129329
20120545
20122184
20122642
20120290
20127116
20120590
20127495
20122743
20127545
20122654
20121014
20127748
20127314
20120721
20122167
20127399
20120323
20121505
20121117
20122543
20128217
20125993
20128167
20124693
20122186
20128230
20127814
20122917
20124818
20121249
20120509
20124402
20123491
20127697
20120204
20120703
20122647
20127351
20122901
20128667
20123031
20128329
20120827
20127279
20127589
20128498
20126444
20127001
20127687
20120195
20127153
20127122
20128987
20124725
20127976
20122701
20127958
20126216
20123403
20128312
20127082
20125354
20128012
20122930
20127938
20128806
20128527
20125759
20121107
20127226
20126061
20120191
20123465
20126016
20123225
20128571
20128334
20129338
20122491
20122233
20121277
20122470
20121915
20129704
20122083
20120510
20121641
20121146
20128913
20125727
20128424
20127261
20128453
20122826
20122662
20122291
20128784
20124581
20123270
20122823
20121690
20128768
20127424
20121238
20122220
20126111
20122056
20121106
20122711
20120543
20122959
20120746
20125573
20120887
20129134
20127590
20120106
20128955
20124888
20128607
20128948
20127433
20127741
20126083
20121168
20128561
20122671
20123146
20124543
20122716
20120846
20123311
20128039
20122935
20122066
20122185
20122235
20120792
20124025
20129880
20127124
20127114
20127523
20125937
20120375
20120870
20120169
20127484
20127180
20122059
20120558
20127679
20128011
20120539
20128389
20122819
20121963
20120007
20127801
20128144
20124126
20127161
20129386
20125156
20123514
20120574
20127060
20125051
20125477
20127611
20127749
20128807
20127222
20122798
20128480
20128147
20127445
20127827
20121220
20127952
20120297
20127782
20127862
20122096
20128076
20122065
20123407
20126525
20120422
20122624
20127857
20127864
20122962
20128238
20122569
20122302
20122081
20122148
20120209
20122023
20127449
20120878
20129621
20128508
20122945
20121219
20128455
20122865
20123821
20121164
20128819
20128143
20127834
20121058
20120317
20127148
20127292
20128286
20125948
20125986
20128397
20122024
20120879
20121018
20125703
20122571
20127605
20123649
20122599
20125650
20121961
20122250
20128392
20120050
20122522
20127214
20127199
20127489
20127753
20128202
20120652
20128746
20127372
20121298
20120138
20127282
20127315
20122649
20126137
20129857
20124137
20120632
20122989
20128647
20128873
20127524
20127426
20128844
20125498
20128227
20121368
20123269
20120714
20127597
20124446
20120697
20128725
20122128
20126316
20122046
20120399
20127140
20128957
20127324
20127599
20129532
20123290
20126711
20121874
20127686
20121084
20128993
20129393
20122274
20128604
20127781
20122905
20128927
20121172
20126113
20128496
20127729
20124601
20125473
20129104
20120001
20127129
20122471
20121119
20122812
20122131
20128478
20120863
20122370
20124031
20120692
20121165
20127912
20122230
20122354
20128319
20120052
20122457
20126506
20121045
20122762
20120775
20122474
20121060
20122401
20128418
20125836
20122479
20121090
20122814
20128071
20129929
20120428
20122343
20127636
20127844
20121012
20122014
20120736
20122328
20127996
20127117
20122566
20123486
20120199
20128458
20121980
20128135
20120067
20129769
20125675
20127930
20127927
20128587
20120332
20121196
20120318
20122125
20120107
20122216
20121260
20122849
20124066
20128131
20124592
20127703
20120476
20123534
20126360
20121136
20127873
20128520
20128528
20124143
20122431
20120689
20129981
20127734
20128529
20120733
20120333
20120801
20121258
20122341
20122460
20129795
20121361
20123975
20128300
20122707
20128836
20127410
20128428
20128157
20123794
20127632
20121016
20128951
20128494
20122339
20128001
20121203
20128954
20127618
20120753
20127284
20124959
20120315
20122844
20128081
20128925
20122321
20127485
20121159
20128256
20120805
20127871
20121267
20124285
20120514
20128209
20127376
20123855
20120624
20125120
20128675
20122087
20127878
20127204
20120099
20122658
20120180
20127188
20121006
20122124
20126220
20126426
20127266
20120113
20126798
20125529
20127335
20121344
20128539
20120705
20127221
20122766
20128462
20128215
20127121
20128709
20127939
20120488
20120378
20127645
20121299
20128505
20120646
20120412
20126535
20122000
20127042
20120743
20122256
20122089
20128467
20123878
20128786
20122920
20125007
20128223
20121369
20120057
20128040
20129436
20127722
20123102
20123882
20122269
20120506
20120080
20122933
20127544
20120501
20123812
20128502
20128406
20122225
20123756
20120893
20122101
20120654
20122469
20122318
20120380
20127497
20121092
20127596
20120174
20120551
20122718
20128221
20127959
20122979
20122214
20121004
20121000
20121015
20127945
20128277
20120188
20128112
20122758
20120577
20122513
20122687
20129903
20129735
20125643
20127779
20128977
20127662
20127370
20127509
20124115
20120263
20122986
20127380
20128487
20127638
20127358
20128164
20124575
20122939
20129711
20127816
20122663
20127566
20127092
20120710
20127514
20120134
20122454
20120664
20124483
20127699
20128504
20120424
20128644
20126693
20127366
20124355
20128830
20126073
20129607
20120888
20128881
20124714
20122512
20120883
20127169
20121917
20123035
20128581
20129306
20128940
20122598
20120238
20121076
20122417
20122166
20122060
20127172
20121177
20120667
20122838
20121272
20127213
20129592
20127006
20128906
20121026
20121035
20123587
20123930
20121061
20127003
20129082
20125722
20122824
20122968
20127273
20120600
20120761
20120108
20127083
20127946
20128474
20128892
20128486
20127603
20123842
20126371
20129094
20127305
20122648
20122900
20122196
20128405
20126150
20120644
20122613
20120452
20128211
20128155
20128387
20127014
20121413
20120527
20128043
20128199
20123650
20127087
20128075
20127267
20127904
20127677
20121759
20128510
20120071
20128858
20123145
20127969
20128051
20128404
20127512
20124461
20122633
20121519
20128041
20120414
20128356
20122595
20120677
20127142
20120811
20125548
20127785
20122144
20122550
20128448
20122458
20127171
20123847
20128346
20122559
20129425
20128827
20127738
20127941
20127811
20120162
20125704
20125485
20127954
20120493
20129978
20124502
20126466
20127090
20129398
20122651
20127527
20129080
20125197
20127895
20122761
20128079
20120015
20121063
20122615
20122452
20127610
20128471
20127933
20127139
20120405
20127772
20122638
20127943
20121643
20129201
20127070
20121009
20122748
20122617
20122459
20127913
20120094
20121216
20128524
20120556
20122607
20125416
20120170
20128292
20122177
20121318
20127259
20120210
20129598
20122149
20127310
20122030
20122747
20127127
20120190
20121154
20120830
20128852
20128044
20128395
20120473
20124684
20128511
20122587
20128767
20128627
20128603
20128894
20128465
20123927
20120288
20127367
20120757
20127435
20122858
20126438
20128019
20120429
20122441
20121022
20120128
20128347
20120098
20125649
20122420
20122913
20120135
20120791
20122376
20121230
20128241
20123078
20122063
20122676
20122078
20120594
20127131
20127820
20129488
20127558
20120776
20127363
20128350
20127307
20120735
20122223
20127257
20122086
20122630
20122444
20128294
20125544
20128441
20121278
20120553
20128847
20121065
20121089
20121611
20122135
20127771
20129670
20128409
20127325
20127907
20120159
20127004
20127977
20129960
20128009
20128402
20128870
20128225
20127562
20122932
20121130
20122195
20120824
20128766
20122295
20126916
20128884
20120379
20121952
20120017
20128014
20122508
20121020
20129633
20127812
20121477
20128684
20127234
20125381
20128715
20128117
20122575
20122487
20127312
20127458
20128281
20120601
20127149
20122806
20128558
20127105
20127978
20121179
20128666
20128988
20121097
20127055
20128586
20128384
20127085
20120085
20122319
20127583
20122788
20124089
20121495
20126665
20127011
20127016
20128833
20127535
20127870
20122041
20128953
20128426
20124670
20122592
20126308
20122051
20121822
20128875
20122924
20126491
20127845
20128732
20127300
20122018
20122980
20120049
20120659
20122914
20128004
20124206
20127415
20122412
20128367
20120508
20121025
20128829
20120363
20128386
20128136
20120671
20122170
20120014
20127250
20121576
20129779
20122586
20128669
20127840
20127170
20128133
20129452
20120432
20128065
20126932
20128374
20127454
20120173
20124901
20127154
20125553
20128271
20128871
20127225
20127911
20122104
20120133
20122247
20128330
20127818
20127706
20127536
20127379
20122488
20120307
20121793
20121095
20128633
20127810
20121799
20122260
20121111
20127227
20125616
20121262
20122174
20120695
20127796
20120435
20125201
20126255
20127208
20128324
20122985
20123656
20121634
20120610
20122871
20121252
20128575
20128313
20122818
20128996
20120105
20127008
20127565
20120478
20121142
20121161
20122028
20128641
20128885
20122119
20125567
20127841
20122730
20120116
20128137
20125501
20125425
20124549
20127091
20128276
20125539
20128538
20128743
20122442
20127306
20128622
20125237
20127289
20128760
20127657
20123733
20123674
20122373
20120445
20125521
20127783
20128518
20122546
20127799
20122453
20122940
20129320
20127094
20124124
20121047
20122739
20123633
20127309
20127071
20120427
20122409
20127858
20126479
20128484
20122904
20127293
20129226
20120299
20120446
20124624
20127296
20122821
20122683
20122661
20121736
20127078
20122425
20128867
20128612
20122257
20127407
20120839
20123373
20121132
20120758
20124642
20121496
20127595
20125264
20127020
20128730
20128842
20123015
20127295
20129390
20128285
20122422
20122891
20127182
20127076
20127848
20120423
20120562
20127141
20122652
20125436
20128088
20127471
20120688
20128303
20120247
20122520
20122434
20127967
20122794
20122462
20128941
20127211
20128422
20122198
20122572
20121122
20120362
20120606
20127623
20127397
20125105
20129237
20127860
20128741
20128707
20126554
20127786
20127997
20120177
20122967
20121649
20120018
20120845
20128791
20123559
20128121
20121922
20121118
20128573
20128523
20120366
20124497
20121997
20128965
20122726
20125901
20128007
20123497
20127318
20121030
20123635
20127166
20128282
20122215
20125329
20120213
20127740
20122511
20128049
20128250
20127230
20120233
20122038
20120374
20120687
20121190
20128899
20129002
20127026
20122646
20120013
20127696
20128495
20127752
20127972
20127850
20128057
20122234
20127668
20123165
20120550
20120251
20122584
20127949
20127539
20124777
20127847
20121251
20128998
20120616
20129144
20126315
20129070
20127202
20128361
20127138
20121275
20122324
20121233
20123256
20127542
20128990
20125162
20124875
20129520
20121195
20127115
20127680
20127896
20121558
20126418
20122243
20127712
20128234
20127175
20120662
20124776
20122846
20126046
20121087
20121266
20120418
20121829
20127564
20120146
20124426
20128697
20126350
20127553
20121383
20122363
20127684
20124085
20124891
20122098
20120554
20120178
20128679
20120194
20127240
20127886
20124749
20122381
20124493
20127302
20121802
20120502
20127714
20120031
20122472
20123175
20128745
20122463
20127054
20122194
20120383
20126914
20128240
20127243
20122266
20120803
20127829
20126358
20120712
20127160
20120462
20123509
20125307
20122960
20122344
20128780
20127374
20122974
20127350
20128952
20123125
20122336
20128516
20124525
20128013
20127705
20125305
20120612
20120933
20120154
20120808
20121890
20126735
20128619
20127359
20122054
20125198
20122532
20120357
20121227
20127828
20124386
20129557
20127981
20122338
20126863
20123327
