5989101
5989135
5989159
5989154
5989176
5989171
5989195
5989164
5989153
5989196
5989129
5989188
5989189
5989117
5989126
5989192
5989178
5989105
5989167
5989198
5989107
5989106
5989100
5989145
5989114
5989137
5989108
5989142
5989123
5989148
5989136
5989132
5989121
5989191
5989141
5989102
5989185
5989122
5989155
5989140
5989118
5989175
5989182
5989151
5989184
5989183
5989113
5989169
5989138
5989174
5989163
5989181
5989187
5989194
5989146
5989131
5989160
5989158
5989147
5989149
5989180
5989104
5989197
5989144
5989165
5989170
5989152
5989124
5989166
5989130
5989109
5989168
5989157
5989199
5989156
5989186
5989179
5989150
5989125
5989173
5989119
5989120
5989172
5989127
5989128
5989143
5989193
5989103
5989190
5989134
5989139
5989177
5989133
5989161
5989162
