23767539
23767952
23767256
23767017
23767437
23765094
23765013
23765017
23767499
23767373
23767090
23767555
23767396
23767542
23767816
23765011
23767535
23767282
23767440
23767696
23767970
23765032
23765288
23765110
23767600
23767294
23765460
23767956
23767799
23765112
23767859
23765248
23765453
23765136
23767838
23767984
23767045
23765397
23767194
23767994
23767332
23767025
23765074
23767852
23767609
23767177
23767270
23767160
23767311
23765364
23765109
23765358
23767257
23765172
23767483
23767784
23767246
23767111
23767708
23765482
23767890
23767150
23767867
23767293
23767187
23767728
23765303
23767915
23765400
23767911
23765266
23767812
23765428
23767762
23767976
23765439
23765306
23767557
23767237
23765128
23765375
23767482
23767718
23767013
23767429
23767571
23765186
23767670
23767753
23765313
23767989
23767384
23767363
23765449
23767295
23765424
23767781
23765347
23765417
23765299
23765469
23765280
23767086
23765115
23767314
23767075
23767056
23767862
23767253
23765409
23767476
23765384
23767039
23767715
23767874
23767260
23765317
23767804
23767875
23767754
23767203
23767441
23765028
23767717
23767463
23767000
23765003
23767110
23767182
23767306
23765031
23767298
23767634
23767458
23767614
23767468
23767216
23767589
23765127
23767377
23767689
23767148
23767240
23767596
23767732
23767059
23765430
23765198
23767322
23765339
23767479
23765411
23765407
23765322
23767472
23767428
23767361
23767739
23765046
23767143
23767599
23767923
23765091
23765295
23767244
23767451
23765036
23767724
23767690
23767424
23765016
23765065
23765395
23765444
23767579
23765342
23767021
23767632
23767388
23767565
23767171
23767865
23767541
23765233
23767835
23765206
23767568
23767880
23765267
23767855
23765223
23765275
23765263
23765042
23767400
23767432
23767279
23767145
23765279
23767121
23765385
23767063
23765006
23767980
23767274
23767972
23767854
23767380
23767430
23765404
23767366
23765229
23767024
23765019
23765230
23765047
23767534
23765336
23767883
23767412
23767014
23767990
23767591
23765219
23767529
23765067
23767164
23767779
23767971
23765140
23767283
23767857
23767301
23765389
23765151
23767844
23765377
23767664
23767876
23765334
23765049
23767516
23767755
23767068
23767506
23765199
23767188
23765446
23767323
23767480
23767405
23767802
23767864
23765063
23767127
23767828
23767078
23767285
23767973
23767170
23767133
23767115
23767139
23765195
23765437
23767343
23767933
23767205
23767157
23767006
23767055
23767904
23767686
23765492
23765291
23767983
23765483
23767028
23765451
23765044
23765218
23767099
23767184
23767358
23767977
23767493
23765486
23767774
23767809
23765160
23767626
23767409
23767173
23767831
23767422
23765122
23765352
23765470
23767704
23767958
23767654
23767317
23767827
23765476
23765055
23765237
23767598
23767912
23767496
23767770
23767703
23765293
23767821
23767726
23765392
23767263
23765442
23765227
23767228
23767586
23767303
23765351
23765200
23765325
23767680
23765304
23767498
23765159
23767719
23765314
23765068
23767005
23767679
23767072
23767324
23767079
23765478
23767551
23765048
23767613
23767204
23767840
23767907
23765474
23767741
23767817
23767326
23767749
23767020
23767138
23765039
23767607
23765475
23767974
23765083
23767692
23765189
23767036
23767341
23767331
23765102
23765452
23765349
23767004
23765380
23767633
23767898
23765281
23767982
23767126
23767342
23767901
23767712
23767278
23765245
23767627
23767662
23767558
23767233
23767548
23765301
23767038
23767987
23767764
23767471
23767947
23765315
23767564
23765255
23765406
23767566
23767841
23767116
23767140
23767490
23765372
23767738
23767176
23765212
23765370
23767647
23765072
23767281
23767693
23767858
23767299
23765080
23767308
23765134
23765224
23767288
23765146
23765205
23765221
23767122
23765183
23767489
23765393
23767313
23765488
23765378
23765022
23767549
23767945
23765494
23767185
23767721
23767132
23767292
23767504
23767949
23767247
23767340
23765350
23767459
23767214
23767018
23765484
23767628
23767629
23765184
23765308
23767053
23767074
23765009
23767315
23767877
23767758
23765477
23767221
23765108
23767169
23767763
23767881
23767519
23767355
23767820
23765235
23767495
23765305
23767222
23767102
23767213
23765489
23765213
23767906
23765173
23765383
23767151
23765463
23765272
23767637
23767450
23767916
23767590
23767378
23765273
23765117
23767218
23767037
23767532
23767617
23765399
23767016
23767007
23765222
23767766
23765262
23767327
23767129
23765466
23765426
23767371
23765276
23767624
23767161
23765166
23765088
23767610
23767888
23767372
23767866
23765052
23765376
23765163
23767071
23767297
23765260
23765165
23767248
23767192
23765388
23765374
23767878
23765007
23767466
23767957
23767390
23765207
23767300
23767452
23767230
23767625
23767523
23765075
23767772
23765268
23767889
23767790
23767208
23765456
23765327
23767125
23767229
23765258
23767991
23767123
23767420
23767179
23767500
23767385
23767606
23767365
23767636
23767845
23765468
23767798
23765197
23765142
23767995
23767124
23767593
23767595
23767470
23767321
23765316
23765090
23765485
23765203
23765107
23767659
23767639
23765413
23767338
23767241
23767223
23767427
23767374
23767652
23765149
23767988
23767033
23765438
23765116
23765087
23767748
23767701
23767756
23765187
23767873
23767514
23767800
23767575
23765164
23765228
23765421
23767601
23767736
23767630
23767012
23765457
23767312
23765148
23767065
23765081
23767462
23767382
23765045
23767771
23767051
23767066
23767351
23767206
23765070
23767399
23767356
23765035
23765366
23767047
23765387
23767714
23767089
23767710
23767849
23767449
23767547
23767010
23767104
23767512
23767425
23767810
23767077
23765332
23765379
23767354
23767276
23767320
23767067
23767562
23767886
23767457
23767277
23767287
23767178
23767416
23767467
23767510
23765141
23767085
23767234
23767813
23767035
23767501
23767619
23765194
23767653
23765208
23765361
23767998
23767310
23765232
23767860
23767360
23767910
23767220
23767792
23767395
23765147
23767156
23765284
23767231
23767236
23765057
23767401
23765462
23767814
23767934
23767697
23765337
23767469
23767057
23767112
23767186
23767154
23767869
23767631
23767387
23765240
23767421
23767604
23767027
23767152
23765135
23767698
23767536
23765025
23765157
23767931
23765287
23767969
23767252
23767226
23765169
23767561
23767752
23767392
23767769
23765162
23767454
23767019
23765386
23767433
23765416
23767438
23767265
23767415
23767302
23765390
23767643
23765062
23765472
23767682
23765391
23767553
23767853
23767900
23765018
23767622
23765359
23765051
23767683
23767209
23767046
23765371
23767245
23767227
23767386
23767968
23765004
23765131
23767250
23767464
23765086
23765246
23767381
23767423
23765089
23765153
23767316
23765343
23767131
23767391
23765133
23767928
23767765
23767999
23767615
23767585
23767833
23765309
23765190
23767699
23767737
23767720
23767135
23767003
23767446
23765125
23767528
23767031
23765278
23767084
23767023
23767955
23767198
23765302
23765282
23767118
23765202
23767522
23765176
23767825
23765329
23767119
23767573
23767109
23767101
23767851
23767788
23765448
23765020
23767648
23767887
23767921
23765132
23765382
23767981
23767494
23767040
23767725
23767744
23767008
23765410
23767080
23767165
23767943
23765447
23767895
23767201
23767009
23767347
23767891
23767114
23767672
23767668
23767189
23767676
23765490
23767097
23765043
23767404
23767826
23767334
23767685
23767740
23767268
23767225
23767658
23765355
23767651
23767202
23767635
23765396
23767830
23767337
23767379
23767487
23767780
23767843
23767232
23765294
23765292
23767410
23767275
23767100
23767195
23765082
23767587
23765071
23767217
23767456
23767172
23767485
23767545
23765215
23765435
23767733
23767158
23767280
23767448
23765054
23765104
23767932
23767846
23767836
23767954
23767655
23767359
23767946
23767620
23767760
23765033
23767815
23767937
23767290
23767191
23767581
23767603
23767251
23767892
23765095
23767531
23765119
23767602
23767511
23767159
23767924
23765210
23767269
23767594
23767238
23767096
23767413
23765152
23767578
23767661
23767959
23767663
23767505
23767847
23767190
23767897
23767621
23765182
23765077
23767199
23767062
23767087
23767576
23765277
23767305
23767706
23767212
23765014
23767296
23765101
23765060
23765431
23765185
23767137
23767803
23765420
23767147
23767899
23767716
23767475
23767930
23765354
23767743
23765114
23767681
23765289
23765256
23767517
23767011
23767837
23765192
23767902
23765188
23767197
23765434
23767368
23767554
23767667
23767518
23767509
23767552
23767474
23765257
23767785
23767644
23765252
23765458
23765320
23765161
23767524
23765069
23765261
23767455
23767076
23767352
23767861
23767660
23767357
23767935
23767896
23767993
23767291
23767919
23767848
23765139
23767224
23765394
23765000
23765156
23767978
23767556
23765461
23765008
23767914
23767319
23767142
23765326
23765034
23765216
23767052
23765432
23767406
23767711
23765204
23765499
23765346
23765455
23767442
23767797
23765066
23767070
23765084
23767098
23767824
23765298
23767540
23767211
23767640
23765154
23765098
23767146
23767193
23767942
23767702
23765459
23765310
23767042
23767819
23765297
23765250
23765471
23767015
23765093
23767822
23765247
23765078
23765367
23767271
23767839
23767894
23767375
23767349
23765269
23767777
23767453
23767362
23765419
23767049
23767567
23767751
23767407
23767992
23767196
23765015
23767339
23767750
23767960
23765129
23767050
23765436
23767975
23765217
23765040
23765225
23765243
23767106
23767811
23765418
23767759
23767793
23765323
23767207
23765079
23767967
23767941
23767328
23767348
23767304
23767597
23767722
23765427
23767791
23767559
23767870
23765026
23767951
23765092
23767155
23765144
23765425
23767950
23767107
23765441
23767694
23767258
23767093
23767996
23765124
23767641
23767513
23767612
23765348
23767073
23767879
23767713
23767103
23767307
23767443
23767742
23765001
23767397
23765467
23767705
23765254
23767823
23765464
23767030
23767041
23767389
23767419
23767893
23765433
23765244
23767709
23765209
23765211
23767183
23765171
23767537
23767580
23765345
23767243
23765381
23765493
23767166
23767113
23765479
23767783
23765423
23767560
23767403
23765286
23767081
23765312
23765403
23767642
23765123
23765180
23765491
23767723
23765191
23767060
23767707
23767806
23765285
23765422
23765037
23767318
23767538
23767776
23767445
23767761
23765318
23767128
23767408
23765234
23765495
23767242
23767544
23767058
23767908
23767611
23765340
23765076
23765429
23765220
23767871
23767938
23767543
23767608
23767618
23765344
23767909
23767782
23765121
23765307
23765440
23767091
23765362
23767533
23767623
23767786
23767903
23767383
23767929
23765328
23767434
23767675
23767064
23767684
23765249
23765353
23767775
23767986
23765311
23765005
23767262
23767677
23767094
23767961
23767444
23765242
23767461
23767939
23767745
23767026
23767370
23767572
23767796
23767002
23767507
23767917
23767411
23767778
23765105
23767048
23765029
23767979
23765030
23767913
23767168
23767266
23765239
23767345
23765450
23767034
23765179
23765497
23767645
23767162
23767447
23765405
23765270
23767727
23767249
23765290
23765196
23767731
23767393
23767546
23765181
23767254
23765056
23765265
23767181
23767787
23765335
23765283
23765226
23767944
23767801
23767747
23765168
23767369
23765145
23765274
23765170
23765271
23765487
23765445
23767695
23767526
23767163
23767350
23767117
23767936
23765097
23765365
23767508
23765238
23767666
23767436
23767431
23767092
23767850
23767120
23767284
23765415
23765481
23767001
23767175
23767656
23767210
23767964
23765021
23767083
23765331
23765053
23767688
23767418
23767671
23765024
23767481
23765333
23765061
23767259
23765178
23765231
23767414
23765319
23767272
23765175
23765050
23767478
23767925
23767491
23765174
23767200
23767729
23767584
23765059
23767264
23767638
23767353
23767882
23765193
23765111
23767503
23765360
23765300
23767239
23767674
23765473
23767325
23767367
23767673
23767043
23765369
23767926
23767108
23767734
23765096
23767141
23765085
23767583
23765113
23765120
23767398
23765264
23765150
23767757
23767465
23767527
23767920
23767394
23765010
23767330
23765167
23767985
23767477
23765138
23767687
23767997
23765038
23767153
23767884
23765465
23765259
23767439
23767965
23767134
23767922
23765498
23767569
23767486
23765454
23767905
23767588
23767842
23765253
23765073
23767570
23765064
23767550
23767344
23767267
23767346
23765236
23767174
23765100
23767794
23765201
23767144
23767497
23765241
23767649
23767515
23767834
23765002
23767309
23767376
23767520
23767333
23765443
23767832
23767563
23765214
23767329
23765414
23765058
23765137
23767665
23767061
23767426
23767953
23767167
23765398
23767492
23767746
23767530
23767962
23765401
23767435
23767767
23767927
23767918
23767335
23767273
23765296
23767484
23767473
23767730
23767044
23767582
23767691
23765324
23767885
23765321
23767650
23765103
23767940
23765106
23765480
23767616
23767219
23767460
23767678
23765496
23765126
23765373
23765177
23767768
23765330
23767592
23767417
23765118
23767130
23765099
23765338
23767402
23765368
23767521
23765012
23767105
23767872
23767577
23765130
23767669
23767364
23765357
23767095
23765412
23767789
23767948
23767605
23765408
23767818
23767032
23765158
23767082
23767807
23767574
23767863
23767255
23767657
23767180
23767215
23767795
23767856
23767773
23767261
23767735
23767336
23767700
23765363
23765251
23767488
23765155
23767069
23765023
23767029
23765356
23767286
23767966
23765143
23767088
23767829
23767054
23767963
23767136
23767149
23767646
23767525
23765027
23765341
23767022
23765041
23767235
23765402
23767805
23767808
23767868
23767289
23767502
