23766604
23766931
23766885
23766528
23766111
23766421
23766219
23766804
23766361
23766171
23766948
23766519
23766426
23766080
23766383
23766200
23766138
23766473
23766484
23766046
23766416
23766220
23766709
23766616
23766005
23766399
23766536
23766872
23766625
23766362
23766890
23766956
23766834
23766842
23766512
23766391
23766312
23766622
23766564
23766117
23766125
23766355
23766680
23766074
23766884
23766251
23766380
23766674
23766838
23766740
23766356
23766908
23766283
23766040
23766966
23766078
23766507
23766076
23766891
23766544
23766425
23766968
23766973
23766873
23766303
23766249
23766523
23766985
23766467
23766499
23766432
23766441
23766939
23766611
23766103
23766435
23766869
23766348
23766141
23766733
23766525
23766570
23766574
23766803
23766031
23766439
23766754
23766881
23766543
23766019
23766773
23766551
23766498
23766913
23766062
23766483
23766789
23766274
23766774
23766938
23766888
23766338
23766734
23766996
23766724
23766215
23766530
23766627
23766311
23766935
23766237
23766025
23766511
23766593
23766753
23766159
23766195
23766339
23766216
23766102
23766447
23766316
23766751
23766382
23766686
23766904
23766744
23766825
23766675
23766183
23766639
23766189
23766323
23766799
23766229
23766390
23766710
23766772
23766630
23766099
23766820
23766961
23766514
23766247
23766771
23766552
23766864
23766997
23766240
23766027
23766568
23766302
23766605
23766555
23766414
23766794
23766196
23766340
23766766
23766638
23766038
23766269
23766470
23766607
23766671
23766508
23766695
23766120
23766468
23766037
23766912
23766137
23766472
23766054
23766042
23766947
23766762
23766937
23766606
23766761
23766987
23766264
23766379
23766760
23766493
23766743
23766599
23766475
23766212
23766187
23766167
23766946
23766175
23766600
23766567
23766571
23766976
23766423
23766827
23766914
23766363
23766809
23766865
23766629
23766454
23766177
23766533
23766300
23766687
23766882
23766482
23766539
23766579
23766550
23766153
23766003
23766560
23766886
23766841
23766628
23766711
23766126
23766726
23766197
23766540
23766328
23766293
23766190
23766430
23766191
23766260
23766660
23766584
23766489
23766589
23766131
23766047
23766166
23766541
23766924
23766721
23766919
23766767
23766897
23766813
23766051
23766299
23766808
23766942
23766436
23766230
23766071
23766346
23766133
23766899
23766290
23766943
23766332
23766116
23766927
23766920
23766595
23766140
23766136
23766505
23766835
23766748
23766656
23766978
23766624
23766653
23766690
23766649
23766057
23766940
23766408
23766883
23766513
23766115
23766503
23766951
23766621
23766602
23766642
23766375
23766233
23766830
23766094
23766268
23766982
23766930
23766532
23766952
23766849
23766641
23766650
23766164
23766980
23766576
23766456
23766449
23766609
23766378
23766933
23766903
23766325
23766360
23766492
23766654
23766352
23766821
23766254
23766084
23766861
23766995
23766288
23766028
23766824
23766221
23766612
23766417
23766179
23766225
23766236
23766072
23766433
23766723
23766434
23766863
23766547
23766944
23766129
23766538
23766460
23766008
23766515
23766545
23766739
23766614
23766953
23766923
23766856
23766620
23766990
23766818
23766535
23766693
23766509
23766701
23766634
23766730
23766013
23766201
23766679
23766114
23766373
23766429
23766012
23766719
23766178
23766548
23766932
23766962
23766304
23766747
23766453
23766742
23766333
23766321
23766327
23766626
23766246
23766280
23766667
23766059
23766537
23766979
23766632
23766385
23766481
23766032
23766255
23766840
23766763
23766480
23766615
23766180
23766009
23766989
23766974
23766438
23766077
23766775
23766669
23766336
23766122
23766185
23766279
23766341
23766578
23766588
23766683
23766409
23766844
23766811
23766317
23766970
23766157
23766810
23766587
23766033
23766155
23766727
23766412
23766245
23766554
23766350
23766148
23766343
23766858
23766463
23766816
23766807
23766334
23766227
23766795
23766144
23766735
23766815
23766662
23766265
23766936
23766069
23766036
23766202
23766854
23766988
23766372
23766121
23766478
23766118
23766154
23766374
23766688
23766061
23766109
23766096
23766112
23766556
23766034
23766402
23766403
23766092
23766199
23766741
23766569
23766860
23766619
23766330
23766921
23766594
23766365
23766007
23766165
23766720
23766068
23766259
23766396
23766218
23766231
23766329
23766193
23766248
23766725
23766967
23766030
23766457
23766113
23766486
23766749
23766566
23766022
23766875
23766184
23766950
23766527
23766253
23766636
23766309
23766631
23766732
23766601
23766500
23766870
23766039
23766779
23766073
23766211
23766696
23766298
23766205
23766273
23766959
23766878
23766581
23766358
23766819
23766986
23766132
23766839
23766900
23766272
23766342
23766518
23766419
23766697
23766043
23766256
23766152
23766465
23766736
23766345
23766487
23766134
23766194
23766591
23766270
23766055
23766915
23766370
23766018
23766319
23766506
23766294
23766313
23766879
23766745
23766204
23766075
23766993
23766713
23766056
23766282
23766095
23766755
23766562
23766082
23766643
23766848
23766209
23766284
23766351
23766769
23766369
23766785
23766238
23766971
23766448
23766718
23766705
23766788
23766105
23766344
23766098
23766455
23766787
23766451
23766063
23766846
23766603
23766692
23766969
23766549
23766297
23766381
23766777
23766658
23766016
23766347
23766798
23766925
23766682
23766880
23766349
23766907
23766526
23766377
23766892
23766618
23766395
23766142
23766917
23766174
23766000
23766738
23766442
23766065
23766780
23766477
23766497
23766994
23766698
23766305
23766021
23766397
23766124
23766331
23766401
23766010
23766965
23766832
23766670
23766837
23766242
23766287
23766782
23766877
23766847
23766778
23766623
23766308
23766613
23766862
23766783
23766876
23766928
23766684
23766169
23766257
23766006
23766234
23766814
23766440
23766957
23766608
23766572
23766130
23766278
23766644
23766488
23766001
23766784
23766289
23766664
23766592
23766637
23766859
23766501
23766652
23766494
23766108
23766357
23766722
23766250
23766918
23766857
23766083
23766757
23766895
23766699
23766598
23766404
23766902
23766770
23766359
23766320
23766823
23766801
23766657
23766496
23766963
23766797
23766041
23766805
23766224
23766665
23766213
23766945
23766291
23766326
23766521
23766400
23766792
23766898
23766393
23766210
23766143
23766678
23766384
23766563
23766716
23766590
23766681
23766085
23766226
23766708
23766758
23766586
23766315
23766663
23766090
23766573
23766058
23766661
23766728
23766712
23766127
23766407
23766812
23766868
23766829
23766310
23766275
23766367
23766017
23766285
23766206
23766991
23766386
23766610
23766583
23766067
23766471
23766214
23766746
23766516
23766228
23766097
23766443
23766466
23766826
23766050
23766517
23766702
23766960
23766314
23766909
23766366
23766266
23766392
23766101
23766542
23766689
23766845
23766024
23766522
23766066
23766168
23766389
23766676
23766596
23766476
23766561
23766376
23766203
23766981
23766413
23766750
23766756
23766461
23766645
23766851
23766520
23766452
23766896
23766410
23766128
23766244
23766565
23766673
23766296
23766850
23766048
23766529
23766241
23766398
23766828
23766704
23766173
23766791
23766052
23766418
23766717
23766577
23766559
23766420
23766258
23766580
23766292
23766905
23766633
23766817
23766394
23766354
23766422
23766855
23766893
23766162
23766685
23766852
23766324
23766252
23766371
23766640
23766235
23766651
23766843
23766510
23766585
23766714
23766004
23766318
23766597
23766737
23766972
23766186
23766759
23766495
23766911
23766079
23766668
23766088
23766853
23766790
23766337
23766243
23766119
23766222
23766301
23766286
23766901
23766764
23766070
23766459
23766954
23766368
23766617
23766158
23766446
23766934
23766958
23766135
23766546
23766110
23766406
23766306
23766768
23766464
23766916
23766086
23766023
23766145
23766106
23766026
23766984
23766149
23766765
23766706
23766081
23766831
23766955
23766469
23766172
23766049
23766163
23766672
23766458
23766731
23766176
23766646
23766217
23766002
23766029
23766700
23766504
23766192
23766276
23766170
23766866
23766694
23766388
23766941
23766322
23766450
23766479
23766502
23766277
23766261
23766781
23766161
23766271
23766428
23766691
23766431
23766147
23766949
23766035
23766964
23766014
23766335
23766786
23766707
23766064
23766387
23766752
23766262
23766208
23766087
23766093
23766887
23766044
23766800
23766871
23766437
23766648
23766411
23766424
23766139
23766655
23766045
23766582
23766836
23766666
23766977
23766198
23766146
23766796
23766015
23766490
23766806
23766474
23766263
23766151
23766822
23766445
23766491
23766160
23766983
23766793
23766444
23766802
23766060
23766307
23766557
23766239
23766998
23766295
23766677
23766531
23766053
23766992
23766020
23766929
23766889
23766462
23766867
23766659
23766729
23766776
23766364
23766558
23766091
23766485
23766833
23766647
23766223
23766089
23766534
23766281
23766703
23766107
23766922
23766267
23766553
23766575
23766405
23766100
23766999
23766894
23766123
23766910
23766181
23766011
23766207
23766156
23766415
23766926
23766635
23766182
23766715
23766232
23766188
23766150
23766906
23766104
23766524
23766874
23766975
23766427
23766353
