23768125
23768021
23768522
23768294
23768202
23762051
23768225
23768089
23768135
23768199
23768252
23768230
23768336
23762055
23768014
23768275
23768562
23762009
23762044
23768005
23762021
23768109
23768245
23768128
23768379
23762047
23768502
23762025
23768285
23768269
23762034
23768142
23768175
23768035
23768585
23768529
23768395
23768517
23768161
23768278
23768513
23768012
23768280
23768534
23768054
23768079
23768374
23768155
23768167
23762022
23768289
23768193
23768371
23768501
23768205
23768209
23762066
23768392
23762077
23762030
23768050
23768533
23768560
23768010
23768382
23768366
23762010
23768059
23768022
23768565
23762091
23768192
23768256
23768303
23768218
23768538
23768596
23768254
23768213
23768011
23768295
23768257
23768045
23768023
23762020
23762072
23768104
23762032
23768026
23762098
23768261
23768527
23768086
23768541
23762005
23768556
23768553
23762001
23768357
23768165
23768184
23768220
23768598
23768364
23768301
23768337
23768093
23768355
23768119
23768039
23768365
23768338
23768300
23768248
23768273
23768247
23768343
23768292
23768081
23768152
23768324
23768210
23768308
23768316
23768183
23768107
23768388
23768158
23768197
23768141
23762038
23768523
23768190
23768398
23768120
23768051
23768304
23768140
23768532
23768514
23768170
23768090
23762067
23768332
23762082
23768159
23768185
23768042
23768270
23762045
23762007
23768264
23768094
23762087
23768358
23768181
23768182
23768144
23768293
23768160
23768016
23762073
23768540
23768138
23768235
23762052
23768271
23768062
23768281
23768320
23768322
23762089
23768066
23768302
23768027
23762065
23768211
23762079
23762084
23762088
23762071
23768237
23768387
23768542
23768067
23768088
23768080
23768348
23768335
23768296
23768352
23768323
23768384
23762037
23762078
23768113
23762003
23768341
23768118
23762068
23768351
23768143
23768092
23768370
23768500
23768520
23768020
23768251
23762004
23768188
23768179
23768377
23768244
23762097
23768083
23768367
23768394
23768580
23768393
23768578
23762058
23768071
23768226
23768572
23768013
23768567
23768065
23768372
23768309
23768069
23768373
23762049
23768511
23768272
23768550
23768177
23768552
23768349
23762015
23768310
23768288
23768508
23768196
23768229
23768314
23768544
23768265
23768116
23768096
23768148
23768516
23768076
23768115
23768024
23768203
23768307
23768345
23768582
23762094
23768551
23768286
23768268
23762090
23768573
23768222
23762046
23768217
23762062
23768291
23762024
23768169
23768266
23768002
23762018
23768124
23768509
23768231
23768549
23768078
23768030
23768312
23768126
23768279
23768591
23768228
23768232
23768200
23768315
23768034
23768206
23768129
23768342
23768112
23768194
23768102
23768156
23768103
23768360
23768133
23768221
23768127
23768003
23768359
23768073
23768007
23768049
23768329
23768068
23762083
23762093
23768263
23768356
23768234
23768328
23768233
23768376
23768576
23762019
23768297
23768195
23762050
23768277
23768588
23768091
23768214
23762070
23762041
23768178
23768015
23768506
23768153
23768334
23762054
23768548
23762057
23768057
23768097
23768060
23768554
23768147
23768212
23768543
23768207
23768539
23768044
23768055
23768375
23762076
23768075
23768566
23768243
23762012
23768105
23768260
23768187
23768305
23768396
23768043
23762053
23768521
23768317
23762023
23762092
23762086
23768238
23762048
23762002
23768246
23768111
23768283
23762095
23768528
23768216
23768082
23768584
23768274
23768139
23768583
23768063
23768504
23768084
23768353
23768262
23768241
23768319
23768036
23768130
23768592
23768564
23768132
23768570
23762029
23762042
23768259
23768031
23762028
23762036
23768028
23768201
23768586
23768157
23762011
23762016
23768249
23768526
23768047
23768025
23762027
23768380
23768191
23768204
23768331
23768242
23768052
23768122
23768339
23768599
23768040
23762026
23768255
23768009
23768347
23768056
23768593
23768145
23768524
23768276
23768391
23768168
23768095
23768530
23768587
23768154
23762039
23768149
23768033
23768333
23768362
23768258
23768531
23768019
23768558
23768381
23768282
23768100
23768110
23768512
23768163
23768537
23768186
23768176
23762063
23768121
23768037
23768041
23768137
23768146
23768287
23768208
23768390
23768215
23768559
23768219
23768172
23768503
23768171
23768386
23768515
23768536
23768545
23768385
23768330
23768363
23768518
23762056
23768344
23768131
23762081
23768101
23768189
23762000
23768077
23768048
23762061
23768250
23768569
23762031
23768053
23768399
23762013
23768571
23768253
23768557
23768563
23768525
23768535
23768574
23768099
23768299
23768579
23762059
23762040
23768038
23768284
23768001
23768510
23768368
23768595
23768006
23768085
23762069
23768227
23768173
23768597
23768546
23768326
23768594
23768064
23768361
23768311
23768383
23768267
23768547
23762075
23762006
23768106
23768087
23768369
23768017
23768058
23768180
23768325
23768397
23768114
23768134
23762017
23768575
23768561
23768318
23768108
23768555
23762080
23762096
23768198
23768378
23762033
23768340
23762008
23768505
23768166
23768239
23768136
23768070
23762043
23768224
23762014
23768000
23768321
23768150
23768018
23768306
23762060
23768389
23768519
23768298
23768117
23768008
23768590
23768123
23768072
23768290
23768032
23768174
23768164
23768346
23768061
23768577
23762074
23768327
23768151
23762064
23768568
23768236
23768074
23768046
23768162
23762035
23768004
23768507
23762085
23768240
23768354
23768350
23768313
23768029
23768581
23768223
23762099
23768589
23768098
