38096195
38096262
38096228
38067843
38098592
38068056
38096588
38067219
38096643
38067395
38096352
38098042
38067788
38067186
38068342
38067523
38067472
38098820
38067610
38068293
38068347
38067568
38096466
38096699
38096818
38068478
38096425
38067554
38067150
38067009
38096943
38098082
38067702
38098010
38096049
38098194
38096329
38067850
38068998
38067088
38096080
38067604
38098518
38098318
38098393
38067404
38067836
38067877
38067037
38096918
38067831
38098583
38096391
38096166
38096712
38098247
38098175
38096678
38098021
38067995
38098084
38096389
38067930
38098313
38096754
38067415
38098798
38096432
38068469
38068334
38067719
38096787
38068881
38067306
38068481
38068708
38098576
38067310
38096282
38068628
38096215
38098264
38098091
38098887
38096093
38096794
38096313
38068716
38068021
38096517
38067665
38067189
38067028
38098425
38068251
38098963
38096124
38098702
38096358
38067650
38068692
38098902
38067158
38096731
38067025
38068032
38067612
38067358
38067094
38068691
38068366
38068711
38096178
38096220
38067014
38068845
38067703
38067137
38096322
38068530
38096516
38098732
38067643
38068591
38067368
38067267
38096677
38098497
38067547
38098279
38067596
38096131
38098751
38067155
38067823
38068375
38068972
38096490
38068307
38067115
38067740
38098874
38096172
38098567
38067078
38098112
38067715
38067165
38096757
38098285
38068323
38096232
38068068
38096861
38096718
38068738
38067633
38067488
38096774
38067744
38067402
38067352
38067516
38068618
38067376
38067704
38067992
38096707
38096617
38098752
38067705
38068148
38067601
38067013
38067323
38068137
38067980
38068343
38098003
38067900
38067203
38067653
38067934
38096312
38068046
38067664
38098436
38068344
38096385
38067593
38098117
38067433
38096182
38096302
38068171
38068181
38068491
38068684
38096300
38098472
38068449
38067871
38098008
38067096
38067123
38096488
38096339
38067819
38067332
38068614
38096903
38067676
38068430
38067985
38068857
38096877
38096348
38098936
38098862
38067055
38067015
38096762
38096100
38096534
38098505
38068425
38068922
38068030
38096167
38096773
38067017
38096648
38067907
38096533
38098992
38098335
38067978
38096663
38098214
38098901
38067904
38096314
38098974
38096775
38067937
38067268
38098130
38067774
38068581
38067021
38067072
38096765
38067582
38067961
38067330
38098824
38068864
38068150
38067602
38068328
38096781
38068001
38067991
38067010
38068431
38067592
38096613
38068023
38098232
38096144
38096331
38096380
38068178
38096821
38098453
38096422
38068259
38096602
38096118
38096642
38096837
38067541
38096701
38096960
38098965
38096146
38067220
38098307
38096730
38068646
38067233
38096970
38067301
38068569
38098677
38067929
38098847
38096994
38067969
38067501
38067023
38067753
38068926
38098807
38098848
38067320
38068773
38096658
38067319
38067615
38096645
38098431
38098323
38067214
38096383
38067264
38096053
38067882
38098122
38096486
38098272
38067798
38067114
38068735
38068089
38096414
38096189
38096076
38067400
38098204
38067625
38067777
38068447
38096601
38096061
38068953
38067439
38067237
38067455
38098012
38067745
38096092
38067820
38098171
38067636
38068751
38096679
38067816
38096089
38098819
38096684
38067396
38098277
38067414
38068705
38096938
38096688
38096444
38067736
38096690
38068587
38067486
38096319
38096981
38068052
38098700
38096594
38098667
38098120
38098174
38096530
38068764
38096598
38067817
38067290
38096508
38098072
38096671
38096134
38096147
38067035
38067257
38098631
38067967
38067176
38068384
38068733
38068330
38067373
38067168
38096958
38068122
38067112
38096464
38067405
38098964
38067252
38096163
38098875
38067255
38068389
38067790
38096719
38067436
38096571
38098940
38067365
38098645
38068496
38067293
38096366
38098822
38068960
38096709
38067124
38096338
38067107
38067886
38096074
38096245
38068622
38096128
38096065
38096593
38067695
38067763
38098337
38096724
38067227
38067866
38067003
38098578
38098621
38096656
38096569
38096467
38096860
38096054
38096187
38067271
38068641
38096225
38098069
38098913
38096888
38096077
38067802
38068453
38067235
38067191
38067032
38067534
38096186
38096269
38068002
38067891
38096589
38067469
38068182
38068616
38068402
38068289
38098020
38067945
38068793
38098771
38067359
38067968
38098810
38067794
38096715
38096729
38068855
38096531
38067940
38098906
38098519
38067764
38096139
38068358
38068936
38067855
38096978
38068528
38067297
38096123
38096439
38068565
38096721
38096652
38098520
38068467
38067031
38096030
38096883
38067655
38067317
38096227
38096532
38068125
38067915
38067464
38096562
38068686
38067508
38096637
38096180
38098708
38068238
38096403
38096001
38098935
38067019
38068632
38067457
38067212
38067130
38067986
38068025
38096423
38098399
38096815
38098890
38068392
38067814
38096591
38068611
38067988
38096867
38068934
38098372
38067521
38068940
38098941
38068142
38098977
38096174
38068774
38067901
38096179
38096291
38096736
38096896
38096796
38096031
38098363
38098540
38096683
38067690
38096298
38067657
38068201
38067591
38067830
38067720
38096664
38068227
38096971
38067825
38098938
38068345
38096156
38096332
38067789
38096372
38067797
38067505
38098554
38067284
38096560
38067970
38068687
38067573
38068912
38067378
38067263
38098931
38067509
38096288
38068306
38068640
38096886
38067936
38096270
38067379
38067371
38096848
38068700
38096006
38068446
38096409
38067254
38096443
38096159
38067578
38068820
38067147
38067390
38096106
38096392
38096113
38067105
38098421
38068079
38098756
38067426
38068329
38098509
38098715
38067274
38068665
38096924
38096401
38096334
38067811
38068509
38096846
38067483
38067748
38096234
38098033
38096016
38096522
38068088
38098001
38096130
38068767
38067639
38067646
38068341
38067683
38096287
38067770
38098080
38098593
38098389
38096675
38067210
38067686
38096442
38068058
38067758
38096927
38067377
38098188
38068609
38096387
38098301
38096596
38067145
38067190
38098856
38098420
38068525
38068326
38067726
38098872
38096691
38098908
38067981
38096738
38098390
38068281
38098809
38067228
38098284
38068492
38067177
38096605
38096999
38096665
38067828
38098156
38098022
38098498
38067543
38096830
38096045
38096989
38068133
38096529
38096752
38098618
38067876
38068443
38068279
38098617
38067566
38096149
38068844
38096379
38067572
38096143
38067875
38067325
38098970
38098868
38098447
38096758
38096015
38098406
38098202
38067627
38098060
38098939
38096364
38067366
38067559
38067595
38098866
38068422
38068039
38096112
38096012
38096502
38096910
38067046
38067224
38098603
38096299
38068395
38096240
38098762
38096575
38096162
38068575
38098070
38067052
38067732
38067487
38096945
38067475
38068387
38096772
38068427
38098736
38067927
38098118
38067725
38068830
38067982
38098761
38067034
38067016
38096239
38096619
38096968
38098494
38068381
38096904
38098531
38096388
38096216
38067729
38098646
38098560
38068305
38067667
38068380
38096003
38068649
38096081
38067253
38067388
38096580
38096887
38098413
38067873
38096672
38068556
38067941
38096633
38067338
38067435
38096751
38096272
38096756
38067122
38096592
38098967
38068450
38067262
38098577
38067038
38068689
38096196
38098537
38098438
38067343
38098880
38096967
38096807
38096429
38096427
38096261
38098403
38098950
38068810
38096398
38096527
38096405
38096524
38068760
38068527
38067030
38098213
38067622
38096471
38096913
38067389
38096161
38096618
38096157
38067184
38098259
38098788
38067131
38068889
38067496
38067479
38067751
38067051
38067167
38096073
38067370
38068349
38098097
38096632
38096855
38067462
38098376
38067424
38096437
38096907
38068501
38068369
38098456
38098538
38067106
38067585
38098714
38067391
38067519
38096283
38067002
38096785
38098836
38096243
38096784
38068827
38096460
38096365
38068695
38096400
38067750
38096136
38098620
38067374
38068004
38067477
38067445
38098542
38098115
38068694
38096253
38098332
38096097
38068285
38096203
38096110
38067277
38067208
38096056
38067249
38067972
38096150
38096461
38096151
38096209
38096340
38067852
38098439
38067478
38068338
38068033
38098629
38098392
38098342
38068898
38098430
38067089
38067484
38096321
38096344
38098294
38068034
38067045
38068937
38096046
38067278
38067129
38068704
38067279
38096972
38067818
38067485
38096702
38098612
38096484
38067883
38068302
38067432
38098861
38067173
38067586
38096223
38098591
38068762
38096217
38098855
38096284
38096122
38067292
38068377
38067209
38067599
38096620
38098054
38098883
38067399
38067626
38096908
38096895
38096556
38098747
38096825
38068203
38096629
38098595
38068624
38068958
38068077
38096271
38067060
38067515
38096705
38098239
38098942
38068405
38096885
38067392
38067537
38098960
38096438
38068696
38067672
38068080
38067893
38098288
38096133
38096986
38067644
38068241
38096514
38096480
38067428
38098295
38096426
38068194
38068112
38067755
38067100
38096631
38067645
38068724
38067071
38096586
38096650
38068007
38068090
38096207
38096542
38098428
38068499
38067673
38096806
38067022
38067549
38067922
38098322
38067947
38068667
38098252
38096351
38096416
38068777
38067938
38098720
38067584
38067109
38067530
38096190
38096548
38096411
38067721
38096394
38096889
38096703
38067361
38067101
38096233
38068996
38068140
38068406
38068099
38096511
38067512
38068085
38096008
38096706
38098049
38096343
38067070
38096549
38068059
38098462
38068110
38098904
38068403
38096057
38096305
38067073
38098830
38067854
38096749
38068986
38096036
38098268
38068838
38067289
38096504
38096744
38067842
38067454
38067506
38068415
38067782
38067166
38067422
38098374
38098013
38067490
38067861
38096175
38067141
38067841
38068229
38098443
38067821
38096376
38068245
38096357
38067480
38068563
38068103
38067084
38096497
38096446
38068730
38098474
38067206
38067000
38096667
38098753
38098234
38096928
38096098
38096135
38096126
38067403
38067859
38096539
38067470
38067259
38096746
38096395
38096900
38067503
38067001
38067421
38067125
38096094
38067337
38067304
38068600
38096479
38096155
38067417
38068192
38096247
38068237
38098464
38068448
38098096
38096635
38068834
38098221
38096430
38096026
38068131
38098469
38067244
38096192
38068522
38098458
38067510
38098678
38096625
38096028
38096218
38067899
38096257
38067532
38096318
38067905
38096470
38096959
38096032
38067931
38096512
38067558
38096226
38067635
38098958
38067567
38068256
38068605
38068995
38096874
38098993
38068743
38096202
38096856
38068212
38068663
38067948
38067104
38096436
38068276
38068193
38098093
38096396
38068790
38098358
38067514
38096007
38096361
38098133
38067806
38067174
38067659
38098786
38096459
38096766
38098385
38098712
38098831
38098527
38067952
38067196
38096353
38067885
38067418
38067913
38096849
38096634
38096072
38067248
38096728
38067198
38068067
38096609
38096509
38067815
38096566
38098467
38098984
38096600
38098929
38067473
38067772
38068376
38098843
38096252
38068159
38067890
38067437
38068230
38096197
38098314
38068397
38096085
38067781
38067067
38098624
38068233
38068648
38098417
38096018
38096433
38067451
38068710
38067880
38067857
38067474
38068118
38067226
38067963
38096374
38096495
38068783
38096285
38096116
38098794
38096496
38067296
38096536
38067884
38067157
38096540
38068754
38096170
38096002
38096408
38067696
38067187
38096462
38067964
38068901
38096014
38067420
38067898
38068875
38096673
38067119
38067589
38096210
38098886
38067956
38098250
38096346
38096599
38067714
38067677
38096254
38067807
38067916
38067162
38098427
38067906
38098087
38096005
38096698
38096940
38068763
38096114
38067335
38068921
38067832
38098471
38096268
38096295
38098725
38098795
38098219
38068455
38098548
38067778
38067280
38096558
38096024
38096181
38067555
38096857
38067717
38067116
38068865
38067442
38098999
38068890
38068274
38096013
38096741
38068219
38067041
38067314
38068583
38098971
38067824
38067201
38098116
38096363
38096198
38098026
38096230
38096171
38096759
38067169
38067933
38068154
38096023
38068346
38068017
38098599
38067018
38068407
38098750
38068807
38067194
38067826
38068508
38068734
38096948
38096649
38096360
38096573
38068139
38068404
38067036
38067236
38067355
38067669
38067579
38096199
38067222
38067238
38098079
38067923
38096661
38067440
38096043
38096141
38067588
38098570
38096760
38067372
38096121
38067118
38096987
38067872
38068262
38067648
38098423
38098581
38098998
38098536
38098083
38067834
38067914
38067050
38096165
38096814
38098881
38096241
38068792
38098559
38068271
38096105
38068719
38067239
38098850
38067517
38096237
38068593
38098446
38096840
38096902
38067737
38098007
38067908
38096899
38067221
38098737
38096055
38067438
38067481
38068198
38068324
38067520
38096397
38098265
38098623
38096399
38096915
38098368
38096777
38098673
38096040
38068042
38096850
38067144
38096304
38067912
38096219
38096992
38098633
38098889
38067837
38067707
38096068
38067467
38096044
38098273
38098814
38067716
38067120
38096813
38096492
38067561
38098873
38096063
38067074
38098394
38067674
38096526
38068621
38068706
38067139
38098123
38068204
38096568
38068518
38067312
38067598
38096448
38068929
38068438
38068351
38068949
38098669
38098296
38067288
38067801
38096653
38096590
38068992
38067809
38096095
38067709
38096624
38067511
38096404
38096621
38067783
38098982
38096651
38068950
38068321
38096555
38096795
38068000
38096615
38096579
38096469
38098356
38096060
38067080
38096235
38067200
38067020
38096733
38068969
38067892
38068498
38068802
38067741
38067754
38067784
38098333
38096249
38096384
38096236
38067333
38067056
38096966
38098217
38096071
38098125
38098770
38098569
38098654
38067663
38068811
38098893
38067760
38098178
38067652
38067229
38067632
38067322
38096115
38096572
38096646
38096710
38068301
38067146
38096494
38068905
38067456
38096242
38096583
38068136
38067326
38098879
38067660
38067767
38098711
38067959
38098749
38096578
38068339
38096037
38096069
38096317
38096982
38096101
38067613
38067739
38067996
38096132
38096975
38067068
38067232
38098719
38068526
38096301
38098255
38098052
38096993
38098043
38068876
38098037
38098254
38068511
38067897
38098445
38067064
38068031
38096035
38067685
38068022
38067757
38098298
38067282
38098896
38096286
38067108
38067762
38096501
38067606
38067853
38068933
38098271
38067865
38098898
38068987
38067869
38067724
38096087
38098256
38096552
38098315
38096154
38098610
38068240
38096310
38096697
38098229
38096104
38068908
38098870
38068566
38096681
38067712
38067245
38067163
38098081
38096117
38096638
38067502
38068997
38096734
38068185
38096050
38098691
38067628
38096500
38096009
38096324
38098009
38096996
38096033
38098014
38096441
38068954
38096704
38067117
38067735
38096148
38096347
38068536
38067864
38067654
38068236
38096208
38096263
38098658
38067029
38096700
38096280
38096576
38068907
38067495
38096870
38098226
38067701
38098825
38067444
38096108
38068093
38068778
38067294
38096463
38067773
38098347
38098025
38096292
38067542
38068538
38096349
38067140
38067197
38067925
38098275
38096647
38067822
38068060
38067188
38068270
38067004
38098808
38096107
38067449
38098408
38068532
38067844
38067894
38096693
38096564
38098102
38068863
38067382
38096316
38067838
38096636
38096277
38067951
38067710
38067955
38096229
38096737
38096655
38096393
38067833
38098302
38096557
38067093
38067902
38096541
38067110
38067971
38067085
38067270
38068888
38068604
38068045
38068681
38067328
38096137
38067562
38098978
38067076
38096102
38096778
38067611
38067413
38068809
38067083
38098553
38096827
38096103
38068211
38098791
38096356
38067769
38096238
38098113
38067666
38067497
38096742
38067447
38096407
38098409
38096177
38096415
38098006
38098004
38098860
38096641
38096325
38098796
38067285
38096518
38067251
38096010
38068191
38096696
38096546
38067678
38067128
38098360
38067949
38067728
38067548
38067007
38098151
38068919
38068010
38098395
38067193
38068071
38098543
38067896
38098915
38098258
38096176
38096595
38067920
38067241
38067493
38068100
38096567
38068914
38098299
38067848
38096768
38068916
38096547
38067829
38098812
38096798
38067250
38067471
38067230
38096281
38096868
38067535
38068095
38096477
38098638
38098244
38067587
38068544
38067381
38068608
38067867
38068952
38098897
38068412
38096428
38068164
38067383
38096499
38067069
38096640
38096205
38096748
38067594
38067459
38067430
38096311
38098637
38068877
38096256
38068335
38096997
38067429
38096038
38096755
38068066
38068957
38096194
38067243
38067313
38067979
38098225
38096711
38067048
38098442
38067448
38067492
38067545
38067063
38067053
38067364
38096732
38067668
38098864
38096153
38067983
38098515
38067171
38067998
38067161
38096258
38067349
38067863
38096419
38067533
38067006
38067211
38067407
38096193
38067565
38067580
38067500
38068076
38067641
38098976
38096382
38096727
38068883
38068568
38067127
38068177
38067846
38096771
38067283
38067260
38096750
38068461
38067553
38096974
38067810
38067135
38067354
38068055
38068479
38098878
38067207
38098727
38067375
38067099
38096866
38096224
38067409
38098892
38067058
38098051
38096872
38067427
38067443
38096410
38068047
38098485
38096984
38067928
38096381
38096424
38098844
38067143
38096022
38067092
38096570
38067287
38068051
38067482
38096507
38098235
38096669
38068429
38096047
38096152
38096259
38096769
38068249
38068885
38098468
38096561
38067192
38096604
38068361
38068243
38067042
38098640
38096051
38067398
38096096
38067468
38067787
38068156
38067847
38096816
38098608
38067218
38067795
38096066
38096315
38068918
38067597
38067446
38098266
38096914
38098121
38096221
38067460
38068540
38067856
38067775
38096109
38096584
38096368
38067406
38096082
38068800
38098780
38068084
38096000
38068495
38068825
38067291
38067718
38096004
38067977
38067544
38067743
38068779
38067887
38068452
38096616
38096686
38096610
38068781
38067149
38096231
38068550
38067182
38098263
38096873
38067346
38098477
38068784
38067575
38068319
38098600
38068506
38098914
38067682
38098281
38068795
38068985
38098398
38067620
38098589
38096720
38067975
38068388
38067411
38096333
38096275
38096725
38098665
38068082
38067351
38067061
38067491
38098981
38067299
38068208
38068727
38098057
38096944
38067339
38068585
38096824
38096456
38098550
38096206
38096823
38067953
38098919
38067687
38067419
38068801
38067423
38067027
38067839
38096021
38068507
38096386
38068254
38068878
38096932
38096957
38096942
38098660
38067412
38067605
38098763
38098674
38067950
38098996
38096747
38067680
38096929
38068803
38067805
38096735
38067097
38068352
38096320
38067889
38096659
38067563
38096435
38067215
38098200
38096550
38067730
38098422
38067752
38098945
38068356
38098131
38068129
38098455
38096099
38096587
38067524
38067324
38068944
38096931
38067223
38067453
38068107
38067138
38068057
38067465
38096390
38096657
38067812
38067154
38096327
38067113
38098716
38098572
38096483
38067681
38096892
38068770
38098089
38067347
38067300
38096805
38067527
38067551
38068041
38067159
38067387
38067152
38068374
38067011
38067082
38098746
38068726
38096930
38067367
38067637
38067394
38068074
38096307
38067630
38067507
38098927
38067077
38068176
38096559
38067183
38098306
38096336
38067546
38067688
38096140
38096188
38067463
38098997
38098773
38067689
38096743
38067808
38067827
38067476
38098126
38067315
38096204
38068650
38098460
38068026
38096767
38067939
38096420
38096577
38096770
38067309
38098005
38096603
38098959
38096378
38067858
38067044
38067786
38096808
38067033
38098242
38067431
38098066
38067557
38096843
38067026
38098305
38068311
38068378
38098240
38096515
38098502
38096606
38068318
38098243
38067538
38098218
38067570
38068991
38067213
38098826
38067835
38067670
38067779
38067234
38096058
38098710
38068615
38068584
38096453
38068657
38068244
38067136
38098802
38067090
38067095
38067180
38098058
38098586
38096563
38098566
38067410
38096783
38098911
38098895
38067974
38096267
38067275
38096740
38067987
38067342
38098104
38067185
38096184
38068458
38096961
38068846
38067813
38067785
38068246
38098597
38098571
38098016
38067556
38067151
38068796
38096864
38067540
38096535
38067504
38067691
38098561
38096454
38098891
38068636
38096831
38096330
38098220
38096418
38067360
38096260
38098373
38098980
38096064
38096692
38068253
38096027
38068157
38067334
38096935
38096455
38067062
38098507
38096078
38067994
38067205
38096680
38067362
38067734
38096538
38096788
38067698
38068651
38096660
38067357
38067804
38098606
38098270
38067713
38067706
38098837
38096377
38096244
38067878
38067629
38096309
38096375
38098486
38096503
38067571
38096326
38098000
38068555
38068127
38067727
38068488
38096449
38098928
38067574
38096293
38067742
38098209
38096713
38067049
38067791
38067075
38067608
38068862
38067303
38096723
38068128
38068234
38096164
38067397
38098260
38096845
38067329
38098988
38067671
38067881
38096279
38067932
38096020
38067269
38098280
38067522
38096998
38098387
38067132
38098728
38096525
38067803
38068582
38067609
38096644
38098657
38098457
38098441
38067679
38068896
38096726
38096776
38098721
38067638
38067569
38096369
38096406
38068101
38067966
38067246
38068105
38096614
38096337
38098154
38067965
38067393
38096916
38068119
38067989
38068180
38067792
38096211
38068394
38096142
38096266
38096822
38068981
38068903
38098208
38067771
38068393
38068317
38096662
38096297
38068675
38096817
38098300
38067536
38067616
38067441
38096250
38067647
38068248
38096481
38098212
38098575
38096505
38067576
38096973
38068094
38098435
38067935
38098019
38067066
38096052
38067614
38096362
38098309
38098526
38096125
38067733
38096506
38096328
38096168
38096246
38067962
38098632
38067631
38068620
38098951
38068638
38067942
38068517
38096639
38098643
38096478
38068147
38068627
38096042
38096274
38096510
38096472
38067353
38068747
38096412
38098215
38096212
38096802
38068697
38096465
38096183
38067993
38067434
38067345
38068015
38067295
38096084
38096468
38096498
38096839
38096059
38096851
38068314
38068186
38068685
38067957
38068955
38096761
38068822
38068739
38068440
38098946
38067845
38067231
38068753
38068273
38096764
38096685
38067153
38098364
38098451
38068816
38098609
38067560
38067321
38067369
38067990
38067281
38096949
38096682
38096039
38096200
38098622
38067910
38096041
38098367
38098845
38068860
38096290
38068962
38098722
38068679
38067356
38067590
38068196
38096842
38068161
38067380
38098966
38096789
38068482
38067552
38096335
38098336
38068832
38068635
38068731
38068868
38096011
38068702
38096265
38068872
38096962
38096138
38068592
38067466
38067954
38068408
38067494
38096628
38067308
38096201
38096493
38096088
38068677
38068048
38096111
38098533
38096370
38068543
38096611
38096911
38068882
38068410
38098044
38068752
38098926
38096630
38067607
38067960
38096185
38098503
38096445
38096654
38068771
38068102
38068503
38068040
38068124
38096714
38096458
38068828
38067564
38098920
38096214
38067452
38067731
38098628
38067043
38096668
38067164
38098002
38096475
38098429
38067242
38096670
38096473
38067722
38067086
38096029
38067946
38096341
38067461
38096880
38096079
38067999
38096145
38096779
38067175
38067656
38098046
38067738
38068861
38096342
38067054
38096597
38096075
38068894
38098705
38067160
38098489
38067518
38098910
38098546
38067793
38096674
38098547
38096355
38067103
38067091
38067040
38067318
38068814
38068520
38067849
38096417
38098619
38067450
38096722
38068557
38098834
38067642
38098635
38067305
38098065
38067796
38068029
38098230
38098551
38067098
38096897
38067747
38068759
38098510
38098851
38096528
38067121
38067723
38067256
38096474
38096402
38067458
38067302
38067416
38068645
38096689
38098568
38067699
38067047
38098973
38067216
38067386
38096543
38096129
38068044
38068442
38067079
38098231
38096450
38098388
38098095
38068826
38067065
38096451
38098109
38067170
38098894
38096485
38067528
38068220
38096745
38067401
38096019
38096062
38096413
38098912
38067640
38098766
38096371
38067651
38098077
38098754
38067181
38068304
38068175
38067759
38067298
38067363
38096120
38096811
38096809
38068533
38096255
38096612
38096917
38067525
38098758
38068850
38096954
38067526
38067973
38096608
38098401
38096482
38067024
38067649
38098481
38096273
38067943
38096048
38096452
38068612
38067909
38096373
38096090
38096127
38068924
38067634
38096083
38096086
38098487
38096694
38068373
38096191
38096666
38098730
38096345
38067247
38096308
38067272
38098760
38067148
38098211
38067708
38067331
38096626
38098877
38096017
38067984
38096976
38067258
38067684
38068187
38067919
38067240
38067911
38096708
38068255
38098934
38096623
38067700
38096858
38067195
38068104
38067997
38067087
38067199
38098330
38098454
38096988
38098223
38067577
38096544
38096091
38096581
38098354
38067799
38068644
38067408
38096173
38068223
38098283
38096476
38096574
38067903
38067617
38096739
38096582
38098821
38098806
38068153
38096523
38096753
38098555
38068729
38098366
38067307
38067800
38068420
38098759
38096303
38096440
38068423
38098528
38096457
38067603
38098858
38098672
38067081
38096716
38096513
38067746
38098370
38096627
38067918
38098748
38067874
38096067
38067768
38067618
38098041
38098343
38067111
38067868
38067944
38067316
38067926
38067341
38096545
38096119
38096687
38096520
38067005
38067711
38068070
38068003
38098262
38098201
38098206
38096977
38068982
38096553
38098355
38098944
38098437
38098835
38098304
38098854
38067662
38096786
38098900
38096264
38096278
38068884
38098132
38096676
38096607
38067142
38067217
38098124
38068035
38067619
38098535
38098704
38068054
38098800
38096489
38067749
38098986
38067134
38096350
38068672
38096158
38067860
38067340
38068490
38098846
38096296
38096289
38067780
38096169
38098729
38096034
38098461
38068758
38067344
38068564
38098361
38068676
38098261
38067621
38068932
38067008
38067384
38067178
38068945
38067265
38068247
38067693
38067550
38098930
38098257
38098525
38096780
38068693
38067039
38068372
38067513
38067921
38068475
38096294
38068360
38067057
38068837
38067273
38098128
38067059
38096537
38098717
38067658
38096890
38098110
38098177
38098953
38067697
38067624
38098339
38067623
38098823
38067261
38068424
38067529
38068531
38067851
38068078
38067350
38067694
38067661
38068678
38068775
38067327
38067202
38098094
38068456
38068789
38098375
38067692
38098236
38096070
38068486
38067958
38068092
38096306
38067102
38098649
38067531
38067840
38096025
38098450
38067976
38068964
38067156
38096160
38096521
38098956
38067776
38098400
38067179
38068190
38067879
38068909
38096519
38096421
38098030
38096790
38067425
38067888
38098326
38098853
38067204
38096551
38098251
38067266
38096222
38098478
38067917
38098957
38067489
38067172
38068552
38067870
38096487
38098484
38068886
38096251
38068853
38067924
38067862
38098056
38067675
38067286
38096554
38098241
38068787
38096248
38096565
38096695
38068264
38067583
38068418
38067499
38067756
38098088
38098656
38096276
38068601
38098923
38068083
38068075
38096434
38096213
38098734
38096447
38067126
38098718
38067385
38067348
38096585
38098816
38067581
38096763
38098245
38068818
38067895
38098384
38096323
38098227
38067765
38096354
38067012
38067311
38067225
38067761
38068928
38096367
38067766
38067539
38067600
38096491
38096782
38067276
38068493
38098723
38067133
38096359
38096881
38096717
38067336
38098803
38098327
38098036
38096431
38096622
38068485
38067498
