38050563
38050409
38050092
38050035
38050713
38050564
38050618
38050679
38050793
38050839
38050311
38050307
38050755
38050237
38050927
38050882
38050273
38050377
38050697
38050084
38050596
38050671
38050418
38050598
38050435
38050466
38050416
38050870
38050580
38050568
38050894
38050524
38050638
38050082
38050849
38050956
38050299
38050857
38050182
38050986
38050635
38050432
38050422
38050288
38050172
38050692
38050578
38050242
38050866
38050026
38050742
38050868
38050449
38050575
38050476
38050989
38050896
38050678
38050057
38050274
38050785
38050696
38050969
38050114
38050546
38050794
38050053
38050251
38050951
38050818
38050219
38050309
38050211
38050073
38050703
38050488
38050039
38050676
38050662
38050224
38050624
38050599
38050556
38050004
38050816
38050591
38050626
38050945
38050843
38050125
38050153
38050196
38050533
38050925
38050672
38050714
38050631
38050815
38050981
38050226
38050769
38050395
38050520
38050538
38050962
38050390
38050519
38050642
38050027
38050633
38050998
38050639
38050010
38050485
38050961
38050174
38050364
38050425
38050132
38050620
38050754
38050859
38050829
38050772
38050621
38050707
38050884
38050434
38050557
38050353
38050893
38050266
38050372
38050192
38050926
38050410
38050368
38050797
38050544
38050147
38050392
38050086
38050066
38050887
38050873
38050479
38050651
38050554
38050584
38050325
38050595
38050745
38050610
38050093
38050095
38050049
38050607
38050423
38050079
38050783
38050846
38050047
38050001
38050983
38050728
38050777
38050253
38050862
38050463
38050702
38050658
38050275
38050542
38050551
38050771
38050950
38050855
38050363
38050902
38050178
38050222
38050737
38050054
38050184
38050851
38050135
38050765
38050647
38050720
38050867
38050655
38050834
38050909
38050691
38050470
38050205
38050302
38050683
38050048
38050523
38050406
38050013
38050968
38050811
38050194
38050680
38050276
38050841
38050574
38050185
38050953
38050109
38050017
38050608
38050069
38050414
38050776
38050763
38050561
38050133
38050875
38050731
38050295
38050501
38050795
38050567
38050547
38050021
38050115
38050820
38050732
38050513
38050142
38050462
38050498
38050267
38050491
38050788
38050003
38050952
38050605
38050160
38050108
38050250
38050748
38050706
38050442
38050496
38050394
38050413
38050357
38050537
38050398
38050331
38050695
38050602
38050187
38050571
38050935
38050231
38050928
38050802
38050888
38050038
38050077
38050099
38050744
38050428
38050650
38050975
38050751
38050761
38050963
38050649
38050652
38050429
38050675
38050527
38050967
38050316
38050653
38050514
38050450
38050597
38050110
38050609
38050805
38050426
38050319
38050823
38050007
38050248
38050960
38050183
38050589
38050097
38050558
38050775
38050285
38050161
38050024
38050722
38050933
38050634
38050076
38050074
38050130
38050738
38050018
38050072
38050786
38050155
38050569
38050043
38050214
38050064
38050444
38050345
38050892
38050261
38050252
38050877
38050152
38050138
38050107
38050536
38050101
38050670
38050991
38050023
38050282
38050685
38050914
38050200
38050495
38050036
38050973
38050588
38050158
38050978
38050999
38050681
38050305
38050700
38050389
38050169
38050223
38050279
38050100
38050272
38050593
38050177
38050982
38050579
38050684
38050972
38050911
38050482
38050456
38050807
38050539
38050041
38050245
38050895
38050189
38050499
38050842
38050798
38050186
38050075
38050534
38050127
38050060
38050322
38050790
38050090
38050333
38050352
38050340
38050903
38050717
38050861
38050532
38050265
38050419
38050664
38050123
38050318
38050938
38050387
38050246
38050832
38050698
38050992
38050367
38050433
38050709
38050376
38050924
38050412
38050782
38050384
38050559
38050350
38050932
38050980
38050612
38050891
38050740
38050457
38050912
38050848
38050666
38050452
38050876
38050314
38050486
38050440
38050644
38050905
38050712
38050995
38050370
38050885
38050881
38050954
38050424
38050070
38050247
38050789
38050163
38050238
38050386
38050976
38050056
38050844
38050779
38050029
38050312
38050553
38050840
38050045
38050907
38050471
38050297
38050481
38050480
38050262
38050988
38050334
38050630
38050570
38050517
38050168
38050985
38050632
38050025
38050020
38050759
38050362
38050254
38050715
38050283
38050806
38050752
38050774
38050002
38050359
38050819
38050475
38050454
38050451
38050341
38050796
38050217
38050204
38050853
38050326
38050660
38050128
38050654
38050011
38050216
38050289
38050148
38050784
38050263
38050277
38050399
38050355
38050427
38050766
38050106
38050721
38050792
38050347
38050640
38050009
38050804
38050270
38050515
38050872
38050604
38050944
38050173
38050445
38050497
38050052
38050966
38050484
38050199
38050417
38050296
38050033
38050929
38050854
38050243
38050628
38050087
38050500
38050659
38050379
38050687
38050836
38050218
38050317
38050170
38050098
38050156
38050518
38050606
38050329
38050833
38050393
38050899
38050601
38050346
38050354
38050300
38050958
38050665
38050753
38050310
38050374
38050195
38050828
38050403
38050611
38050921
38050760
38050287
38050271
38050615
38050913
38050566
38050831
38050889
38050209
38050332
38050856
38050543
38050726
38050814
38050974
38050249
38050176
38050058
38050411
38050645
38050711
38050942
38050990
38050469
38050050
38050572
38050724
38050396
38050656
38050140
38050646
38050040
38050447
38050943
38050965
38050897
38050949
38050256
38050472
38050858
38050281
38050529
38050124
38050592
38050747
38050694
38050994
38050643
38050210
38050465
38050817
38050201
38050122
38050453
38050146
38050614
38050149
38050016
38050150
38050762
38050129
38050922
38050228
38050733
38050320
38050657
38050629
38050716
38050225
38050166
38050159
38050838
38050931
38050071
38050908
38050487
38050044
38050006
38050483
38050874
38050046
38050323
38050241
38050813
38050947
38050019
38050134
38050464
38050278
38050582
38050030
38050042
38050493
38050545
38050835
38050213
38050175
38050478
38050526
38050900
38050022
38050388
38050437
38050562
38050573
38050260
38050725
38050883
38050301
38050613
38050622
38050845
38050648
38050227
38050062
38050837
38050826
38050827
38050886
38050603
38050292
38050141
38050787
38050059
38050778
38050190
38050957
38050180
38050103
38050405
38050327
38050917
38050293
38050830
38050865
38050688
38050085
38050096
38050191
38050850
38050600
38050693
38050131
38050617
38050303
38050729
38050188
38050741
38050055
38050083
38050304
38050415
38050627
38050321
38050240
38050164
38050705
38050400
38050198
38050459
38050581
38050548
38050541
38050089
38050746
38050458
38050105
38050970
38050530
38050718
38050770
38050727
38050686
38050791
38050328
38050555
38050677
38050673
38050343
38050032
38050402
38050118
38050739
38050822
38050552
38050550
38050408
38050577
38050431
38050768
38050091
38050477
38050505
38050560
38050509
38050810
38050366
38050382
38050324
38050259
38050736
38050473
38050757
38050781
38050764
38050682
38050699
38050749
38050490
38050258
38050864
38050939
38050313
38050137
38050373
38050337
38050439
38050916
38050689
38050015
38050294
38050094
38050234
38050661
38050669
38050206
38050825
38050494
38050525
38050220
38050397
38050365
38050381
38050809
38050360
38050936
38050455
38050120
38050508
38050157
38050616
38050919
38050801
38050031
38050063
38050667
38050383
38050236
38050528
38050239
38050286
38050879
38050230
38050531
38050730
38050594
38050111
38050467
38050143
38050404
38050625
38050941
38050391
38050955
38050421
38050117
38050576
38050104
38050212
38050181
38050723
38050113
38050460
38050880
38050078
38050339
38050065
38050510
38050116
38050808
38050197
38050430
38050208
38050773
38050993
38050291
38050348
38050964
38050308
38050489
38050587
38050255
38050668
38050910
38050878
38050235
38050756
38050335
38050193
38050448
38050984
38050088
38050565
38050979
38050420
38050641
38050663
38050734
38050244
38050298
38050126
38050037
38050443
38050165
38050171
38050014
38050221
38050145
38050799
38050516
38050636
38050812
38050920
38050918
38050215
38050937
38050915
38050674
38050268
38050028
38050549
38050690
38050522
38050080
38050167
38050162
38050371
38050306
38050051
38050102
38050081
38050336
38050061
38050511
38050750
38050637
38050521
38050540
38050701
38050358
38050005
38050369
38050068
38050948
38050502
38050407
38050229
38050139
38050780
38050207
38050436
38050375
38050946
38050385
38050121
38050280
38050803
38050869
38050987
38050934
38050940
38050330
38050119
38050619
38050438
38050151
38050821
38050586
38050342
38050824
38050290
38050067
38050401
38050349
38050008
38050535
38050977
38050356
38050512
38050623
38050506
38050704
38050315
38050112
38050233
38050890
38050338
38050767
38050585
38050144
38050441
38050344
38050264
38050800
38050351
38050000
38050284
38050901
38050923
38050863
38050504
38050269
38050202
38050708
38050997
38050446
38050904
38050203
38050871
38050719
38050590
38050930
38050959
38050474
38050179
38050507
38050232
38050378
38050257
38050012
38050847
38050906
38050503
38050154
38050735
38050743
38050710
38050136
38050361
38050898
38050971
38050034
38050758
38050468
38050860
38050852
38050461
38050996
38050583
38050492
38050380
