39331202
39338248
39339444
39331896
39338235
39331666
39339778
39337131
39339695
39335786
39334159
39335659
39338178
39335810
39339215
39333754
39334379
39338465
39366441
39338548
39338109
39331869
39339697
39331703
39331302
39339725
39338260
39368347
39338913
39334148
39333833
39335653
39366690
39335132
39334587
39338473
39334262
39333863
39331233
39338806
39366257
39366939
39339438
39338814
39338159
39331818
39333359
39366423
39331541
39366117
39333451
39368722
39339543
39331300
39331251
39338855
39366456
39338878
39366248
39338283
39339507
39335562
39333770
39339368
39331201
39333710
39366240
39334260
39368742
39334648
39331144
39331662
39339222
39366995
39335124
39338189
39338826
39335527
39366531
39339827
39333769
39331542
39333476
39333899
39334655
39331364
39331370
39331883
39338522
39333934
39337161
39339382
39334563
39333200
39366913
39335563
39339271
39335774
39335138
39334527
39339608
39339628
39334909
39339607
39338929
39331366
39331521
39331601
39339430
39339897
39333412
39335678
39334396
39366258
39366890
39338435
39331872
39331599
39338707
39366673
39331474
39366376
39339383
39331458
39338176
39335649
39331778
39334102
39335712
39366837
39339390
39339776
39331638
39334163
39334928
39338341
39366716
39338877
39334925
39339671
39339522
39366650
39335671
39331169
39333889
39338574
39333107
39335718
39339122
39338496
39366428
39339356
39339227
39333788
39331947
39333324
39333972
39333390
39338794
39366229
39366941
39333750
39368717
39334240
39338750
39366308
39333114
39331804
39335812
39366665
39331118
39334741
39335198
39338827
39339786
39337112
39366649
39338989
39333975
39366311
39338208
39339221
39331590
39366391
39334910
39331214
39331760
39338423
39338747
39366746
39339689
39338455
39331621
39338674
39333957
39331834
39331914
39333485
39331654
39334934
39333247
39337160
39368707
39338509
39335133
39335646
39366931
39333808
39338411
39335148
39338861
39368732
39366991
39331460
39331450
39333531
39333608
39368392
39334138
39331159
39339450
39334532
39339860
39335683
39366695
39338372
39339133
39334290
39331478
39366113
39366153
39334185
39333897
39334868
39338378
39333820
39366487
39335819
39331526
39333496
39334628
39331943
39338741
39335643
39334712
39331753
39333130
39335871
39339140
39331978
39334924
39335746
39339112
39338422
39338375
39334173
39339694
39335823
39333175
39334980
39366323
39339727
39339192
39339369
39333113
39334180
39333699
39366342
39338160
39335185
39366465
39338591
39331803
39331963
39338229
39333188
39338840
39335101
39368375
39333134
39333753
39338188
39338753
39334137
39331194
39338948
39338450
39333841
39333629
39339545
39338572
39331208
39338602
39331257
39366560
39331573
39366260
39339475
39338888
39331579
39366645
39333477
39335601
39338820
39333299
39339560
39366648
39338745
39333237
39335564
39331397
39333406
39339656
39339160
39338504
39331496
39334263
39339688
39339736
39335154
39333452
39333319
39338258
39333169
39368729
39334524
39334638
39335628
39366634
39334718
39333131
39335523
39366265
39331199
39331481
39339452
39331536
39333454
39338582
39339853
39331576
39333784
39331725
39338604
39366725
39331808
39338933
39338990
39338460
39366776
39331433
39333196
39339308
39333915
39335804
39366606
39339105
39338251
39366661
39366481
39335825
39366371
39334787
39331349
39333870
39334936
39331480
39333873
39366357
39366935
39368365
39366488
39339833
39334629
39338585
39335822
39331533
39338441
39331447
39331495
39366226
39368326
39366923
39334135
39333810
39366836
39334836
39338425
39333811
39338685
39368719
39335702
39339593
39331175
39331843
39331622
39333929
39338799
39333642
39366349
39331459
39333832
39366571
39335829
39366874
39339466
39333948
39338915
39366320
39338467
39331265
39333854
39331399
39339836
39368348
39335722
39366267
39338736
39334830
39334883
39339407
39339205
39338749
39331323
39337123
39334816
39366104
39331461
39366730
39366122
39331107
39366642
39368341
39334521
39338300
39338931
39331722
39333379
39339225
39333593
39334190
39338919
39368307
39331190
39333778
39331310
39331386
39366135
39335820
39339664
39333490
39334644
39333283
39339498
39335149
39335719
39366615
39338319
39338716
39366469
39366222
39338624
39333891
39338738
39334376
39339480
39335758
39335189
39338678
39331697
39331497
39331774
39335146
39338843
39331693
39331618
39366906
39339802
39366739
39333676
39339401
39335680
39339661
39339710
39331216
39331491
39333434
39333268
39331237
39333348
39335588
39366115
39366891
39337122
39335790
39338761
39333189
39331172
39337157
39337166
39339750
39338737
39366251
39333862
39334938
39334591
39334683
39339622
39331523
39331476
39366288
39333704
39334906
39366982
39333689
39334198
39333458
39333882
39338150
39333493
39333765
39366668
39333438
39333964
39366334
39366294
39366895
39360102
39339448
39339546
39366120
39331294
39333919
39333217
39366230
39339333
39335543
39335736
39338691
39339770
39333400
39338979
39335793
39338811
39368395
39339542
39333695
39335610
39334286
39339291
39334873
39366101
39333426
39333177
39331133
39334330
39334374
39338847
39368345
39338429
39338755
39338758
39331700
39338882
39366362
39366992
39334377
39368383
39338101
39334322
39368355
39331567
39335802
39368312
39334975
39334673
39368387
39339431
39333367
39334791
39334863
39334548
39331440
39333442
39338993
39333614
39338583
39339476
39333378
39333678
39339213
39333696
39334147
39339142
39339718
39333499
39339636
39338964
39331431
39338626
39333244
39366733
39339876
39333225
39334960
39366534
39366201
39338831
39338680
39333311
39334134
39333983
39338376
39335614
39366322
39333650
39331352
39368378
39366315
39366748
39366587
39366774
39333802
39335787
39331713
39333194
39333757
39335766
39334357
39333567
39368351
39331728
39334267
39339287
39338700
39338698
39333951
39331698
39338431
39334610
39331177
39338901
39331363
39338350
39366761
39333195
39339562
39333305
39335739
39333779
39333298
39331663
39338596
39335560
39366783
39339883
39339478
39339769
39338213
39338271
39334693
39333340
39334776
39366354
39334875
39334929
39339529
39366358
39368760
39338316
39338105
39339100
39333865
39331930
39331952
39339499
39333414
39334649
39334209
39338263
39335721
39339701
39334756
39339329
39333415
39366758
39331143
39339204
39335596
39331775
39334350
39338756
39366350
39366896
39331584
39339101
39335617
39338344
39333505
39333583
39366496
39331783
39338214
39331983
39333302
39335597
39339677
39334846
39333425
39366529
39333276
39366630
39334840
39333725
39339685
39366305
39338165
39335535
39333613
39366413
39333185
39333419
39331922
39331615
39331253
39333922
39334522
39338377
39338247
39333365
39333236
39333980
39338584
39331221
39333783
39339469
39333638
39339359
39333444
39337146
39366581
39334887
39334590
39338709
39338166
39333389
39334187
39334508
39335740
39331134
39333688
39339642
39366865
39331820
39331155
39334620
39368360
39338669
39331138
39368379
39366498
39331730
39366627
39331594
39338530
39331771
39338735
39333869
39333737
39338443
39331382
39338408
39366421
39366393
39331979
39333868
39366669
39366765
39331853
39334217
39335174
39331574
39335760
39335587
39339327
39333782
39366148
39334880
39368789
39366545
39333914
39366312
39338154
39335622
39331528
39331811
39339494
39331972
39339131
39366955
39366233
39366209
39333775
39338338
39339465
39339418
39339717
39366643
39334940
39360103
39339183
39331667
39333393
39333773
39331167
39335818
39368349
39333745
39335690
39366351
39335533
39334900
39338969
39331634
39338777
39338249
39331977
39333604
39334814
39368374
39339646
39333243
39368333
39366264
39333771
39331561
39366476
39339502
39338622
39331894
39331532
39334640
39331318
39338832
39339335
39331529
39338416
39334336
39331184
39333787
39338226
39334144
39334566
39338834
39366625
39338237
39331732
39334501
39339273
39333191
39335619
39366592
39334817
39331126
39333993
39334592
39339348
39331522
39334967
39366618
39334617
39338600
39339302
39333592
39333733
39333336
39335798
39366838
39339588
39366227
39334328
39331968
39368367
39333585
39333233
39366583
39368314
39334759
39334274
39338428
39334111
39339354
39339158
39331762
39366659
39339113
39333128
39339872
39331446
39334367
39337125
39338373
39331205
39338793
39331405
39331655
39334630
39366539
39368715
39339823
39333960
39331325
39366961
39331234
39366151
39338148
39331174
39331224
39335625
39338712
39331139
39334162
39335773
39331652
39338787
39335780
39333363
39334275
39334220
39339439
39333855
39334611
39331371
39335155
39339571
39338276
39335676
39331886
39334998
39331228
39333487
39331776
39338686
39334964
39331719
39331452
39333879
39334503
39333589
39366494
39366547
39339454
39366244
39335166
39333894
39333351
39333730
39333698
39337124
39335778
39337134
39339176
39334740
39335642
39339887
39331248
39331375
39338667
39331578
39339568
39339247
39334368
39333341
39368323
39338133
39368772
39331100
39339207
39338352
39331597
39334235
39338711
39366681
39366870
39338614
39333667
39334820
39366800
39331326
39338153
39339496
39333968
39366427
39334547
39339757
39331735
39366833
39339361
39335629
39334389
39366108
39339889
39333724
39333208
39334306
39338231
39331714
39333144
39366782
39338684
39334767
39331279
39333668
39334109
39338379
39333384
39333445
39334253
39335848
39335694
39339617
39334242
39335647
39333373
39333204
39331403
39366999
39338692
39333654
39338525
39339299
39339249
39334639
39339855
39333971
39368338
39333577
39339411
39334730
39331809
39331443
39331487
39331866
39333447
39331802
39333124
39333382
39334615
39331448
39339831
39366325
39333277
39333484
39333647
39334788
39331377
39366316
39333569
39331939
39338183
39338613
39333691
39334564
39338192
39334541
39339610
39334540
39368382
39333137
39333460
39338146
39331466
39333284
39331376
39334702
39331130
39366785
39368701
39333224
39338168
39338605
39338506
39333947
39331170
39334968
39334276
39338567
39366359
39331527
39366132
39331822
39335105
39334387
39333139
39333636
39339639
39334793
39337149
39333369
39338434
39366314
39366773
39334841
39334388
39338111
39333488
39334372
39333127
39335602
39366985
39339177
39339297
39333316
39331712
39333903
39339573
39334596
39338380
39333883
39331361
39334583
39338181
39331970
39333180
39334245
39339595
39338983
39334119
39339199
39368777
39366238
39339667
39334101
39334375
39333429
39338482
39366909
39338744
39366840
39334128
39335604
39331483
39366127
39334584
39337151
39366670
39338399
39333576
39334166
39331850
39331767
39338173
39333413
39339181
39331865
39335632
39331285
39333786
39339334
39333596
39333344
39331770
39368310
39333746
39335720
39335814
39338279
39333578
39333942
39333221
39334747
39366660
39334305
39334653
39331755
39331989
39331104
39339791
39334891
39333193
39368377
39338873
39339416
39338293
39366986
39331897
39331611
39339679
39334982
39333309
39339530
39366109
39333343
39339136
39335830
39334950
39335809
39339800
39338941
39333215
39339236
39334882
39333739
39338317
39331463
39338608
39366921
39366978
39339147
39337116
39339624
39331583
39339460
39333823
39338308
39334920
39331412
39333581
39335173
39366744
39335167
39331779
39334160
39331272
39335781
39331607
39339648
39366154
39338870
39338635
39333666
39334133
39366867
39338863
39366806
39338742
39333945
39335608
39335813
39368359
39333861
39334914
39334668
39334744
39339830
39368763
39333335
39338337
39368716
39333399
39338108
39334916
39337105
39339468
39334724
39338340
39334770
39333294
39338141
39338899
39339398
39366324
39368386
39339815
39334535
39335164
39366989
39366149
39339812
39333729
39366737
39366462
39333905
39339394
39338734
39334870
39338740
39366140
39334781
39335698
39331988
39339835
39333720
39366549
39366474
39335569
39333566
39335876
39366150
39338400
39331209
39338409
39366401
39339355
39366709
39335839
39333354
39333331
39366405
39339888
39333871
39334562
39333575
39366731
39337137
39339541
39366609
39331635
39333100
39366589
39334385
39366905
39366185
39331101
39331726
39335534
39333339
39366671
39368363
39331915
39334832
39333716
39339654
39366639
39366698
39333145
39339712
39335699
39339278
39338369
39366112
39339783
39334270
39338216
39335121
39339746
39335134
39366752
39331768
39331878
39331217
39333994
39331769
39333258
39366876
39339565
39339676
39333245
39333273
39333683
39331298
39333809
39366781
39334762
39339290
39331912
39333819
39338975
39366329
39368369
39366478
39338211
39335141
39338796
39333562
39331845
39339358
39333147
39339684
39331631
39333453
39333410
39334745
39333303
39333722
39331827
39339293
39335600
39331659
39331740
39366246
39339728
39338290
39334698
39339250
39333931
39334341
39331367
39333469
39368737
39338625
39333890
39331470
39333441
39368782
39366952
39331348
39331901
39335157
39335530
39338167
39339109
39366726
39333622
39338389
39334703
39338310
39366672
39334234
39366640
39339597
39338640
39334358
39333297
39366400
39334381
39333664
39333912
39338454
39331838
39366745
39338871
39331569
39339574
39339457
39366804
39331739
39331223
39333572
39368381
39331121
39368390
39331636
39334821
39339103
39338281
39338528
39366900
39335708
39366440
39338634
39331117
39366212
39335665
39339799
39368784
39333433
39331711
39339686
39331614
39331537
39331464
39366415
39333274
39338118
39331150
39338603
39339899
39368700
39333482
39339765
39338673
39333588
39335834
39339702
39338444
39335548
39339803
39338218
39335725
39333241
39331181
39335160
39331643
39338197
39338812
39333610
39333711
39338699
39334332
39366813
39366697
39334713
39338719
39331240
39338285
39339268
39338478
39335733
39339681
39368733
39335770
39338135
39333525
39338928
39338161
39339809
39333817
39366963
39331657
39338746
39338724
39339875
39338965
39333781
39334582
39334108
39339879
39334266
39334256
39333263
39335715
39335713
39366628
39334971
39333694
39334123
39331337
39366764
39335744
39331485
39335735
39337154
39334297
39334831
39338262
39334131
39333843
39331410
39333901
39366155
39333981
39366297
39333619
39338432
39335178
39334597
39335682
39331520
39334509
39338298
39338464
39339126
39331454
39339730
39368726
39333502
39337132
39338930
39338204
39333153
39331247
39333620
39331530
39334852
39339337
39335561
39366289
39333371
39334999
39339143
39366636
39338645
39338407
39366271
39331857
39339244
39334549
39331191
39333408
39335180
39338357
39335581
39333904
39334854
39339796
39366920
39339596
39338984
39338697
39333325
39338334
39335688
39333603
39334598
39334158
39331861
39335700
39337152
39333607
39335668
39334520
39335566
39366688
39366564
39366831
39339129
39331931
39334179
39333497
39334278
39334695
39333908
39333345
39335777
39368769
39333836
39331999
39334282
39331789
39338305
39333586
39334542
39335764
39331791
39337110
39331973
39338374
39338345
39335190
39333941
39338906
39333478
39335123
39331341
39366601
39338590
39331738
39366915
39339742
39366433
39366252
39333449
39339111
39331288
39339724
39334232
39339700
39334899
39335611
39368783
39338675
39337119
39333749
39333858
39339341
39338349
39366114
39337144
39366216
39368328
39331718
39335727
39331810
39368738
39338296
39339240
39335603
39338679
39334962
39339719
39339774
39368353
39338714
39335836
39339715
39331141
39368350
39335650
39366485
39334588
39333234
39334771
39338201
39339121
39333839
39334632
39366187
39366282
39335593
39366653
39366367
39338676
39338805
39333187
39333440
39334772
39331706
39335838
39333226
39331630
39334838
39334995
39331982
39366152
39333404
39338784
39333292
39339378
39338765
39366200
39334174
39333251
39338196
39338785
39335673
39338854
39333154
39366678
39331220
39333939
39335693
39366199
39331368
39339863
39333875
39339461
39334176
39331439
39339195
39339567
39331129
39335731
39331949
39339878
39366169
39331400
39331182
39339826
39331702
39333653
39333924
39335807
39335542
39337169
39338932
39331985
39338142
39338126
39331524
39366403
39338406
39331340
39334238
39331543
39339146
39366602
39368302
39366374
39331465
39339135
39339754
39333507
39333288
39331273
39338390
39335122
39333950
39338491
39333713
39335128
39334161
39339161
39331882
39331336
39338529
39366960
39333396
39339234
39333743
39334184
39334215
39333800
39331639
39338623
39338730
39334844
39333801
39334973
39366570
39334192
39368300
39366348
39339409
39333334
39366424
39331116
39331360
39366541
39338274
39331813
39333602
39333392
39333138
39366811
39331731
39331875
39334347
39338775
39366340
39331862
39366447
39339564
39333625
39331490
39366375
39334647
39334132
39331824
39338385
39339896
39333853
39366828
39337104
39339459
39339219
39339523
39338452
39338332
39339402
39338355
39333347
39333398
39335799
39331106
39333835
39339744
39331414
39338360
39334680
39339365
39334208
39339874
39366105
39335844
39338621
39333679
39366732
39338362
39366600
39334912
39333988
39339655
39335613
39366234
39331851
39339376
39335755
39368764
39366692
39339847
39331255
39331292
39331415
39334546
39331937
39338601
39333170
39334942
39333474
39331330
39338637
39339479
39331710
39331501
39333207
39338562
39333295
39338924
39339637
39335568
39334913
39331419
39339603
39334398
39338973
39331953
39339768
39334149
39338895
39366123
39339487
39333829
39334531
39338770
39331428
39366452
39338412
39338790
39335775
39331833
39338798
39331387
39333844
39331444
39335182
39338704
39366951
39333611
39334230
39331131
39331938
39331751
39334927
39337164
39333269
39331888
39368315
39331997
39331453
39334953
39338934
39339751
39368306
39338122
39339764
39339734
39334989
39334907
39334323
39335197
39333332
39331270
39334736
39366621
39335641
39338575
39333827
39338889
39333285
39366165
39335847
39333150
39338629
39334222
39334711
39338106
39366501
39368803
39334624
39331637
39335615
39339209
39360109
39338693
39339538
39331350
39366586
39338561
39334334
39366710
39335525
39333257
39339172
39339820
39339605
39366411
39335627
39366677
39366379
39366284
39338977
39333838
39334273
39339868
39334890
39338398
39339895
39334523
39338547
39333966
39368771
39334728
39334857
39366198
39339582
39368372
39338816
39333963
39339187
39338893
39333129
39333967
39333500
39338914
39334915
39334818
39334944
39333579
39334143
39338327
39333370
39333794
39366803
39331927
39366771
39331176
39339239
39333762
39339822
39334850
39338708
39339859
39331254
39333333
39331503
39366976
39338132
39339621
39333152
39335538
39339781
39333764
39366386
39338643
39334739
39366998
39333424
39331815
39333962
39333867
39334130
39366390
39366437
39335156
39339759
39339349
39334860
39366717
39331266
39366841
39368376
39334197
39333946
39331252
39339351
39338215
39333491
39366451
39335738
39331975
39331825
39339497
39333279
39335168
39338483
39334742
39331357
39366984
39333637
39331958
39331549
39331407
39366631
39333265
39339606
39331642
39333338
39333718
39339154
39335159
39334984
39338463
39339414
39334259
39338833
39333227
39338606
39333110
39333223
39334754
39333206
39331166
39335837
39331724
39331955
39331411
39333278
39339275
39334125
39334827
39335658
39331831
39339118
39333229
39331976
39334178
39339433
39339841
39334782
39331909
39338566
39338145
39339415
39335605
39338114
39331877
39331993
39331128
39339614
39331957
39331108
39335660
39331858
39338759
39334932
39366176
39331921
39335136
39338315
39338402
39333183
39331123
39366207
39331816
39338492
39366296
39366987
39368368
39339731
39366928
39335779
39334281
39334589
39338469
39334345
39333240
39338212
39333391
39338119
39366708
39338497
39339798
39339647
39339884
39333615
39334795
39337128
39338880
39339467
39331959
39335576
39334743
39334623
39366676
39339306
39338503
39331110
39366682
39339130
39335806
39366102
39368714
39339852
39333632
39333450
39366404
39339669
39331168
39331197
39334829
39331902
39366535
39331502
39331965
39339893
39331879
39338726
39366959
39368343
39368321
39366309
39366954
39334921
39366174
39337159
39333766
39335784
39331758
39338592
39338900
39333296
39338185
39331745
39331291
39366118
39333571
39331187
39338287
39331967
39338217
39333443
39331603
39334585
39334302
39366598
39339279
39334321
39333805
39366444
39333926
39338769
39338771
39333346
39338666
39338981
39333306
39339419
39334338
39338828
39333672
39334594
39331249
39333282
39339400
39331860
39333663
39368329
39335130
39331741
39366721
39333355
39339869
39333198
39339657
39339230
39334355
39366603
39333936
39366893
39366119
39331374
39334716
39339795
39335126
39366544
39335783
39338967
39331244
39339632
39333884
39366635
39331548
39366617
39338190
39339436
39339693
39368757
39366420
39339266
39339504
39331582
39334715
39331756
39333755
39331236
39331940
39334859
39331613
39366925
39338695
39331142
39334708
39335828
39333658
39338330
39334272
39331320
39338988
39366189
39366454
39331836
39334269
39366249
39335570
39338342
39331734
39334696
39331455
39333916
39339294
39338328
39333471
39331124
39334862
39331752
39331793
39331781
39366936
39333892
39338203
39334117
39334107
39366382
39366877
39338987
39366103
39333111
39366942
39339280
39368705
39338103
39368318
39331761
39333917
39334399
39337153
39335528
39338732
39339645
39334164
39338858
39366738
39339210
39333776
39334390
39333275
39335767
39334606
39333774
39331748
39331262
39331624
39339807
39333230
39366540
39331488
39334719
39366704
39333677
39339635
39338333
39337135
39366203
39338415
39333821
39338853
39338822
39335742
39333259
39366734
39334348
39366566
39333687
39335747
39331942
39331792
39335565
39366493
39333961
39333495
39338323
39338923
39334983
39333374
39368397
39338938
39339208
39366387
39366759
39338884
39368313
39331195
39331222
39368751
39339159
39366957
39333461
39338128
39331192
39339600
39366762
39334392
39334154
39366778
39333101
39366344
39339157
39335150
39366864
39366983
39333953
39368747
39339858
39339680
39334687
39334304
39339458
39331284
39333383
39333448
39333715
39339188
39366368
39333580
39334855
39339175
39331924
39334871
39333675
39334779
39338358
39366723
39333606
39368327
39366750
39339837
39339604
39334165
39333155
39338499
39338937
39339224
39333472
39366326
39366417
39333135
39339491
39335840
39366869
39366409
39339139
39366398
39333759
39366290
39335741
39331925
39333703
39339723
39339324
39339675
39333280
39338817
39334167
39366384
39339871
39331891
39339726
39333674
39331372
39333116
39333202
39338725
39331203
39338633
39333409
39366436
39333395
39333568
39334296
39338668
39368354
39366775
39335580
39368362
39334699
39335194
39366275
39334543
39334949
39339245
39366464
39334722
39333310
39366502
39334248
39366159
39335662
39334783
39333464
39368373
39338576
39366460
39366567
39331534
39335728
39366346
39366170
39335521
39366713
39339425
39335545
39335175
39335177
39331343
39339495
39339443
39333999
39333831
39334343
39339289
39339392
39339156
39334784
39338573
39333744
39366133
39335816
39331956
39368711
39333932
39334813
39334893
39337121
39338837
39334738
39331814
39335832
39334918
39333342
39338904
39335826
39331492
39331867
39339473
39338632
39334329
39366576
39338803
39338912
39334933
39366110
39338872
39337130
39331628
39339544
39333684
39331651
39366335
39338175
39338163
39366231
39331645
39338370
39331990
39335824
39366747
39331329
39338703
39338815
39334560
39333738
39338336
39366407
39331426
39333806
39338902
39334593
39339787
39333793
39338772
39339706
39331995
39338136
39338867
39333266
39335696
39331235
39335637
39334633
39366388
39331379
39338195
39339144
39333918
39339577
39335623
39333262
39333329
39334210
39333564
39338705
39366492
39335788
39338779
39334853
39338324
39339851
39333732
39339295
39368787
39331163
39334360
39333380
39366530
39339377
39334768
39339404
39338689
39335575
39366171
39339772
39338859
39333397
39334114
39339581
39331649
39338459
39339755
39333108
39337111
39334981
39333420
39366971
39333886
39331840
39331102
39335621
39331933
39366467
39338618
39339652
39366221
39331425
39333197
39366196
39337113
39333933
39333256
39366938
39333504
39331650
39333402
39338786
39331591
39366319
39334701
39338123
39366623
39334528
39366291
39333486
39339481
39338245
39366483
39366907
39335811
39339892
39366646
39339808
39335697
39366922
39334774
39339310
39333121
39331715
39338627
39337168
39331908
39331797
39331980
39331744
39333372
39366356
39331489
39335191
39338164
39333851
39331389
39333254
39333232
39333287
39338242
39338346
39334236
39338868
39334797
39339328
39335704
39366728
39331863
39366121
39334990
39339631
39334122
39333852
39333857
39334586
39366873
39338849
39366278
39335549
39334121
39331694
39339651
39337156
39368712
39339539
39368752
39339370
39335585
39338520
39331941
39335691
39338224
39338690
39339780
39366655
39366789
39333560
39333799
39334757
39338343
39334351
39331873
39368756
39337145
39339347
39331656
39333385
39335672
39331390
39333600
39335537
39368366
39335137
39333785
39339705
39338326
39366563
39366168
39366219
39338764
39334943
39339663
39333644
39333804
39333900
39360100
39366674
39338490
39366871
39333763
39366378
39333816
39338677
39331763
39331469
39338594
39338776
39335544
39339155
39366686
39334643
39331899
39334709
39366241
39334298
39339579
39333670
39334780
39366937
39338254
39366412
39333281
39338494
39339179
39366839
39366787
39366145
39366236
39331156
39333651
39334908
39331319
39338162
39366892
39334258
39339650
39334678
39331870
39331964
39333887
39338586
39335193
39366295
39339462
39331226
39339537
39331287
39333995
39333368
39366287
39333705
39334956
39338361
39333422
39334970
39366489
39331919
39339423
39333797
39338134
39366729
39338241
39360106
39339201
39339386
39335803
39331962
39368736
39335870
39334937
39331434
39366381
39368308
39331817
39334574
39339806
39331829
39335571
39333740
39366124
39333921
39366719
39339816
39366142
39331737
39334203
39337138
39338908
39366106
39331218
39334917
39331592
39334861
39335179
39331859
39337148
39339206
39334194
39338331
39368346
39337108
39335196
39335536
39338886
39333818
39366714
39333655
39366435
39331766
39366702
39366310
39334966
39339805
39331633
39338599
39334765
39333721
39331122
39366210
39331547
39338157
39335817
39339309
39366303
39338351
39333888
39331589
39339696
39339775
39334720
39339526
39366691
39331907
39331391
39338433
39331299
39366266
39334284
39335743
39333327
39331188
39366718
39331351
39334250
39333526
39333907
39368371
39331629
39334727
39334327
39333940
39366194
39366383
39335789
39331384
39333253
39334239
39331926
39334874
39339484
39333761
39338149
39338545
39333925
39333909
39333213
39334261
39333212
39334824
39334792
39331623
39337117
39338818
39338322
39333103
39338778
39335845
39338609
39334654
39331393
39333394
39368743
39339189
39338477
39335171
39331204
39334726
39338718
39331564
39333734
39331435
39334609
39334677
39333403
39366327
39333930
39368704
39334136
39331509
39339265
39334922
39331716
39366879
39339898
39366343
39339413
39368336
39333751
39335102
39339758
39333859
39339866
39338809
39366285
39338823
39366277
39334976
39368337
39331742
39334295
39331342
39331436
39337163
39334201
39334219
39366360
39334354
39366805
39339190
39331304
39339453
39333834
39338277
39338329
39334265
39338410
39339220
39366763
39366276
39366990
39334206
39339792
39334364
39366878
39339773
39334577
39334229
39339763
39333958
39338911
39366397
39338646
39338307
39338129
39334799
39366317
39339116
39366450
39333712
39338294
39333633
39334105
39334688
39366330
39333690
39339801
39333211
39331664
39338985
39338451
39331692
39333376
39334169
39331430
39333255
39331913
39331353
39338121
39366237
39331212
39368770
39333798
39331788
39333501
39338722
39335692
39334635
39335161
39333752
39338228
39331317
39339856
39331328
39339304
39335835
39338845
39366298
39335131
39333792
39339108
39335753
39333381
39335639
39335170
39331268
39339873
39331709
39366410
39331729
39333149
39338578
39335675
39338727
39331482
39334212
39338391
39366224
39338925
39338158
39366599
39334760
39331785
39368703
39331179
39366680
39331619
39339332
39331892
39368311
39334177
39333538
39366953
39339857
39333992
39366970
39334706
39339353
39331568
39366829
39366608
39338468
39339716
39331525
39366100
39333133
39334670
39331333
39333465
39368755
39335674
39333938
39339198
39339164
39339839
39334573
39335695
39333813
39331546
39334106
39366218
39366944
39334264
39338751
39338682
39331504
39335145
39334289
39366164
39368352
39338917
39335541
39331369
39338335
39366647
39366658
39366707
39338393
39335831
39339638
39334847
39368731
39333436
39368720
39338696
39333777
39366610
39334291
39331826
39366720
39335540
39334223
39339110
39333605
39338172
39366910
39335163
39366927
39333807
39339387
39339211
39333697
39338325
39339824
39338200
39339682
39339611
39338461
39339576
39331417
39333702
39366137
39333173
39366333
39338447
39366950
39338238
39335724
39331849
39338615
39339709
39338943
39366777
39331598
39366125
39339428
39331154
39339594
39366578
39338918
39339692
39339456
39339325
39366139
39366214
39333902
39335791
39338768
39331626
39339627
39339877
39338278
39339437
39333896
39339612
39339104
39338259
39366406
39339591
39335756
39339501
39335103
39339420
39331586
39331152
39333530
39368304
39366136
39333364
39334365
39334892
39338688
39366872
39339152
39335620
39331920
39338426
39333741
39334207
39334896
39334878
39338631
39331566
39338825
39366197
39333304
39333238
39366997
39331392
39338994
39366272
39331928
39331665
39339303
39338199
39334373
39338321
39334331
39338256
39366193
39366158
39333529
39333825
39338866
39366652
39331544
39339703
39333246
39338265
39334642
39339471
39331885
39333361
39334572
39366184
39366585
39333780
39334366
39339572
39334902
39366457
39331705
39339785
39331173
39333727
39333681
39334168
39339722
39333935
39331616
39334672
39338303
39331508
39338417
39335843
39334141
39333356
39339373
39331904
39339490
39331406
39339885
39366279
39333401
39366604
39339644
39338565
39335661
39366270
39333387
39366459
39366228
39339748
39331777
39366448
39338824
39366657
39338681
39339894
39335140
39366419
39331381
39338830
39338194
39333985
39333468
39339784
39339153
39339166
39334271
39331906
39339421
39338795
39339777
39333321
39331854
39338186
39331910
39338312
39366204
39339463
39339246
39339352
39339580
39334116
39334342
39368710
39331261
39334607
39339403
39334752
39331207
39339342
39331658
39366812
39333209
39333375
39338364
39337126
39331986
39338508
39331916
39334729
39333742
39339397
39333701
39339367
39338869
39338865
39339548
39333630
39333218
39338448
39366321
39338246
39338219
39366788
39339849
39366503
39335757
39335624
39333747
39339282
39333570
39334954
39333728
39335685
39334561
39331339
39333974
39331641
39366696
39331402
39338501
39333772
39338147
39331765
39331852
39339743
39335583
39331230
39335749
39338138
39339737
39333520
39366208
39338198
39333599
39331839
39331398
39331644
39333877
39334636
39334110
39338387
39334146
39366256
39333768
39335589
39338240
39331136
39333386
39338366
39366497
39339148
39339714
39339615
39366546
39334237
39366894
39333634
39334848
39366569
39339838
39338920
39366355
39339197
39338916
39335648
39366372
39338549
39338456
39368393
39338127
39339640
39338966
39339429
39335547
39335143
39338301
39333573
39331346
39333631
39366396
39333998
39339445
39334285
39334226
39335162
39334777
39331206
39335104
39335842
39339665
39331801
39331707
39338363
39339569
39338991
39333313
39334993
39366929
39366475
39339794
39331280
39338442
39334279
39368330
39331660
39334690
39339214
39334704
39331903
39366830
39368775
39368759
39331324
39339739
39339711
39331171
39331245
39331445
39338234
39339472
39335827
39339561
39338288
39339272
39333893
39333748
39339850
39366807
39333824
39331570
39368320
39334919
39335609
39335776
39334625
39338891
39366263
39331494
39331345
39331145
39368370
39334565
39338446
39339698
39338125
39339623
39338713
39333120
39335592
39338440
39339366
39338996
39334946
39339505
39333881
39338762
39368322
39339203
39333271
39334785
39333665
39334737
39331225
39338638
39339424
39366700
39333700
39331736
39339793
39331593
39338174
39333117
39333767
39331462
39338848
39338230
39333973
39338569
39338140
39339422
39333726
39338864
39334985
39339867
39334103
39333192
39339162
39338748
39337158
39331974
39335707
39366162
39338139
39338371
39339536
39331256
39339880
39334397
39334599
39366472
39331250
39331213
39331884
39333421
39339374
39366167
39366495
39331383
39334812
39331600
39331750
39331531
39333431
39333168
39366712
39331408
39337120
39334349
39366612
39368804
39331456
39339336
39334833
39333291
39331183
39335599
39335795
39333612
39335532
39339380
39335579
39338936
39366365
39333358
39331856
39334842
39366974
39339658
39333617
39339527
39334362
39360104
39334225
39338272
39366499
39366664
39338313
39366223
39339228
39334182
39366981
39331823
39334380
39333416
39331747
39339229
39339509
39333199
39334867
39331373
39333104
39360101
39339200
39338297
39331312
39333627
39366656
39331468
39366442
39339288
39366206
39333866
39333176
39335687
39331413
39333102
39333423
39366205
39335754
39331917
39366666
39334183
39338524
39331164
39366438
39331242
39338427
39366259
39339185
39338275
39339533
39366473
39333952
39335748
39366353
39335607
39339167
39334621
39334100
39331260
39331617
39335657
39333928
39334526
39339132
39339729
39338531
39331841
39338630
39338577
39334904
39334326
39334170
39366741
39368748
39368384
39334139
39331535
39366706
39366332
39333609
39339217
39335181
39334974
39333706
39334761
39334568
39334394
39331571
39335631
39331281
39368702
39334155
39334288
39331424
39368358
39338892
39333360
39339749
39339630
39366973
39334691
39334945
39366439
39366426
39339364
39334575
39333498
39339281
39338721
39331609
39338466
39333151
39339128
39335745
39338939
39333201
39331404
39366912
39339218
39331545
39339814
39339301
39338571
39338887
39366736
39338489
39333978
39334735
39339446
39338998
39331401
39338286
39333969
39331602
39366477
39366756
39331311
39331338
39339771
39338862
39331749
39334825
39339673
39337129
39333205
39338927
39338976
39331844
39338829
39331961
39334181
39333307
39366632
39338570
39334939
39337150
39338651
39339119
39366416
39331385
39339601
39338222
39333242
39338115
39338381
39339345
39339881
39366868
39335153
39331723
39334193
39334344
39334835
39331200
39331790
39333290
39335616
39333584
39331313
39366979
39335644
39334866
39333350
39335135
39338354
39339670
39338706
39339441
39331918
39333178
39333707
39339381
39338124
39334773
39333954
39339535
39366471
39334692
39333112
39333435
39331911
39334196
39338221
39334619
39334858
39334614
39368768
39339232
39339238
39333970
39339115
39338883
39331507
39334340
39368740
39331332
39368730
39338857
39338225
39339995
39366533
39335139
39366926
39333503
39334637
39331451
39339285
39366490
39333709
39333428
39331178
39366253
39335656
39366956
39333736
39333184
39331380
39366491
39366177
39334241
39334879
39368303
39339583
39331305
39333640
39333989
39337147
39331743
39331876
39366532
39335106
39366458
39339283
39335578
39334371
39368713
39331119
39338438
39338268
39331358
39366933
39334613
39366434
39333357
39331420
39338209
39331708
39333850
39339766
39331416
39339653
39334567
39338874
39338950
39337167
39366575
39334533
39331696
39333864
39331140
39338505
39334931
39333533
39366422
39338480
39366274
39338223
39366302
39366235
39339242
39338808
39339625
39333990
39334994
39339344
39331960
39338672
39334991
39368389
39338236
39338921
39338879
39338177
39333624
39338527
39333264
39331314
39333179
39334246
39339276
39334361
39338694
39334705
39338986
39333140
39334764
39331538
39331293
39338733
39339483
39338546
39366619
39333315
39339141
39366903
39333791
39338813
39334356
39335752
39366853
39333714
39366611
39339493
39366548
39333561
39339331
39334227
39366306
39339455
39334175
39331449
39338107
39338493
39331394
39331648
39333506
39339117
39366373
39366802
39339138
39366584
39334124
39339745
39334581
39331695
39368767
39338728
39338619
39339449
39333190
39334679
39333648
39335878
39368335
39366769
39334888
39338388
39333353
39333301
39339384
39334335
39366988
39333272
39338789
39331125
39366181
39333142
39366861
39339137
39366767
39366854
39338581
39339338
39333846
39335529
39331307
39334118
39338997
39368762
39366466
39333270
39334393
39339102
39339524
39339435
39334872
39338210
39366192
39366766
39339500
39333659
39339846
39338974
39335684
39339163
39338995
39339226
39331757
39338179
39331219
39333955
39334977
39339251
39339474
39337114
39366574
39333815
39366347
39366300
39338437
39339616
39333646
39338253
39335584
39338752
39338481
39335765
39331283
39331996
39331151
39331830
39333430
39338628
39338800
39333880
39333377
39368708
39368741
39334257
39333508
39366834
39334113
39334224
39331612
39333837
39333686
39334839
39333148
39366814
39331477
39366129
39366286
39338205
39339243
39334307
39331900
39333997
39334324
39339485
39331196
39331895
39334333
39333439
39366760
39333590
39331620
39331786
39333803
39331498
39335531
39333582
39333927
39335107
39339585
39338641
39366432
39338612
39331297
39334120
39331308
39339779
39335634
39338523
39366898
39338935
39331595
39333923
39339618
39331821
39339666
39339659
39331149
39334391
39334507
39331505
39331246
39331646
39338852
39334303
39339286
39366562
39339270
39366633
39338151
39339426
39366345
39334231
39333418
39333760
39334570
39331981
39339832
39334930
39366242
39366243
39333652
39338421
39333626
39334837
39339674
39335199
39368749
39335120
39334815
39331887
39366897
39333235
39334901
39338783
39366147
39333976
39339643
39366579
39333996
39368786
39333977
39333417
39334602
39335714
39333222
39339408
39334676
39331560
39337115
39339660
39333885
39331277
39333527
39339821
39339168
39333122
39368773
39331632
39335590
39339810
39331580
39338896
39334384
39338774
39331704
39333352
39338462
39335640
39338169
39366784
39339343
39331303
39338717
39331881
39331640
39334798
39333822
39333463
39339340
39339890
39366385
39368305
39339790
39331954
39333411
39339760
39366862
39331807
39366638
39333407
39331278
39331185
39334202
39338382
39333874
39331606
39333388
39366908
39334292
39338143
39338766
39335703
39334947
39335771
39331239
39338894
39338353
39331746
39338255
39333405
39368342
39366339
39366962
39333455
39366146
39335701
39366810
39331701
39335808
39334252
39334249
39339587
39338291
39338839
39333219
39366186
39338112
39334126
39339732
39366443
39331421
39331874
39338284
39334337
39366580
39339547
39331153
39339412
39339843
39338521
39338318
39333125
39339690
39338743
39339124
39366687
39333427
39335582
39335606
39339733
39338439
39331429
39339184
39339127
39368339
39339296
39331944
39338598
39335195
39334213
39334386
39334905
39366607
39338856
39338102
39334828
39338264
39366596
39333323
39334156
39366703
39331948
39339388
39333228
39338881
39331796
39331479
39366166
39331432
39331241
39366283
39331969
39334300
39366182
39333601
39366280
39339391
39331805
39333362
39368316
39335705
39334778
39331378
39333565
39339613
39331864
39337141
39339521
39339845
39331276
39331759
39368721
39331158
39339629
39339447
39335734
39338580
39366786
39338187
39366480
39368706
39331362
39331890
39334721
39335524
39335594
39368718
39331162
39338170
39338314
39338949
39338905
39366463
39366172
39333595
39335172
39331772
39339477
39331396
39338250
39338453
39368758
39338944
39331932
39338665
39368728
39366684
39366832
39334578
39366156
39366408
39339393
39335152
39331898
39366755
39339626
39366486
39331211
39334627
39366742
39334963
39338647
39335792
39334732
39339235
39339241
39339173
39335144
39333470
39334903
39366757
39333814
39333146
39333826
39339704
39338193
39335769
39338430
39334845
39331113
39331267
39338788
39366449
39334383
39331828
39334951
39366399
39334277
39366588
39334283
39331846
39339649
39338702
39331309
39333920
39366932
39333944
39366395
39334652
39334941
39338639
39366138
39339434
39366394
39331147
39366724
39331467
39338368
39366528
39333991
39366261
39338850
39338403
39366126
39334618
39366572
39333105
39338171
39338348
39366930
39333186
39338384
39333563
39366808
39333848
39366468
39360107
39334856
39339107
39339864
39333982
39331295
39333231
39333845
39331625
39339395
39338110
39366965
39333366
39334685
39338144
39334346
39333574
39366328
39335142
39331950
39334731
39334898
39333509
39366685
39334359
39335169
39331773
39335667
39334886
39366188
39335577
39331186
39339678
39339134
39335710
39333475
39368779
39333456
39368778
39331799
39331506
39331306
39331210
39333181
39334948
39338289
39333842
39339804
39333210
39331264
39366701
39338156
39334525
39366161
39366336
39331540
39339609
39366173
39338842
39338233
39335846
39338773
39339620
39335681
39335729
39333492
39331161
39338488
39335567
39333731
39334218
39333267
39334395
39331316
39333692
39338507
39338404
39366131
39331198
39335762
39338405
39338782
39331998
39331499
39339818
39338304
39339305
39366699
39331388
39331971
39337136
39333830
39333132
39338620
39338560
39338642
39335794
39368361
39339819
39338137
39338683
39339233
39339570
39331929
39366626
39338500
39339707
39334186
39338309
39331871
39335645
39331457
39334529
39339389
39339405
39339362
39335821
39366577
39334142
39338347
39338470
39338392
39334539
39331784
39335737
39334723
39331227
39334819
39335768
39366254
39366815
39338807
39333123
39366250
39339231
39337142
39338846
39331800
39368761
39335612
39334997
39331806
39366538
39333621
39338413
39334188
39333489
39331562
39366993
39338607
39333432
39334604
39339346
39331180
39334544
39368802
39331232
39331344
39333126
39334849
39331148
39333847
39334969
39366779
39338445
39366431
39334616
39366213
39331992
39331565
39334992
39331905
39338395
39366835
39334987
39339828
39360108
39338978
39333649
39335689
39366749
39334233
39334884
39331231
39331157
39366144
39334115
39335186
39366331
39338875
39334247
39334500
39333136
39334733
39339442
39333828
39334363
39331832
39339753
39366663
39339330
39339813
39334707
39335669
39335652
39333717
39331132
39338903
39334537
39337143
39334153
39339145
39334684
39335635
39334382
39366582
39368734
39338458
39333462
39333591
39334869
39338474
39338131
39338270
39339440
39331286
39334734
39366239
39334682
39333812
39338232
39335872
39335782
39333645
39331356
39338299
39335626
39339747
39368800
39338767
39335874
39366689
39334608
39366461
39333628
39339598
39366573
39333106
39366568
39333979
39366537
39334851
39339738
39334569
39368735
39334129
39334958
39334689
39331296
39333214
39338365
39339151
39331610
39334221
39339834
39338471
39331258
39366620
39366273
39331699
39338252
39331409
39339375
39333326
39339854
39366389
39339216
39338266
39331442
39339171
39338273
39334339
39366370
39366337
39334254
39335158
39338971
39333182
39339575
39335129
39368356
39337139
39339106
39339720
39334634
39368801
39333203
39331987
39339357
39335188
39335677
39335520
39338367
39338120
39339590
39334751
39331575
39338485
39338414
39339882
39366281
39339489
39338942
39333479
39339713
39338739
39334145
39331653
39366902
39331934
39335711
39337107
39335670
39334790
39366453
39338479
39338182
39331661
39339269
39366484
39334763
39331111
39366593
39366694
39331275
39334199
39331438
39339578
39334600
39331984
39338763
39339683
39339862
39338295
39333849
39366780
39333795
39339844
39338885
39331189
39331787
39331868
39334786
39366293
39366341
39331215
39368765
39334952
39339194
39338876
39339886
39334675
39333494
39333965
39331282
39335763
39331577
39366675
39334996
39366292
39338220
39366924
39338487
39331347
39338206
39331112
39333641
39334710
39334127
39338191
39338339
39334885
39368785
39339592
39333913
39334748
39366614
39334172
39339789
39335127
39335709
39366255
39334534
39338418
39338947
39335716
39366980
39334506
39339520
39331500
39338526
39366735
39333174
39339756
39339284
39339150
39338419
39335759
39366613
39331327
39366232
39334603
39331472
39366591
39331109
39331115
39333616
39338926
39366629
39331359
39339752
39366711
39338394
39333662
39334749
39335633
39338311
39333660
39339114
39334191
39331193
39339599
39335686
39335192
39333860
39331271
39339196
39339861
39335572
39335165
39335664
39334965
39334714
39339186
39339788
39334881
39331604
39366911
39333528
39366392
39338992
39333300
39366934
39333643
39366715
39333987
39333437
39335595
39337162
39335109
39333252
39333682
39334595
39334864
39339360
39333293
39331103
39334545
39333328
39331780
39331936
39366179
39331105
39331588
39334957
39333466
39334244
39338999
39334504
39366705
39366195
39333523
39333661
39335717
39333986
39333635
39366352
39366751
39366299
39339298
39366191
39338664
39338130
39366301
39331395
39366542
39338257
39366901
39366940
39339525
39333959
39331146
39338436
39339797
39331627
39331484
39334631
39334895
39333943
39334877
39334669
39333790
39335666
39338595
39366134
39333522
39331290
39339212
39366402
39368388
39334697
39339708
39366801
39331441
39334151
39334686
39333141
39331946
39338720
39366247
39339125
39331596
39331798
39338568
39335797
39333216
39339406
39366107
39334671
39366430
39331120
39368398
39366914
39368380
39338836
39339825
39333984
39366380
39339170
39331263
39339540
39338449
39338780
39339396
39334299
39338593
39339274
39331137
39331581
39338420
39333349
39339531
39339840
39331842
39333669
39334876
39338152
39334674
39333949
39338982
39339506
39338616
39338972
39335546
39366313
39366662
39335176
39334150
39334293
39339687
39366446
39333171
39334843
39333911
39331794
39333680
39334287
39334294
39338383
39335732
39335636
39338729
39337140
39337165
39333467
39366875
39338280
39366160
39338821
39333330
39333337
39334605
39338475
39366141
39333143
39366455
39338292
39338838
39338792
39339237
39338801
39339829
39366863
39331493
39333587
39339503
39339619
39338113
39339691
39338495
39338754
39331315
39368781
39331733
39335815
39331471
39366616
39338910
39339248
39338563
39366561
39333250
39335147
39339311
39331135
39335877
39334935
39339662
39331427
39334758
39338476
39338968
39334766
39331889
39334378
39366693
39333693
39338267
39333320
39335630
39331812
39331720
39339277
39334988
39334651
39366190
39366977
39339865
39331994
39338810
39366377
39366809
39334978
39335796
39366543
39338898
39339633
39338104
39339762
39366225
39333459
39334746
39335801
39335679
39333535
39333446
39366644
39331893
39334216
39335100
39338922
39368754
39366624
39334530
39331355
39333248
39333789
39366860
39333308
39335833
39333536
39366418
39366220
39335522
39333521
39338970
39331835
39338760
39338610
39339350
39331721
39333758
39337127
39339492
39335618
39334650
39339193
39366595
39331259
39366269
39335723
39335598
39333322
39333473
39331274
39338671
39338757
39339191
39366445
39366470
39368788
39334536
39331473
39331418
39331837
39334280
39339385
39333719
39339379
39331782
39366202
39331354
39333895
39338670
39333483
39339891
39338897
39333289
39339120
39334538
39334369
39339589
39338945
39335873
39339586
39339464
39335655
39366363
39338687
39334750
39334823
39338951
39334571
39339165
39331365
39339482
39333906
39339668
39338980
39338100
39334228
39334195
39366128
39339427
39366994
39334755
39366565
39334200
39339149
39338184
39338401
39338731
39333534
39334579
39339508
39338597
39368357
39334979
39335651
39368774
39368750
39331322
39366304
39333685
39338486
39339486
39366366
39338715
39339174
39339123
39368331
39331114
39335706
39338356
39331764
39335184
39338306
39366262
39331238
39339634
39366318
39334926
39331321
39366975
39339169
39368334
39338819
39333878
39338588
39366178
39334255
39335761
39333796
39333532
39333756
39333656
39331423
39366654
39338359
39338116
39333735
39334775
39339528
39338472
39338320
39333910
39338243
39331647
39333539
39339740
39331331
39366743
39333481
39334352
39334911
39338587
39338484
39334171
39366361
39334959
39339549
39331127
39334140
39366667
39331165
39366651
39331966
39331935
39339602
39334601
39366157
39366116
39331289
39333898
39334865
39334769
39331608
39331475
39366964
39366622
39333115
39331585
39366754
39335526
39333639
39339741
39338544
39339842
39335751
39337155
39339417
39334320
39335805
39334104
39366500
39339811
39339223
39337118
39366727
39366425
39333119
39338239
39338386
39335183
39333623
39368317
39366536
39338907
39335800
39335841
39331437
39339399
39338909
39335573
39339307
39334211
39334681
39338860
39333723
39366899
39339326
39339182
39334700
39366637
39333260
39335879
39339372
39333318
39366943
39333249
39338457
39334641
39331727
39339470
39338940
39334796
39334505
39338648
39338723
39331301
39333671
39339566
39368745
39333840
39339339
39334612
39339267
39331847
39338650
39338396
39366866
39339767
39339292
39334645
39333956
39333239
39331269
39338851
39366679
39334205
39333480
39366414
39339672
39334353
39366268
39331335
39335539
39339584
39333312
39335151
39366215
39339178
39338617
39337109
39331848
39335875
39334834
39339488
39331422
39339721
39334753
39334725
39366175
39338261
39334214
39334789
39339817
39338282
39338649
39368394
39335638
39366217
39333872
39335108
39334268
39335750
39334955
39335772
39334986
39366211
39335654
39334301
39339451
39334826
39338498
39334961
39338502
39339699
39334894
39338117
39334717
39333524
39335574
39366369
39331486
39338710
39333673
39366605
39338841
39366972
39334897
39334794
39368739
39338781
39331563
39339371
39333597
39335849
39366130
39333594
39334112
39338835
39339782
39368332
39338202
39335730
39366183
39334923
39338797
39333708
39339264
39331587
39338946
39335187
39366958
39334251
39333457
39366904
39333286
39366429
39331795
39333172
39334694
39339870
39338564
39334822
39333314
39333856
39339761
39333109
39334576
39337106
39339180
39338244
39360105
39335125
39331243
39334370
39338636
39334204
39338802
39366143
39339848
39366479
39339735
39339202
39331945
39334889
39366482
39338644
39366590
39335785
39331572
39366996
39338269
39334580
39339641
39333618
39338791
39331991
39338155
39333657
39338397
39334189
39334502
39333876
39331717
39333118
39368325
39334152
39366180
39338804
39335663
39331819
39368780
39335586
39331539
39366307
39333598
39366364
39331229
39334157
39335726
39331160
39338589
39338701
39333937
39339410
39366111
39331754
39339432
39334646
39366740
39366722
39338424
39338227
39331334
39335591
39338302
39338180
39331951
39366163
39338890
39333317
39339563
39366594
39333537
39333220
39334622
39338844
39366338
39338611
39331855
39334243
39366753
39366597
39339363
39339532
39331880
39331923
39333261
39366245
39334325
39339300
39338579
39368364
39334626
39338207
39339534
39334972
