39347798
39347899
39347665
39348729
39345848
39348192
39340723
39348458
39346359
39340552
39349171
39342754
39346831
39342181
39344226
39340527
39348728
39347995
39340932
39348317
39346653
39340415
39345984
39345765
39340463
39342148
39344296
39346068
39340790
39348156
39347946
39348473
39346522
39342989
39340154
39349768
39346001
39347858
39340573
39349063
39347111
39342587
39346607
39345345
39346885
39349693
39348171
39348918
39345425
39340477
39347085
39348855
39348939
39348809
39345626
39349455
39340318
39349931
39340165
39340642
39345923
39349238
39340747
39340738
39345895
39346341
39345280
39340258
39340004
39349773
39348667
39346385
39342546
39344110
39346121
39347196
39347733
39340936
39349678
39347913
39348081
39347743
39340800
39344179
39340629
39340466
39345059
39349643
39342891
39348764
39348962
39345399
39348924
39349799
39347753
39340766
39342342
39349952
39344184
39348815
39340451
39346267
39347088
39340117
39348819
39342812
39347476
39340619
39348700
39347041
39347497
39346183
39344271
39346595
39348286
39342830
39346841
39342837
39347377
39347275
39340610
39342157
39344162
39346840
39342746
39340143
39340675
39345452
39340126
39345484
39345471
39342084
39342131
39348561
39348747
39349571
39347273
39349184
39342544
39346434
39346793
39346321
39342339
39340637
39348137
39340124
39348893
39346953
39345470
39345491
39340308
39340476
39349528
39349472
39340650
39345580
39342066
39348312
39346540
39340127
39340941
39349247
39345002
39347685
39347519
39348433
39345866
39340683
39349945
39346976
39349894
39347876
39346171
39340554
39347178
39340006
39344026
39342583
39348616
39348136
39340353
39344200
39345179
39347908
39346756
39347310
39347057
39347492
39342183
39340579
39346388
39348804
39340063
39347016
39348424
39342031
39348749
39347213
39345118
39345792
39347633
39340139
39348524
39347918
39340663
39349165
39345665
39340591
39348232
39346752
39346847
39345056
39348574
39348672
39345092
39346218
39340782
39348575
39347837
39345174
39342882
39345187
39340248
39346969
39347788
39347348
39348676
39345919
39349564
39347623
39347466
39348145
39340852
39347344
39345659
39349250
39346261
39344124
39342905
39346814
39345175
39347574
39349634
39344297
39348048
39346377
39346715
39345618
39340700
39349536
39340662
39342198
39342951
39345740
39342109
39346416
39342170
39349547
39349690
39345403
39346393
39340901
39349974
39347866
39342366
39348687
39349836
39349196
39345880
39346688
39342104
39347024
39349156
39348731
39347373
39345445
39347549
39349214
39347022
39349713
39349662
39347617
39347962
39345373
39348047
39342548
39346593
39342937
39347951
39345477
39347784
39347307
39345293
39340680
39342580
39345481
39345533
39348073
39349073
39347649
39345636
39340734
39349750
39349840
39346174
39347183
39340221
39340354
39348326
39342955
39340801
39349729
39340890
39340240
39345266
39342322
39348346
39345045
39340244
39346016
39344071
39347299
39340947
39349611
39349003
39348514
39348282
39344105
39345943
39347591
39345478
39348402
39345798
39342344
39345716
39344278
39340748
39340344
39340166
39346784
39346410
39340542
39347294
39345849
39348660
39340008
39346478
39340960
39340945
39346523
39344266
39345317
39344148
39340870
39347405
39346129
39340064
39346722
39340606
39342613
39345148
39345935
39342536
39348976
39346495
39347993
39345967
39346372
39345730
39347626
39340285
39347109
39348291
39346241
39344237
39346983
39345123
39347845
39349496
39345719
39340517
39348330
39346178
39349081
39340125
39340670
39346307
39348118
39347606
39342828
39344024
39348682
39345842
39345490
39347004
39347752
39344138
39349760
39344150
39340309
39348260
39340148
39340964
39345997
39346354
39347960
39344127
39340275
39346857
39347418
39346786
39344160
39347097
39346732
39342843
39348649
39344248
39342554
39346820
39342684
39346546
39348243
39342118
39348067
39349492
39347949
39340175
39348671
39342959
39340360
39345065
39346822
39345167
39348876
39346686
39340736
39340068
39347300
39348971
39342852
39345868
39348265
39340666
39345129
39342526
39346025
39349082
39342512
39347430
39348122
39342552
39348227
39347076
39340588
39348349
39348569
39348636
39348150
39346583
39349566
39342021
39342647
39346368
39347490
39348974
39347679
39345392
39346626
39347278
39345822
39348246
39345524
39345080
39345927
39348231
39346526
39346862
39346088
39348194
39344225
39340122
39340281
39347248
39345758
39348022
39349522
39347394
39346767
39348125
39348857
39349560
39348084
39345370
39348318
39345159
39344234
39347176
39345414
39348980
39342634
39348432
39342893
39345271
39345040
39348371
39342818
39347597
39344348
39342193
39345602
39348634
39347179
39346366
39347622
39342056
39346577
39340787
39345126
39347518
39345948
39345147
39340142
39347078
39345527
39347810
39345116
39347961
39340904
39349609
39348549
39340871
39348978
39346424
39342679
39342507
39347498
39346544
39346539
39342903
39342026
39349248
39348299
39346225
39344135
39340178
39340257
39342562
39348818
39340724
39348648
39342816
39347121
39348388
39347072
39348446
39342596
39345029
39348296
39347185
39348568
39342963
39348635
39349716
39347524
39345549
39347124
39346426
39345087
39340369
39340811
39345019
39346828
39340496
39347376
39347197
39348643
39347006
39345241
39346089
39348526
39342911
39346140
39345613
39349007
39346054
39342515
39347917
39340829
39347647
39340312
39347538
39346404
39349192
39349951
39340884
39347329
39344284
39345448
39347987
39346669
39349946
39344263
39342610
39348979
39340810
39348906
39348225
39349554
39346063
39344128
39346621
39347802
39342971
39346092
39345217
39347324
39346125
39345981
39342923
39345908
39345292
39340732
39344181
39348725
39345261
39347386
39347514
39348942
39349087
39342020
39347572
39346255
39342095
39347029
39342839
39349115
39349449
39347948
39345488
39345893
39340706
39344259
39345149
39347313
39348063
39345237
39342072
39345523
39347690
39345639
39349864
39347684
39349839
39345507
39345163
39349272
39349453
39347927
39349227
39348141
39345726
39347577
39348666
39340230
39340753
39345272
39348581
39345315
39342388
39346860
39342609
39347692
39349805
39346861
39342890
39348869
39340703
39348455
39340513
39345607
39348259
39346136
39347521
39347447
39346154
39340241
39345094
39340107
39347089
39349615
39342735
39346142
39340626
39346219
39349269
39347915
39345189
39346766
39347443
39348724
39348412
39349719
39340859
39345735
39346843
39346798
39345323
39347658
39349109
39345366
39346624
39340066
39349002
39345058
39340116
39346500
39340472
39344090
39347727
39346228
39342575
39345176
39345438
39345492
39344066
39345589
39347484
39345259
39347388
39340860
39347818
39342189
39348516
39347532
39345900
39347563
39348813
39342875
39342861
39340072
39345779
39348972
39340252
39344007
39340372
39340915
39342117
39345826
39347657
39342675
39345874
39342981
39342567
39349883
39347664
39348416
39345797
39342880
39346037
39348781
39349647
39340976
39347556
39348094
39340879
39348681
39349236
39348887
39347236
39340223
39344022
39349876
39346654
39345555
39344247
39346335
39348100
39348964
39340643
39342182
39346135
39349264
39349911
39345173
39342855
39345504
39348703
39349680
39345576
39346347
39346408
39347930
39340876
39348274
39340584
39342370
39347958
39340843
39349936
39340596
39347831
39349882
39345384
39340897
39340873
39346239
39349665
39345596
39347674
39340508
39342184
39347368
39348174
39340667
39342024
39345771
39340410
39347494
39347283
39345135
39346176
39349834
39346632
39342817
39340417
39340214
39347328
39349608
39345980
39346643
39348915
39344213
39348024
39349459
39340656
39345912
39346473
39340310
39346633
39342724
39342088
39345358
39340822
39340999
39348366
39349160
39348262
39346381
39347744
39348438
39344205
39342824
39345748
39348880
39346041
39347813
39348175
39344015
39346150
39346396
39347500
39345083
39349617
39348545
39349570
39340837
39345578
39347092
39346106
39342727
39348966
39342751
39340060
39347661
39345783
39346954
39348511
39347598
39349694
39342693
39348830
39349808
39348323
39349928
39348923
39348308
39349104
39345734
39346710
39345718
39340052
39348662
39346049
39346304
39340474
39347740
39347979
39345449
39345402
39346684
39340352
39347389
39342687
39347670
39342950
39347527
39340218
39347385
39348415
39340838
39340210
39342914
39346213
39349962
39340640
39349681
39348645
39340491
39345674
39345450
39345093
39348477
39348140
39340246
39348382
39348345
39347103
39342559
39342568
39346392
39345775
39342315
39348026
39340831
39349576
39347255
39349923
39344065
39345146
39345109
39347894
39340054
39349622
39342759
39347261
39349874
39342701
39347371
39340880
39346534
39346741
39340219
39349525
39345106
39345754
39349228
39349468
39345916
39345698
39340826
39349006
39349699
39347028
39347406
39345610
39346499
39342585
39345926
39349933
39346157
39340183
39345925
39346180
39347592
39340740
39347216
39342737
39346123
39349507
39340226
39346246
39347137
39340505
39349526
39345691
39347912
39345757
39342636
39348178
39340094
39345443
39345561
39347511
39348164
39348242
39348367
39342820
39347862
39347892
39348071
39344280
39348779
39344107
39345645
39349835
39347854
39345324
39348500
39347289
39347820
39346211
39340916
39345796
39348790
39347343
39347478
39347471
39346625
39347613
39345062
39345400
39342174
39348384
39348707
39349162
39345320
39346357
39346097
39346966
39348241
39340694
39340266
39345878
39344249
39346311
39348418
39340500
39340359
39346870
39342123
39348025
39344270
39342048
39340651
39347703
39344197
39347334
39346244
39345781
39345283
39347677
39344246
39347797
39347775
39340691
39347542
39349079
39340564
39346082
39342311
39342926
39348528
39346343
39340921
39340687
39342922
39346504
39342068
39347400
39347621
39349751
39345795
39345127
39346417
39345994
39348049
39346824
39347296
39346266
39340565
39342518
39347529
39340376
39347380
39348895
39340600
39345493
39349098
39340824
39345686
39348864
39348131
39344279
39347365
39342314
39346342
39348086
39344058
39342656
39345054
39349112
39346328
39349783
39348089
39344017
39348133
39340721
39342074
39349844
39348497
39342858
39347215
39346572
39348189
39348740
39346431
39340211
39345218
39345473
39347269
39349266
39342979
39348987
39340458
39345729
39344391
39347129
39346065
39348128
39345693
39347553
39344122
39348057
39342372
39347739
39347458
39346498
39342513
39345416
39348290
39348801
39346230
39347015
39345076
39345344
39345418
39346963
39347667
39342581
39348910
39345342
39348730
39342162
39345746
39342676
39346839
39342757
39345334
39340391
39347680
39348719
39346322
39349072
39348143
39342661
39340716
39349921
39340615
39346253
39345631
39342097
39345548
39348534
39349518
39349638
39345382
39342534
39345037
39347672
39346186
39340301
39340653
39347321
39349270
39345007
39340845
39342868
39346273
39342834
39342508
39348179
39347062
39348711
39346163
39348812
39347933
39345789
39345407
39348269
39345586
39348263
39345335
39349559
39346897
39348294
39342341
39345824
39349497
39340805
39347336
39349567
39346401
39342122
39344231
39349692
39346578
39349563
39346975
39342708
39349457
39340924
39340929
39340278
39349972
39347731
39349708
39348155
39345753
39347402
39345755
39349703
39340985
39346050
39340317
39348061
39347859
39342382
39346687
39346608
39346216
39349225
39342185
39345731
39349590
39340460
39348331
39348832
39347449
39342386
39346892
39346126
39349887
39342050
39342186
39348034
39348856
39349782
39346348
39345938
39345024
39342919
39340917
39340371
39340730
39349850
39348151
39346023
39349612
39342674
39346167
39349450
39342877
39342039
39347071
39348033
39348623
39346274
39342158
39348816
39346503
39340264
39349099
39347063
39346782
39340587
39345678
39349817
39344055
39342832
39340136
39349587
39349689
39342723
39349878
39346739
39345377
39349763
39349226
39344268
39347425
39342733
39342960
39340103
39344013
39340081
39349467
39345673
39347023
39347251
39347271
39349902
39346080
39346394
39349153
39348380
39346873
39340635
39348339
39347828
39344202
39342340
39345005
39347512
39345756
39347551
39347757
39348037
39344096
39340991
39346055
39347453
39342543
39347523
39346104
39346996
39344067
39346048
39348836
39346232
39342958
39348531
39345969
39348212
39346260
39340616
39347378
39347470
39345998
39349832
39342353
39347870
39345222
39340751
39342854
39342931
39342908
39345877
39342853
39345254
39346863
39342381
39342356
39349553
39349937
39340699
39346317
39346086
39345911
39342394
39348932
39349578
39340583
39347001
39342375
39342753
39340868
39348324
39347422
39345319
39342635
39345084
39346816
39344153
39347320
39347940
39340259
39342537
39348934
39347928
39349658
39340470
39347546
39349604
39347120
39347126
39347817
39345839
39349970
39345690
39349912
39348513
39348391
39345140
39346955
39348475
39346111
39344151
39340540
39345545
39345306
39348268
39347011
39345966
39340720
39347608
39345105
39344021
39348684
39340420
39345738
39342797
39342748
39347395
39347306
39345743
39346979
39349797
39348196
39342692
39345226
39349922
39346309
39348952
39342584
39342103
39345656
39347988
39345265
39345082
39345385
39347648
39347889
39346395
39342947
39349540
39349054
39349051
39347008
39348144
39347796
39348920
39345160
39344020
39345872
39347582
39347218
39347136
39345424
39345676
39347767
39340686
39347964
39347554
39345804
39349148
39346103
39342059
39346402
39348046
39345985
39347992
39344139
39342569
39346661
39340624
39346691
39348905
39346095
39347872
39347445
39342702
39346738
39345070
39342804
39345008
39345885
39346724
39340553
39345819
39346531
39340544
39347959
39342765
39348892
39346846
39347751
39348929
39348502
39347375
39340147
39348552
39349591
39346510
39348321
39344198
39342827
39346978
39347929
39347301
39348901
39347652
39347221
39347578
39348533
39344262
39345521
39340561
39349174
39342888
39342784
39340524
39346748
39349759
39348105
39349777
39345543
39340784
39349842
39340569
39340638
39342742
39347282
39348000
39340708
39349623
39342086
39344380
39342867
39342574
39340894
39345632
39349556
39346370
39349926
39345419
39346736
39349848
39347082
39345115
39348478
39347846
39340001
39345114
39346358
39340418
39345747
39346576
39345972
39340192
39342767
39344177
39342155
39346033
39348028
39340799
39346257
39346993
39340494
39345253
39342347
39347771
39346303
39347881
39345643
39349222
39347540
39348789
39348761
39349218
39347843
39348628
39344145
39340788
39347253
39347867
39348154
39345025
39347978
39346272
39342105
39348697
39348544
39345145
39344264
39345285
39349216
39346506
39344230
39345581
39347907
39345308
39340356
39342328
39340074
39342810
39348714
39347308
39348327
39347698
39347254
39342036
39340835
39349146
39344103
39345262
39347732
39349769
39348419
39342149
39342690
39344064
39347629
39347749
39347224
39342770
39340756
39349685
39347645
39344389
39347501
39340459
39345464
39345327
39348023
39340501
39342602
39346223
39346329
39348732
39344158
39348680
39348253
39344361
39345960
39342762
39345988
39342929
39345991
39346764
39347748
39340363
39346188
39347468
39345760
39345934
39342080
39348085
39342033
39345721
39342389
39340655
39348665
39345042
39342941
39340611
39347653
39348712
39346497
39345812
39340196
39340238
39340152
39348115
39346026
39347383
39348908
39349065
39347199
39348709
39349698
39347342
39345487
39349702
39346124
39349585
39342563
39349899
39345677
39347558
39349588
39340808
39347060
39348283
39340961
39342015
39340988
39347825
39340525
39345752
39340511
39347027
39345614
39348748
39347316
39340058
39342846
39348315
39346271
39346747
39348922
39346609
39347848
39346991
39344277
39347272
39346762
39346168
39345498
39342199
39342520
39340007
39348532
39349286
39346658
39340358
39342729
39342067
39345096
39348108
39347883
39344098
39345640
39342835
39345150
39347040
39346038
39345270
39348677
39348786
39347232
39348860
39345615
39349177
39342075
39345365
39347223
39349700
39346058
39340502
39342930
39349096
39340593
39348298
39347351
39347369
39340315
39345486
39347513
39342042
39340272
39346021
39346146
39347602
39348463
39342081
39347220
39342374
39347776
39347485
39349060
39349748
39347807
39348480
39346605
39345762
39348451
39345051
39349904
39342398
39340231
39347429
39347100
39349193
39342128
39346067
39348583
39347963
39348539
39342397
39348078
39346391
39348704
39346286
39340490
39340255
39346256
39346075
39346675
39347188
39342556
39347552
39349961
39349477
39349885
39348483
39348333
39342649
39340764
39347382
39349744
39340377
39344174
39340085
39347105
39347750
39342714
39349224
39346247
39345364
39342325
39342577
39346029
39347340
39345811
39346667
39349819
39347983
39345736
39348254
39345294
39347596
39349446
39340773
39342557
39346729
39346367
39344089
39340697
39342310
39340191
39347338
39347444
39345284
39342049
39340620
39345348
39344292
39348193
39348547
39347303
39342992
39348827
39342999
39349895
39340970
39340304
39345359
39346958
39349100
39340589
39346858
39344111
39348395
39346734
39348364
39349875
39346581
39340271
39342093
39346288
39346727
39342600
39349910
39348863
39348185
39340144
39347194
39349648
39342142
39347190
39345637
39342017
39348742
39345067
39344129
39349524
39340664
39347627
39345534
39340348
39347347
39348060
39348180
39342856
39347212
39345404
39345950
39344121
39346215
39348316
39346794
39345391
39346528
39345992
39345671
39347541
39346491
39348114
39340253
39347873
39348919
39346371
39342346
39348166
39347726
39348586
39349582
39346575
39342099
39347600
39349640
39346376
39346120
39349651
39345684
39346750
39342510
39345695
39340374
39348750
39340159
39340886
39349614
39348082
39347610
39348076
39340841
39342779
39342645
39342334
39347530
39345896
39345813
39348392
39344126
39342603
39340717
39340817
39349641
39342107
39344343
39349084
39340815
39348588
39347728
39345288
39342091
39347840
39340712
39345036
39344048
39345652
39348579
39348774
39342776
39348443
39342354
39348550
39345268
39340896
39346801
39340698
39346582
39348679
39348350
39347851
39340155
39346107
39342973
39348172
39342866
39340350
39349551
39346842
39347779
39348414
39347032
39345172
39346551
39349977
39342987
39346369
39349872
39344120
39340549
39340789
39348734
39342700
39345870
39345990
39340161
39347620
39347290
39347786
39347229
39346622
39347075
39346962
39349183
39349456
39342517
39340631
39346659
39348537
39345932
39348661
39349806
39340488
39345939
39344079
39347879
39345968
39346592
39346156
39349444
39346427
39345368
39345371
39347509
39345953
39348335
39347604
39347683
39342874
39340519
39349059
39345103
39348960
39345171
39348854
39347384
39348763
39342383
39347834
39340361
39348686
39340098
39340872
39342734
39347535
39349948
39340079
39340608
39349644
39345001
39347177
39348313
39347641
39347737
39340533
39342558
39348576
39348760
39340652
39348271
39346004
39349105
39349754
39342324
39342516
39340678
39345091
39346886
39347522
39348334
39340649
39348521
39349064
39345847
39345773
39345013
39347186
39340987
39345816
39347896
39347339
39348233
39348984
39340412
39347588
39342670
39347479
39345258
39345435
39346346
39347298
39342509
39344046
39347849
39349624
39348096
39349246
39346809
39346159
39340269
39342352
39342566
39342928
39348829
39348644
39347341
39340673
39342993
39346802
39342540
39342668
39347472
39345170
39348400
39340365
39347066
39349513
39340397
39345044
39347902
39348840
39346430
39348226
39348911
39342906
39348891
39349633
39342063
39347327
39348481
39347354
39347747
39348560
39347433
39347452
39340347
39345061
39342688
39346623
39346637
39344282
39346808
39344385
39348055
39344147
39342168
39348119
39340604
39342052
39346851
39345313
39349670
39348275
39346175
39348938
39345310
39342917
39348794
39342538
39347366
39349676
39346728
39345469
39342529
39340767
39347603
39345409
39345732
39348138
39347729
39349656
39345188
39340621
39340900
39340665
39345072
39346270
39345026
39347651
39348157
39342641
39346971
39345865
39349102
39345239
39347632
39345891
39340462
39345551
39347434
39349510
39349949
39340521
39345657
39347241
39340625
39345032
39347770
39346597
39347460
39345505
39345111
39340228
39340840
39345251
39344164
39345454
39346422
39349913
39340364
39340051
39340341
39342550
39347068
39346951
39348401
39349166
39345220
39342840
39345854
39347760
39346796
39348937
39344211
39340422
39347442
39344345
39340121
39342836
39344043
39340598
39340636
39342823
39349093
39342599
39342728
39344239
39349476
39340199
39342037
39348336
39345057
39348341
39342147
39347567
39348462
39347477
39347112
39342306
39349552
39347285
39340567
39345423
39348834
39342892
39346407
39347686
39345041
39346878
39345104
39346433
39340461
39349535
39340429
39345346
39342629
39340073
39348213
39348808
39342111
39349180
39348564
39340392
39347083
39348861
39348211
39346895
39348970
39340479
39342878
39346084
39340153
39347980
39347986
39347013
39347687
39342953
39349726
39342051
39349804
39346800
39345917
39346098
39344014
39346242
39340830
39349274
39340268
39347903
39348469
39348001
39345737
39346533
39345210
39345440
39345485
39346655
39344132
39342572
39342002
39345603
39347868
39349880
39347119
39340733
39349788
39349499
39342815
39342975
39348814
39342007
39347576
39347669
39348886
39342793
39347012
39345522
39342503
39340980
39346645
39340602
39346187
39347058
39348879
39347090
39342608
39347586
39345354
39347245
39347559
39348954
39348877
39349865
39349833
39348351
39340559
39349519
39340968
39346091
39346731
39347601
39340654
39346258
39348310
39349818
39342777
39340967
39342766
39349061
39348874
39347700
39349052
39349167
39340465
39340731
39340220
39348186
39349550
39345386
39342573
39346425
39345446
39345009
39344092
39346649
39346059
39345128
39345910
39347419
39340135
39349057
39349631
39345806
39348584
39347362
39342995
39346277
39349234
39348372
39347564
39340115
39348377
39349558
39346778
39346853
39345728
39342591
39344012
39345930
39348129
39347982
39345240
39349491
39342175
39342938
39340453
39347413
39346137
39345132
39342177
39349108
39349182
39342731
39349471
39344106
39342085
39340197
39345907
39346005
39347746
39346833
39348295
39345563
39347411
39340623
39342805
39344062
39340996
39347118
39342014
39349677
39342657
39342943
39342364
39347778
39348706
39340672
39347263
39348184
39348234
39349282
39347650
39345681
39345411
39345621
39345959
39347037
39344201
39344194
39347314
39348337
39340403
39348501
39349800
39342783
39345863
39346603
39344115
39340416
39344276
39345761
39348027
39349584
39345290
39349778
39348387
39347766
39348969
39349654
39348053
39348839
39340320
39347399
39346677
39347370
39347611
39349498
39344176
39342942
39346694
39345060
39340877
39340609
39349066
39346061
39345453
39340771
39346719
39345139
39340454
39344186
39348904
39348051
39347228
39347292
39344299
39345531
39346002
39348399
39345461
39349080
39348423
39346222
39340471
39346379
39342578
39344185
39345897
39342802
39348239
39342327
39347789
39344272
39345975
39346660
39344099
39348673
39349106
39347021
39348065
39340076
39347267
39345989
39345541
39348436
39346543
39348557
39347616
39346158
39347420
39345142
39347722
39347768
39349688
39340887
39347182
39349939
39348482
39344172
39345463
39342528
39345550
39346879
39342970
39342772
39349502
39340755
39340772
39340603
39346109
39346548
39346492
39347184
39342000
39342527
39345983
39349772
39349975
39340595
39345800
39349621
39342530
39347823
39349058
39347246
39345312
39342164
39345033
39349723
39345110
39340484
39347125
39345427
39347628
39340084
39347545
39348913
39349826
39346047
39346151
39349267
39348059
39346474
39347882
39346053
39345274
39347792
39346380
39347101
39348542
39342934
39344142
39344178
39345835
39342106
39346161
39345389
39349243
39349448
39349673
39349730
39340225
39347408
39347869
39345097
39340783
39340828
39346332
39346844
39349533
39345841
39344146
39345922
39340681
39347180
39349707
39347409
39349711
39347773
39344052
39347723
39346680
39348739
39347736
39340854
39342595
39342377
39340847
39349069
39342134
39342918
39348123
39345100
39347247
39347297
39349094
39349461
39342505
39349118
39347570
39348031
39349191
39348153
39345914
39348498
39340195
39347412
39342720
39340487
39349503
39342605
39340931
39346143
39348629
39347618
39342899
39340762
39340893
39345011
39346071
39348148
39344283
39348926
39348199
39348103
39347130
39347431
39347783
39348452
39347533
39349765
39345157
39346323
39345964
39345633
39346112
39345350
39342747
39345597
39340499
39345727
39349172
39348977
39346642
39340373
39347326
39348548
39340284
39345314
39346692
39342821
39348434
39340163
39348558
39346000
39348289
39345630
39349494
39347043
39345961
39347210
39340075
39347014
39340563
39342082
39340802
39344340
39345714
39342110
39346356
39340741
39349276
39349280
39348152
39345502
39342070
39347853
39347811
39346616
39346867
39349843
39346641
39345353
39345624
39345786
39342592
39342631
39348897
39344235
39346529
39347742
39340632
39344281
39340770
39348931
39340160
39347568
39345249
39346714
39344244
39348695
39347895
39340520
39347911
39346950
39340793
39345573
39347931
39346819
39340560
39349562
39348802
39346761
39345017
39345003
39345769
39340707
39340599
39345696
39347850
39342787
39346105
39346087
39349610
39346566
39349642
39348694
39340108
39345794
39348743
39345666
39349598
39340779
39349545
39349774
39345232
39349781
39346007
39347219
39345376
39346859
39349802
39340562
39349762
39342351
39348841
39346656
39347086
39348440
39345143
39340184
39346324
39347427
39340421
39342321
39342681
39345829
39345904
39340875
39347258
39349747
39349452
39346970
39340262
39340346
39340628
39342090
39348823
39342883
39345742
39342197
39349909
39340846
39349508
39342763
39345162
39340486
39342962
39340768
39342316
39345252
39347432
39340071
39340566
39348413
39347950
39347569
39345924
39345247
39345722
39346305
39344030
39340186
39345852
39349075
39340979
39340086
39345929
39340313
39348921
39342822
39348940
39345655
39348638
39349869
39347759
39346144
39345542
39349178
39348936
39349616
39346227
39347787
39349514
39345793
39345537
39345214
39349009
39348297
39344070
39344349
39346733
39346237
39347319
39345575
39344053
39340744
39348723
39340283
39345723
39347855
39342658
39347762
39349273
39340966
39347268
39347594
39349619
39342768
39349717
39346990
39348474
39342902
39345996
39340867
39340394
39348142
39340069
39342965
39349085
39348510
39342589
39345565
39340311
39342304
39349901
39345496
39346479
39347842
39342143
39347469
39348783
39344221
39345022
39345825
39340095
39346571
39348058
39342680
39345526
39347493
39346327
39347741
39348397
39345627
39349661
39348651
39345066
39345867
39340874
39349600
39344204
39348849
39345628
39340551
39345532
39348793
39349577
39346550
39347505
39349620
39340277
39348870
39342192
39348668
39346472
39345369
39349810
39340168
39340482
39346114
39345311
39342794
39348311
39342514
39346145
39347193
39348968
39340978
39347671
39344241
39345053
39344144
39346310
39348338
39349927
39340274
39346269
39347007
39346423
39345161
39345591
39345476
39344210
39349239
39340674
39342379
39349794
39342898
39347237
39349521
39342780
39342057
39340233
39348042
39348407
39345086
39349157
39349170
39345138
39348101
39346406
39342032
39346243
39347031
39348083
39340156
39345406
39348130
39348767
39345642
39345862
39348713
39340816
39349770
39345347
39349679
39348759
39344275
39348224
39347967
39347678
39347020
39340946
39342644
39345289
39340580
39347235
39342796
39345851
39347595
39345186
39346558
39342190
39348499
39346013
39340571
39344341
39349092
39342350
39347909
39347030
39348633
39344250
39348422
39342876
39342845
39342125
39345480
39347724
39346300
39346896
39346017
39346740
39344157
39342504
39349490
39349973
39347761
39346020
39348280
39348038
39345049
39347264
39349745
39347991
39345539
39349210
39349144
39342957
39349898
39346817
39349756
39345299
39348041
39347587
39347005
39345974
39345130
39347557
39347280
39345336
39347333
39345978
39345699
39347905
39348716
39344119
39349213
39342561
39349501
39345782
39349159
39345436
39349659
39348646
39348075
39340891
39348471
39340869
39349199
39348301
39347764
39346760
39348229
39345685
39342862
39345903
39342667
39340337
39347114
39344019
39344136
39348692
39344199
39348389
39342073
39347035
39340480
39345660
39349786
39348851
39345101
39345015
39348981
39347808
39347364
39340972
39347941
39347860
39346787
39346823
39347056
39342722
39348916
39348139
39347816
39348844
39348925
39349194
39345273
39346099
39340137
39347863
39347832
39346155
39342390
39340865
39344152
39348198
39340538
39340053
39347537
39346815
39345224
39347065
39340378
39345687
39346666
39347262
39345012
39346580
39346627
39345888
39348306
39347935
39348245
39346399
39340536
39347252
39340164
39348769
39349791
39340634
39344215
39344069
39340528
39340172
39346584
39349664
39340926
39347777
39347945
39342726
39340531
39344175
39342150
39346018
39345318
39346090
39345134
39346723
39348853
39345434
39349935
39346961
39347510
39340096
39346022
39347800
39348540
39340913
39345388
39345064
39340408
39342673
39346165
39340242
39340676
39346069
39345090
39349188
39348843
39345616
39340495
39342326
39340287
39345228
39346238
39344386
39346602
39342555
39349827
39342614
39348394
39348850
39346708
39340834
39344261
39344101
39340059
39347561
39342013
39345902
39346709
39340939
39347893
39349813
39340883
39342703
39349101
39345820
39347585
39340383
39346763
39347830
39349918
39342848
39348228
39348778
39348002
39344037
39344289
39349466
39342159
39340468
39347131
39348656
39348806
39347619
39348348
39346301
39349820
39347926
39347655
39346977
39349978
39348973
39344161
39347919
39347355
39345030
39349940
39346948
39344219
39340585
39345906
39348650
39340250
39344125
39348016
39342360
39347337
39348132
39346235
39342003
39346172
39345295
39348460
39349971
39345552
39340962
39342319
39348985
39340091
39346405
39348396
39340641
39347403
39346389
39344080
39340614
39349511
39345951
39346181
39340557
39346471
39345741
39349981
39340254
39347584
39347189
39342061
39342179
39346771
39346412
39340216
39345821
39342549
39346813
39348782
39349147
39346795
39347450
39348379
39345269
39346127
39345356
39340944
39347356
39342865
39342087
39346364
39340995
39345529
39345275
39342925
39348800
39349828
39347304
39340504
39344251
39347249
39342144
39342966
39347763
39345850
39340677
39344382
39347593
39348624
39348322
39349847
39347239
39340237
39342365
39340119
39347694
39340457
39348655
39347791
39346515
39349721
39347019
39345767
39348427
39348591
39346829
39344040
39346612
39342336
39347822
39340729
39345367
39345121
39347819
39345957
39342101
39344260
39340690
39346678
39349241
39347487
39346821
39347284
39342359
39340581
39340918
39345332
39347192
39347544
39345309
39345158
39346374
39347317
39345971
39345650
39340693
39342696
39347898
39342545
39349185
39346589
39349285
39344005
39348519
39349219
39349606
39346502
39349870
39342038
39340396
39346773
39346373
39342985
39340162
39345768
39345119
39340179
39349198
39349464
39347884
39347323
39340804
39349627
39348365
39349074
39347018
39340590
39345892
39346517
39349695
39346556
39348238
39340112
39340235
39344346
39345567
39345986
39347772
39349637
39347367
39346316
39345413
39349265
39345302
39346189
39344218
39346866
39345401
39345050
39344074
39345663
39342335
39340759
39342639
39348746
39348147
39348553
39347642
39340739
39348409
39340572
39348240
39347994
39347583
39342881
39346682
39347635
39347026
39348862
39340067
39340646
39340340
39349460
39344081
39340657
39348465
39345584
39346790
39345810
39349233
39340855
39347227
39345843
39344076
39345744
39345920
39346631
39342990
39345183
39345028
39342785
39340316
39349686
39345396
39340509
39348459
39340577
39347697
39347781
39347970
39348674
39346383
39347391
39342637
39342140
39345725
39342302
39346530
39345349
39348563
39348689
39349581
39342363
39347795
39344072
39349493
39340306
39340813
39348523
39349944
39347590
39344252
39345553
39342712
39342380
39340100
39340928
39346832
39346644
39348344
39348097
39346685
39345763
39348803
39347891
39348675
39349531
39345264
39342954
39347010
39345069
39342904
39346141
39349914
39349277
39342630
39342317
39340726
39346811
39345834
39347996
39346676
39340338
39347506
39349645
39347925
39348871
39347947
39346285
39340128
39344084
39340529
39340618
39347755
39346164
39344163
39346386
39347897
39346579
39344233
39344137
39342940
39345859
39347414
39342145
39346884
39344390
39342935
39340245
39348554
39348658
39347785
39345099
39349824
39348637
39342991
39347937
39340807
39347829
39340617
39346735
39345884
39347682
39349478
39345286
39348780
39348090
39346759
39342699
39345165
39349249
39344068
39342707
39348332
39344255
39346078
39340888
39349229
39347302
39348693
39349705
39348325
39346525
39348319
39340473
39342098
39340981
39345530
39342083
39345483
39346179
39344208
39348512
39349697
39348699
39342738
39340077
39344116
39340425
39346662
39347914
39340382
39342988
39345156
39347423
39346077
39348074
39345018
39347457
39347939
39349145
39340497
39345021
39342191
39340806
39347315
39346494
39342660
39348223
39340080
39342579
39346776
39346030
39345133
39347277
39344077
39348448
39348450
39349787
39344061
39349629
39348909
39340083
39347359
39349628
39344083
39347360
39345857
39345125
39344034
39348036
39349755
39340428
39342615
39340856
39349516
39340239
39346791
39349107
39340493
39348845
39347955
39346507
39348733
39348753
39342669
39345894
39342982
39345832
39340261
39348872
39348116
39346074
39342041
39346629
39342916
39346320
39342682
39348642
39345595
39347233
39347888
39347676
39346825
39342980
39347288
39340319
39348072
39346306
39342826
39342391
39342355
39345102
39342362
39346102
39345689
39342531
39348088
39349071
39342694
39340198
39342924
39340853
39347286
39347488
39347910
39349652
39348343
39348169
39347363
39340185
39342092
39347508
39345408
39346665
39340938
39347332
39340276
39346217
39342896
39345928
39340224
39346590
39345501
39347630
39345475
39346436
39349504
39347890
39347716
39345778
39342697
39342180
39348562
39345078
39349117
39346066
39348958
39346516
39345653
39348305
39346864
39346805
39345035
39348411
39344032
39346363
39345357
39349469
39342025
39345890
39347921
39340818
39345235
39348520
39345749
39346893
39342146
39348056
39342115
39345720
39349529
39342100
39345038
39348369
39348678
39345263
39342392
39342847
39348859
39340176
39348640
39346477
39345669
39349523
39345860
39346470
39340983
39346008
39346555
39348762
39347864
39344192
39342653
39349169
39346789
39340342
39345905
39347599
39349660
39347226
39345970
39347480
39348236
39344117
39347997
39348435
39340227
39340785
39348828
39348949
39348040
39347238
39348522
39342721
39345089
39346028
39348020
39340481
39347984
39349718
39349215
39349761
39349668
39345658
39346838
39347880
39348652
39342553
39348785
39348825
39347839
39342811
39340774
39347673
39345869
39346514
39342946
39342945
39347102
39344388
39342800
39345433
39349447
39340719
39348279
39340612
39346336
39348587
39347410
39340279
39349235
39342706
39340097
39346413
39345945
39345670
39340467
39348329
39348106
39342564
39342648
39345215
39348430
39346325
39340104
39342541
39342933
39340902
39347990
39347916
39349724
39348792
39345977
39347826
39347502
39347565
39342165
39347132
39345791
39346672
39347099
39345394
39347701
39342775
39348252
39349583
39344224
39349596
39347503
39346856
39340899
39347920
39348235
39349287
39349941
39348701
39344011
39345506
39348797
39345648
39345441
39348467
39346726
39346419
39345570
39346505
39348928
39344006
39346173
39345946
39348912
39344042
39340518
39342393
39344010
39346537
39344229
39342571
39347475
39340975
39347009
39344156
39345958
39348799
39349534
39342709
39345236
39347693
39349077
39347473
39340157
39349445
39340475
39342586
39342535
39345672
39342672
39346027
39342809
39347609
39340745
39340512
39348496
39346249
39344269
39347439
39348737
39347668
39346064
39345340
39342343
39344168
39347934
39348368
39349163
39345976
39342665
39340194
39348476
39346695
39344050
39346542
39349062
39345429
39348529
39340971
39349727
39345999
39340092
39347952
39349088
39349669
39342789
39345751
39340367
39347067
39346887
39348247
39342511
39349561
39342671
39346475
39342664
39349462
39347042
39345184
39344159
39348565
39345495
39342889
39348618
39349070
39347560
39347231
39344209
39346512
39346889
39345649
39346076
39340570
39349574
39349197
39346852
39348068
39348663
39340082
39347064
39347924
39346521
39347467
39342333
39346721
39344093
39342913
39346220
39340120
39345646
39345422
39340167
39342659
39340222
39345568
39344347
39348381
39347448
39342154
39340889
39348215
39347134
39342643
39345585
39348258
39345887
39340685
39348688
39347835
39340541
39344118
39342964
39348795
39344381
39346835
39348237
39342967
39344170
39348087
39342160
39346212
39346797
39348639
39346233
39345582
39346345
39346618
39342156
39340558
39344102
39345219
39342716
39349537
39347717
39346836
39342152
39340537
39346476
39346519
39348720
39346586
39346720
39348866
39340986
39342778
39348158
39347353
39340809
39342113
39347695
39348525
39348752
39346276
39345937
39340158
39346775
39347069
39349873
39347396
39345770
39345048
39347094
39345339
39348626
39346882
39347799
39346252
39347861
39345525
39340659
39349517
39346561
39345520
39340994
39345039
39349458
39345122
39349473
39346716
39345085
39340704
39346333
39348965
39346185
39342054
39340114
39342798
39340935
39347110
39346617
39346668
39348214
39346170
39342055
39347464
39342069
39347806
39340407
39345043
39345921
39346599
39348784
39345415
39347981
39340812
39349779
39349593
39346673
39340711
39348735
39342089
39345875
39347446
39348453
39346403
39346387
39342582
39349176
39347393
39342135
39346634
39345298
39346606
39347098
39345933
39348173
39349947
39348405
39348183
39346421
39340398
39345856
39347547
39348285
39342769
39349599
39347462
39346375
39346652
39349666
39340546
39345536
39348766
39347074
39347689
39340848
39347734
39340633
39340523
39345166
39349866
39340710
39345605
39345952
39345439
39348479
39342756
39340515
39346148
39348272
39347688
39347335
39348566
39345352
39349957
39344025
39347465
39348066
39348069
39348771
39347244
39347002
39345333
39348824
39348181
39345442
39348328
39342030
39340217
39349846
39340169
39345739
39346774
39340070
39348821
39342863
39345437
39348535
39347491
39346057
39345788
39348567
39340648
39344173
39348403
39347575
39345213
39346264
39348933
39348570
39346869
39340669
39348657
39346799
39348230
39346031
39347812
39340395
39347790
39342705
39349684
39348715
39347973
39348546
39340903
39345882
39349816
39345644
39349154
39347954
39345623
39347397
39345071
39347281
39342838
39348578
39348095
39340145
39346749
39342065
39344342
39340823
39340146
39340314
39346337
39344113
39346964
39346365
39348273
39346414
39340696
39342850
39340300
39349720
39349712
39342163
39349916
39340478
39348852
39345499
39347495
39349275
39346683
39344287
39347663
39346874
39348741
39348585
39346012
39340003
39340586
39340997
39346754
39346390
39346073
39346614
39347474
39340251
39349543
39340151
39345864
39347999
39349683
39346501
39345257
39342594
39342851
39340232
39346398
39345528
39346438
39345155
39344180
39345010
39346989
39346234
39342844
39342188
39345297
39347128
39342500
39342194
39345993
39340215
39342137
39349613
39347844
39342640
39349809
39347357
39342956
39348875
39346894
39342313
39347291
39349050
39348190
39346679
39346096
39340050
39345431
39340912
39347104
39342598
39345154
39340111
39348902
39342885
39340263
39346231
39348890
39349893
39347754
39340345
39348135
39345609
39349067
39345593
39346350
39340129
39340778
39345560
39348572
39349767
39347836
39344236
39340118
39348975
39348257
39345973
39349715
39340905
39348573
39348543
39340722
39340714
39348798
39347330
39346362
39342565
39347624
39345956
39346830
39344187
39348805
39349055
39348444
39345398
39346891
39345805
39346671
39347059
39340937
39342814
39342825
39348134
39347640
39347349
39347496
39346717
39345682
39347977
39346744
39344131
39340858
39342795
39347036
39344038
39348721
39347821
39340123
39344256
39345456
39346015
39348102
39348770
39348264
39346032
39349155
39349532
39340940
39345764
39344384
39342012
39342349
39347017
39346712
39349985
39347965
39347543
39349212
39346834
39342921
39346040
39345592
39347824
39342841
39345944
39340761
39345572
39348030
39348210
39345803
39348867
39342369
39345759
39348837
39349943
39349542
39346780
39348045
39349790
39340752
39347531
39340370
39349083
39340689
39345276
39346210
39345031
39340413
39345063
39345622
39345088
39347079
39345776
39347643
39348098
39340065
39340188
39345046
39342035
39346490
39348917
39342323
39345244
39345717
39345688
39346351
39345230
39340927
39347416
39340668
39342169
39347392
39348250
39346638
39344216
39340862
39342859
39340863
39342126
39345075
39344088
39344027
39345817
39340380
39342102
39340658
39340795
39348445
39340857
39349231
39347250
39346319
39347516
39346868
39347138
39349189
39347801
39340775
39347499
39342782
39345304
39347886
39344031
39347107
39340679
39349801
39346051
39347659
39345447
39342719
39347459
39342114
39345780
39340882
39342385
39346254
39340181
39349823
39344100
39346313
39345715
39340827
39345405
39342736
39346807
39348627
39345380
39349825
39346751
39345246
39340056
39344143
39346160
39346117
39346133
39342927
39348287
39346344
39349283
39340510
39342330
39347087
39344295
39347276
39345221
39345023
39340243
39347456
39346949
39348378
39346397
39349766
39348456
39342108
39346355
39345724
39347631
39346585
39340798
39340920
39342642
39342034
39342076
39348162
39344041
39348722
39348431
39345355
39348314
39347325
39345617
39347922
39349284
39345979
39344023
39346855
39345243
39349271
39345489
39340368
39340990
39347681
39345095
39345840
39345227
39344293
39346981
39347080
39346289
39340090
39345750
39346265
39342611
39344190
39347073
39349053
39349635
39340005
39340919
39346604
39345963
39345120
39345305
39348982
39349890
39345474
39348868
39345326
39345936
39340715
39342717
39348176
39349655
39342870
39348160
39349785
39347515
39346224
39340705
39340424
39342151
39349792
39342944
39348288
39340682
39346635
39340548
39342376
39340923
39346713
39345661
39347666
39345625
39347113
39342560
39342996
39344222
39346848
39346982
39347555
39349942
39344258
39342807
39348776
39347305
39349625
39344123
39344049
39347240
39348736
39345410
39349173
39349091
39347639
39348266
39346980
39347217
39347943
39342773
39347871
39342028
39346184
39348822
39347437
39349753
39342173
39344238
39348641
39349709
39342062
39346988
39342005
39345954
39348437
39342501
39348691
39340849
39348935
39342655
39340644
39340639
39348953
39347259
39340851
39342750
39349506
39340742
39347720
39342813
39347612
39344018
39340507
39349150
39346681
39347644
39346646
39342713
39346081
39349653
39346974
39340286
39346044
39342829
39340343
39342064
39346770
39342043
39342329
39345845
39342058
39345697
39340249
39340601
39349549
39349242
39342952
39342053
39340106
39344108
39340885
39340267
39345556
39349479
39342662
39347803
39346432
39349569
39348099
39340839
39347436
39346591
39340989
39347381
39340089
39349845
39345459
39346601
39348833
39340522
39347295
39340177
39345965
39342897
39346229
39349602
39342011
39346619
39346804
39340547
39345468
39340727
39346110
39347638
39340323
39346315
39347520
39340671
39346527
39345255
39342760
39340423
39346755
39345577
39346520
39344195
39346334
39340535
39347957
39345412
39348986
39340456
39346287
39340506
39340842
39348251
39342040
39342301
39344141
39345279
39340381
39345321
39345242
39345178
39346785
39345837
39340170
39347039
39347614
39340925
39345777
39349953
39348292
39348698
39347969
39349281
39340910
39347309
39340400
39348796
39349822
39345694
39340861
39345858
39344095
39348220
39346876
39345185
39349179
39347865
39349814
39344112
39349520
39345620
39346562
39346772
39348370
39344171
39345260
39348835
39342524
39340357
39340543
39348112
39342936
39344047
39348309
39347660
39344140
39342887
39345679
39346353
39348951
39347636
39348249
39348541
39346588
39349557
39348188
39342972
39348888
39345889
39347625
39345535
39345651
39344387
39349851
39345940
39348571
39345169
39345325
39348461
39344294
39346718
39349701
39348093
39346670
39347428
39342196
39345667
39348536
39346541
39346628
39344290
39344206
39344227
39347815
39348963
39342744
39340406
39345479
39345341
39345107
39346865
39346162
39346620
39346043
39346429
39346221
39348775
39347345
39342399
39347401
39344063
39340141
39345383
39347904
39349465
39340898
39348881
39342849
39348044
39347793
39348393
39347856
39340568
39345374
39349237
39344243
39347191
39346384
39340984
39348669
39340503
39347181
39340769
39345027
39344223
39349470
39345330
39345338
39346100
39346308
39340173
39345331
39348683
39348556
39340684
39348899
39347769
39342141
39349796
39340737
39340078
39349704
39345987
39346640
39345809
39342523
39345372
39340728
39347455
39340534
39348754
39345417
39346600
39346042
39346122
39346382
39349149
39340247
39346409
39340532
39345871
39340977
39349527
39342373
39348439
39346663
39348029
39342788
39342121
39344114
39348281
39340878
39349113
39346613
39345112
39348126
39349626
39348755
39348276
39347482
39342094
39340390
39340864
39347971
39349575
39340660
39347827
39349900
39342879
39347805
39340388
39340781
39349603
39342525
39345428
39342044
39342547
39349888
39348278
39348043
39342368
39348052
39340321
39346690
39340280
39346959
39340213
39349220
39348454
39344085
39349884
39348710
39340645
39340349
39340786
39345941
39342166
39348120
39346240
39342872
39346152
39349871
39345117
39344267
39348270
39342187
39348702
39348340
39346083
39345600
39348163
39342695
39345883
39347135
39345574
39347571
39349151
39349930
39342740
39340914
39347421
39348342
39345303
39345583
39345144
39347225
39346518
39342607
39345692
39347857
39347417
39345668
39345472
39349841
39349960
39348302
39342006
39340002
39347615
39340409
39342986
39340746
39346957
39348304
39345814
39347548
39349798
39349632
39347794
39347976
39348517
39342808
39348111
39346493
39345815
39340892
39345068
39340455
39345328
39346060
39348865
39349757
39349181
39349807
39348708
39340930
39344029
39342683
39342506
39346594
39347198
39340963
39347243
39340236
39346965
39349725
39348420
39348091
39344134
39349601
39347352
39340757
39347607
39349095
39342745
39349168
39342638
39349568
39346435
39345457
39348956
39345733
39344054
39347230
39346881
39344383
39342909
39347580
39347127
39348307
39346072
39342792
39347322
39345635
39349897
39348807
39347782
39346251
39344214
39344073
39346689
39348113
39345955
39340630
39345151
39344133
39348104
39342884
39348425
39348121
39342387
39345316
39349714
39345558
39345233
39345004
39340797
39342532
39340483
39349639
39348955
39342799
39346783
39345766
39346758
39347379
39346108
39346769
39348744
39348017
39340452
39349078
39346972
39349749
39342079
39348191
39347998
39346138
39340426
39349509
39340820
39345164
39344273
39340105
39346877
39349646
39345494
39347260
39345774
39340305
39346730
39342367
39346547
39346411
39342743
39345361
39345250
39345307
39342646
39340101
39345074
39345790
39346872
39345612
39346496
39342632
39349579
39340909
39349657
39342130
39346845
39342842
39340419
39347387
39340256
39348255
39347634
39346339
39345245
39347662
39342715
39348442
39347489
39345465
39345913
39340545
39340578
39340492
39347106
39349538
39345799
39340000
39345881
39346657
39347550
39340307
39342803
39342612
39349103
39340384
39346428
39347814
39346757
39345808
39346711
39346779
39348773
39345225
39349454
39344033
39340973
39346418
39346880
39342833
39348582
39342663
39346116
39349515
39347374
39347195
39345846
39345351
39348159
39347581
39340661
39347346
39347654
39348398
39349958
39345638
39340594
39349682
39340411
39342739
39340099
39348873
39347117
39342984
39345619
39348696
39347675
39349008
39345153
39345772
39348386
39347875
39342606
39345873
39346984
39346437
39349976
39346812
39349752
39346318
39342871
39345599
39349268
39342139
39348182
39347696
39348826
39349279
39349090
39342195
39340556
39349512
39345223
39345014
39346560
39349663
39340113
39344285
39348267
39345559
39344028
39349589
39345785
39349908
39345818
39345291
39340379
39342869
39346326
39342008
39349896
39344044
39340709
39342948
39346992
39342698
39348961
39347440
39347415
39347901
39342171
39349830
39342542
39345503
39347311
39346693
39345281
39340302
39346615
39340942
39347900
39347096
39342396
39348959
39346268
39345020
39346768
39340844
39345807
39347878
39348885
39345124
39349758
39349867
39340965
39348727
39340134
39345828
39349672
39348945
39349776
39347003
39346598
39347536
39347985
39342920
39348896
39348685
39340303
39347956
39347398
39342725
39342864
39340821
39344253
39349710
39349903
39340713
39347525
39342932
39345784
39348518
39340763
39348080
39346070
39342998
39342678
39348146
39345995
39347975
39348538
39342652
39347725
39349555
39345802
39345949
39346535
39340530
39347885
39345571
39342161
39342120
39340093
39349892
39345675
39346826
39340282
39348930
39340140
39349671
39349667
39340895
39342819
39349495
39342576
39342758
39347481
39344057
39345378
39348408
39346743
39344130
39345538
39345598
39340627
39342009
39346062
39342305
39344039
39347906
39340582
39346166
39340575
39347539
39347735
39342857
39342153
39347874
39340607
39349500
39344232
39347526
39349795
39345569
39346115
39342806
39349190
39346664
39347358
39342983
39340260
39347841
39340943
39345131
39348718
39345823
39342997
39349954
39345915
39345393
39342178
39346777
39349580
39348221
39349161
39345827
39340539
39340922
39347133
39346045
39346849
39342654
39348670
39347589
39349463
39342129
39348117
39340906
39347077
39346338
39345460
39348003
39346278
39340414
39349217
39340998
39340791
39345073
39349907
39347257
39349573
39340351
39340489
39342976
39349474
39340688
39348466
39345047
39345594
39342027
39340187
39346538
39347426
39346508
39342689
39347372
39342994
39348664
39348464
39347438
39348758
39347691
39348021
39344189
39345098
39340908
39347095
39342781
39340109
39348810
39340150
39345362
39342045
39345211
39344051
39345238
39342378
39347084
39349821
39347646
39342974
39342978
39342022
39346850
39347000
39342078
39346985
39349780
39347738
39345432
39345962
39348449
39342755
39346952
39345329
39340366
39349223
39342519
39342774
39344036
39347038
39340171
39345801
39347942
39348927
39340647
39342710
39345601
39347187
39342303
39346214
39346101
39349815
39340464
39349119
39344298
39345855
39349746
39349881
39346973
39342786
39340974
39348410
39345278
39348077
39346545
39340718
39346636
39346128
39348244
39348032
39342949
39340969
39340102
39340833
39342132
39347441
39347605
39346079
39340212
39345444
39344286
39346650
39345680
39346130
39346134
39342124
39349938
39340355
39346011
39349245
39342047
39345137
39345838
39342677
39344082
39340362
39342337
39346574
39345647
39348019
39344288
39346610
39340339
39346312
39349764
39346052
39348300
39342961
39340982
39347809
39346314
39342570
39347424
39347274
39342704
39348653
39346753
39349221
39348555
39348195
39348738
39346788
39347877
39345108
39340825
39347774
39340526
39340009
39345899
39347972
39345566
39345853
39349706
39346573
39347517
39344212
39345141
39349831
39345604
39348277
39346236
39348468
39345034
39345833
39345497
39346131
39348983
39342010
39346226
39348882
39340850
39348248
39349891
39346182
39346827
39342077
39348690
39340777
39342001
39340270
39348883
39346153
39345077
39342533
39348903
39340265
39342338
39345426
39340389
39349086
39347966
39348018
39349618
39346046
39349674
39342915
39342860
39340386
39347256
39347765
39340750
39344240
39349546
39344207
39346006
39348256
39349722
39340613
39344242
39340796
39346149
39347579
39342588
39340754
39346854
39348590
39346587
39340701
39345879
39342771
39348580
39340592
39348551
39345844
39345564
39346014
39340836
39345947
39349917
39342650
39342791
39349649
39345901
39345664
39342910
39345168
39346987
39345248
39348429
39347211
39346331
39347461
39346536
39349114
39347483
39346139
39346420
39340088
39348216
39342116
39348654
39340776
39347234
39345256
39348284
39342384
39348320
39347968
39348107
39349630
39345300
39346524
39347214
39348109
39342019
39347435
39349240
39347804
39342711
39342628
39347390
39340792
39347093
39348889
39342096
39348842
39347699
39347270
39342752
39342371
39347265
39342320
39345712
39349789
39349230
39340881
39348404
39348589
39342761
39340189
39342016
39340819
39347108
39346330
39349838
39346725
39348772
39345397
39344291
39349886
39346792
39345381
39347838
39349956
39345395
39349211
39345055
39344188
39348428
39347833
39346810
39347719
39346019
39342790
39342307
39346010
39342522
39340597
39347242
39346570
39349934
39340404
39347407
39342138
39349771
39347637
39340180
39346279
39340758
39340993
39347974
39346009
39344094
39340450
39346024
39347404
39349906
39340622
39349889
39346745
39345606
39348064
39346177
39345181
39340695
39346596
39347034
39346039
39345322
39346378
39347293
39340402
39340385
39342900
39347562
39347025
39347033
39349877
39342539
39342172
39342730
39340427
39340765
39346094
39345152
39348705
39349650
39346132
39340393
39345629
39345387
39345634
39345420
39340692
39342801
39349605
39342348
39349784
39345113
39345081
39345831
39348900
39340229
39340322
39348765
39345379
39340576
39348054
39342886
39344045
39348383
39347932
39347923
39345942
39342741
39347852
39347287
39345212
39344257
39344182
39345876
39349186
39348070
39340933
39347936
39340550
39346085
39342300
39348726
39346986
39346360
39348168
39349849
39347115
39345231
39347938
39344035
39347361
39348791
39347989
39345458
39342597
39348777
39345451
39348050
39347758
39347463
39345641
39349691
39345462
39348161
39348527
39346883
39344060
39347279
39346818
39349572
39344165
39347780
39349728
39349232
39342167
39340814
39346781
39342357
39345301
39348293
39349597
39348768
39342551
39342127
39348035
39349924
39340934
39348619
39349244
39344016
39346554
39347116
39349541
39349586
39346995
39342060
39345467
39346093
39342521
39344091
39346263
39347451
39345234
39344274
39345277
39349164
39348820
39349959
39349187
39342873
39347486
39349278
39348374
39346803
39348390
39344220
39345918
39348858
39340375
39342939
39349811
39344008
39348625
39345430
39347528
39345343
39348846
39342176
39349731
39347944
39349158
39347123
39349505
39345836
39347718
39349636
39340605
39348376
39346742
39345375
39345713
39346056
39348092
39346003
39346118
39340514
39342691
39348515
39348941
39346837
39349544
39349905
39345363
39348079
39347887
39345590
39345177
39340138
39345909
39346169
39342831
39346639
39349812
39349451
39340387
39346302
39344167
39348659
39348406
39340336
39342018
39345466
39340469
39346415
39349594
39348559
39345180
39349979
39346890
39345182
39345296
39340485
39342502
39340992
39346967
39344109
39340273
39347953
39349175
39347158
39346513
39345588
39342895
39349251
39347122
39349607
39340832
39344104
39346036
39349775
39342666
39345611
39346647
39345562
39340749
39342894
39345662
39346737
39342358
39346340
39342029
39345482
39347070
39342764
39342749
39340174
39348884
39345608
39342112
39346871
39348127
39340234
39340061
39349530
39340866
39345579
39342912
39345229
39345267
39348149
39342345
39348426
39347566
39348898
39345016
39340149
39349548
39345982
39345216
39346034
39340907
39345587
39348347
39342732
39342686
39344254
39347091
39348788
39349829
39349076
39342004
39342046
39348421
39340498
39345421
39349097
39346960
39342331
39346147
39344097
39346400
39344086
39349195
39348039
39340193
39340055
39344245
39347721
39347081
39348373
39340760
39345455
39345000
39348878
39348914
39348170
39349793
39342633
39340725
39346361
39340182
39340735
39347312
39347745
39349539
39347656
39348745
39348222
39340743
39346875
39344265
39348470
39340794
39342718
39349116
39348950
39346262
39344344
39346806
39346352
39345006
39349152
39349056
39349111
39349879
39347702
39344193
39346888
39345136
39349932
39347454
39340574
39346509
39344078
39349915
39340555
39346630
39340405
39347331
39346532
39348303
39342977
39349565
39342133
39348375
39345898
39340516
39345052
39347350
39348441
39349687
39346968
39347507
39347318
39345554
39347139
39342136
39342332
39342685
39348530
39349980
39340062
39345360
39346611
39346651
39348062
39342312
39349868
39345931
39347061
39346511
39347534
39346035
39349675
39348894
39349595
39345079
39347847
39345500
39344401
39345787
39345654
39342604
39347504
39340401
39345390
39340399
39340087
39346746
39347222
39349696
39342601
39347730
39349068
39346248
39345830
39342590
39346275
39349089
39345886
39340911
39346648
39347756
39346674
39342318
39349005
39347266
39348385
39346956
39340702
39346765
39349592
39348261
39340803
39349475
39347573
39346245
39344056
39348756
39348751
39348472
39342361
39345337
39340780
39344166
39342071
39340057
39342395
39342023
39349837
39348811
39348165
39342593
