3712554
3712284
3712555
3712211
3712281
3712061
3712272
3712519
3712450
3712013
3712327
3712214
3712774
3712756
3712065
3712515
3712753
3712063
3712066
3712513
3712015
3712551
3712778
3712550
3712755
3712208
3712740
3712411
3712750
3712779
3712552
3712014
3712217
3712215
3712742
3712770
3712071
3712773
3712466
3712433
3712206
3712016
3712320
3712752
3712010
3712330
3712757
3712510
3712512
3712516
3712257
3712366
3712011
3712741
3712587
3712488
3712064
3712744
3712743
3712460
3712212
3712553
3712322
3712772
3712068
3712219
3712069
3712283
3712017
3712424
3712213
3712775
3712477
3712210
3712259
3712900
3712251
3712012
3712399
3712588
3712748
3712377
3712307
3712422
3712754
3712776
3712727
3712205
3712771
3712518
3712060
3712420
3712355
3712746
3712311
3712337
3712218
3712300
3712440
3712216
3712745
3712758
3712455
3712759
3712062
3712347
3712747
3712209
3712749
3712514
3712751
3712019
3712207
3712250
3712586
3712517
3712252
3712442
3712388
