3712867
3712575
3712941
3712646
3712634
3712787
3712949
3712561
3712912
3712612
3712571
3712022
3712565
3712544
3712540
3712838
3712627
3712947
3712541
3712943
3712945
3712782
3712948
3712837
3712577
3712869
3712911
3712620
3712613
3712617
3712626
3712028
3712660
3712864
3712839
3712647
3712932
3712927
3712576
3712940
3712543
3712918
3712624
3712656
3712542
3712924
3712201
3712914
3712026
3712781
3712652
3712639
3712937
3712020
3712648
3712659
3712780
3712921
3712866
3712785
3712946
3712619
3712730
3712623
3712024
3712568
3712569
3712920
3712625
3712635
3712786
3712732
3712023
3712910
3712669
3712657
3712631
3712628
3712622
3712917
3712922
3712610
3712204
3712651
3712913
3712789
3712830
3712942
3712923
3712202
3712658
3712644
3712929
3712919
3712654
3712783
3712661
3712933
3712734
3712572
3712916
3712836
3712938
3712645
3712573
3712548
3712935
3712614
3712834
3712735
3712653
3712611
3712562
3712915
3712563
3712549
3712831
3712667
3712928
3712560
3712574
3712666
3712027
3712567
3712788
3712939
3712662
3712739
3712633
3712629
3712934
3712618
3712733
3712926
3712642
3712547
3712621
3712638
3712615
3712578
3712632
3712649
3712616
3712566
3712784
3712737
3712729
3712868
3712630
3712777
3712736
3712668
3712936
3712203
3712925
3712546
3712564
3712865
3712833
3712944
3712021
3712637
3712664
3712643
3712545
3712835
3712663
3712636
3712832
3712025
3712570
3712665
3712029
3712640
3712731
3712200
3712655
3712641
