3712113
3712246
3712166
3712249
3712168
3712183
3712240
3712877
3712167
3712221
3712229
3712764
3712194
3712876
3712878
3712243
3712100
3712101
3712134
3712157
3712400
3712133
3712121
3712172
3712242
3712132
3712177
3712800
3712870
3712344
3712225
3712110
3712241
3712154
3712872
3712164
3712158
3712801
3712130
3712107
3712186
3712761
3712108
3712175
3712163
3712160
3712790
3712224
3712116
3712114
3712142
3712140
3712125
3712156
3712226
3712124
3712227
3712199
3712196
3712188
3712198
3712180
3712189
3712763
3712161
3712762
3712585
3712126
3712109
3712317
3712804
3712181
3712169
3712144
3712136
3712247
3712139
3712143
3712170
3712722
3712559
3712849
3712128
3712191
3712871
3712581
3712248
3712184
3712129
3712874
3712873
3712197
3712122
3712123
3712879
3712500
3712171
3712153
3712159
3712111
3712178
3712179
3712724
3712222
3712557
3712176
3712223
3712558
3712141
3712288
3712112
3712228
3712117
3712195
3712103
3712802
3712282
3712187
3712173
3712115
3712182
3712102
3712556
3712120
3712104
3712220
3712723
3712174
3712155
3712875
3712765
3712165
3712131
3712766
3712328
3712245
3712244
3712580
3712127
3712760
3712150
