44750891
44796086
44790337
44784771
44794944
44795168
44795758
44794194
44748545
44737667
44795411
44795266
44748542
44750673
44794912
44749403
44750575
44794825
44790322
44737548
44741537
44775849
44737501
44790304
44794313
44749644
44795815
44739825
44790407
44748324
44790844
44796094
44795170
44790427
44749531
44790615
44750862
44753582
44741552
44790800
44790358
44793037
44737543
44796050
44753466
44798396
44775801
44772249
44775789
44780440
44750423
44749442
44793062
44796068
44795147
44798488
44794171
44794787
44780457
44748567
44795668
44757291
44794104
44795083
44748525
44794415
44790847
44749523
44748562
44737589
44749581
44790642
44739900
44794622
44775730
44795064
44748409
44795814
44798286
44775738
44772200
44795798
44798291
44795199
44753985
44749568
44796036
44798596
44772226
44798566
44748410
44737565
44796199
44772202
44798131
44790384
44795735
44749604
44795002
44790624
44796030
44795721
44795821
44794166
44795243
44794600
44790436
44750893
44795067
44790875
44749618
44790343
44793005
44795894
44794964
44748454
44793287
44780644
44749672
44796155
44798433
44741540
44780635
44794982
44794381
44749589
44753982
44737562
44753419
44753496
44798617
44795797
44791039
44739816
44798336
44748543
44737694
44796098
44737509
44791053
44798665
44741574
44794704
44798217
44795037
44790325
44748419
44798223
44772268
44796170
44749586
44795085
44790458
44737763
44794038
44796172
44798651
44794952
44796078
44748307
44794404
44790386
44798183
44750880
44775892
44794181
44780420
44795244
44795144
44748437
44791092
44795689
44794850
44737729
44798151
44795060
44757279
44749402
44796051
44795020
44741589
44794620
44750480
44753465
44798644
44737529
44748387
44798420
44798440
44741561
44794188
44775804
44798477
44796220
44750707
44749658
44796201
44794302
44793030
44749584
44750762
44795671
44753498
44794154
44790353
44739915
44737767
44794388
44749450
44780432
44795777
44794899
44739940
44790638
44749792
44795715
44749532
44796245
44798382
44748577
44737551
44798465
44795625
44794790
44795653
44795719
44749626
44757209
44795755
44798118
44794632
44795709
44794387
44795162
44795723
44795175
44750670
44753592
44739893
44748416
44798562
44790858
44795022
44749423
44790334
44790392
44749641
44790609
44748754
44795803
44748500
44793992
44753977
44739943
44753944
44775712
44791384
44795872
44748381
44798594
44749643
44796055
44795046
44794039
44784789
44749695
44748723
44750499
44795611
44737531
44798682
44798670
44793283
44749464
44753952
44794956
44775881
44790816
44790397
44739838
44795214
44753497
44794648
44780460
44795724
44780492
44794605
44795700
44794371
44796364
44790406
44795733
44795100
44750873
44749520
44791395
44790338
44748750
44780416
44791335
44737640
44753448
44748394
44790479
44791070
44798437
44775842
44791372
44749649
44798521
44791401
44798431
44750636
44780497
44798684
44749570
44795628
44790371
44794317
44753551
44750748
44795123
44750611
44739850
44798361
44750710
44757250
44749472
44753980
44790347
44795751
44737727
44748397
44737547
44796232
44794406
44790330
44750623
44798107
44795137
44749652
44795870
44750584
44793961
44790627
44750650
44794702
44753885
44748775
44791469
44749759
44793080
44750754
44790471
44791452
44794797
44793069
44795118
44795837
44798221
44793068
44757265
44753901
44796180
44739867
44757262
44795026
44794423
44750520
44790828
44750856
44794127
44795612
44793998
44798404
44794412
44791022
44790864
44793295
44739948
44741535
44790468
44795409
44795238
44790829
44748547
44790681
44772291
44753915
44748541
44795846
44790693
44793039
44750628
44798578
44750509
44748544
44791082
44749707
44793027
44790432
44794186
44795263
44794234
44750589
44795414
44794390
44750791
44796335
44795098
44793042
44748770
44795230
44794718
44790871
44737692
44780693
44798136
44784713
44750779
44749406
44796011
44757274
44795262
44795063
44794054
44798339
44798556
44737707
44794197
44795186
44750851
44795270
44775710
44798557
44794879
44750415
44750525
44794832
44775896
44790306
44794051
44739877
44737513
44750809
44749580
44748344
44791436
44790423
44794665
44790434
44750617
44795151
44750805
44795049
44796097
44795649
44737579
44753460
44796145
44794272
44794848
44749758
44753418
44748787
44798629
44794710
44795157
44795172
44798600
44795858
44795071
44737703
44793984
44739931
44749671
44737608
44796202
44791081
44798363
44750627
44772293
44794611
44750644
44749514
44749567
44798514
44784781
44796144
44795842
44737786
44798481
44798143
44750775
44796045
44794807
44737663
44791494
44795070
44790841
44798357
44772225
44796119
44795851
44790377
44790361
44794364
44790670
44748432
44796059
44796355
44794395
44780671
44753588
44793101
44793985
44790869
44750726
44796174
44748549
44775816
44796120
44793280
44794996
44794677
44795826
44790863
44749473
44794777
44737623
44784723
44775774
44794322
44775856
44741559
44790376
44790893
44741583
44790830
44795193
44798572
44750631
44790317
44750661
44796139
44794868
44798175
44748512
44790817
44796140
44798522
44795623
44749444
44795743
44753524
44798504
44780422
44750694
44798297
44795896
44790620
44796345
44798635
44753580
44737764
44791370
44794013
44753892
44790372
44750490
44796017
44775771
44784763
44780426
44741571
44750777
44748464
44753888
44795126
44794717
44749528
44780453
44794043
44750729
44790811
44798365
44748724
44749574
44780476
44794962
44750751
44750518
44793276
44749664
44794954
44798315
44748383
44795898
44749740
44795620
44791006
44737693
44794301
44796177
44748571
44798350
44798337
44791337
44795206
44750486
44750549
44793288
44790862
44796022
44753413
44795897
44795010
44794413
44749739
44796148
44739881
44793023
44780672
44794839
44750848
44795202
44784746
44749622
44739895
44737745
44794948
44749501
44795845
44737617
44791459
44739844
44749724
44753942
44750632
44798546
44795762
44796195
44793075
44753983
44796254
44748468
44796356
44790460
44794435
44794354
44753964
44772203
44749535
44750649
44798335
44741544
44795048
44794753
44737660
44796185
44794144
44784741
44795177
44790616
44794608
44790625
44798525
44794942
44796156
44798430
44794875
44798435
44791457
44750747
44796186
44794306
44795155
44798116
44795444
44737570
44750705
44795641
44795028
44772212
44790318
44794352
44794351
44794984
44794686
44795033
44794191
44794843
44757205
44784709
44794872
44753499
44739804
44794838
44750668
44795790
44737620
44793241
44795222
44795122
44748426
44750812
44796123
44741553
44791076
44798579
44795655
44739936
44796113
44791380
44753906
44798424
44749414
44794667
44790421
44791408
44790849
44794856
44775776
44791066
44748424
44749611
44757253
44790462
44753509
44784764
44795789
44794627
44749496
44749704
44775711
44750794
44795644
44798417
44775769
44798667
44748339
44748470
44798376
44796167
44780650
44791336
44790683
44749631
44757211
44757238
44743491
44791304
44757234
44796021
44753474
44795484
44794427
44753559
44794139
44775863
44753976
44775841
44750646
44798513
44796048
44749706
44737609
44795675
44791365
44749561
44753435
44780495
44798159
44749751
44750773
44798598
44750731
44795836
44795707
44795452
44791007
44750875
44739859
44743412
44737577
44790465
44749591
44798428
44796160
44748762
44780680
44795194
44749592
44748385
44753882
44794391
44798176
44795181
44775733
44795086
44790316
44794683
44750613
44798445
44775826
44753439
44793981
44750895
44737512
44796112
44753459
44737678
44794111
44795741
44784758
44780443
44795638
44796024
44780696
44741541
44748752
44794342
44798274
44749417
44798260
44796313
44793963
44796222
44748506
44795748
44749635
44757216
44790892
44794939
44798362
44737776
44743422
44737742
44794618
44750555
44784756
44795430
44798573
44790899
44794706
44790459
44753477
44796163
44796368
44798296
44750681
44749467
44749692
44798422
44739904
44795454
44794910
44796327
44772201
44794837
44748514
44753576
44791351
44796128
44798456
44796130
44798567
44795760
44772298
44750790
44798196
44784748
44798340
44798512
44772213
44757215
44793282
44794920
44794071
44798612
44741592
44793031
44798457
44737666
44795403
44750845
44743496
44791075
44795130
44757203
44796074
44750648
44791089
44737658
44794742
44790834
44794336
44794676
44780493
44790307
44749778
44748331
44791072
44794758
44749749
44791078
44798517
44795667
44794651
44798399
44790885
44749549
44790889
44798494
44790310
44753590
44798663
44795093
44739819
44737571
44798278
44753434
44749676
44753928
44793063
44749617
44791398
44793024
44749680
44772292
44750556
44794098
44793293
44737789
44790856
44784766
44749585
44791034
44795274
44793056
44795110
44749432
44772224
44750721
44795056
44743465
44794105
44753544
44790355
44737799
44750855
44794106
44790631
44743431
44795092
44772236
44796018
44795738
44795237
44794762
44739901
44748555
44748411
44790385
44794159
44749503
44775837
44749771
44798695
44748738
44798619
44794949
44753454
44749638
44749426
44784737
44757277
44750716
44794128
44749498
44796007
44794728
44739937
44794986
44790368
44795862
44794928
44748486
44737726
44791027
44790669
44748786
44795148
44741538
44794131
44794840
44793010
44749602
44793267
44795810
44739870
44791403
44749555
44793263
44796138
44793251
44749456
44753567
44795478
44794754
44784718
44790666
44798613
44748553
44794029
44753495
44798640
44795813
44794682
44790381
44753442
44798345
44753417
44753599
44750679
44750498
44794729
44737721
44795802
44798185
44780489
44794976
44790308
44794752
44794724
44794995
44748477
44796398
44737725
44757297
44794738
44753416
44796064
44784751
44793001
44748507
44772232
44753410
44798360
44794929
44739851
44753993
44753429
44748471
44798447
44793299
44794760
44739927
44741573
44795408
44798268
44750842
44798269
44750756
44748482
44793017
44753986
44737685
44794987
44750786
44794033
44753487
44798561
44794819
44749424
44795823
44798230
44798460
44796110
44791004
44739923
44794378
44798541
44757258
44791016
44795771
44753884
44795716
44794118
44798356
44795664
44743468
44784720
44798519
44793254
44737780
44795040
44750793
44790852
44795887
44750657
44749799
44796116
44749511
44795799
44796100
44739871
44737588
44795232
44784759
44741536
44798470
44790896
44795865
44749470
44749476
44795012
44795486
44753914
44749765
44795489
44750782
44750558
44798606
44748729
44743445
44798103
44748743
44753401
44750780
44749596
44750804
44739849
44750769
44795808
44750698
44798571
44739868
44795637
44793094
44753896
44795860
44780609
44798242
44798426
44753403
44780442
44753965
44772294
44748783
44794775
44784795
44794664
44794637
44737664
44775794
44750723
44750874
44739802
44791366
44795827
44780667
44737502
44748725
44737778
44793064
44798661
44749492
44795233
44737511
44791015
44796350
44798115
44795765
44750807
44737719
44795223
44757264
44750633
44772248
44794134
44750598
44749408
44798441
44750674
44749710
44795775
44793246
44739831
44794370
44794089
44794303
44749484
44750853
44794921
44775748
44780661
44749742
44791319
44737777
44794915
44790684
44794007
44794723
44750501
44794028
44798373
44793988
44795861
44793278
44795472
44750758
44794900
44795068
44794740
44749599
44798580
44743486
44795834
44798331
44775725
44748325
44795231
44750822
44748384
44794126
44795764
44795111
44794384
44793274
44791353
44796325
44737564
44757222
44750838
44775700
44798631
44750469
44750640
44749445
44796121
44784774
44798309
44793058
44753910
44737582
44795854
44794751
44749554
44748462
44794616
44794400
44795879
44739814
44750800
44794032
44794156
44737669
44737718
44741550
44793047
44753923
44784780
44794733
44780633
44749459
44794643
44796388
44796184
44793059
44790679
44796066
44750686
44795140
44775791
44793055
44737631
44790649
44794000
44798626
44796230
44737755
44737649
44794680
44749566
44791073
44798190
44798564
44795672
44798369
44796052
44748760
44749524
44750580
44795728
44796020
44793995
44795072
44798120
44748303
44795224
44750836
44753849
44790872
44795697
44749507
44798602
44750492
44739918
44750811
44793022
44780643
44750485
44798636
44794703
44794661
44793071
44795648
44796076
44749666
44750870
44798215
44794108
44757275
44790452
44741549
44795234
44794052
44749418
44749451
44793117
44795770
44790888
44753949
44753955
44794409
44791498
44750814
44795135
44737736
44790472
44794628
44749796
44795816
44749564
44750528
44790380
44748461
44796326
44794004
44796044
44796103
44749776
44795043
44757229
44790880
44795651
44794679
44753506
44794796
44749431
44750515
44753468
44794734
44798533
44795742
44795050
44796031
44750796
44757224
44784754
44795024
44793011
44794722
44795745
44795485
44791038
44796237
44796111
44757235
44750894
44753541
44798677
44798479
44748417
44780450
44737704
44794212
44790405
44790641
44794005
44796242
44791303
44793082
44794362
44793971
44790477
44741594
44784779
44791431
44772267
44795873
44798366
44757261
44794091
44798669
44795866
44793089
44775749
44795066
44749667
44772290
44795747
44795681
44750738
44739952
44795739
44790613
44790367
44798699
44794405
44795830
44749700
44757286
44748326
44750717
44794318
44795089
44780418
44757269
44794073
44798453
44798543
44737550
44784733
44772209
44790435
44775890
44749439
44791310
44794826
44795138
44753505
44753406
44793115
44795116
44749428
44750771
44793271
44737737
44795150
44750482
44739876
44798313
44772243
44791437
44790409
44790378
44790851
44753585
44798576
44795635
44793991
44750808
44795621
44794719
44794321
44753575
44737505
44757284
44794024
44750719
44798485
44739806
44739879
44790336
44748504
44749452
44750703
44795176
44772276
44794434
44794340
44790653
44750653
44749651
44795833
44780498
44794367
44790860
44790660
44737583
44753946
44790444
44794430
44750460
44757281
44790394
44775823
44793051
44795656
44737602
44753907
44749741
44798659
44775723
44750899
44798530
44795793
44775889
44750720
44790413
44790842
44793049
44790833
44737592
44795017
44794097
44741581
44794350
44737559
44796105
44798351
44748527
44795754
44795848
44796176
44775781
44750552
44798326
44794647
44796015
44798352
44794076
44737662
44753507
44795265
44790801
44794420
44753420
44749509
44749656
44796127
44750467
44753972
44757204
44749673
44795692
44753947
44795626
44793113
44775836
44772272
44794174
44795892
44750422
44794968
44798261
44794122
44796228
44750888
44798165
44790635
44794633
44750691
44790887
44798400
44795201
44749453
44795605
44796032
44794925
44780475
44748422
44793983
44793015
44795615
44798406
44749419
44790877
44757251
44757299
44794341
44749500
44794178
44798558
44796013
44798510
44737599
44737633
44794231
44790466
44798464
44794916
44795811
44794993
44790456
44794431
44798694
44794805
44750424
44794407
44793980
44796191
44749582
44753984
44796026
44794115
44749743
44739897
44795670
44750667
44748473
44796310
44796126
44780451
44795629
44798520
44798386
44798427
44737600
44749625
44737677
44750612
44737561
44794992
44753571
44794219
44794163
44753573
44796316
44795021
44757244
44737522
44749541
44795680
44798158
44794997
44737538
44795622
44790412
44798324
44796003
44748744
44794763
44790826
44795128
44796005
44791393
44793000
44796288
44796164
44753453
44795891
44798275
44748328
44790442
44791308
44794985
44790441
44796253
44750816
44791008
44795096
44791063
44753478
44794789
44753449
44775732
44798106
44749657
44757201
44796093
44796034
44748488
44750403
44791013
44798132
44794337
44750785
44795456
44795038
44750526
44794804
44791355
44750605
44750513
44795251
44748758
44737530
44750481
44795458
44794715
44749497
44794883
44796002
44743483
44750647
44794903
44753950
44791097
44795196
44793290
44749735
44795412
44794678
44794994
44794282
44743497
44794123
44794026
44791482
44739863
44784793
44790410
44750596
44772257
44748431
44793279
44748465
44739919
44749499
44794814
44749633
44780401
44791041
44750637
44795838
44741531
44794182
44796396
44796014
44790870
44798387
44793028
44750535
44790818
44750521
44798354
44757200
44753891
44775783
44794947
44796095
44749537
44750405
44737753
44798421
44794119
44794766
44794827
44793252
44739909
44749738
44793249
44737698
44750645
44757214
44750760
44790692
44796168
44798383
44750850
44749624
44748342
44790342
44798540
44795094
44796041
44798419
44791094
44796301
44791444
44750843
44794008
44795189
44795652
44790312
44794082
44741586
44775763
44796049
44780413
44791476
44750824
44749440
44790416
44749770
44798615
44748395
44794090
44798407
44793067
44796282
44749558
44795749
44753936
44795004
44753905
44798601
44748311
44798317
44791083
44798290
44791003
44780675
44750884
44795782
44749697
44791427
44794906
44795463
44791460
44796165
44753485
44790832
44795211
44796236
44750550
44793065
44790671
44794081
44794670
44753989
44795402
44790873
44791088
44794386
44793243
44737593
44793247
44794998
44749578
44753513
44737754
44791341
44794862
44795876
44791305
44790846
44749642
44795859
44749415
44750774
44737787
44796016
44757298
44791338
44750695
44750799
44798293
44750714
44737688
44750427
44793966
44798432
44750701
44794268
44749447
44798262
44793116
44794961
44790819
44794155
44794785
44737625
44796171
44737514
44748420
44775750
44798112
44798393
44775709
44753996
44737661
44794109
44796193
44757285
44749544
44794375
44753450
44793262
44794913
44749407
44796106
44737757
44748389
44780669
44796001
44748578
44737701
44749576
44798570
44775891
44798320
44794769
44798535
44790614
44794980
44795761
44780647
44748726
44775808
44739800
44772208
44737556
44750404
44793045
44794141
44775805
44750572
44793006
44794855
44749650
44749462
44794410
44753457
44753911
44739813
44737675
44749435
44737740
44748439
44795090
44795613
44793265
44795023
44748484
44737796
44748463
44749762
44737730
44753553
44798565
44794727
44753973
44791492
44796182
44791349
44749493
44775811
44737724
44790357
44793989
44753995
44794363
44796217
44790831
44750599
44794161
44790369
44775786
44795183
44737738
44737756
44794874
44748521
44794795
44749522
44780676
44749675
44737503
44790848
44790820
44750730
44794168
44772210
44749547
44791307
44753522
44780445
44750604
44795053
44750654
44737606
44780480
44749412
44798496
44750741
44790429
44791356
44796226
44793012
44790373
44798182
44794273
44748302
44794905
44790810
44750615
44795433
44753467
44775831
44737641
44775874
44757290
44741569
44795228
44798550
44750765
44780434
44737744
44753902
44739955
44794095
44795441
44795825
44750841
44753920
44737537
44750590
44780674
44794112
44796216
44798474
44753586
44737766
44798689
44748341
44793975
44796028
44741557
44794137
44798463
44794859
44798392
44791020
44795465
44749662
44757287
44748345
44790804
44794116
44775790
44784707
44796029
44749774
44795470
44794793
44796085
44795153
44749466
44791074
44749636
44772275
44743455
44775768
44794369
44794641
44790688
44748337
44790464
44794815
44753562
44737549
44798412
44798372
44796198
44750687
44798367
44794847
44750411
44790457
44793086
44748764
44795853
44748751
44753880
44795829
44791056
44753421
44749714
44791455
44780678
44798547
44749465
44750732
44796343
44794755
44737628
44794757
44750594
44794821
44750752
44753402
44750897
44795603
44790879
44798403
44739926
44753596
44794786
44780448
44750484
44750867
44790346
44794011
44753500
44780629
44790364
44794258
44737792
44737510
44750408
44798371
44798618
44794626
44794138
44796197
44775895
44796161
44798627
44796115
44750742
44794010
44753471
44794184
44794153
44748429
44784740
44750792
44753963
44790895
44794943
44795190
44794199
44795776
44750609
44790389
44795097
44750450
44798446
44749660
44737720
44749600
44798467
44749508
44798660
44739810
44753921
44793268
44748769
44753895
44795869
44790375
44798529
44795678
44791363
44795141
44794049
44794373
44798202
44795863
44750514
44757221
44794990
44795818
44795279
44749517
44775766
44795034
44798233
44794056
44749653
44748428
44737768
44794348
44791315
44791416
44743473
44794636
44737712
44741547
44791369
44790349
44796027
44790447
44790814
44748509
44791415
44748576
44757278
44790839
44796073
44750834
44748523
44749480
44750595
44750759
44795417
44798696
44796008
44794398
44749696
44750696
44737553
44749530
44795756
44748501
44790320
44775728
44795660
44772252
44750614
44794911
44780458
44750890
44743479
44741578
44796061
44794672
44794338
44749505
44794668
44780419
44791428
44794147
44795718
44791099
44775803
44748392
44790350
44790894
44795469
44775773
44796025
44737732
44795041
44793048
44794417
44798341
44794087
44753501
44794025
44750523
44780428
44775770
44790431
44737618
44796393
44798307
44748313
44794937
44796084
44793091
44737604
44737605
44757267
44749748
44795073
44791373
44780491
44791378
44793072
44741588
44790617
44790360
44748773
44793968
44753451
44753938
44757272
44794974
44737795
44796339
44798499
44798311
44796153
44794967
44748533
44780655
44750835
44753547
44796336
44795481
44741590
44795806
44741551
44795726
44796299
44748771
44798462
44795666
44753447
44753968
44749488
44798381
44790623
44796058
44750541
44780652
44750692
44748566
44794978
44750578
44794646
44795278
44790881
44798323
44741532
44795125
44798390
44795242
44793999
44748518
44741596
44794023
44749793
44795146
44794945
44775882
44737626
44790301
44790823
44790640
44780465
44749534
44749545
44791445
44750496
44790340
44795008
44750426
44753535
44790475
44794064
44793285
44795835
44748519
44794162
44737656
44795787
44793242
44748343
44790354
44748475
44791011
44772250
44749446
44795106
44753445
44790382
44772287
44749647
44798575
44753422
44748485
44790321
44784762
44750872
44775872
44753958
44737717
44798680
44775761
44794072
44748430
44795847
44798597
44795796
44753937
44750420
44741565
44794143
44794731
44749557
44737751
44796065
44791463
44794330
44753503
44794065
44757239
44791474
44795030
44737760
44795632
44775819
44796104
44794711
44796349
44793962
44749502
44795218
44795783
44753404
44741562
44749420
44750869
44741585
44753560
44753490
44750677
44794376
44794748
44737728
44795442
44791026
44791312
44795657
44795160
44737552
44748776
44748520
44743458
44791071
44737722
44798554
44790463
44750641
44739906
44798568
44790656
44748579
44790401
44793107
44737788
44798306
44798310
44794101
44798402
44796060
44793979
44790398
44793260
44795131
44795143
44798195
44772241
44794806
44795763
44749715
44750500
44748489
44750642
44749628
44790333
44794009
44798308
44795730
44796187
44791397
44750847
44790859
44790345
44737648
44798395
44791391
44795047
44795731
44739809
44798443
44749536
44795018
44737765
44739905
44753992
44790433
44796308
44794339
44795410
44794981
44794975
44757271
44743495
44753956
44795852
44748784
44750724
44790827
44793297
44791301
44780468
44749491
44749728
44757249
44798316
44753521
44790453
44748516
44772211
44748469
44798569
44794016
44794644
44794140
44757259
44790411
44741525
44794870
44753552
44794688
44794057
44794842
44780662
44795220
44794713
44784721
44739801
44741523
44737557
44794884
44753925
44794932
44790473
44795857
44793967
44757220
44794382
44793960
44793264
44791410
44798364
44790366
44794099
44790339
44775714
44796223
44794015
44795714
44794660
44798673
44795119
44750497
44748391
44794999
44793020
44793087
44753564
44794782
44791010
44796328
44750840
44757241
44794100
44791342
44784796
44753969
44737601
44794940
44748560
44750473
44749752
44798370
44750683
44737578
44795139
44784772
44757237
44753975
44750877
44790854
44790356
44780482
44749529
44798121
44748335
44794865
44794394
44794871
44749556
44791440
44750737
44753528
44794759
44794125
44750806
44795712
44749679
44795425
44795874
44794655
44749516
44790396
44772219
44750669
44798501
44791059
44739945
44794267
44750658
44795690
44796109
44795127
44795662
44790822
44795195
44748788
44749519
44791362
44739822
44794357
44753913
44793043
44794403
44795192
44795039
44795601
44791306
44749634
44798480
44749663
44750618
44748532
44795077
44750736
44793016
44798458
44748380
44798377
44780677
44798616
44796099
44753918
44796359
44780645
44748766
44753529
44780651
44749404
44795604
44794685
44790332
44795173
44794820
44790430
44791320
44794743
44795683
44793281
44749515
44737733
44784724
44795781
44793119
44780687
44794657
44796102
44798518
44796150
44798452
44784726
44796330
44794771
44753536
44775894
44749761
44794988
44737650
44796322
44794880
44739933
44749615
44737747
44796333
44796063
44750706
44798622
44748316
44795817
44791002
44795880
44794315
44750789
44794399
44750749
44750655
44793046
44798109
44775813
44743463
44772282
44750764
44796261
44780424
44798632
44749605
44794933
44772215
44749430
44794736
44795054
44748510
44748467
44791400
44795434
44750666
44795120
44775861
44790400
44795255
44750543
44790840
44794187
44795401
44796075
44749720
44790417
44753431
44795677
44780462
44739830
44753489
44793969
44794602
44795267
44796181
44775705
44750401
44790632
44795482
44793097
44794221
44794799
44790850
44753951
44796040
44795198
44790359
44737630
44791483
44748763
44794615
44749409
44753962
44748481
44737735
44795737
44794189
44798476
44793289
44748414
44793118
44793261
44739817
44737634
44749560
44750784
44737541
44750545
44798528
44791359
44753595
44790323
44737706
44794890
44791062
44775755
44794901
44749630
44750517
44798374
44749410
44796091
44790876
44798523
44737794
44737637
44737545
44750502
44796158
44798304
44798113
44795753
44794333
44772247
44757295
44796379
44793114
44749670
44793052
44772255
44794429
44739823
44791392
44794824
44741546
44741543
44790428
44741599
44737524
44795679
44796083
44753883
44795696
44794135
44749782
44798538
44739902
44794624
44796134
44772260
44750690
44796371
44791377
44798491
44750508
44795000
44798192
44795142
44790370
44794770
44793003
44737584
44748321
44749525
44794662
44753572
44737506
44748386
44753502
44749717
44793060
44795185
44794650
44791037
44749731
44795435
44798265
44780632
44794613
44784728
44795698
44796331
44796157
44749732
44741575
44743477
44739880
44748418
44741577
44737683
44795057
44753456
44753966
44798346
44798126
44798668
44749527
44743449
44753941
44737544
44749485
44795720
44784743
44798353
44794392
44794735
44794965
44737708
44798414
44757289
44748433
44743446
44795209
44793085
44750722
44795055
44795264
44796071
44791376
44793053
44750864
44741539
44798385
44743444
44749750
44790391
44794327
44795624
44791322
44749475
44780423
44737635
44775851
44748554
44780490
44790451
44790476
44795480
44753540
44737615
44749455
44794150
44798282
44757257
44794963
44795205
44795440
44795058
44750659
44795614
44750600
44794331
44794973
44750428
44748505
44794739
44750776
44798484
44798492
44757283
44749690
44795164
44794671
44794085
44784715
44795800
44748487
44795669
44794811
44737774
44795179
44794917
44775747
44739956
44753514
44790414
44791044
44750592
44795029
44794439
44796152
44790328
44775809
44798174
44737772
44791471
44795013
44739957
44750866
44753587
44795159
44795717
44775780
44796183
44796023
44794971
44753409
44793044
44794145
44798214
44737586
44757243
44790418
44775866
44748782
44795052
44796381
44794904
44750463
44798449
44798687
44775824
44794634
44794689
44794070
44790674
44749627
44750671
44794663
44794035
44798210
44743461
44795105
44793294
44794645
44798411
44791030
44795732
44737621
44737636
44750495
44793277
44741570
44780461
44748312
44796162
44795107
44795824
44794919
44753546
44741528
44750433
44790812
44793061
44791357
44739925
44793050
44757246
44795841
44757232
44795750
44749683
44796054
44790809
44793018
44793103
44794716
44750610
44753476
44794195
44772283
44753433
44757202
44750744
44798226
44739910
44750682
44794951
44796239
44750445
44794614
44737741
44795247
44795025
44748502
44795088
44784788
44739862
44791442
44739854
44794136
44753515
44798100
44753948
44737684
44794957
44796118
44790857
44757252
44775777
44794034
44737611
44795065
44791042
44749448
44795616
44794931
44794849
44798532
44794873
44794107
44798117
44794290
44793095
44750557
44798444
44750823
44748421
44749427
44794652
44749708
44795136
44775740
44750743
44757213
44775701
44795878
44798301
44757292
44798300
44750750
44749579
44798338
44795602
44795843
44739889
44796125
44798325
44795016
44772261
44794936
44795665
44793982
44737759
44748438
44749757
44794674
44743466
44741563
44749698
44739892
44737568
44737697
44753486
44749655
44753425
44748476
44794055
44795840
44796090
44798342
44748570
44795468
44794044
44794938
44796079
44794750
44750783
44772218
44790806
44796043
44753591
44753523
44753561
44791079
44790419
44791406
44794687
44795165
44790868
44796000
44750813
44750409
44793109
44796192
44749737
44796206
44795639
44795676
44750560
44753987
44739935
44798114
44795152
44791409
44791450
44748310
44794914
44790815
44748466
44739894
44795867
44790461
44780404
44795701
44794103
44790874
44741527
44794791
44749542
44737632
44748741
44798415
44795819
44794149
44795428
44739866
44775762
44791096
44775744
44795682
44784742
44750421
44741579
44748767
44798156
44748450
44794869
44737645
44794853
44749421
44790813
44796151
44737782
44790855
44757288
44750660
44748759
44749416
44796394
44750548
44750818
44737591
44753994
44795163
44748427
44775767
44749621
44749436
44753427
44796354
44749463
44794416
44739924
44750770
44795674
44791367
44737769
44795001
44741529
44798671
44796395
44739907
44750860
44796096
44795871
44780449
44780479
44791433
44753408
44739875
44796342
44737581
44753581
44794332
44794063
44794385
44794422
44795069
44772295
44794609
44793298
44749454
44739891
44793007
44753988
44795221
44780658
44772221
44798482
44750802
44739898
44753917
44790415
44796351
44794781
44798473
44793996
44794345
44795027
44749548
44796004
44795203
44794300
44748546
44749443
44794732
44790853
44796132
44790825
44793026
44795636
44784711
44753438
44794037
44737779
44790884
44748415
44737773
44795684
44757228
44791489
44798302
44753597
44791311
44794334
44794935
44795695
44737642
44749468
44780660
44798247
44793036
44775708
44753971
44795254
44798425
44748329
44748388
44739944
44798653
44748382
44798493
44748412
44795609
44790682
44791432
44737560
44798451
44798134
44748413
44795729
44739953
44749457
44795062
44794053
44753491
44795166
44753555
44749458
44793964
44795792
44795253
44794765
44737507
44793084
44794074
44794654
44798608
44798595
44749632
44750621
44795080
44795429
44798524
44750772
44794950
44750740
44737607
44749483
44794218
44772277
44796101
44790446
44794792
44794907
44790658
44795822
44795167
44737567
44753565
44795407
44795685
44784761
44748528
44750830
44793108
44795895
44757210
44757227
44739932
44796315
44748781
44757293
44750511
44795779
44749613
44753578
44794649
44741520
44775833
44748327
44794926
44741595
44750603
44775760
44796175
44795654
44790618
44748434
44750882
44791009
44798468
44739947
44749551
44794610
44794778
44798359
44748472
44796012
44791045
44793040
44794774
44794192
44753583
44794741
44748550
44737596
44737655
44790387
44757247
44794958
44794358
44749474
44748755
44794160
44753411
44798498
44750452
44794021
44753550
44749639
44794776
44790439
44796143
44749677
44739818
44749711
44753430
44753424
44796188
44795868
44775726
44753533
44780425
44790424
44753959
44737587
44798563
44795042
44793032
44753415
44791000
44748323
44737690
44749609
44795031
44794930
44795007
44798495
44749689
44784784
44748768
44737528
44791407
44795215
44750680
44794093
44794640
44794419
44737504
44798224
44794436
44748736
44737614
44748393
44794828
44739839
44794142
44798155
44750857
44749693
44798284
44791418
44739911
44750570
44795102
44753538
44741521
44794908
44753893
44794808
44791005
44795103
44750563
44748730
44796238
44793098
44750471
44749401
44772299
44794953
44737627
44784778
44798434
44750429
44741558
44790383
44749429
44775793
44741542
44795184
44795404
44753957
44784716
44784705
44743434
44795418
44750542
44790639
44794659
44790344
44795766
44780619
44749487
44775752
44790324
44750715
44780469
44796006
44794305
44795108
44748757
44757254
44737585
44775834
44798497
44790607
44772253
44793244
44739869
44795226
44739836
44737715
44794941
44794767
44798347
44772231
44795686
44798409
44794955
44794864
44749573
44794019
44780464
44753999
44794389
44737665
44739821
44753916
44790300
44790802
44749754
44775821
44790882
44790602
44794617
44798123
44775839
44790365
44748529
44794355
44739837
44798454
44795180
44750896
44750454
44798448
44741560
44796166
44796204
44794132
44798314
44798511
44772278
44795149
44749654
44790422
44739882
44798197
44749603
44750709
44753494
44750871
44798461
44798697
44748425
44737686
44795133
44794918
44798264
44741524
44794393
44798213
44737710
44798344
44794438
44795740
44794927
44750620
44749571
44794148
44795617
44791340
44753545
44794002
44753483
44749619
44748742
44796057
44750832
44737790
44795600
44780459
44753452
44798630
44796062
44790438
44795169
44772280
44798698
44775707
44794983
44737783
44790450
44795117
44750597
44749691
44743462
44795856
44772286
44795658
44794157
44794288
44737752
44793110
44795784
44780470
44737784
44737651
44795849
44794638
44795659
44775753
44794966
44780447
44798583
44748559
44749489
44749518
44790403
44796108
44739903
44793272
44749471
44798439
44739857
44790808
44739888
44749526
44794642
44798397
44794319
44750766
44772206
44795460
44753531
44798686
44753953
44796039
44795794
44793250
44737603
44793013
44798666
44798312
44749593
44750827
44790455
44798394
44790661
44772258
44798413
44748480
44739878
44794761
44793088
44798545
44753481
44790445
44795115
44790362
44753557
44750852
44795727
44796087
44775883
44750419
44796136
44794088
44796221
44795805
44750797
44753904
44790685
44753440
44790311
44790326
44750755
44796370
44748761
44753464
44795132
44739820
44750788
44753527
44795744
44750510
44798549
44737762
44794433
44753589
44749583
44796190
44798333
44737682
44784749
44753518
44798358
44750458
44753463
44748479
44749601
44790663
44794709
44750876
44748322
44790891
44795687
44795471
44749623
44793257
44753887
44798604
44791323
44753437
44793997
44750801
44795725
44753444
44748774
44791472
44794631
44793054
44749688
44795734
44794286
44748522
44794428
44790650
44798436
44791420
44772207
44794861
44748765
44749569
44794042
44795646
44791086
44737770
44780679
44749788
44750825
44791411
44757212
44791371
44749540
44741530
44794356
44749699
44753990
44795877
44749681
44795645
44749495
44748552
44772227
44796117
44791481
44794653
44750817
44737771
44750883
44748558
44794058
44790867
44794426
44780637
44794030
44790878
44796306
44795663
44750859
44790443
44790309
44790821
44739829
44748423
44795121
44795158
44796147
44737619
44775829
44739951
44753577
44796133
44750886
44791493
44793066
44796035
44794418
44793099
44793100
44793269
44798334
44750524
44793090
44798592
44793256
44798186
44798536
44737555
44753539
44794977
44791478
44796374
44748340
44748722
44794320
44750675
44794075
44795673
44795864
44739873
44741584
44790331
44791047
44795084
44795032
44749411
44795188
44793296
44794835
44798486
44737594
44753934
44739827
44748503
44794047
44753899
44791332
44794167
44750489
44749598
44757260
44750795
44796088
44753512
44743482
44753974
44753458
44798655
44790835
44794308
44795774
44784770
44753517
44794158
44790395
44794639
44749469
44791055
44796211
44798355
44794989
44795773
44750625
44737624
44753978
44750634
44795828
44757296
44750887
44798283
44757255
44791324
44750858
44798102
44795630
44743480
44793253
44741564
44739852
44750635
44795075
44737612
44798322
44753511
44750878
44748780
44794745
44790803
44748309
44798330
44794096
44784755
44780463
44794725
44794749
44796312
44794020
44794923
44791035
44794309
44749486
44791360
44795831
44741587
44798678
44796042
44793259
44748330
44748531
44794720
44737709
44795197
44790315
44794059
44753926
44750763
44749552
44790675
44795074
44737534
44748404
44798442
44775800
44796033
44795713
44794756
44750536
44749543
44790469
44794747
44795145
44790303
44750622
44791382
44798327
44795722
44775871
44753436
44798553
44795400
44780656
44775722
44793014
44796300
44737613
44796173
44790390
44794414
44795259
44795154
44750803
44790379
44793035
44790611
44794383
44794380
44750607
44791451
44791302
44798455
44795225
44794656
44739872
44737723
44795436
44780673
44798177
44750547
44796107
44737639
44794902
44739841
44772270
44794003
44790388
44794889
44794701
44798534
44791331
44757225
44790698
44794714
44796373
44794841
44775743
44798548
44750678
44749760
44794857
44749577
44798650
44790805
44795437
44750430
44739959
44775815
44795772
44795178
44796080
44793112
44749575
44794113
44739938
44794960
44795076
44748317
44739916
44753542
44798398
44750839
44793275
44775795
44795606
44750700
44793081
44748435
44753492
44748548
44748564
44794408
44750619
44753414
44795759
44796366
44750466
44748526
44749730
44748735
44794619
44737580
44749550
44750573
44737700
44794040
44737739
44790696
44741567
44794813
44793019
44753927
44749606
44798531
44795134
44753488
44794027
44749504
44790352
44798388
44796399
44753532
44750629
44750767
44798471
44798329
44750529
44739928
44737643
44795082
44794970
44748436
44796377
44753516
44739908
44775873
44749449
44749678
44790437
44795174
44739864
44780473
44796358
44772235
44784725
44798305
44790341
44784785
44795421
44796069
44775729
44753897
44791425
44794437
44748338
44750881
44795627
44775843
44749665
44795061
44791361
44790843
44795171
44750746
44753443
44750833
44750577
44737644
44737668
44794705
44750425
44798379
44772288
44753473
44794737
44795839
44757282
44750522
44749533
44793009
44796391
44795413
44749659
44793255
44795619
44794402
44739939
44794675
44793970
44737533
44737713
44780435
44794744
44784727
44795693
44798380
44795051
44753526
44794048
44790329
44793258
44794666
44790374
44796070
44795161
44795832
44794802
44796137
44798459
44798515
44794684
44795610
44750624
44798263
44796341
44775772
44791348
44750439
44775721
44794809
44794721
44750540
44795182
44784745
44796072
44795642
44772214
44750406
44739885
44798416
44772238
44750449
44794152
44737657
44798401
44753900
44795807
44748390
44750854
44798349
44790898
44748336
44775792
44796037
44753554
44749565
44737750
44750868
44784730
44753933
44795156
44750663
44795044
44791381
44793990
44796114
44794421
44794860
44795801
44750602
44753569
44748492
44741548
44798478
44795036
44750651
44795804
44796019
44794764
44794232
44795191
44798628
44794022
44753432
44795812
44748756
44790695
44794325
44748334
44790313
44775812
44798649
44757242
44780414
44795786
44795694
44750844
44775865
44750727
44795087
44737521
44749645
44749588
44737695
44798537
44750837
44795768
44753412
44791438
44795416
44795844
44795113
44796047
44794852
44737672
44750488
44791060
44749787
44750656
44749686
44750768
44749434
44794783
44772242
44790467
44796154
44795643
44796056
44794934
44790890
44749684
44753525
44798539
44796053
44796224
44753428
44795129
44796378
44772256
44794681
44749682
44790643
44793025
44793073
44753908
44794991
44795474
44737797
44793994
44798559
44790824
44791480
44795850
44795893
44794959
44795059
44753563
44795769
44737598
44737539
44741572
44750697
44739930
44750828
44796169
44798466
44748753
44798652
44750798
44793240
44748563
44753991
44748460
44794979
44790425
44749669
44795101
44794425
44796194
44798574
44753889
44737536
44794604
44795640
44749668
44793092
44794366
44794270
44750688
44750468
44748515
44739950
44750761
44753568
44790408
44794092
44798609
44795079
44772233
44795607
44796092
44795109
44791309
44784773
44794328
44795688
44791490
44750676
44794078
44775828
44790845
44793057
44794323
44794969
44794772
44737629
44757208
44794226
44748478
44739929
44748732
44753935
44739812
44775716
44737793
44739884
44795240
44794607
44739824
44750591
44796367
44737595
44794036
44750863
44794372
44791453
44748304
44790404
44793034
44798542
44791333
44794179
44798516
44791314
44741593
44795795
44793021
44795011
44791475
44798555
44753530
44794794
44795618
44798450
44796189
44794079
44775788
44794658
44790420
44737563
44790454
44798170
44795778
44748513
44737647
44791484
44796067
44750576
44790319
44749685
44739803
44737798
44798509
44794673
44772251
44796142
44749553
44753510
44741534
44795647
44748508
44795217
44750672
44794788
44791065
44794773
44753566
44794045
44796376
44795820
44794314
44749612
44794177
44743493
44798418
44794784
44798526
44798135
44749783
44750638
44748721
44749438
44749769
44737622
44748483
44795608
44794909
44749597
44791467
44794050
44795035
44753886
44749712
44791473
44798405
44775775
44737676
44796215
44794623
44798472
44749441
44793273
44784775
44739890
44794897
44793987
44794006
44791087
44749661
44749494
44794621
44794411
44741566
44793111
44737566
44790652
44780429
44784732
44750831
44772205
44795634
44793033
44784787
44749490
44794151
44749405
44748789
44794601
44794924
44794768
44748524
44753929
44795078
44793096
44780654
44795457
44795650
44741568
44737554
44794817
44739811
44750861
44757233
44795752
44793986
44791058
44794353
44750885
44798285
44795791
44790677
44748474
44757226
44750503
44749785
44795633
44794635
44798438
44775702
44793266
44794630
44795272
44795691
44798527
44737785
44794712
44794625
44794629
