44751104
44754245
44780179
44770316
44754625
44784305
44739499
44784138
44792718
44784266
44780280
44788581
44754420
44773635
44770304
44773272
44756562
44784280
44788547
44770776
44799940
44774341
44785000
44792150
44791257
44770603
44754892
44751642
44780225
44774375
44751110
44754891
44774943
44784992
44773920
44773419
44795553
44775650
44752284
44772065
44790731
44752282
44759233
44756262
44754443
44775114
44751888
44784595
44754851
44774568
44774303
44779383
44770336
44773931
44771118
44785754
44770955
44788991
44770899
44771289
44756424
44772973
44756516
44784251
44780143
44752106
44774656
44779327
44770684
44778385
44770105
44788939
44782103
44784567
44785152
44780974
44782177
44780157
44784096
44787468
44739480
44759490
44773972
44770689
44771240
44771005
44771942
44771328
44770131
44739454
44774219
44751554
44754632
44775607
44771648
44754887
44759535
44784260
44754512
44754059
44784375
44774919
44775241
44774261
44770922
44752273
44770784
44739503
44754641
44754563
44774385
44771312
44799930
44773824
44792528
44773462
44774509
44770450
44792795
44752654
44751406
44771693
44773654
44751009
44770935
44778306
44751608
44759261
44771049
44775173
44775959
44759730
44739525
44774042
44754202
44770789
44774691
44739581
44792335
44752229
44784914
44759768
44792603
44792752
44780142
44778363
44785190
44773454
44773861
44756573
44771146
44759648
44775339
44752586
44776154
44739462
44754337
44774318
44786077
44793577
44780259
44756571
44793661
44784139
44775205
44770279
44771659
44754007
44774654
44770791
44776141
44784578
44773118
44792876
44775937
44776379
44773465
44754195
44776337
44773034
44752524
44774346
44779370
44790706
44752238
44756111
44770354
44772598
44792291
44771223
44759476
44792571
44771225
44774551
44792139
44771923
44793336
44751907
44774508
44792248
44751627
44775611
44756169
44784936
44790209
44752615
44739526
44771038
44756182
44771181
44774037
44751404
44784149
44782195
44776171
44780116
44774339
44784398
44773221
44784159
44775318
44775695
44771629
44772971
44776292
44790229
44770847
44780861
44751083
44754456
44770691
44780960
44754550
44774594
44792707
44773943
44776127
44752232
44792889
44772917
44784535
44754318
44771218
44778312
44771921
44790270
44759577
44739541
44780911
44770462
44792197
44774310
44774614
44771230
44787288
44770421
44756159
44754292
44751385
44771142
44754221
44770388
44785742
44754274
44770971
44770875
44772484
44772059
44787197
44771862
44779397
44795516
44775218
44774334
44776223
44770856
44752101
44786054
44792879
44785688
44785816
44754940
44775204
44771562
44774585
44792719
44774344
44789558
44791274
44780269
44775693
44799909
44784184
44793316
44778322
44782101
44752512
44792684
44759249
44754507
44774061
44751552
44785053
44787387
44787166
44754417
44784133
44778481
44785851
44784239
44788910
44788527
44773293
44775989
44778340
44784210
44775286
44780885
44773870
44786010
44774663
44775645
44771602
44759838
44739562
44773936
44778373
44756531
44759434
44778318
44780855
44774643
44784919
44756251
44754233
44754056
44772541
44792118
44775639
44739443
44754818
44759863
44756221
44771281
44787403
44770652
44788510
44775352
44787218
44751783
44754616
44771967
44772562
44792302
44784994
44776239
44754490
44792860
44773079
44771592
44775176
44754747
44771031
44788597
44771304
44751867
44787394
44770730
44770414
44792859
44795572
44778474
44784038
44754199
44795560
44739557
44782118
44759332
44754536
44751502
44793628
44751430
44759926
44773157
44774266
44759322
44770437
44784323
44774244
44788953
44751422
44772093
44787428
44770281
44759248
44784932
44776184
44759098
44759731
44759121
44770682
44793515
44754411
44771667
44752575
44780972
44771137
44774022
44782126
44754115
44752571
44773629
44780227
44759068
44754725
44799955
44770458
44799932
44770466
44751105
44793440
44774321
44775446
44775482
44792732
44754100
44776397
44752301
44785004
44752662
44752622
44771025
44780159
44789592
44776432
44784996
44788524
44770932
44787198
44771096
44752243
44775610
44782186
44754917
44759506
44771069
44752600
44786086
44790717
44774503
44785603
44754800
44786028
44775677
44785822
44784204
44773939
44778378
44770863
44790288
44780215
44792395
44771615
44751814
44759675
44785076
44787162
44774205
44785777
44759900
44772554
44754377
44774390
44791224
44785766
44773945
44751457
44751475
44773048
44787335
44775259
44770228
44784928
44775175
44775237
44784140
44773855
44785089
44778483
44770381
44792840
44772930
44752136
44770811
44772970
44792353
44785866
44754622
44784945
44751470
44756528
44756523
44787154
44751035
44751631
44770601
44751754
44774640
44759468
44784528
44776110
44780313
44759794
44773154
44772940
44793460
44799998
44751085
44771014
44772916
44784029
44792182
44770709
44751756
44779343
44772037
44775414
44785064
44770337
44752213
44788941
44776339
44778404
44752652
44776271
44785013
44751513
44776419
44754010
44770817
44788954
44786068
44792835
44775636
44773633
44779353
44770912
44780355
44792514
44773804
44783547
44784003
44792619
44785642
44771216
44756459
44784033
44788902
44784984
44792121
44772024
44771541
44771095
44773983
44771866
44799943
44771573
44739582
44754528
44756448
44759250
44751426
44788508
44774225
44770732
44751034
44752113
44751591
44785124
44770288
44774510
44739460
44775191
44759247
44754644
44792511
44780237
44784292
44787295
44780976
44775240
44756149
44774387
44759968
44756132
44771306
44772589
44759318
44751418
44751101
44773610
44776102
44788947
44776121
44776414
44771525
44759256
44770747
44751998
44756863
44774280
44784508
44773276
44773245
44771669
44756845
44773844
44752521
44754300
44780107
44759350
44772559
44785023
44771574
44751802
44790217
44773138
44776492
44751791
44752583
44772507
44791215
44786093
44787152
44780304
44751551
44775965
44751003
44756837
44775972
44771907
44771637
44792312
44754040
44751012
44770821
44775467
44751581
44787149
44773192
44793323
44778457
44756824
44756488
44770804
44789564
44774558
44778499
44771133
44785090
44759973
44770639
44772922
44759619
44771081
44780376
44774545
44739467
44770641
44773486
44759982
44790264
44775938
44751854
44792310
44752244
44774398
44754692
44778415
44780166
44773038
44784353
44754469
44774301
44756483
44771266
44780260
44770681
44754935
44754127
44788911
44754957
44785650
44789578
44770291
44778342
44773179
44771331
44754555
44784981
44789536
44770994
44780347
44780139
44785189
44739429
44785153
44759204
44754228
44751634
44785875
44754916
44774987
44773291
44752667
44784134
44792393
44790262
44787261
44792361
44775455
44774662
44790788
44784968
44775480
44756625
44751032
44785714
44773820
44754872
44770858
44785649
44754428
44786084
44751480
44771640
44751831
44787393
44786065
44778443
44774553
44785665
44776257
44770350
44791289
44739543
44751525
44759811
44756184
44773811
44787135
44774923
44775359
44785862
44785105
44752366
44784095
44785097
44792869
44751824
44770880
44787192
44751115
44772962
44771664
44751482
44770615
44751089
44756447
44771083
44770296
44780147
44759271
44759782
44752267
44773241
44774632
44759286
44775371
44756558
44775945
44776499
44751053
44770985
44778393
44751564
44785616
44751974
44773948
44754813
44789551
44752167
44770334
44780383
44754017
44793381
44787199
44784106
44785139
44790283
44759055
44771254
44751810
44759115
44759427
44774008
44771162
44770401
44791214
44792829
44776334
44779354
44785672
44754266
44799999
44775260
44790711
44776249
44751021
44752144
44771859
44787498
44792135
44759310
44773156
44787325
44759659
44770249
44773456
44789283
44759893
44784978
44759836
44771155
44778346
44756498
44774078
44756504
44792151
44751392
44759690
44754630
44775661
44771161
44780828
44775102
44778422
44780953
44771957
44774687
44772525
44756426
44772981
44788900
44785091
44775978
44792878
44786091
44759556
44754831
44792693
44770363
44782171
44774004
44788972
44793317
44771871
44770913
44756135
44784938
44756475
44773873
44773202
44779371
44778423
44752517
44772552
44752560
44773607
44770738
44771848
44759681
44792525
44752377
44771104
44785141
44759400
44780317
44785710
44752502
44784147
44739490
44773837
44782150
44770438
44773193
44752528
44776450
44773233
44751469
44771009
44774902
44772412
44774914
44754276
44770933
44759869
44759466
44775434
44759631
44773863
44754208
44774933
44773864
44776111
44776421
44791284
44775328
44772500
44774988
44780925
44759040
44773203
44770930
44785662
44780141
44752218
44773253
44771346
44792397
44774685
44790263
44771865
44792658
44759245
44770614
44788989
44751573
44792316
44759733
44759268
44773411
44771649
44759962
44756258
44783573
44784349
44795555
44739530
44759435
44780302
44786095
44773866
44739507
44775395
44775245
44780240
44790704
44776149
44772565
44775969
44771970
44793584
44751566
44792156
44752506
44771542
44784090
44754179
44772007
44752265
44792274
44776225
44785142
44778389
44759167
44759652
44759243
44787421
44770919
44780232
44785768
44772913
44770283
44775272
44770797
44751414
44759866
44754248
44785088
44788580
44754246
44754149
44793435
44774653
44772499
44771985
44773232
44784952
44770963
44754600
44751465
44770703
44770132
44792185
44754064
44754738
44799901
44759282
44775341
44751950
44754028
44775633
44784970
44792846
44752558
44756533
44752501
44789569
44785700
44756431
44785017
44754489
44774548
44739502
44785022
44774517
44754663
44792204
44776264
44773481
44754609
44759963
44773248
44780226
44776392
44799994
44783569
44795569
44776150
44780385
44739560
44771084
44756213
44756478
44770317
44756580
44759639
44739415
44739555
44793572
44771106
44771287
44778465
44771805
44752522
44751865
44787252
44775680
44751861
44784556
44759306
44792726
44775472
44784960
44782176
44756680
44751373
44759684
44787352
44784157
44784142
44773828
44754351
44759622
44754567
44754538
44770648
44771652
44739556
44771912
44775440
44759845
44771264
44754263
44793635
44784198
44771024
44771879
44774064
44751586
44771816
44785838
44754101
44770134
44780803
44784915
44754470
44770236
44759839
44774555
44791241
44784293
44770451
44756179
44792341
44790243
44776466
44792533
44773046
44756674
44756512
44773055
44751975
44759908
44789529
44752156
44751614
44772508
44788904
44793455
44751441
44793643
44751616
44778368
44754136
44773150
44759284
44793526
44772061
44788944
44771552
44792866
44770606
44778364
44770349
44774096
44752196
44754665
44756255
44772965
44786060
44759641
44756623
44754504
44754204
44759345
44739403
44793439
44784099
44772968
44792736
44739436
44774948
44774982
44779384
44793513
44792894
44772920
44776240
44792646
44780936
44783562
44775929
44776293
44756878
44773435
44784135
44778436
44752584
44770496
44784387
44759998
44775381
44752280
44776315
44788918
44775369
44792347
44754026
44774607
44785840
44776488
44751019
44787432
44787462
44776133
44752539
44787310
44788559
44759615
44776351
44772466
44754542
44754675
44792648
44754155
44739539
44792598
44756554
44754901
44759895
44792399
44788574
44778398
44754793
44792738
44754873
44787469
44780182
44799996
44754930
44773800
44751707
44759800
44756142
44752369
44756232
44770129
44754260
44786036
44775422
44785675
44756594
44756121
44793522
44754325
44775452
44771662
44751583
44773600
44783525
44759437
44792570
44778477
44780262
44754112
44770247
44775398
44782188
44784912
44751762
44774544
44780349
44793570
44775664
44799902
44751018
44770379
44787169
44792236
44784039
44792850
44739407
44759892
44754865
44774969
44792366
44770265
44780222
44788943
44775384
44759695
44759969
44793314
44754154
44759654
44739494
44791298
44788557
44759897
44784153
44751086
44776479
44773975
44788926
44773949
44787434
44775445
44770227
44770796
44751987
44754014
44793394
44787427
44770133
44784190
44775391
44773294
44786092
44770893
44780333
44771868
44770344
44751863
44751534
44756838
44774953
44776280
44756495
44752123
44780968
44756833
44739435
44752131
44780233
44775172
44783581
44780198
44775620
44754397
44773875
44792775
44787217
44773655
44759956
44780809
44759818
44785163
44793610
44751857
44752358
44792683
44751850
44793313
44774532
44771248
44770794
44793484
44770282
44752294
44770707
44771861
44778432
44759592
44756113
44772475
44784197
44784510
44784103
44785623
44788906
44792292
44792191
44751913
44792765
44775294
44751394
44771045
44787254
44751467
44759860
44773243
44770921
44751977
44771361
44754924
44774003
44776423
44771613
44770799
44772509
44784958
44788546
44759772
44792862
44751413
44771004
44754516
44792710
44774210
44772540
44751935
44759727
44754868
44784156
44773955
44772414
44773881
44759275
44793450
44785749
44776470
44784011
44770341
44759321
44784290
44776382
44792730
44787244
44756491
44791225
44771905
44759745
44779359
44739599
44787157
44784910
44779374
44772593
44752277
44792659
44770666
44759855
44785057
44775919
44771105
44752169
44774525
44759890
44759297
44773147
44786089
44751613
44785667
44771138
44773809
44774391
44754636
44787411
44784057
44771180
44784309
44792259
44780168
44759933
44751090
44775329
44771668
44759738
44770604
44775174
44793389
44751747
44773194
44759372
44784903
44754602
44751866
44779369
44759277
44776341
44774695
44780199
44770700
44785628
44792712
44754781
44759440
44790241
44751052
44754937
44751451
44751833
44759351
44787155
44793354
44771160
44789274
44770677
44751103
44771671
44787233
44773268
44775326
44772533
44785720
44754281
44785712
44770430
44785092
44771107
44792540
44739540
44756403
44782148
44771080
44773996
44793463
44780802
44772933
44784282
44754537
44772982
44771103
44784531
44776468
44788577
44783580
44759111
44759052
44791268
44773628
44759061
44774074
44773871
44774328
44756278
44773423
44776221
44787269
44791278
44784233
44776156
44771048
44754133
44780305
44759737
44788540
44751509
44751703
44756401
44751720
44771047
44751875
44759389
44771013
44751651
44780924
44780858
44759917
44775686
44784562
44754921
44790798
44771800
44790789
44792751
44775242
44751585
44770200
44770651
44751767
44780851
44780371
44771917
44754103
44773290
44784962
44771066
44754029
44784244
44770201
44770254
44773973
44754175
44782155
44785684
44785718
44792231
44775338
44791228
44771837
44771864
44771369
44754722
44780348
44775653
44775496
44785689
44770632
44788919
44784017
44793683
44776319
44780354
44770820
44752514
44784563
44793600
44759967
44773835
44795564
44784963
44775103
44771274
44780817
44759447
44752252
44770622
44773664
44780144
44784207
44772038
44790774
44778361
44773080
44751864
44784009
44784145
44774248
44759881
44780917
44756830
44785085
44773603
44752194
44751716
44754013
44784202
44770774
44772452
44791244
44771915
44792593
44772091
44770734
44790224
44771260
44773803
44751860
44771215
44771056
44771283
44795527
44754519
44759642
44785843
44771032
44772089
44775911
44774070
44787142
44759128
44799985
44780154
44776465
44771998
44752365
44773222
44774602
44774007
44774236
44778348
44772571
44771612
44751611
44772057
44788997
44795566
44799907
44785815
44754357
44773906
44790295
44774679
44751483
44773249
44754898
44774200
44770480
44775666
44784549
44792352
44788973
44789530
44754907
44773434
44759565
44771134
44776493
44756419
44754327
44771070
44774002
44771938
44779346
44773216
44792234
44784954
44770407
44773693
44773862
44785655
44785690
44774326
44759494
44751719
44772497
44759495
44784211
44773849
44790205
44754048
44751999
44773451
44775907
44759293
44793499
44788998
44754242
44784561
44780950
44751710
44754131
44751603
44788522
44776446
44799954
44793518
44759065
44773271
44773180
44776371
44792815
44739496
44754576
44751602
44759840
44793648
44772034
44785739
44770361
44792606
44791212
44756820
44751738
44751664
44792654
44739438
44754485
44780990
44771243
44770845
44782158
44783594
44780919
44792824
44774692
44792287
44774591
44752159
44790247
44754156
44792628
44771827
44771156
44752304
44775389
44780800
44771021
44775485
44774053
44756812
44776387
44776482
44771687
44773030
44759101
44792847
44795507
44759672
44775655
44792256
44754226
44754404
44772561
44751100
44770494
44792351
44756181
44752591
44799945
44778497
44780966
44759536
44785653
44776187
44792620
44774924
44792874
44793591
44771334
44759846
44751837
44780258
44791207
44775421
44793324
44752248
44775984
44759210
44773826
44774911
44754084
44774648
44773246
44785848
44774918
44787329
44787262
44751072
44776428
44773887
44752664
44792328
44754151
44754796
44792651
44793343
44780964
44791220
44751895
44770220
44739440
44754575
44771924
44792837
44775271
44784339
44771115
44754832
44775948
44754036
44752247
44785750
44754694
44788550
44759364
44774059
44756566
44790737
44793409
44790736
44751880
44754109
44774032
44787214
44776118
44784278
44772576
44759411
44792326
44754931
44792558
44787177
44751780
44773074
44754295
44759644
44771979
44770992
44772040
44756621
44739583
44756274
44773980
44780235
44778357
44754687
44770238
44756494
44792587
44771011
44773444
44772456
44786041
44771068
44773846
44772055
44759116
44793541
44792590
44754788
44774664
44785711
44751004
44752364
44773056
44793315
44751984
44780954
44752610
44771540
44780883
44752307
44793361
44787212
44775417
44790290
44784389
44770351
44759431
44771051
44776214
44754769
44754640
44756556
44784358
44774939
44784516
44772054
44759770
44751048
44773944
44771578
44782170
44776135
44784152
44771975
44759057
44792780
44792522
44780197
44774950
44754182
44775627
44759878
44754604
44784565
44775345
44754866
44756183
44775946
44784281
44759634
44771141
44784064
44752663
44790732
44795524
44772444
44739500
44756127
44788912
44770966
44774317
44754594
44784568
44780261
44780850
44770474
44775468
44772088
44792720
44754681
44751955
44751630
44774947
44776140
44770367
44774589
44751926
44754775
44775406
44785661
44759640
44784319
44770669
44775685
44771027
44770313
44773014
44759927
44778349
44788566
44759605
44774521
44756139
44776443
44775297
44751547
44793364
44785079
44788564
44771245
44770989
44752171
44754008
44771325
44773140
44751498
44751930
44776234
44792599
44775178
44793318
44775956
44774295
44771233
44793699
44795544
44795532
44751529
44792703
44773990
44774354
44780818
44770719
44756427
44771238
44775131
44771019
44770905
44770230
44739528
44756230
44759718
44788578
44785637
44773860
44793636
44759790
44759666
44751567
44756466
44754448
44780959
44751925
44770768
44774571
44752290
44739413
44779398
44784148
44788555
44759531
44776136
44790289
44774604
44770726
44788528
44780158
44774264
44780129
44792708
44752211
44752563
44754329
44788923
44776252
44754035
44774093
44780882
44759658
44792534
44789268
44759576
44775950
44756873
44787282
44784917
44770999
44772550
44754459
44788916
44739510
44770398
44784998
44776333
44775196
44756816
44756228
44773170
44754824
44771555
44770256
44771186
44784507
44770608
44792802
44739529
44773992
44775228
44784906
44759533
44785184
44792339
44759159
44773872
44754492
44793479
44793554
44771817
44790293
44752215
44754733
44754442
44754374
44752609
44752602
44774068
44752308
44774302
44776440
44756859
44770937
44759542
44775427
44773096
44774992
44780336
44759822
44784016
44784222
44785160
44784255
44784146
44770829
44751775
44785821
44773940
44770975
44773821
44791269
44776362
44793480
44780357
44751992
44773605
44772543
44754481
44784951
44751809
44771521
44775488
44751890
44770699
44784167
44780164
44770675
44752372
44793345
44784042
44785845
44780934
44756133
44773884
44752161
44771089
44785095
44788551
44775104
44754589
44775288
44774516
44752190
44775149
44782184
44784995
44773106
44754529
44770346
44791286
44775403
44772400
44770420
44759379
44770716
44773464
44780362
44751542
44759705
44754633
44793575
44788575
44772464
44785154
44775694
44787265
44770819
44792865
44780965
44771381
44771983
44751628
44785137
44778323
44771698
44788514
44772599
44752660
44751722
44785620
44775970
44739537
44792749
44792103
44786032
44751065
44770137
44780350
44795506
44775344
44754284
44793418
44792500
44756125
44770715
44754678
44771273
44754432
44754326
44759263
44754850
44771166
44759688
44756116
44773677
44771808
44773116
44770943
44771003
44775354
44782180
44770828
44771367
44752678
44786043
44754761
44770212
44771833
44793330
44754168
44754566
44771148
44771257
44752543
44775321
44770956
44785767
44785149
44752525
44784170
44772904
44787369
44773838
44754520
44785193
44770136
44783544
44754381
44785784
44751067
44776435
44775343
44789230
44793443
44759677
44776289
44776456
44759504
44771217
44759194
44771359
44774382
44771972
44785820
44754809
44780811
44774322
44773686
44792836
44754947
44759793
44780929
44759831
44771528
44754525
44751970
44792630
44771265
44785775
44780386
44752193
44771282
44792188
44751590
44759211
44775202
44751894
44754884
44787158
44751493
44786042
44775615
44774577
44751462
44754497
44774615
44771658
44787242
44774281
44785103
44759074
44787351
44756418
44751478
44752276
44770426
44780245
44785600
44790256
44780140
44752222
44775481
44772439
44780986
44790234
44773805
44770261
44770459
44784031
44772081
44754025
44793436
44751455
44770103
44795595
44785877
44759097
44754765
44775960
44752634
44774946
44754879
44759947
44791261
44793595
44754163
44751800
44774384
44784192
44780941
44771810
44756846
44776186
44754000
44780390
44793304
44793696
44751815
44780854
44771126
44793608
44780963
44771568
44751912
44771546
44774910
44774010
44756477
44786082
44771176
44774272
44795520
44773807
44771560
44792576
44770822
44791240
44751811
44751000
44759606
44788531
44772501
44783558
44780228
44778334
44756187
44774582
44770926
44785844
44759182
44780249
44784297
44778439
44774034
44770224
44754587
44785746
44773612
44784522
44771350
44751898
44770984
44795522
44776346
44776372
44771594
44754902
44754559
44770778
44754394
44751028
44773299
44790277
44784592
44770972
44780253
44790740
44780878
44776345
44799935
44754406
44754786
44788936
44773037
44751508
44788914
44773425
44756840
44759781
44775634
44759298
44754606
44787284
44754009
44784287
44774259
44754166
44752338
44776494
44751061
44774217
44780193
44759649
44756576
44751114
44787191
44774329
44792136
44771655
44792841
44754045
44795551
44752135
44774012
44788920
44792217
44792147
44774651
44751840
44775255
44756551
44785813
44774327
44787171
44751376
44759624
44774399
44772063
44776181
44776375
44786069
44791210
44771229
44776458
44774372
44772915
44774605
44785755
44759163
44751873
44771253
44789552
44771150
44776100
44776200
44772423
44787485
44770775
44784250
44784326
44792244
44789546
44773044
44792155
44784931
44782102
44793519
44756529
44784176
44787366
44776259
44789295
44754798
44784080
44775254
44780248
44754367
44756599
44774098
44756141
44780926
44789288
44759538
44776308
44770840
44776116
44754713
44792771
44751429
44739455
44754583
44759785
44792614
44759264
44792637
44773806
44770328
44788988
44759757
44771252
44792589
44774552
44784235
44751788
44789521
44756875
44772975
44792729
44795565
44784347
44782117
44775133
44774658
44792623
44752614
44759441
44771052
44780192
44780374
44770897
44778320
44780288
44773251
44780120
44773058
44759276
44793502
44754083
44774226
44780189
44792340
44790739
44784219
44776270
44773694
44759251
44792733
44778387
44785789
44784907
44792294
44754737
44793646
44751069
44778337
44739475
44791288
44771185
44793511
44772595
44795574
44770729
44785117
44770844
44754531
44799991
44784380
44752569
44775643
44784392
44787294
44771618
44778392
44772587
44787337
44773869
44771111
44751479
44759804
44772486
44759205
44785003
44771028
44770339
44770405
44751420
44773852
44795571
44785005
44789574
44784128
44770463
44754328
44752562
44770946
44756500
44770331
44785019
44775361
44780310
44784263
44774595
44770862
44792818
44773139
44756138
44774972
44773183
44772963
44754820
44779380
44787202
44776283
44784384
44771158
44784947
44759224
44759885
44793523
44784966
44771244
44788565
44792176
44785024
44772996
44787355
44759999
44770368
44751557
44759085
44775207
44756150
44756223
44752125
44759113
44785678
44780113
44751535
44792138
44759766
44770366
44784274
44792739
44759679
44793507
44771870
44780136
44780962
44751400
44751909
44783546
44759907
44756682
44772521
44792638
44754095
44784102
44788996
44785705
44756518
44793543
44759054
44772993
44759458
44773405
44799952
44778343
44770275
44756876
44771553
44771559
44792164
44780155
44751549
44772417
44792609
44778453
44772927
44776367
44759778
44759950
44771940
44785805
44793401
44754344
44789595
44784163
44773012
44751903
44773988
44754530
44779340
44752616
44756120
44754138
44759756
44774550
44772506
44759049
44756499
44754526
44771585
44786023
44774522
44792205
44756273
44751546
44754275
44759682
44783599
44790733
44784043
44786026
44773636
44771699
44754230
44756843
44770360
44791250
44775477
44775922
44793655
44776243
44775913
44751929
44774201
44787377
44771863
44759608
44759623
44780128
44754437
44776369
44774530
44770290
44773886
44782193
44754498
44775118
44780352
44773060
44784553
44789215
44784942
44756175
44772531
44751911
44774566
44784061
44790758
44774665
44784034
44784261
44773449
44782119
44773982
44788970
44793329
44771194
44790777
44775143
44792381
44752529
44751487
44780826
44785841
44756469
44774986
44773681
44773274
44793658
44780106
44790762
44776192
44780836
44795525
44773468
44787423
44774603
44759269
44776385
44792592
44772912
44775458
44775234
44751777
44778482
44789263
44774657
44774644
44775404
44772556
44754398
44793556
44784504
44754605
44751995
44775436
44754425
44780870
44785717
44759919
44792523
44792612
44773627
44751967
44759524
44771679
44785115
44752540
44774367
44773403
44770801
44792137
44783598
44751916
44775317
44772956
44773497
44779375
44770464
44759810
44771139
44774676
44759084
44759958
44770481
44780935
44773115
44771974
44771990
44780223
44759759
44759045
44752104
44785727
44770640
44754407
44751953
44775663
44785170
44772564
44784264
44770343
44752395
44759530
44759278
44782173
44799925
44787248
44787150
44792263
44774231
44759156
44759493
44774011
44771278
44759485
44754123
44771946
44785759
44775283
44780150
44773969
44756544
44785795
44776146
44771986
44785796
44793308
44751051
44754107
44778354
44775154
44754823
44788990
44774504
44787182
44786056
44792686
44774546
44774961
44773965
44792325
44791260
44792306
44791297
44756222
44759928
44785722
44786080
44785674
44780961
44795504
44780952
44771363
44790784
44773158
44752666
44791249
44756584
44754413
44772082
44770269
44775312
44774218
44774220
44752668
44784007
44759104
44773137
44759905
44754592
44754561
44784112
44793579
44784048
44754316
44772974
44778456
44793447
44775226
44759481
44775412
44776129
44785873
44775320
44784191
44784359
44789525
44799957
44754453
44752192
44759610
44780915
44784199
44775983
44752316
44773888
44790799
44754032
44754279
44780330
44756535
44784158
44774285
44773188
44759222
44770771
44788945
44759056
44788929
44759567
44778442
44751908
44754400
44799903
44752191
44754031
44774377
44771170
44775428
44784534
44775690
44754016
44792699
44771303
44739410
44751494
44787205
44759258
44792344
44793506
44759301
44754839
44780131
44759633
44792362
44754811
44785740
44773656
44752319
44795547
44792731
44774057
44754047
44774300
44792607
44775912
44774630
44771076
44771898
44770779
44788956
44774659
44787404
44739446
44773822
44792650
44752628
44756849
44756839
44780239
44788968
44754144
44792844
44775347
44771386
44780218
44785604
44759683
44775159
44793669
44754188
44752526
44793309
44775388
44774077
44772450
44787185
44785878
44756243
44775290
44784089
44754277
44771593
44784232
44770952
44770332
44759214
44770970
44793413
44773801
44751766
44754143
44773933
44775612
44775151
44773673
44787289
44773679
44792260
44772074
44774020
44754405
44792807
44774903
44791262
44792240
44739566
44754072
44784388
44793405
44772555
44739450
44792742
44759146
44771100
44739550
44782125
44772493
44754209
44775918
44771041
44751074
44774949
44771205
44770981
44756272
44774683
44751098
44792154
44775375
44787373
44785056
44754174
44754441
44785059
44759706
44751040
44775469
44770714
44754847
44784062
44780864
44791216
44790213
44759422
44787287
44784972
44771881
44793583
44774587
44773227
44774268
44792701
44785075
44754027
44773401
44780229
44792219
44759240
44752296
44759632
44770333
44756242
44759053
44773932
44752293
44788548
44754585
44792116
44776366
44772558
44752274
44776418
44785699
44770710
44778308
44773808
44780196
44790755
44780125
44759645
44776143
44770848
44751972
44774031
44752226
44754463
44770647
44772547
44790796
44751576
44774316
44792284
44774069
44752559
44785806
44752266
44754690
44774570
44751389
44774670
44784183
44754213
44754258
44787165
44793675
44785856
44756872
44784174
44754877
44787141
44788545
44776160
44787342
44770478
44784113
44787122
44786017
44770302
44784097
44752541
44774625
44754782
44771184
44773601
44792192
44770976
44754910
44776449
44778345
44739442
44788942
44784137
44772549
44754932
44790728
44785830
44784940
44776338
44775331
44793322
44775432
44759454
44759528
44778472
44756129
44780831
44752657
44770610
44785770
44759253
44759595
44770139
44776152
44774650
44759697
44771276
44759175
44770482
44799915
44775637
44787408
44771132
44773027
44770424
44780884
44786022
44739523
44792660
44771599
44784091
44792674
44773956
44754657
44759290
44752576
44780866
44780263
44787255
44752299
44752204
44756593
44770305
44739527
44772043
44784173
44770309
44775136
44793517
44787399
44788952
44779381
44771362
44770711
44772086
44754878
44751369
44756416
44778425
44771529
44774900
44793350
44787264
44759226
44773938
44754493
44770876
44793633
44770911
44770846
44785027
44771129
44770345
44792398
44787323
44754024
44772472
44759217
44771092
44770702
44771855
44770271
44783539
44785660
44778394
44754422
44759569
44770839
44776483
44773458
44773962
44751665
44772902
44780183
44785014
44759092
44792360
44776131
44751688
44754262
44759521
44771272
44774258
44752152
44780353
44772961
44759134
44776430
44756548
44793422
44754955
44771140
44770633
44756808
44739580
44784959
44771050
44773665
44754635
44780949
44774013
44773471
44770229
44774358
44759405
44756229
44774567
44770855
44774590
44754472
44776106
44754861
44780300
44759620
44784193
44756581
44787178
44759696
44770851
44789520
44775162
44784927
44788558
44770638
44774540
44792604
44773213
44754415
44788529
44783575
44776323
44787475
44774222
44759534
44752679
44754111
44776107
44754660
44791236
44790722
44754018
44759669
44785127
44785814
44786079
44759783
44784111
44784335
44752515
44751618
44756130
44771108
44784226
44784093
44782151
44771318
44759236
44780359
44759611
44739487
44784949
44751736
44784310
44774271
44775625
44754767
44793441
44792517
44784581
44779362
44787168
44770202
44752230
44754689
44773430
44739406
44785735
44787389
44771683
44784178
44793618
44785730
44772574
44776202
44739408
44788587
44752596
44754256
44775155
44770902
44754732
44751592
44775904
44759081
44771634
44779324
44770415
44770790
44792505
44756530
44784909
44775129
44780251
44772064
44759444
44792550
44775169
44759449
44773215
44772435
44787139
44790766
44759325
44772095
44778305
44793395
44784022
44793690
44759701
44772998
44771906
44793451
44775429
44792333
44754430
44739505
44774095
44780153
44788567
44773148
44754468
44792313
44793459
44791218
44771888
44785871
44792698
44783578
44792635
44773163
44751706
44787420
44751443
44785007
44778406
44779391
44756543
44788909
44739501
44775426
44759518
44784129
44759711
44780898
44793611
44752567
44785185
44793342
44756813
44739425
44792245
44751643
44751569
44770787
44771159
44793586
44754480
44756144
44754283
44792857
44773113
44784168
44772585
44785054
44787435
44792314
44754282
44792183
44785171
44756677
44782174
44756226
44759109
44775990
44776445
44756492
44773678
44780887
44759560
44751666
44772570
44773238
44759046
44751963
44799910
44770810
44771941
44793300
44771335
44751830
44771109
44792181
44773832
44771358
44754717
44770616
44775273
44793647
44793549
44778396
44772021
44779349
44773479
44776256
44754521
44792776
44784105
44792615
44784245
44785855
44799904
44754597
44751367
44752339
44775616
44773902
44773107
44773818
44787200
44754819
44775355
44751027
44754860
44754171
44752650
44771858
44790251
44773152
44774357
44792596
44770929
44785835
44774263
44773910
44759327
44772018
44759699
44793337
44770284
44756102
44775632
44756805
44774912
44792831
44771234
44773410
44784552
44772992
44786078
44778421
44754728
44778370
44754701
44752665
44771853
44759848
44770945
44784397
44776420
44787326
44775905
44788924
44751829
44791217
44783524
44759496
44792365
44775476
44785176
44799970
44771313
44770226
44779326
44786061
44783556
44771813
44754642
44773111
44792767
44793594
44759066
44754915
44759198
44771018
44793695
44793516
44792157
44792324
44770273
44773295
44752603
44773063
44772460
44786076
44792286
44751872
44754700
44792597
44759108
44754756
44774293
44776415
44788955
44751796
44785038
44780970
44752368
44784249
44773604
44790749
44778493
44775101
44784327
44772448
44751891
44759916
44787391
44773041
44780246
44759545
44790771
44751459
44775235
44780195
44783545
44774067
44789523
44775160
44776331
44784270
44780880
44795563
44754113
44775250
44793539
44773433
44778484
44779358
44776182
44785676
44776276
44780285
44780988
44752330
44774681
44788589
44795580
44751106
44754097
44795578
44773204
44792387
44773452
44754030
44752548
44773812
44776148
44786034
44789571
44751594
44772042
44759075
44775363
44771956
44751047
44775450
44756622
44773851
44754792
44785047
44739482
44782157
44759564
44754505
44754092
44775917
44770347
44792208
44754237
44773284
44779322
44774925
44752251
44792715
44792794
44792207
44772083
44770823
44775106
44792391
44782166
44772062
44778489
44759416
44754726
44776348
44773059
44774688
44775193
44770441
44770889
44784006
44787196
44788534
44792803
44785753
44792893
44759396
44770289
44759050
44756277
44756219
44754382
44795557
44754837
44773971
44784361
44792105
44759058
44774213
44754546
44754679
44773052
44773146
44770951
44770620
44771305
44751370
44739488
44754261
44792809
44773277
44793482
44791266
44771385
44788933
44787145
44792605
44776383
44754307
44756178
44792318
44784956
44793356
44783537
44784974
44787405
44759964
44773282
44751096
44790780
44754289
44793332
44774564
44773469
44787281
44782154
44759433
44756862
44771847
44785168
44785108
44791222
44772429
44774033
44795529
44751082
44751983
44754473
44752500
44774682
44751915
44773827
44759382
44790797
44756261
44770920
44780889
44775494
44754822
44780335
44774901
44785043
44785074
44774541
44754011
44790204
44756689
44784961
44793305
44770890
44773266
44787137
44756509
44776353
44787124
44780827
44771586
44785756
44773802
44785811
44756496
44776155
44752354
44752564
44785093
44795596
44774637
44795502
44780219
44754787
44771944
44779347
44759734
44790253
44784296
44792717
44754821
44776453
44793613
44759583
44785685
44792539
44774291
44770874
44754004
44784953
44754570
44778487
44771538
44770385
44774269
44754867
44771994
44770382
44799906
44775275
44774287
44759957
44739553
44783555
44786029
44793562
44792100
44754506
44771338
44772966
44754372
44775256
44792691
44775944
44771804
44774951
44785025
44774934
44780862
44784985
44785012
44752630
44773660
44776275
44772548
44752116
44754005
44759139
44792246
44751553
44792888
44773895
44776356
44774323
44787263
44775439
44756227
44770892
44785745
44759285
44785737
44793320
44775971
44770879
44776312
44787195
44775120
44754486
44773976
44771933
44773228
44752227
44770881
44778434
44756410
44792394
44770378
44787340
44784063
44771978
44785068
44754925
44779376
44780807
44772978
44770660
44780308
44752298
44773035
44754744
44786031
44792610
44754015
44792210
44787238
44773110
44784005
44785146
44780955
44775244
44792108
44787127
44759827
44772087
44770207
44751660
44774646
44792688
44784001
44786046
44771623
44756517
44771043
44751677
44776120
44786053
44785040
44793691
44754869
44772954
44752302
44752311
44759563
44773162
44770982
44793375
44771270
44771067
44773841
44775622
44775327
44775652
44793382
44790258
44772502
44792195
44754401
44788921
44770369
44793672
44785895
44756216
44778463
44759635
44775466
44774554
44774645
44792584
44784382
44789537
44752356
44751447
44785186
44754913
44771191
44776476
44780922
44751084
44792639
44759955
44780275
44780134
44759474
44785033
44754022
44771823
44771317
44770866
44780967
44754333
44772563
44773676
44772029
44770644
44793311
44756854
44775626
44774041
44787128
44793306
44759424
44774511
44770809
44790281
44770262
44778412
44770887
44793654
44770916
44776159
44793604
44751468
44786047
44771918
44774371
44773991
44739445
44790705
44751973
44751856
44770672
44773495
44751587
44752314
44783568
44776235
44773958
44751046
44775608
44783595
44759365
44775997
44754455
44784053
44772967
44780956
44752532
44790786
44776467
44756853
44774314
44754006
44774348
44775394
44784304
44774081
44792112
44792133
44780983
44782178
44783577
44795512
44787489
44754399
44774574
44774292
44770674
44784572
44775601
44780295
44751658
44775435
44759460
44774055
44793527
44771675
44799977
44778494
44756148
44756874
44774524
44756402
44787401
44756678
44754662
44791226
44774563
44775124
44780989
44752588
44784109
44752201
44776158
44771360
44799965
44759147
44754421
44780808
44756861
44775333
44787208
44775486
44773959
44792230
44789531
44772942
44784008
44778375
44770217
44752332
44774684
44770204
44756852
44756821
44775976
44799933
44799983
44771821
44774340
44770625
44771567
44778303
44772560
44751398
44795515
44756679
44754234
44776473
44784925
44785898
44752329
44759761
44778433
44792657
44793496
44780244
44778365
44793660
44774238
44772077
44773985
44751432
44776173
44792700
44776134
44792810
44774500
44756569
44799990
44775322
44784291
44774638
44799962
44784539
44785066
44784330
44792830
44756587
44792216
44752128
44751489
44771301
44775184
44754343
44751519
44776386
44792773
44770928
44784356
44792355
44759739
44787213
44795508
44780806
44759674
44784268
44754836
44780343
44790231
44772914
44786085
44776211
44759566
44770618
44771943
44776208
44759334
44771910
44772512
44759548
44771321
44793377
44784181
44784555
44771922
44759376
44770629
44775258
44752613
44774209
44754539
44791275
44773885
44775274
44774586
44774913
44752242
44754545
44784955
44772026
44778486
44774526
44759183
44774616
44754224
44792899
44793651
44770772
44787160
44773168
44785842
44790721
44775621
44784338
44774278
44785048
44784238
44775217
44774941
44751826
44771267
44770697
44784597
44773921
44770130
44771939
44772446
44770365
44754578
44751782
44776396
44776310
44785743
44771023
44770915
44751081
44773252
44771258
44790278
44785123
44782111
44793615
44792838
44771665
44751906
44792819
44752322
44751544
44774634
44792625
44770257
44793694
44751560
44773448
44775357
44754264
44787144
44754285
44774538
44770303
44785041
44752698
44792825
44790222
44775224
44751496
44792186
44772584
44775416
44751506
44751050
44791247
44774216
44779351
44772999
44780852
44792305
44774311
44779348
44751014
44759796
44784215
44751431
44787232
44790215
44792180
44778405
44751536
44754057
44773974
44776224
44785021
44774668
44785181
44791221
44795550
44785112
44751844
44771641
44756628
44787296
44787172
44752235
44790715
44774990
44776433
44770213
44770867
44784213
44784012
44776290
44772463
44787260
44774666
44776496
44776168
44784370
44788526
44751064
44770321
44772519
44751670
44754345
44773847
44775370
44780337
44774380
44780119
44799929
44759851
44759941
44752195
44784924
44780389
44771971
44759874
44785654
44774576
44754157
44773941
44775999
44785602
44775377
44756684
44772005
44771241
44775164
44785682
44790285
44756207
44775296
44773432
44752111
44790201
44754076
44771894
44773492
44786055
44778459
44772518
44782131
44754190
44754939
44759308
44759671
44788585
44775122
44771597
44739493
44774621
44782147
44771174
44754731
44780971
44773916
44771110
44784046
44754540
44773901
44771026
44754495
44795562
44799942
44795558
44756675
44784374
44778350
44772583
44771351
44774085
44772465
44773225
44774336
44780127
44751959
44754496
44775993
44754235
44754187
44792547
44795501
44770100
44785679
44771533
44791267
44759373
44754335
44752542
44795545
44788544
44756131
44770836
44784276
44771631
44776278
44759655
44773651
44774265
44770353
44751472
44775150
44787183
44790261
44780373
44771601
44775447
44771630
44775386
44756819
44759492
44739591
44775215
44752134
44790282
44759356
44792235
44793374
44773130
44784521
44789575
44771996
44784525
44756400
44756438
44770727
44792332
44780234
44775624
44793312
44780940
44792211
44751088
44771286
44773217
44751531
44780398
44775292
44754229
44759795
44784386
44791252
44782112
44772039
44773076
44752565
44776442
44775916
44780276
44775673
44775233
44773934
44773021
44786066
44759337
44780171
44752593
44792209
44780176
44786071
44783570
44780865
44751495
44780133
44754445
44771324
44795505
44792532
44793578
44790703
44759314
44772578
44759063
44771527
44775314
44774528
44775368
44775335
44751885
44784180
44776142
44787189
44773077
44771932
44772031
44754348
44784067
44759343
44785028
44792662
44786081
44776354
44788985
44759432
44783521
44785858
44773211
44793472
44780382
44754477
44759748
44752257
44775651
44780281
44772504
44756567
44775291
44759377
44756831
44793339
44770861
44793481
44772991
44775640
44787484
44773632
44751095
44773053
44774331
44754535
44787173
44784169
44775635
44793663
44759344
44771952
44786083
44770900
44795535
44756254
44759526
44793685
44784583
44770266
44751066
44775964
44770752
44756555
44776448
44792722
44751599
44773043
44795526
44776368
44759691
44787407
44759171
44784589
44783593
44771332
44771063
44784385
44754255
44784526
44788984
44775668
44752272
44793380
44790221
44754515
44754238
44759858
44752281
44775459
44774306
44770978
44784501
44751743
44776318
44792203
44770128
44778358
44771341
44775454
44751499
44793334
44774694
44776321
44776363
44787464
44770812
44759582
44771179
44756835
44751951
44739538
44770721
44775199
44784023
44785069
44785143
44771333
44759946
44751746
44756155
44771999
44759833
44754185
44779373
44770484
44772482
44776228
44778374
44751917
44756126
44771380
44774652
44756688
44776274
44756266
44751700
44773907
44770301
44751966
44792672
44759168
44754710
44739448
44759613
44770792
44772597
44791231
44776209
44770373
44771930
44776266
44782110
44754483
44784078
44792501
44770793
44792848
44788541
44780358
44759082
44751528
44783584
44771169
44780173
44780279
44792254
44751685
44787497
44756489
44776349
44790276
44775657
44783579
44785011
44773033
44784035
44792877
44752640
44759575
44773853
44756807
44774547
44751900
44774916
44785169
44789528
44772989
44785741
44790701
44751656
44783591
44759834
44785891
44770102
44771044
44792297
44791243
44774534
44754789
44787291
44787409
44785619
44759201
44770755
44754396
44756866
44780821
44771016
44793528
44759936
44751962
44784212
44780834
44776291
44780888
44759124
44774335
44776301
44770300
44754363
44780325
44754568
44752618
44784195
44751918
44774588
44786018
44756865
44792367
44780939
44775115
44771192
44771300
44754650
44771969
44778355
44752620
44788957
44776306
44778464
44787483
44787491
44784143
44785077
44776478
44773219
44788583
44774620
44751054
44771250
44782142
44754730
44776302
44770979
44771903
44771211
44759572
44787353
44771079
44775933
44773480
44787210
44788949
44751001
44759488
44770206
44774697
44774600
44754219
44793581
44785640
44759647
44788963
44771557
44774533
44788922
44770826
44751501
44799973
44787120
44774376
44774938
44754580
44785881
44788570
44784325
44785026
44792685
44775646
44756134
44771927
44751678
44756152
44787256
44780284
44774241
44792616
44752264
44784973
44774087
44772009
44793367
44773842
44751843
44759219
44780958
44789597
44759550
44771226
44759903
44759601
44792581
44772092
44770104
44771836
44787241
44784083
44754736
44780847
44789573
44759883
44754651
44784150
44771220
44752655
44776350
44754438
44787400
44775346
44778311
44751905
44771530
44773287
44785083
44773436
44787283
44773668
44756433
44751391
44754360
44774672
44759288
44776484
44771086
44795537
44792721
44771633
44772020
44792561
44780123
44774617
44771569
44785067
44793437
44790708
44780290
44751672
44778407
44759911
44773491
44780913
44788975
44789544
44786021
44784396
44784302
44756851
44774232
44785102
44771077
44772470
44799939
44785744
44774994
44771832
44776189
44770272
44793602
44770886
44759891
44754905
44772946
44792694
44759208
44759789
44759196
44775909
44770664
44770728
44778399
44775687
44754863
44774019
44770295
44770470
44778316
44772926
44771188
44751737
44784247
44787336
44793530
44787375
44778372
44784372
44770609
44793498
44787250
44782104
44778435
44759540
44759152
44773970
44752505
44751744
44752142
44771271
44774996
44751773
44784921
44799921
44751624
44792226
44782194
44784315
44754704
44776258
44771849
44774075
44770356
44752393
44793553
44759868
44754132
44788958
44754857
44759966
44756487
44739416
44792853
44759042
44773496
44785709
44775638
44776498
44785037
44751109
44754762
44739461
44771059
44773490
44788536
44771339
44771598
44752651
44780912
44799995
44773229
44784059
44789286
44793469
44754220
44775342
44754749
44756271
44759980
44756137
44751579
44771806
44795546
44792222
44754355
44784259
44754414
44751039
44756590
44771987
44787341
44771536
44786014
44770649
44771288
44754547
44792600
44770215
44773952
44795552
44770362
44739597
44793698
44754914
44774660
44751055
44771062
44751735
44791294
44754740
44771588
44756435
44784337
44771219
44752566
44754419
44739414
44778366
44780332
44784081
44789577
44752621
44783559
44773171
44772476
44776153
44771976
44792122
44780156
44759254
44773000
44773065
44778302
44754780
44784077
44771880
44774556
44784201
44752224
44773617
44793598
44771843
44752511
44759680
44787190
44778352
44751704
44754522
44780170
44759463
44792535
44759155
44770371
44775953
44792626
44792670
44790260
44759392
44751595
44754058
44759657
44754060
44770446
44772013
44770410
44785191
44792128
44773016
44775420
44783542
44793605
44773265
44752121
44782137
44774565
44775902
44751427
44770849
44772979
44759274
44751059
44759244
44775251
44792854
44772949
44793617
44785857
44787390
44780101
44751395
44759120
44756425
44774359
44771391
44775221
44752327
44759078
44756672
44788520
44754586
44792791
44751928
44770835
44739476
44775921
44790266
44759151
44775145
44774224
44772050
44779350
44751978
44793386
44756588
44788927
44754825
44772477
44770468
44771307
44754384
44785111
44773856
44791202
44759653
44795575
44756171
44785179
44776175
44775134
44751755
44759729
44793344
44770780
44771657
44754291
44782116
44752254
44771382
44774294
44775924
44784065
44787388
44775493
44784002
44773087
44776132
44793338
44754147
44759212
44778470
44752155
44784070
44775225
44784121
44773915
44754768
44770260
44792257
44739504
44770870
44785731
44785834
44790298
44754356
44771060
44770286
44756256
44799926
44792586
44772950
44787134
44792146
44774063
44751099
44770436
44780945
44773039
44788940
44773189
44773067
44773930
44792681
44754885
44772025
44790226
44751785
44787176
44784550
44772591
44754667
44783535
44780384
44751663
44771345
44776317
44752384
44775981
44752587
44759925
44771123
44771892
44775662
44759500
44770412
44785670
44775641
44773279
44754322
44759847
44770762
44774956
44754812
44790240
44774978
44792849
44754225
44771246
44773937
44756810
44751661
44780360
44752143
44771807
44774655
44759861
44759145
44771082
44785106
44776320
44756157
44771125
44772094
44759117
44773475
44771113
44772461
44774000
44784395
44773904
44752115
44785132
44751742
44771954
44789541
44790713
44759992
44754183
44788979
44785630
44771259
44793362
44770923
44770850
44754484
44759803
44754236
44789291
44739517
44756589
44775243
44759527
44792102
44759259
44771128
44752132
44770777
44754434
44789240
44751070
44759984
44770782
44792273
44751818
44754614
44771838
44754449
44784569
44776427
44756253
44751399
44775209
44754574
44759123
44789556
44754298
44759173
44792320
44774381
44751904
44774083
44775319
44793310
44756428
44790751
44792843
44754942
44778490
44785130
44770400
44785701
44793668
44787350
44759717
44759067
44770255
44773296
44754087
44771277
44774572
44754783
44754487
44752509
44754090
44773625
44779325
44779332
44776263
44793510
44771135
44770490
44774518
44783523
44776390
44754191
44752160
44799944
44792640
44784223
44785832
44792506
44771154
44792755
44770628
44787246
44785177
44770409
44788908
44775161
44754033
44795567
44787410
44759871
44787239
44771199
44774917
44770996
44770961
44759991
44756474
44773960
44759394
44752259
44789576
44770888
44776236
44775214
44774262
44756153
44771054
44776472
44751690
44787207
44785050
44774904
44773040
44771227
44770422
44788549
44772068
44773482
44792714
44739546
44771280
44772401
44752669
44751819
44754666
44776179
44772407
44792679
44775979
44754023
44793434
44756108
44776174
44773134
44756451
44790244
44774296
44759509
44774609
44772935
44751896
44751620
44775393
44782129
44795517
44773422
44770109
44754315
44772925
44754615
44774647
44774698
44754929
44739474
44752185
44792808
44756414
44791265
44793388
44772939
44778335
44770222
44756463
44793645
44759630
44785837
44751561
44776311
44787327
44778401
44792214
44773830
44787174
44771119
44784285
44785807
44783571
44773879
44774035
44759505
44774557
44776207
44751763
44754721
44789580
44788928
44773682
44793490
44799953
44759041
44770434
44752394
44792702
44754380
44780340
44792161
44751668
44751789
44771235
44751539
44754038
44785732
44759812
44774206
44791259
44754212
44771606
44780252
44793363
44770977
44774669
44759523
44773068
44785696
44776180
44770253
44773019
44774043
44795589
44754862
44778448
44782169
44785861
44773105
44771690
44780124
44759295
44774028
44780151
44771053
44739484
44771388
44770258
44752626
44775654
44759367
44776233
44773259
44756484
44773258
44780268
44772056
44773201
44784056
44792299
44751835
44785868
44773247
44770237
44793606
44774954
44792629
44774628
44759965
44775227
44793634
44773049
44775140
44787293
44754270
44787245
44754881
44759229
44771523
44771078
44789570
44773032
44770443
44776237
44770465
44785167
44754370
44775265
44789535
44784545
44784950
44771544
44780381
44779330
44793360
44775667
44754227
44785104
44792864
44773957
44759235
44784381
44759771
44784376
44774048
44774006
44772514
44739498
44759618
44785182
44773205
44784010
44774983
44782128
44770298
44754623
44751382
44770872
44778469
44778496
44790232
44778330
44759203
44751878
44759090
44785034
44788537
44772919
44788539
44751491
44799920
44774050
44785121
44772003
44775441
44752325
44759076
44772960
44793326
44754647
44754552
44770318
44795523
44778359
44756827
44756847
44752323
44770211
44780944
44787259
44788977
44774686
44770958
44754671
44759206
44776144
44776210
44772569
44788562
44773979
44780241
44780221
44785606
44771344
44780273
44759708
44756815
44770657
44790297
44780869
44756577
44773644
44770766
44773447
44786096
44751795
44759716
44772517
44754682
44754075
44751514
44776335
44770832
44799905
44770800
44775410
44771689
44782197
44775498
44790735
44754805
44775239
44751449
44788950
44771636
44752210
44751946
44780378
44773402
44756553
44771314
44770739
44778485
44754903
44774962
44791277
44783528
44785659
44793545
44773494
44751804
44785899
44784161
44751580
44784225
44799992
44775672
44759561
44772494
44792559
44787385
44759935
44756158
44792304
44776198
44754596
44754772
44751632
44780309
44752225
44751834
44775910
44759754
44771831
44772997
44754646
44788523
44775287
44799959
44752109
44774977
44754290
44751761
44770377
44759339
44775934
44780293
44774347
44751920
44756444
44774523
44759888
44771197
44754167
44771680
44772416
44770671
44792663
44752383
44787147
44756211
44793406
44787251
44759894
44751839
44780820
44784066
44751638
44754294
44787236
44793682
44774319
44773086
44754386
44759158
44774905
44787334
44792336
44785051
44780311
44786063
44772957
44774373
44754124
44772544
44759910
44774543
44756268
44759328
44773892
44771343
44775365
44754128
44751516
44774313
44754688
44792331
44756147
44774202
44754085
44756476
44759486
44793365
44754165
44774208
44754533
44773953
44773684
44771697
44756848
44754938
44795500
44774060
44759798
44770770
44774940
44792671
44759064
44770948
44770645
44778351
44785144
44770884
44791208
44784312
44751919
44771534
44770600
44793351
44792114
44751931
44752624
44770944
44751503
44776287
44774062
44775397
44793640
44793566
44752351
44773236
44786027
44751714
44776364
44784311
44776123
44770964
44759948
44780322
44771685
44784248
44772489
44773441
44772098
44793446
44772434
44790752
44756404
44775628
44771182
44752292
44799975
44759721
44778384
44773187
44773445
44785884
44793387
44773212
44772490
44754948
44787164
44759616
44751466
44751673
44784187
44751604
44784518
44774573
44759483
44771196
44771908
44784586
44770311
44780256
44751037
44774256
44752385
44759472
44772936
44775928
44756568
44751648
44782127
44759423
44770925
44739573
44780346
44775247
44770210
44776391
44792322
44759636
44774397
44779321
44785042
44773234
44771001
44770364
44754799
44773966
44780816
44772586
44751038
44774009
44759071
44780921
44759448
44759961
44770433
44751949
44752535
44759280
44751776
44759051
44773421
44751510
44772457
44751740
44770244
44771120
44784929
44775125
44784393
44759769
44771020
44792652
44784591
44771200
44784360
44771582
44784576
44775471
44776199
44792285
44770690
44785055
44786058
44775998
44756247
44759544
44754210
44784367
44776119
44785801
44795581
44787480
44785002
44773995
44752334
44789591
44754757
44789287
44770795
44775996
44790208
44775374
44792772
44759673
44773602
44771017
44754742
44739515
44772980
44785631
44751650
44793555
44759487
44773470
44785643
44754888
44799987
44771583
44754368
44780324
44759409
44792323
44754588
44771189
44793550
44759596
44773004
44759546
44790291
44772928
44771302
44752146
44759954
44793576
44751044
44770497
44792560
44776294
44759762
44792334
44778491
44770416
44775181
44759470
44780910
44759787
44792741
44773185
44780356
44785032
44799941
44776177
44770642
44752619
44792666
44754034
44751515
44792692
44784558
44759362
44785671
44792283
44799937
44780876
44759751
44739421
44785078
44784541
44754828
44775438
44773810
44771824
44793500
44770833
44752127
44770688
44771122
44784352
44751058
44756279
44774215
44754582
44770818
44774622
44779367
44752627
44792537
44775400
44774997
44771212
44770467
44780306
44778447
44759125
44752137
44775462
44752295
44780132
44792633
44792280
44770733
44771349
44754130
44792295
44775192
44754624
44792821
44773263
44780274
44759230
44756436
44791253
44784538
44776359
44754830
44792281
44784941
44771232
44784020
44792585
44776279
44785751
44774649
44770871
44785694
44790702
44787258
44754366
44759698
44770903
44773239
44771193
44759106
44751692
44789547
44787138
44772454
44771965
44759215
44759126
44770997
44790216
44771190
44771545
44754359
44791279
44787286
44778431
44778315
44776185
44759877
44783550
44773197
44759153
44792171
44793307
44775940
44751625
44770896
44778476
44799948
44751693
44752289
44756434
44783563
44771398
44784540
44780250
44785039
44756455
44771209
44792543
44773498
44776424
44775405
44790720
44751393
44799986
44756541
44785098
44759324
44785865
44775211
44773909
44752346
44774039
44770760
44787204
44774580
44774661
44788995
44793673
44771889
44771935
44784000
44771221
44772553
44792201
44752310
44792346
44771127
44759694
44739419
44775213
44780331
44773657
44771929
44759118
44771164
44785133
44785760
44756844
44788962
44752177
44754794
44775330
44773281
44780319
44776377
44788554
44754049
44752592
44780375
44754086
44759853
44792390
44759323
44773428
44773899
44752122
44759172
44773961
44793415
44771355
44751938
44776471
44773446
44775179
44786038
44759529
44787292
44759993
44784306
44784165
44754718
44751655
44754514
44774086
44778437
44775325
44771524
44754664
44774979
44792789
44754089
44771204
44785826
44752546
44754375
44784935
44776169
44788969
44754674
44759712
44754918
44773923
44771319
44754244
44778410
44759997
44787140
44773819
44792131
44773619
44754293
44752241
44784252
44752105
44775246
44751024
44778347
44775195
44775249
44774593
44771058
44775261
44751965
44787364
44783560
44771093
44780303
44783582
44773455
44751812
44771214
44792548
44773069
44752396
44780255
44785158
44775366
44770357
44759330
44779365
44759069
44778479
44752367
44792611
44790284
44785860
44776114
44759239
44785094
44756445
44776139
44776381
44789584
44754353
44751993
44780339
44780286
44780923
44784575
44780943
44754044
44771039
44754896
44784937
44775683
44776393
44751845
44772469
44770974
44775336
44772447
44785859
44774247
44784018
44779368
44752572
44752148
44787314
44751991
44792873
44754634
44773662
44756506
44775376
44759922
44756453
44759814
44775602
44754911
44759510
44773166
44784502
44771357
44756596
44771130
44754012
44785134
44792227
44759197
44770403
44754346
44775987
44785045
44780118
44790785
44751893
44771311
44773645
44792624
44780920
44776216
44786024
44754513
44771563
44775499
44770471
44779363
44751572
44754043
44775631
44756809
44756180
44785791
44785794
44790709
44782135
44774097
44754494
44778428
44787438
44788960
44739519
44785839
44751541
44780287
44754189
44790745
44784524
44792503
44774369
44785135
44780149
44759742
44783526
44773165
44784584
44790773
44772581
44771955
44772008
44785876
44771149
44782105
44784068
44739428
44751390
44788593
44773022
44759549
44772988
44792723
44754094
44754838
44771394
44792220
44759342
44759816
44783536
44770613
44776195
44772594
44793385
44770954
44770402
44793612
44759689
44784571
44775316
44759820
44784241
44756673
44784120
44772079
44751799
44775183
44772418
44739551
44751708
44754899
44770957
44793468
44754709
44784115
44759231
44793573
44792512
44754046
44771646
44771645
44759202
44792166
44775127
44775201
44739400
44773153
44784373
44751025
44771925
44789555
44751077
44784509
44774298
44770259
44773814
44792556
44754273
44756189
44771678
44775105
44778395
44759279
44776394
44788582
44773833
44759591
44780109
44793529
44759821
44789565
44774233
44788903
44759765
44787231
44776316
44789522
44772419
44754416
44754050
44759238
44774030
44780315
44751964
44759213
44788503
44792508
44759758
44771322
44784378
44759637
44785020
44787247
44754556
44772582
44790212
44779329
44773461
44776178
44792187
44756547
44787186
44756856
44790795
44754941
44754116
44759048
44754643
44756104
44739417
44770773
44756549
44784073
44780188
44776460
44774234
44775187
44775497
44751943
44788532
44793408
44751017
44779342
44770667
44785800
44751071
44780829
44754712
44770683
44776137
44774597
44780254
44772929
44789548
44773196
44792345
44774915
44770270
44773680
44754803
44774513
44774985
44795510
44775660
44780194
44778383
44783530
44751961
44775925
44759374
44770108
44770106
44751764
44751364
44789543
44759943
44775920
44751994
44771891
44773174
44785621
44759060
44792190
44752333
44759122
44759617
44784964
44788934
44754181
44792828
44773089
44772948
44759465
44759558
44785188
44754409
44751892
44773630
44785664
44776219
44785148
44774026
44799967
44771878
44770374
44739520
44792300
44770391
44785008
44787299
44780914
44788930
44756540
44778417
44771371
44792806
44759843
44771087
44786088
44751671
44771624
44759580
44793641
44785635
44752260
44784557
44759650
44780265
44775310
44780345
44771383
44739492
44771603
44776299
44772471
44778462
44793580
44785798
44754104
44771590
44771085
44754652
44770665
44784977
44771000
44754764
44751545
44787170
44795521
44779372
44784908
44780370
44792115
44784368
44799919
44784110
44771839
44754122
44759713
44783561
44770251
44785122
44759072
44780839
44776416
44754628
44785728
44782136
44792279
44756570
44787203
44779320
44782144
44770807
44780307
44784257
44792680
44799934
44771002
44787235
44770686
44756681
44793503
44771347
44773285
44773903
44752283
44772921
44759978
44775372
44751511
44773825
44770731
44774349
44773984
44754927
44771326
44756811
44776109
44774677
44754595
44751461
44756564
44780341
44775614
44771661
44774253
44770723
44754610
44756464
44793379
44759598
44754287
44770203
44752547
44751408
44756170
44780135
44752544
44776191
44772934
44785081
44792578
44751990
44739471
44756470
44776355
44759773
44784237
44791230
44784514
44739412
44788951
44789581
44789278
44774337
44784348
44785178
44771977
44770910
44756411
44751374
44770429
44791264
44771097
44754172
44770761
44792106
44785044
44785609
44774389
44792653
44775495
44759801
44752373
44752306
44754900
44784032
44752549
44756624
44773198
44787161
44759255
44772483
44770987
44780220
44759136
44754347
44756578
44792644
44751734
44771094
44752507
44770924
44778397
44773608
44792891
44759660
44780108
44751914
44790267
44785852
44751851
44772918
44759825
44787216
44791234
44795598
44773292
44759603
44787201
44775908
44770995
44771088
44739411
44774094
44787320
44784230
44776232
44751016
44790772
44793369
44787151
44778429
44752262
44784299
44772044
44774368
44783529
44771900
44771663
44759638
44751765
44771914
44770454
44770208
44793376
44770950
44792716
44759959
44739563
44775168
44775206
44770717
44772451
44773998
44752370
44770278
44773045
44776485
44792266
44773062
44784533
44739495
44759736
44792253
44792307
44756472
44752611
44754835
44770396
44795518
44772938
44787126
44787338
44771061
44776205
44759735
44799950
44780328
44785780
44774315
44754247
44792602
44759515
44771626
44776325
44773186
44752102
44784341
44771639
44783583
44772551
44739434
44783592
44759850
44792282
44754897
44752112
44790202
44784317
44785175
44751731
44780977
44754145
44792727
44778414
44774001
44784343
44771575
44771390
44756249
44771584
44752103
44793582
44785799
44787465
44772080
44770447
44754654
44752130
44792518
44752149
44754362
44754627
44751709
44792516
44770737
44785183
44773042
44751597
44783527
44786020
44771022
44773453
44772052
44754912
44784976
44782121
44756814
44772441
44779355
44780110
44770931
44780180
44770231
44783588
44789588
44793390
44793689
44775423
44751623
44752145
44799981
44752245
44785716
44787437
44754706
44751548
44771595
44751958
44792852
44784933
44780327
44754373
44782167
44752221
44775678
44773443
44775679
44787398
44785894
44772491
44772415
44786073
44754186
44778328
44771635
44756473
44775385
44771065
44775311
44754669
44771902
44754598
44772060
44774017
44786051
44759304
44770335
44776161
44793432
44790200
44774581
44775444
44754323
44776376
44754608
44756806
44773006
44770330
44774252
44788913
44784286
44792531
44775360
44787311
44754655
44774562
44792262
44792770
44792760
44792249
44752648
44759856
44771539
44792777
44776425
44785825
44771249
44754069
44771993
44756239
44773900
44756559
44792148
44751006
44772932
44773942
44785116
44773206
44785802
44776130
44771828
44774352
44785673
44771958
44778454
44792247
44776255
44770476
44788506
44770654
44771364
44754078
44784991
44770759
44785611
44754447
44776389
44752392
44756829
44739552
44774015
44795561
44775253
44759974
44752675
44785788
44770852
44751415
44787193
44754105
44759703
44759921
44776147
44792897
44754936
44754079
44784594
44775188
44771171
44752320
44774696
44792268
44772459
44759887
44791211
44784986
44759195
44785194
44787339
44782162
44759193
44773890
44770264
44776246
44770315
44773911
44770348
44759287
44780320
44774514
44780152
44775364
44775419
44751724
44770725
44772436
44793341
44771860
44754696
44774958
44795583
44792143
44739598
44754214
44793659
44754439
44739418
44782145
44780121
44771224
44784216
44756408
44789550
44792656
44774527
44752124
44793664
44772905
44780947
44772424
44770960
44784544
44751921
44771581
44754077
44771298
44784218
44787206
44771177
44775128
44775340
44754039
44754637
44751488
44784577
44759497
44759216
44775457
44793461
44754746
44771949
44788561
44772492
44770404
44784590
44771207
44775411
44759119
44770107
44782143
44775180
44774307
44792349
44792675
44780122
44772066
44771811
44780879
44792194
44788948
44778371
44759083
44786025
44784116
44778473
44773460
44751644
44793452
44786050
44784366
44773896
44771206
44759587
44759477
44774330
44775219
44775961
44771651
44773264
44790726
44770895
44754711
44784283
44751636
44778382
44772073
44770860
44792396
44783576
44771620
44770101
44771682
44752151
44774930
44751409
44792627
44785703
44793359
44754482
44771829
44771548
44770479
44759207
44751897
44775977
44739405
44773412
44771596
44787461
44759780
44754162
44792261
44770947
44782146
44756177
44771183
44759191
44752261
44774345
44791248
44756552
44751056
44770329
44787344
44759824
44785197
44770965
44770873
44779345
44782187
44771269
44774374
44752209
44793378
44792153
44780257
44771261
44776357
44771030
44773028
44775914
44754549
44780388
44775323
44772906
44752527
44775123
44756257
44754389
44759091
44790794
44789298
44772952
44772420
44784295
44739483
44785850
44770708
44780238
44788966
44770384
44795593
44787184
44792895
44784916
44792617
44759164
44784224
44791229
44754173
44754192
44771178
44771055
44751691
44759791
44771327
44780224
44754317
44754052
44782165
44771064
44759976
44752150
44776395
44778408
44799922
44751733
44784019
44756210
44751713
44756857
44752656
44775135
44785072
44774906
44799997
44775402
44770751
44759503
44792510
44754500
44772516
44759574
44759686
44772430
44759294
44770959
44751832
44756486
44751816
44793590
44784351
44756850
44759265
44790768
44752174
44776206
44756109
44773478
44785031
44792225
44759329
44773946
44775992
44752376
44773999
44785125
44775382
44778356
44772408
44776447
44774207
44754257
44784904
44754858
44789217
44739572
44771960
44792705
44754619
44785140
44752313
44772046
44759904
44759837
44790769
44752271
44759857
44785062
44754893
44771114
44792385
44751615
44754645
44739592
44784593
44773155
44774365
44784141
44771116
44754253
44786057
44774229
44792551
44772901
44773431
44774968
44754365
44772096
44771268
44771605
44751030
44770936
44785099
44780270
44789579
44771566
44751375
44751825
44776487
44772945
44772084
44773088
44792113
44775994
44778341
44772522
44752391
44759181
44792321
44784013
44756522
44756550
44780813
44770859
44792162
44759571
44784162
44759870
44784189
44789563
44787237
44792689
44770806
44751563
44788974
44756143
44790280
44780175
44773208
44773009
44774289
44759517
44771389
44793431
44780377
44787290
44771213
44754734
44770763
44776204
44791255
44793456
44784570
44759166
44759952
44780380
44771611
44771046
44756832
44792338
44793592
44792881
44759685
44756534
44792117
44780372
44773182
44785082
44788509
44752361
44754474
44771222
44756265
44784957
44785131
44790744
44778498
44775367
44780867
44792388
44771036
44775407
44759614
44759879
44780126
44780937
44784144
44780165
44751645
44775962
44759896
44774353
44791238
44785046
44771543
44770294
44785773
44771520
44751574
44780242
44771666
44754695
44773839
44793538
44793697
44784988
44752246
44786016
44784967
44754203
44792634
44793662
44751805
44789582
44771913
44776218
44756687
44751726
44759044
44759418
44773269
44773816
44779335
44756536
44770241
44793599
44789585
44759670
44773159
44780334
44774998
44784301
44756465
44784234
44754895
44773427
44785625
44771947
44772947
44793424
44772910
44784362
44775463
44770825
44773997
44759776
44779339
44775623
44789559
44785010
44775126
44754446
44787167
44754379
44774501
44785747
44799969
44759829
44774693
44787316
44780296
44772458
44776215
44772534
44792896
44780314
44759358
44759110
44754352
44772908
44759354
44785646
44759593
44780894
44775276
44772022
44770868
44773036
44754106
44771535
44771102
44771387
44785824
44773002
44776475
44754802
44754827
44793665
44751454
44759753
44799946
44790292
44774089
44776422
44778449
44751079
44790228
44792107
44752291
44771256
44771340
44772995
44771686
44754364
44773898
44752214
44759281
44784537
44772511
44759775
44752263
44759218
44756877
44775630
44780897
44759920
44754723
44775430
44759133
44799964
44752114
44751774
44775936
44756525
44752172
44774325
44787395
44754648
44780379
44780162
44752577
44780886
44793487
44784365
44739452
44787424
44770927
44751387
44759612
44789561
44784175
44793542
44780278
44754340
44786037
44787153
44792145
44785849
44787249
44773257
44793494
44773061
44792711
44751806
44784098
44759985
44771854
44751383
44774944
44752199
44792289
44754403
44751537
44751989
44770659
44771393
44754267
44770325
44771982
44771210
44784114
44759502
44774235
44770808
44771616
44780217
44792740
44752337
44754815
44787425
44775968
44739444
44759663
44751870
44754093
44792363
44799984
44773078
44786067
44784082
44751360
44770843
44770853
44759586
44792524
44771558
44792200
44778307
44774276
44792555
44788598
44775108
44773611
44759480
44775190
44772028
44775991
44776272
44773141
44774312
44792728
44774054
44784344
44784511
44775177
44759160
44784554
44783566
44770991
44752536
44759112
44793585
44774606
44752399
44771057
44759436
44759774
44792152
44771153
44754161
44751559
44780825
44771621
44752387
44784324
44784579
44770662
44752158
44773145
44773101
44751464
44771377
44773438
44770235
44754776
44790286
44782190
44793569
44774360
44793328
44784119
44759725
44771875
44792845
44780282
44771285
44784308
44773929
44756676
44770338
44739458
44784316
44754218
44785869
44754715
44776166
44792168
44752574
44773893
44785136
44751593
44759797
44785733
44754779
44792667
44790239
44759553
44754524
44771143
44759662
44774273
44774393
44770280
44759828
44752318
44756106
44759830
44795509
44784164
44754041
44751060
44770216
44771316
44756461
44759585
44785615
44774297
44775986
44788959
44754716
44792368
44775647
44772575
44787240
44774079
44787230
44754795
44771163
44780895
44759420
44775248
44785086
44771532
44792618
44785792
44771968
44789567
44784253
44795511
44773177
44759137
44773817
44776157
44751932
44759388
44752309
44759715
44771034
44751629
44754200
44759220
44751639
44790279
44754062
44756423
44771614
44799951
44776188
44774333
44775337
44771228
44773880
44792608
44759380
44773634
44784279
44774531
44756501
44759873
44773845
44754019
44771564
44780174
44754565
44770842
44789572
44751588
44772983
44780326
44791205
44792383
44785627
44778376
44784334
44751568
44751456
44759266
44759805
44754197
44752516
44759875
44773823
44771168
44771117
44754658
44776344
44773023
44785173
44771676
44793474
44771029
44770753
44774305
44789583
44754551
44771931
44759080
44772573
44780892
44752240
44784289
44786013
44759678
44759180
44785058
44793397
44771040
44774627
44793417
44773894
44739486
44772033
44775185
44756231
44759313
44792529
44759352
44785893
44792382
44754074
44780875
44773917
44784505
44754139
44780819
44778309
44752397
44771650
44776304
44756107
44774512
44751596
44770267
44759237
44790747
44774611
44756441
44782172
44784092
44771901
44775649
44793684
44774578
44786072
44778467
44773954
44792572
44754541
44785771
44780872
44792867
44771688
44754305
44751790
44776220
44770355
44752594
44788925
44784379
44785151
44788563
44771175
44773994
44774073
44793355
44788538
44774242
44792796
44792206
44784574
44780342
44774960
44793505
44773459
44785049
44785847
44780184
44780312
44770427
44782114
44780338
44787379
44773639
44775951
44780271
44789542
44759176
44773400
44770263
44756520
44784075
44751749
44754259
44783567
44756855
44799931
44792673
44788572
44774260
44780814
44754146
44788967
44772567
44784265
44775648
44774383
44773815
44759767
44759099
44793533
44776284
44792766
44786062
44792575
44776268
44795536
44774579
44739459
44739535
44773112
44770352
44785758
44751981
44773647
44784079
44774084
44784269
44792737
44792820
44759539
44776244
44790770
44792233
44792184
44771323
44774529
44770803
44754735
44799938
44770612
44759272
44754321
44770630
44784548
44778317
44788976
44780877
44759475
44756503
44770310
44759559
44773176
44785156
44788521
44770864
44756276
44773484
44756270
44771315
44752315
44773621
44759385
44782189
44784256
44754466
44754240
44771008
44776203
44772931
44795576
44784026
44774942
44754829
44773420
44751622
44780938
44787460
44776217
44759854
44785006
44759073
44795570
44770461
44775110
44754251
44792826
44780138
44784566
44784107
44774243
44793593
44784530
44770287
44771830
44790245
44792872
44756245
44785096
44756858
44771890
44792252
44771825
44754686
44775935
44793349
44775947
44770417
44752183
44773683
44786094
44792212
44773066
44770495
44752324
44752617
44751927
44773181
44792595
44788599
44751540
44770788
44770359
44780267
44775475
44793457
44775906
44779336
44788915
44795548
44772969
44785029
44787266
44754042
44780297
44776417
44770138
44784328
44751041
44778353
44790756
44776262
44754763
44775117
44775665
44754142
44778314
44771354
44754618
44792800
44792149
44756869
44775684
44759625
44774971
44754252
44793370
44759813
44739439
44775100
44751444
44775163
44739534
44774228
44756620
44776167
44754388
44771556
44772422
44773289
44754714
44775465
44784028
44770319
44799989
44790273
44778331
44787487
44754350
44775197
44771818
44780881
44784203
44785641
44780178
44759880
44785846
44772453
44759865
44751386
44756234
44789540
44793483
44773857
44770908
44751008
44780804
44779328
44784044
44759983
44771984
44786012
44756834
44775263
44754450
44759537
44759607
44792228
44789266
44784052
44778391
44775262
44754080
44790761
44793352
44780243
44793419
44772467
44759944
44787156
44756237
44792238
44775231
44776477
44774535
44784506
44787312
44779377
44787383
44774338
44756542
44773623
44790275
44787226
44770891
44771577
44774251
44770814
44778338
44754834
44772532
44792218
44788987
44795542
44770754
44774519
44754082
44775121
44788917
44782175
44776300
44771121
44774024
44773883
44784254
44754383
44770221
44772588
44772071
44775474
44754312
44776105
44770877
44754693
44787209
44776172
44785065
44774240
44784014
44770448
44775170
44773859
44785030
44770883
44739506
44791209
44751770
44788542
44784101
44773874
44775473
44773001
44773951
44773133
44770233
44754265
44772572
44790791
44775216
44752317
44784049
44751711
44783531
44775923
44778300
44784258
44771820
44792199
44770376
44775659
44785723
44770968
44788931
44785015
44773638
44756259
44780987
44780815
44773674
44770706
44739579
44783597
44756572
44784333
44759807
44787315
44795533
44756212
44774907
44782123
44770841
44771263
44772019
44784394
44759931
44780236
44792119
44771565
44792790
44774044
44784911
44785036
44756822
44752197
44759508
44754491
44754739
44784021
44771600
44792725
44771814
44751463
44785109
44776426
44793486
44770488
44784104
44754904
44773692
44772523
44739549
44771934
44759841
44785748
44792213
44752268
44799980
44754846
44774505
44754875
44752326
44776201
44752504
44759242
44775449
44759664
44774970
44770306
44780316
44780969
44771395
44773843
44751813
44775353
44754638
44752661
44792669
44775401
44775138
44792538
44771812
44772425
44785702
44752279
44784186
44780148
44771198
44793449
44774675
44770406
44785632
44756561
44771899
44752168
44759320
44780186
44776115
44792856
44773132
44774641
44778451
44772478
44791206
44792330
44774989
44759077
44759398
44752170
44751102
44751062
44784582
44754584
44788986
44771101
44754599
44752388
44776122
44775692
44754544
44751662
44770904
44792591
44759668
44771895
44793544
44792594
44776226
44754134
44771375
44791242
44771330
44751996
44778452
44782115
44773867
44752212
44775963
44752658
44751013
44770372
44780822
44795594
44751969
44785779
44756629
44752375
44790746
44771537
44799927
44770949
44751023
44754148
44739420
44782130
44774396
44770643
44775166
44782156
44739424
44780975
44793465
44752312
44756140
44784527
44795579
44754297
44775618
44751836
44771531
44793681
44751679
44754626
44751838
44775281
44754065
44773026
44780272
44785001
44785721
44775949
44759570
44770240
44775229
44771015
44775313
44754883
44792124
44793657
44751362
44751365
44752352
44751442
44754656
44773606
44774058
44759599
44771638
44772503
44759096
44793402
44754553
44787219
44774506
44754070
44771042
44792178
44754125
44792704
44759901
44773493
44778332
44773260
44792687
44771951
44778471
44751923
44785199
44776305
44770375
44754882
44774343
44752623
44759562
44784500
44783540
44774204
44770857
44759552
44759087
44778388
44751002
44770685
44792816
44793571
44786074
44770969
44756686
44788569
44775277
44771608
44739578
44793644
44752269
44792158
44772505
44772474
44773161
44752250
44770252
44774036
44780927
44752545
44751934
44795573
44776282
44778488
44751787
44754461
44792744
44776151
44771995
44775453
44778413
44771308
44771893
44774257
44775433
44739457
44772023
44790700
44772004
44786035
44759335
44776370
44773235
44773237
44784923
44773283
44786019
44770358
44751960
44754729
44775268
44780853
44770418
44775642
44751476
44770624
44780301
44780283
44795568
44775238
44774356
44752604
44756275
44771172
44759609
44778344
44783520
44773278
44792636
44782100
44751094
44773081
44751758
44751578
44778438
44770973
44784573
44784513
44770435
44774536
44759221
44773876
44774502
44752581
44774361
44772566
44739567
44785695
44770411
44756405
44771873
44790712
44775915
44786039
44773098
44754523
44756870
44771348
44789557
44759142
44785697
44774618
44784588
44790764
44759395
44792863
44759150
44754135
44759707
44759105
44770834
44787397
44792886
44774254
44775222
44772402
44791287
44773663
44759174
44770340
44752198
44759457
44751937
44770452
44784209
44790787
44770764
44792695
44771622
44739554
44773631
44776462
44775605
44792713
44784151
44785150
44780893
44785624
44756224
44752236
44739521
44754114
44784166
44773167
44784997
44771195
44756524
44780393
44774045
44773473
44799982
44771632
44772431
44770209
44770646
44776197
44770824
44787267
44770475
44772580
44754410
44756818
44784517
44759451
44771589
44787123
44751036
44771157
44752605
44780146
44786087
44795503
44785787
44773426
44770635
44770696
44786030
44754945
44787187
44790296
44752216
44780906
44756154
44770297
44770214
44759371
44754395
44792887
44754639
44788978
44775975
44786011
44770617
44780361
44784515
44759412
44775257
44784242
44771384
44784939
44784208
44759331
44784267
44751997
44787354
44754205
44751538
44792814
44784171
44785128
44771989
44780111
44787367
44776347
44759844
44780351
44770705
44780289
44780329
44773687
44787378
44771609
44773003
44751971
44754310
44759884
44788946
44780916
44771242
44799972
44784944
44759726
44788993
44785656
44783522
44772972
44787481
44754814
44751505
44754562
44774955
44784284
44751803
44792126
44759459
44772468
44784965
44778333
44771033
44774689
44774610
44775266
44793619
44775396
44789589
44787159
44775939
44792746
44773829
44775147
44774363
44754581
44772964
44754073
44772462
44793471
44787234
44772546
44771112
44780117
44754499
44785622
44752637
44787163
44788552
44776231
44773908
44759341
44793676
44774631
44770242
44771136
44774995
44773286
44784543
44773114
44756110
44780145
44751675
44770735
44771841
44754141
44780942
44754054
44770894
44771124
44793448
44752202
44793488
44775208
44756592
44792265
44754773
44770769
44774612
44773672
44771187
44785607
44784037
44784920
44788992
44773254
44752362
44775408
44785195
44771916
44773440
44773868
44784177
44759704
44774245
44752147
44774212
44773047
44790767
44770917
44771037
44759200
44775232
44774249
44792315
44759307
44754268
44774255
44751381
44771074
44776358
44784228
44778420
44759906
44771099
44774993
44792665
44759059
44751944
44785126
44773095
44775111
44785198
44770636
44759792
44773615
44773485
44789538
44771694
44792215
44792842
44782141
44775927
44773616
44784529
44785677
44751667
44780946
44788965
44793521
44752371
44770693
44751366
44773840
44773667
44770223
44780105
44754207
44739497
44754952
44775362
44770830
44772924
44785605
44799914
44770380
44770268
44772579
44779386
44793489
44799949
44770882
44775489
44756490
44784580
44771098
44799979
44774282
44785790
44785663
44756105
44759589
44773646
44756115
44739401
44785726
44780277
44785680
44759378
44785657
44792380
44775380
44772592
44751610
44759823
44751033
44771255
44751556
44772590
44771373
44785738
44785073
44774642
44739536
44756545
44792861
44792536
44775324
44773483
44787361
44752676
44751941
44754286
44759138
44751821
44756493
44773472
44771561
44770756
44785061
44775656
44759942
44789526
44759541
44786064
44788530
44793638
44788905
44773218
44751448
44751705
44751410
44778450
44776126
44759799
44759989
44770757
44780957
44759981
44780247
44776251
44792389
44754770
44791237
44775383
44775334
44780928
44785164
44793509
44776361
44752165
44759832
44751092
44772442
44756209
44754088
44776388
44775609
44787130
44774082
44784240
44752287
44773897
44752645
44774928
44770942
44771006
44788543
44754314
44785626
44773968
44784227
44792303
44759462
44754336
44778360
44787402
44759162
44759532
44756468
44790765
44785147
44784559
44799988
44752570
44785070
44775617
44772526
44759714
