44789195
44779482
44781480
44789626
44789038
44779468
44781532
44781581
44780540
44797457
44742172
44779084
44781109
44797623
44796622
44797071
44781193
44798930
44781422
44781751
44781176
44796802
44789060
44781704
44752848
44777357
44781775
44797376
44796978
44777982
44796867
44789631
44781481
44777301
44797469
44789136
44789183
44781596
44783715
44781694
44783785
44796686
44797107
44781723
44796957
44781719
44779133
44781604
44787597
44783763
44798033
44797087
44797703
44785586
44797424
44798036
44786688
44781437
44752997
44783725
44797070
44798070
44781106
44796774
44785441
44792971
44781530
44786637
44796454
44781504
44789025
44792958
44796422
44786618
44786648
44789680
44797233
44781477
44742252
44777317
44796935
44797116
44796661
44787588
44780765
44796623
44786669
44741936
44785539
44779144
44797034
44781139
44789157
44789010
44780582
44781100
44777350
44796435
44798000
44779059
44742240
44777351
44781798
44779152
44796490
44796895
44797378
44792926
44787553
44798069
44797363
44753696
44797375
44797311
44779008
44780588
44777381
44780734
44742102
44777216
44781366
44797750
44780795
44781195
44777388
44779018
44777980
44798901
44797467
44797195
44779127
44789097
44785403
44797714
44781628
44798037
44781378
44780721
44781702
44777235
44797444
44741088
44752847
44797269
44783737
44781485
44758331
44781707
44797642
44789000
44797682
44783710
44779447
44777975
44797005
44797704
44777281
44796433
44797415
44781738
44796620
44785484
44789056
44779185
44797643
44789677
44753603
44779083
44741098
44798092
44797744
44796906
44781559
44781488
44796869
44797696
44777354
44753607
44797011
44781541
44777257
44789014
44796485
44781513
44787509
44781456
44785532
44797343
44779123
44796688
44789678
44798059
44798992
44797150
44752883
44779071
44796824
44792905
44797020
44797366
44781245
44797030
44797073
44779119
44780081
44797224
44797665
44757906
44789687
44797280
44798078
44797706
44797160
44777332
44752994
44789145
44792933
44783713
44779154
44797568
44783727
44781266
44797715
44781796
44781536
44796668
44789600
44796653
44779102
44789041
44789106
44796470
44777916
44796719
44797563
44777991
44797393
44779128
44789003
44781761
44779105
44798052
44780072
44796897
44779467
44796614
44777326
44796963
44781200
44781410
44758326
44797023
44741905
44797453
44779002
44779405
44792977
44781624
44787515
44796825
44798013
44777221
44779499
44798087
44741063
44781147
44797039
44779132
44781717
44781181
44789006
44780518
44779007
44797262
44781764
44797310
44789005
44797151
44781392
44797354
44781233
44780761
44797196
44777334
44796773
44796738
44797718
44789015
44742171
44752989
44758387
44797022
44789654
44779058
44785414
44779493
44758393
44796899
44777967
44779492
44797720
44786690
44796621
44781262
44779020
44787547
44792937
44780565
44789123
44796842
44781183
44742106
44785473
44752999
44780760
44777940
44796678
44798015
44796801
44787506
44796475
44758322
44796952
44789682
44797691
44781677
44796843
44785464
44797564
44797214
44779440
44796604
44781403
44797418
44781659
44785559
44797264
44781208
44781586
44792964
44785439
44798001
44789007
44781384
44787530
44779013
44796999
44783762
44780782
44797627
44792947
44757905
44777966
44777997
44781512
44786651
44781737
44789111
44785508
44796839
44785553
44781602
44780741
44789170
44779032
44785579
44781301
44789017
44798959
44797182
44797037
44779092
44786600
44783709
44797184
44796790
44779036
44796912
44777918
44781320
44780772
44779015
44781409
44797462
44797015
44781235
44798086
44781486
44779495
44779183
44796750
44741961
44742109
44796660
44779195
44780509
44785584
44796884
44781255
44796408
44796870
44797201
44789122
44789143
44741932
44789118
44785456
44781537
44783793
44777272
44797162
44785478
44777961
44741974
44797170
44758361
44789663
44781519
44781184
44789151
44789174
44780785
44758347
44798021
44779118
44780553
44797409
44798919
44779188
44785461
44780768
44753617
44796722
44792991
44796797
44780056
44781693
44798972
44797371
44789686
44797118
44781797
44797754
44789685
44779091
44783742
44797146
44787580
44797773
44796615
44789609
44797637
44781459
44781289
44777318
44786601
44781269
44781517
44797713
44777282
44797400
44797072
44792924
44796700
44780088
44797321
44789611
44796873
44797380
44796716
44796877
44781743
44796915
44781448
44779130
44797359
44796723
44783797
44781336
44781684
44780750
44787535
44786689
44785590
44781374
44779155
44781569
44797270
44777253
44789160
44779496
44789641
44777913
44780542
44781767
44796816
44797653
44777307
44797115
44752820
44781144
44786603
44781777
44797727
44779047
44796996
44779160
44796826
44781506
44781219
44780788
44781614
44797658
44758385
44780092
44796616
44797417
44753600
44789002
44783754
44783779
44796493
44781787
44785524
44787596
44785566
44777212
44785585
44797636
44781209
44783786
44796891
44783790
44758364
44779194
44796462
44780715
44797131
44789109
44797323
44779415
44781173
44781267
44779149
44777236
44797790
44781564
44789119
44777218
44779081
44789624
44797120
44787595
44797739
44779000
44787505
44777999
44785426
44796488
44789159
44797776
44780501
44796715
44792996
44777364
44797555
44781444
44797796
44797560
44752822
44798995
44789665
44796489
44797079
44797644
44796612
44797723
44798989
44797436
44792925
44781290
44796693
44797012
44789620
44785465
44781157
44789190
44781518
44797105
44781734
44781500
44779427
44796467
44789688
44797482
44781589
44789149
44797373
44741990
44789655
44797066
44796812
44796985
44777315
44789185
44781452
44777376
44785547
44777247
44787508
44789142
44787543
44797443
44781439
44797468
44781196
44777214
44789042
44741933
44797180
44783769
44777314
44781556
44780077
44777254
44796628
44779476
44780058
44797630
44796896
44786604
44785432
44792911
44796836
44797326
44781779
44797447
44781433
44797183
44796926
44758389
44796860
44797381
44789084
44781130
44796858
44785487
44789009
44777910
44781170
44796762
44789612
44796639
44796948
44797035
44780794
44777339
44779082
44789199
44781132
44798075
44797592
44798048
44758370
44781515
44798084
44797433
44797065
44785404
44752872
44785495
44781215
44741079
44781340
44797669
44797045
44797038
44780564
44796786
44797737
44758374
44796619
44796876
44789186
44741937
44797755
44789127
44781606
44789189
44796777
44786677
44797273
44798955
44789621
44797014
44796414
44797641
44796466
44787536
44781273
44781710
44797728
44780087
44798991
44798095
44797639
44786624
44781178
44796663
44752805
44779039
44741958
44781557
44796775
44781553
44796835
44797795
44796442
44797650
44777258
44781789
44797324
44796644
44797719
44789196
44797629
44797494
44779181
44797322
44779151
44785417
44779142
44785598
44789048
44781371
44780561
44798002
44796430
44753608
44797212
44796914
44781314
44752802
44798932
44781304
44797284
44757904
44796648
44785471
44796998
44786692
44753697
44796974
44797786
44781744
44786602
44785449
44789150
44796799
44798975
44798973
44798019
44781724
44779090
44787529
44796761
44797235
44785463
44792992
44781760
44796817
44796951
44785428
44796805
44789628
44783719
44796683
44777391
44783745
44780577
44789146
44796772
44797749
44777265
44796669
44777386
44781727
44785538
44797016
44780799
44781424
44797133
44797276
44752876
44781503
44779010
44758368
44781207
44792907
44796696
44777298
44797313
44777945
44789176
44785509
44797109
44781730
44797466
44781274
44797256
44797153
44780701
44742118
44797656
44789684
44777955
44781622
44781706
44797163
44797420
44741097
44797753
44783792
44797765
44796947
44797603
44757938
44797395
44741093
44783741
44780073
44781398
44787558
44780595
44797127
44783736
44796601
44796950
44797654
44796989
44779448
44785425
44796800
44781151
44797017
44777925
44792974
44781240
44789032
44797478
44796625
44797752
44783726
44777210
44797570
44787552
44783716
44798045
44779466
44742136
44796865
44786674
44797550
44796671
44797557
44779086
44777956
44779034
44798988
44780059
44752830
44780075
44777292
44780505
44796903
44789696
44779043
44783798
44781329
44796987
44777249
44777222
44789156
44779453
44797292
44798028
44781201
44779409
44796733
44797236
44781449
44797620
44742138
44777294
44779166
44789648
44789676
44796453
44797138
44741020
44781770
44777333
44797185
44781735
44758383
44758396
44797091
44780724
44781780
44781140
44797588
44780705
44797456
44781206
44781461
44797041
44786682
44781121
44779070
44783795
44758399
44796822
44797702
44781551
44780769
44797129
44797328
44777348
44797031
44783784
44758332
44785415
44792908
44797626
44797314
44797221
44783723
44796923
44781153
44789191
44796679
44777952
44781182
44789024
44781613
44786633
44780544
44789073
44797587
44796994
44787550
44797701
44789034
44781133
44777309
44797783
44781338
44797678
44797218
44777234
44779420
44797140
44789147
44797572
44777387
44796692
44796721
44798072
44797331
44796808
44780780
44796768
44777971
44781217
44789625
44741912
44781665
44797414
44777392
44780756
44796766
44789068
44781588
44797344
44797061
44781428
44783791
44781145
44785522
44781685
44777929
44797585
44781729
44797412
44779444
44742254
44797188
44781561
44777375
44797178
44783720
44785510
44741959
44781462
44797486
44797757
44796967
44742268
44777269
44785460
44797793
44796428
44796640
44752852
44797149
44798911
44796992
44752810
44789011
44786620
44797095
44781319
44792962
44781194
44797573
44797130
44742291
44757903
44797377
44777981
44781470
44781698
44741045
44786610
44796744
44781248
44781644
44781771
44757921
44787500
44797112
44741921
44777962
44781713
44789180
44779481
44777256
44742182
44797148
44741951
44781740
44797687
44797362
44781429
44777904
44789168
44783708
44781115
44797432
44777206
44786652
44797260
44779129
44789023
44786673
44781496
44789698
44796962
44796758
44777996
44781167
44785492
44797008
44781688
44785405
44779487
44797716
44779164
44785588
44785518
44796682
44797711
44785580
44781637
44781479
44781497
44785424
44797081
44777977
44797398
44781136
44777932
44789630
44798929
44798027
44781655
44797640
44797097
44779449
44781611
44797145
44797194
44797798
44777289
44779138
44742111
44797076
44781352
44797611
44758333
44741021
44786693
44779157
44785496
44783707
44796988
44752870
44781263
44785542
44781270
44781580
44787567
44779141
44781357
44779052
44785459
44792943
44777390
44786619
44789173
44792978
44777959
44777963
44777917
44789658
44797426
44781626
44796691
44781687
44796813
44777338
44797154
44798916
44779170
44779411
44796956
44777248
44781268
44785477
44789606
44797217
44779147
44785494
44787502
44797206
44785575
44780082
44796759
44781514
44777233
44752841
44777240
44798922
44796431
44786691
44779076
44781583
44742160
44796975
44798083
44797408
44742170
44781389
44796783
44797625
44787519
44797646
44781417
44780758
44797492
44781782
44780702
44797374
44779115
44780793
44781324
44779179
44752849
44797000
44742173
44780747
44781765
44781385
44792967
44798978
44779019
44777970
44781259
44797043
44781186
44797172
44777361
44780751
44777352
44758369
44779004
44783760
44781732
44797177
44777958
44797455
44785558
44789691
44781135
44781307
44797799
44777270
44777320
44752836
44777286
44798062
44798012
44797126
44780790
44796837
44797110
44789659
44779067
44779480
44781489
44758336
44797610
44781275
44781148
44781520
44798926
44796402
44780522
44780523
44780560
44779191
44779027
44797332
44797286
44797748
44797096
44781168
44798960
44785455
44789662
44781447
44797346
44786611
44797493
44796879
44752873
44779042
44781656
44781563
44797710
44781510
44757901
44785429
44797725
44786659
44797638
44779093
44777273
44781174
44779148
44797192
44789040
44796631
44798057
44779418
44780764
44797712
44742183
44796872
44781482
44777297
44797677
44781190
44781663
44797265
44796918
44781134
44797122
44781380
44796447
44777389
44758321
44781150
44781666
44785595
44777359
44781252
44796794
44798074
44777302
44797660
44797676
44779003
44753699
44797028
44785502
44797647
44758386
44796972
44797085
44789051
44798082
44741038
44798020
44785501
44785533
44797735
44796704
44777373
44789045
44752982
44781442
44779116
44789058
44777336
44777321
44797175
44752832
44777937
44787599
44785591
44796973
44797599
44789039
44781397
44781260
44796753
44796850
44796647
44797199
44789193
44797427
44780085
44777220
44789044
44780554
44781369
44781566
44789164
44787503
44797202
44797345
44781692
44781524
44777349
44783733
44758367
44797791
44758323
44797278
44796672
44781277
44798054
44792972
44797624
44796731
44796404
44786654
44742103
44785458
44779433
44796739
44797117
44797142
44786636
44781318
44783743
44780552
44797491
44798908
44785402
44797732
44789623
44781388
44797338
44798905
44781129
44742105
44797616
44777901
44779172
44752840
44797144
44798085
44796886
44777263
44781192
44781653
44742127
44797607
44785505
44752968
44786666
44787570
44796624
44741976
44758391
44787594
44798077
44797029
44742178
44798985
44781558
44789101
44752846
44779408
44785589
44796460
44798044
44798939
44777920
44796980
44781283
44781793
44797106
44797059
44797009
44796893
44786615
44783756
44796472
44797632
44785511
44798923
44797383
44789646
44792913
44781122
44752858
44753698
44779494
44781264
44787522
44781328
44796862
44797191
44752813
44796770
44789171
44796927
44780723
44797223
44758398
44781131
44780534
44797390
44797340
44781509
44781396
44781483
44753694
44798067
44797271
44785514
44780528
44797253
44742251
44797756
44789053
44796848
44796650
44797052
44797248
44796827
44752853
44797134
44781686
44785520
44798999
44797013
44781218
44779483
44798099
44779009
44787555
44777372
44797268
44797349
44780727
44779412
44792961
44781565
44797104
44796603
44797761
44797179
44777264
44786646
44783750
44797372
44787593
44797026
44787511
44785527
44752875
44780781
44797779
44781354
44777325
44783789
44779426
44781291
44797437
44777276
44797290
44797189
44797406
44783735
44797197
44786697
44781511
44789103
44781211
44798094
44783799
44752815
44798942
44798963
44781256
44742110
44781616
44781199
44789129
44785491
44797132
44780728
44781639
44798061
44796439
44787524
44798047
44780547
44742114
44786662
44742242
44792952
44797166
44789061
44780506
44789666
44780050
44789076
44783744
44796933
44796838
44781303
44789152
44781697
44777377
44780514
44797364
44780563
44781152
44780711
44781661
44785479
44752861
44789062
44796655
44796851
44779111
44777998
44779187
44797700
44781689
44797156
44783734
44781271
44789632
44777906
44779407
44779107
44777200
44783752
44797562
44781608
44797738
44780520
44787560
44789674
44780773
44781492
44797002
44780071
44797006
44780062
44779113
44797448
44797113
44789627
44783794
44742199
44777353
44777319
44789692
44777926
44779064
44781399
44781404
44785482
44785451
44786616
44779410
44792938
44779025
44785411
44780783
44752881
44777243
44789177
44789113
44779456
44798921
44779193
44777367
44781696
44797003
44798022
44779022
44792934
44797405
44781222
44752920
44752851
44798979
44787569
44796931
44792995
44796711
44781142
44796600
44789602
44797709
44792988
44796818
44781224
44781615
44781690
44789192
44797649
44796855
44798981
44781623
44797419
44792917
44777306
44797577
44796911
44796878
44797067
44779046
44779103
44786655
44781678
44779073
44796602
44779112
44789605
44781426
44781516
44796834
44797119
44797423
44781773
44779117
44796929
44777355
44758354
44797495
44796844
44742132
44789617
44796636
44797267
44785587
44777366
44777964
44758358
44798990
44789194
44789608
44752996
44796809
44797652
44796746
44781701
44796681
44789614
44797083
44781382
44742122
44780510
44781141
44796749
44781237
44758350
44796703
44781573
44779479
44797046
44781679
44789012
44781418
44781507
44741007
44789120
44781774
44792990
44789162
44781112
44781726
44796920
44777909
44797397
44796859
44757902
44779485
44786676
44796643
44780731
44797193
44781571
44752978
44779174
44741046
44796667
44789055
44797463
44796418
44797445
44781591
44752833
44779072
44777948
44752998
44786614
44781128
44777328
44780051
44780777
44797464
44777323
44781177
44796481
44797018
44792941
44781381
44796627
44796755
44783781
44781733
44781214
44787518
44780735
44781490
44789027
44789021
44797648
44796882
44780579
44796652
44787534
44752914
44797663
44780700
44781572
44797670
44781691
44797449
44797216
44798951
44779125
44797074
44796626
44796637
44787592
44787538
44779062
44798953
44777924
44796907
44777312
44781499
44789695
44783724
44785457
44797121
44796811
44785557
44777204
44785407
44779126
44779175
44787531
44797044
44796810
44796656
44777902
44798004
44797004
44779450
44786660
44797461
44796961
44781548
44742145
44797473
44785551
44781358
44789694
44781427
44777385
44781570
44796856
44779146
44781745
44752827
44779035
44789065
44758377
44742108
44780519
44781641
44777931
44796905
44752964
44783711
44789069
44789616
44797497
44796732
44789092
44783783
44796760
44797680
44797476
44783739
44777380
44777930
44797288
44789059
44796740
44789675
44789114
44796714
44797165
44781356
44792922
44781675
44798007
44797743
44752934
44758382
44796828
44777203
44796737
44781198
44742288
44781752
44780079
44781111
44798946
44780587
44798089
44797114
44779168
44781189
44780515
44781443
44789115
44797601
44796904
44796638
44752828
44787554
44781239
44779158
44797111
44797782
44796730
44789607
44796717
44797205
44779469
44779153
44752809
44796444
44785481
44797671
44797767
44777280
44777296
44796646
44785571
44796424
44798039
44742164
44781776
44781138
44797167
44789026
44797084
44780779
44796934
44781236
44785535
44785597
44796713
44787587
44779470
44797594
44797318
44797317
44777911
44783775
44798971
44780063
44798943
44786627
44780748
44798956
44797238
44796983
44797672
44789172
44777374
44781334
44797477
44779404
44780066
44779077
44785526
44781279
44783751
44777255
44796909
44796984
44796908
44797770
44797655
44797141
44789132
44796861
44798064
44796780
44752839
44741973
44785576
44797633
44796953
44781238
44789613
44796939
44781308
44752845
44796875
44780786
44796898
44752948
44783761
44792983
44781633
44792923
44758339
44781741
44785410
44785416
44789681
44779140
44781607
44777251
44781103
44781216
44789105
44797769
44777304
44797274
44777245
44797219
44777946
44797053
44781220
44796781
44796968
44785489
44780771
44777914
44781251
44797282
44781261
44780095
44787574
44777213
44797329
44798962
44797330
44781728
44797312
44798984
44789131
44780710
44781299
44798954
44781792
44779406
44781784
44796793
44777903
44796841
44787510
44796819
44797410
44752880
44780076
44781326
44780584
44781227
44789082
44796833
44786626
44777278
44779016
44796486
44785540
44789064
44789110
44779165
44797751
44796894
44779452
44797425
44777232
44798041
44781463
44797679
44797252
44797261
44783738
44789031
44781632
44796662
44789635
44781498
44796779
44796969
44785474
44797351
44752887
44796743
44797147
44792930
44780770
44797698
44777283
44786667
44780502
44780507
44780054
44796459
44781640
44742130
44781114
44797421
44753695
44792966
44785599
44780500
44796960
44786663
44779177
44779457
44785569
44798949
44797789
44797556
44781432
44780753
44798934
44797047
44797259
44781161
44777938
44777211
44789020
44787527
44789121
44792949
44797429
44783787
44798997
44783771
44752871
44796901
44758353
44785440
44796949
44742137
44781118
44792985
44779074
44797411
44781249
44796971
44797051
44781413
44779401
44777928
44741931
44797379
44797157
44785423
44789140
44797384
44798060
44781468
44797407
44752824
44779096
44780762
44781676
44797325
44796461
44777950
44787516
44781555
44797098
44796922
44779089
44797050
44786629
44781709
44785409
44742253
44787572
44796676
44796990
44797622
44783728
44796840
44792987
44741977
44786617
44797368
44781363
44779087
44797108
44797475
44781364
44797315
44785552
44797734
44758373
44785578
44780559
44785500
44789100
44797086
44787507
44781316
44779028
44781471
44781345
44783772
44789629
44781598
44779498
44789077
44798068
44779050
44780091
44789139
44786653
44796720
44780055
44779061
44785453
44798050
44797580
44781703
44783721
44797695
44777912
44741999
44798994
44789016
44779161
44797731
44781234
44781415
44779099
44789669
44797583
44798080
44777362
44796651
44789043
44798974
44797209
44797319
44797042
44781746
44741975
44781359
44781105
44783764
44780548
44792975
44796863
44779006
44777343
44798920
44781203
44785406
44785596
44797125
44797186
44787565
44786621
44779100
44780709
44796632
44780789
44781309
44781529
44777356
44777986
44797645
44779097
44796495
44781487
44797571
44787539
44796782
44789067
44780575
44780732
44797137
44792906
44796981
44797422
44781120
44797158
44797356
44777305
44752878
44781420
44777347
44741903
44786683
44797341
44797590
44797747
44779057
44781102
44777340
44781645
44780736
44797056
44797724
44796400
44796791
44779159
44779186
44781164
44797615
44779017
44780099
44787540
44789622
44781753
44777316
44753606
44797334
44780798
44797055
44777202
44781394
44781595
44786678
44781554
44777965
44796945
44797347
44797078
44781360
44785506
44777394
44796657
44797430
44797465
44781652
44781714
44797283
44798071
44781416
44781736
44758375
44789618
44789153
44798935
44741069
44798961
44796747
44753621
44797403
44753604
44752854
44752967
44796471
44780525
44796815
44787521
44781617
44779416
44796654
44753635
44796771
44780757
44797093
44796764
44785497
44752885
44781599
44797446
44797062
44797228
44796955
44797618
44798977
44785516
44781440
44797211
44785422
44779137
44741982
44797254
44796718
44777228
44797101
44777915
44787584
44798030
44753633
44758345
44741983
44777287
44781137
44779441
44781387
44783766
44789108
44781390
44797668
44796814
44781438
44777345
44797057
44786635
44797686
44781473
44781731
44781445
44783704
44789052
44781664
44797391
44797068
44781419
44796769
44797370
44780060
44789117
44780706
44781405
44796924
44777217
44796665
44797792
44796959
44781379
44781339
44758325
44777908
44785435
44797488
44780722
44785531
44781232
44781763
44741960
44781469
44779060
44797171
44777311
44781367
44797483
44798096
44796765
44785436
44796629
44781755
44792901
44797336
44780733
44779473
44789615
44781169
44777927
44792900
44798970
44785549
44797155
44797054
44780530
44796853
44798018
44796618
44797480
44781258
44752835
44742126
44780743
44797438
44792912
44779069
44783778
44798940
44797100
44789070
44779068
44785480
44752928
44797674
44797673
44779484
44797759
44781344
44785577
44796415
44758360
44781244
44797394
44789085
44796670
44796677
44777972
44796868
44783701
44780774
44781562
44781748
44781584
44785507
44789656
44786638
44777949
44797690
44753609
44783706
44783796
44753610
44777398
44758329
44779122
44796889
44786639
44796885
44789091
44785447
44781317
44781257
44780052
44781210
44777990
44781635
44779184
44792960
44797369
44779108
44789049
44796401
44797136
44797431
44787520
44781545
44786631
44785545
44792973
44785419
44797472
44780513
44792984
44796666
44777399
44797741
44797460
44785400
44780533
44789668
44796741
44779425
44796658
44785499
44779435
44797693
44781467
44789181
44779422
44789148
44786684
44797595
44779106
44787568
44789133
44796976
44777241
44785433
44798091
44797159
44796689
44797181
44780545
44789683
44779120
44796421
44785517
44797090
44798918
44785438
44789163
44785420
44796913
44792979
44797203
44786650
44781769
44787557
44777954
44781712
44797745
44780594
44780717
44789679
44786696
44777369
44777252
44779402
44785582
44785543
44797337
44796734
44777941
44779011
44780729
44781474
44781355
44785550
44797350
44780096
44798969
44797621
44798996
44796796
44758381
44789634
44780508
44783777
44779080
44796478
44780792
44779497
44741059
44787526
44798097
44797327
44796910
44792945
44797458
44797128
44797382
44783768
44787545
44786698
44781711
44777285
44783765
44781725
44777275
44797024
44780567
44780083
44741911
44752897
44781475
44781450
44797152
44781700
44780745
44798098
44797198
44796832
44758351
44779178
44796642
44752882
44777985
44798031
44780590
44783702
44797474
44797598
44785483
44796954
44797386
44781116
44781125
44781305
44789098
44796930
44785430
44758362
44798967
44781747
44796887
44752823
44781651
44796820
44777284
44789664
44797454
44798909
44781343
44796726
44797777
44781720
44781327
44781484
44789154
44789063
44796416
44779024
44779088
44796630
44777295
44798008
44796423
44785437
44797025
44796977
44777370
44796845
44786622
44787542
44781321
44797606
44798948
44780549
44779490
44786612
44797401
44798924
44781223
44781758
44780529
44780703
44781441
44781660
44783700
44781794
44785548
44781126
44780061
44777395
44796702
44797258
44779044
44780599
44779095
44797049
44779163
44780566
44779063
44781453
44781785
44781457
44780718
44796849
44781247
44781465
44781154
44785544
44797576
44796763
44779442
44796756
44781495
44787564
44797768
44796413
44781472
44742125
44779114
44796407
44781408
44785530
44789165
44780719
44796946
44752838
44798046
44792997
44781543
44797352
44797578
44797339
44789660
44752895
44779048
44777223
44777397
44785556
44789667
44797357
44781705
44792948
44797080
44797435
44781146
44796611
44797291
44798993
44781778
44781454
44780583
44797124
44781790
44785445
44797244
44781742
44785452
44789643
44797190
44779131
44797664
44752826
44797772
44783755
44780585
44797659
44798936
44752866
44777979
44780098
44779162
44777393
44785493
44797040
44781695
44797367
44798914
44798026
44798950
44797077
44777299
44780556
44798011
44797075
44796496
44783788
44781313
44777226
44785408
44779443
44789672
44781585
44797566
44797010
44779423
44777330
44798915
44753634
44777303
44797762
44796645
44785413
44785448
44797320
44780097
44780571
44781368
44779460
44789144
44796916
44779143
44797721
44785504
44789673
44781550
44797208
44797092
44789693
44798051
44797245
44789001
44779474
44786680
44780755
44797365
44796474
44786608
44789671
44797479
44783749
44781272
44797204
44781620
44779110
44789138
44792935
44780064
44798090
44780090
44796610
44796609
44780057
44796902
44798968
44798933
44777978
44796965
44796966
44781754
44780511
44779023
44780503
44789187
44779180
44781756
44779026
44797082
44785444
44752857
44742270
44777259
44796690
44779419
44781325
44777207
44780065
44779421
44789008
44785454
44783732
44787537
44780597
44781187
44797441
44781348
44779436
44781386
44798912
44741087
44797143
44781149
44798983
44792910
44779437
44781668
44789652
44781750
44789697
44797102
44779197
44797019
44797692
44797333
44796751
44780551
44781609
44797215
44781658
44741050
44779417
44796995
44779135
44779430
44798056
44781594
44798931
44781393
44796982
44781300
44797697
44785534
44777905
44781159
44796727
44787501
44797609
44797169
44796641
44792953
44797316
44781592
44797139
44797694
44787523
44780797
44779451
44798965
44797722
44779445
44797760
44797675
44777396
44789169
44777308
44796607
44797389
44797726
44781375
44785541
44777260
44798058
44798982
44741057
44758394
44789081
44785574
44789102
44781781
44781446
44777300
44785554
44797226
44777288
44796921
44781768
44777239
44781212
44797069
44781531
44797683
44797740
44797628
44779075
44777900
44779124
44783718
44742271
44798904
44789066
44785476
44797685
44796468
44779136
44781124
44798076
44798063
44796890
44785546
44781451
44796701
44797342
44781634
44792940
44779037
44742257
44796803
44752860
44777219
44779439
44777993
44781400
44741966
44798032
44797063
44780543
44779432
44777951
44781491
44781221
44752804
44777279
44785536
44777291
44779145
44781395
44785594
44781391
44796617
44777322
44797551
44797021
44777267
44797173
44797758
44741913
44797604
44779055
44787556
44781372
44792989
44781766
44777933
44752879
44792909
44781783
44797001
44779486
44777230
44787576
44781163
44780068
44783717
44797496
44781636
44798066
44781377
44781699
44796735
44786670
44789198
44792976
44797048
44798043
44796680
44780593
44789019
44781501
44785470
44752867
44780726
44781306
44777368
44798055
44742146
44781464
44781631
44741978
44796804
44781191
44797027
44781110
44789087
44779078
44781739
44777266
44796494
44785401
44789112
44789166
44781406
44798910
44780080
44781113
44797060
44780558
44789197
44781297
44785573
44797579
44781243
44786607
44798040
44779199
44797168
44797355
44779169
44787512
44796944
44797251
44792927
44785486
44742123
44792918
44798998
44777329
44797385
44797667
44797605
44781335
44789004
44797689
44777224
44781362
44780094
44781578
44792986
44789158
44777250
44783776
44742176
44798947
44777205
44796928
44792936
44779054
44781315
44797007
44787575
44797635
44797661
44779176
44797275
44796411
44789633
44796997
44781242
44797353
44796608
44797094
44786695
44787548
44742272
44798941
44789099
44779167
44781376
44796659
44789074
44796964
44785570
44781476
44797360
44789184
44781788
44789179
44785442
44798986
44796649
44752863
44783782
44781508
44781574
44781494
44798903
44796932
44792903
44783770
44797681
44742131
44789022
44781786
44781722
44785466
44780787
44781455
44777337
