44750037
44781063
44777133
44777044
44777499
44799007
44749387
44742362
44777846
44782565
44771778
44788196
44790920
44773394
44783345
44739181
44750089
44777066
44776672
44738722
44773392
44776825
44746473
44738805
44779582
44777620
44776846
44778596
44788147
44758428
44771780
44787940
44750132
44779991
44779568
44774724
44774179
44781022
44782576
44788479
44757080
44750258
44778638
44778083
44771788
44797984
44777564
44777065
44750333
44783624
44797912
44742305
44750024
44774755
44750084
44738853
44758563
44791944
44791799
44778631
44774825
44777166
44771739
44737927
44776534
44742586
44738869
44777815
44746440
44779609
44738823
44781083
44782643
44750076
44782507
44776594
44778016
44799096
44778784
44786751
44788048
44786752
44777451
44777556
44746834
44782440
44788125
44778636
44781020
44792018
44734180
44781024
44758704
44779693
44781014
44783670
44788760
44776911
44778786
44778825
44737968
44799054
44758589
44792000
44788444
44776680
44755274
44734181
44790040
44783653
44737982
44776544
44758787
44734182
44781044
44790197
44746463
44788788
44779935
44739128
44776651
44777163
44788012
44778712
44758742
44776616
44747190
44746468
44778858
44750023
44786785
44788026
44743566
44777526
44742593
44782541
44755485
44778652
44791751
44755266
44788168
44755511
44746885
44782556
44787922
44758426
44797959
44779915
44777601
44740723
44779559
44788179
44776777
44799031
44758565
44744428
44755553
44777420
44777165
44778539
44744490
44778938
44750077
44782387
44776556
44734273
44743631
44738891
44779878
44781829
44777535
44799088
44782348
44772172
44742369
44779955
44755515
44779943
44782366
44746914
44779541
44783116
44750180
44792087
44776867
44782434
44781841
44776932
44787931
44790036
44746880
44778597
44755579
44786713
44782595
44776033
44778940
44779529
44791754
44778565
44777186
44777479
44776011
44755450
44782404
44778886
44750047
44758578
44790125
44790977
44779639
44788409
44779900
44783679
44776871
44755267
44750260
44750397
44778744
44777433
44787612
44779550
44779675
44758630
44778635
44777595
44783141
44788088
44750245
44779569
44743602
44746702
44777405
44776930
44776950
44790137
44746846
44755594
44774740
44792025
44788481
44779597
44779930
44787663
44779546
44750151
44779910
44788768
44776744
44776918
44777493
44788058
44749354
44788054
44781039
44778793
44774761
44758753
44739383
44750001
44734150
44738783
44743711
44783130
44797935
44777653
44782503
44781880
44778752
44783669
44779566
44743544
44774780
44779552
44738727
44758733
44790008
44777156
44750087
44788015
44734118
44771752
44778633
44778020
44777608
44791737
44746449
44750070
44777562
44778710
44739378
44791733
44740761
44779658
44746836
44792052
44776973
44779936
44782684
44779879
44746494
44776829
44774140
44778607
44781066
44739124
44776010
44790069
44773371
44778736
44783385
44782533
44746739
44739139
44737952
44779987
44758407
44750111
44777557
44755448
44776741
44779858
44747179
44778792
44734133
44778898
44750146
44797940
44787989
44738832
44758580
44788121
44777067
44777180
44774819
44758420
44746722
44777605
44787967
44750124
44739370
44781028
44790172
44743730
44783158
44781041
44777030
44777638
44778654
44790191
44790134
44739158
44791725
44777812
44788194
44788424
44758570
44747184
44776862
44758728
44776864
44786774
44738762
44777171
44783672
44758583
44772196
44779538
44776974
44774146
44772194
44787902
44782671
44777149
44782591
44788009
44790989
44750145
44739188
44778953
44783117
44788082
44779677
44774744
44777109
44783107
44776516
44742326
44742382
44797956
44792067
44777498
44788157
44778043
44774155
44779636
44776016
44773397
44790124
44777519
44790940
44778734
44776540
44737980
44777412
44790959
44749343
44776045
44758568
44783157
44783184
44776993
44740780
44786778
44747195
44782652
44744492
44743560
44782797
44777873
44778684
44791732
44786759
44750241
44788775
44792010
44739160
44772131
44750327
44771736
44777589
44790154
44742327
44777448
44786795
44738848
44771725
44750248
44758403
44778619
44746744
44791768
44778845
44750345
44797986
44737945
44743611
44755303
44740708
44734105
44778779
44750025
44750055
44734177
44774886
44787987
44782460
44738782
44786761
44774147
44778637
44750098
44757039
44783362
44787674
44743791
44776677
44783339
44788793
44776759
44787968
44778071
44776565
44776034
44779885
44777615
44743605
44776573
44758427
44749352
44774180
44791784
44776047
44786766
44778066
44776748
44744494
44788799
44777820
44778742
44755557
44744469
44788192
44778033
44777851
44778732
44776778
44738872
44779942
44747175
44799069
44776921
44787656
44779916
44779631
44781859
44778764
44774804
44778814
44750392
44777553
44777896
44755313
44777543
44746467
44779532
44779642
44782791
44782402
44755460
44750312
44778950
44797965
44743741
44749374
44774777
44734080
44779605
44773333
44787638
44777546
44778895
44778624
44781061
44744412
44743703
44774823
44779956
44773317
44777629
44783360
44777113
44755667
44776601
44776788
44744201
44776907
44790030
44739186
44777816
44742569
44783176
44777098
44781055
44790971
44771735
44790026
44778890
44777093
44777510
44781065
44738818
44742592
44744442
44777598
44783359
44788198
44742583
44771734
44783622
44758770
44771785
44734263
44777849
44750097
44787916
44777152
44783171
44776836
44790168
44771777
44777164
44790902
44778645
44746454
44750267
44788110
44792085
44776527
44776504
44777178
44738811
44778090
44776612
44779554
44734209
44787635
44740770
44740764
44742372
44776512
44771705
44788406
44771770
44787601
44790941
44787913
44746828
44776902
44777623
44777550
44779884
44750323
44750120
44750140
44777507
44750181
44777450
44734094
44781079
44743691
44773319
44778979
44755281
44782551
44750088
44788747
44758631
44779521
44746479
44783621
44749338
44782757
44781875
44787932
44779580
44787604
44777559
44757094
44788492
44744447
44739393
44778772
44773390
44790992
44782735
44779893
44744264
44778982
44776092
44779933
44777533
44734205
44783125
44783120
44777646
44750254
44743617
44791781
44778666
44788757
44778552
44750079
44738809
44779525
44755226
44779518
44777681
44734215
44791753
44791943
44778097
44739185
44776628
44790160
44738715
44783367
44776625
44747181
44777675
44778082
44776553
44773399
44776577
44755549
44797992
44774861
44790987
44755244
44777585
44786736
44782511
44783354
44788136
44758423
44758714
44737998
44783377
44758576
44777633
44779543
44750106
44778884
44779562
44743712
44774789
44778755
44782488
44774749
44788031
44782569
44777074
44774142
44738817
44772161
44781008
44776729
44755275
44783156
44757066
44797939
44778962
44777542
44734108
44783628
44792081
44746814
44774751
44790933
44750222
44773368
44776877
44755598
44746862
44777492
44786767
44783110
44787920
44777647
44774844
44773313
44776880
44779861
44779517
44778985
44743511
44746917
44743685
44776019
44776602
44781814
44776872
44791778
44779685
44778914
44778823
44738759
44750226
44755484
44777496
44737978
44749330
44787678
44739162
44738743
44776898
44778856
44755235
44750127
44779937
44782702
44790066
44791750
44799084
44790956
44743681
44777409
44797963
44788455
44790090
44788405
44782516
44782667
44739391
44787620
44778688
44776850
44778716
44779506
44782496
44776666
44758708
44771721
44750335
44738707
44758413
44776833
44739384
44776091
44750030
44757051
44776967
44776592
44783170
44782623
44797941
44778864
44788184
44750033
44776957
44744443
44779938
44738889
44787983
44786755
44742577
44779909
44739369
44782339
44776991
44778660
44758571
44772186
44782604
44777022
44799076
44782472
44778010
44738807
44742307
44782567
44777072
44776975
44755554
44750061
44781030
44746450
44778677
44781002
44755229
44776649
44786702
44776604
44734120
44777561
44774736
44787965
44799083
44782600
44778570
44746466
44788789
44758562
44782486
44779945
44750121
44750064
44781012
44787914
44779627
44771722
44799072
44777899
44783159
44742511
44772132
44750048
44790058
44772105
44758719
44777640
44734265
44774758
44774721
44778892
44744435
44782455
44771745
44790922
44782499
44786781
44788046
44742328
44797907
44755531
44790063
44777458
44750274
44755498
44776827
44788090
44776037
44779526
44776030
44790190
44783347
44774771
44779632
44758729
44786758
44787631
44749323
44781858
44779886
44786775
44779870
44781856
44787956
44743587
44778969
44771762
44750188
44790177
44773355
44746740
44777583
44782733
44744449
44782552
44777419
44786776
44774149
44776564
44778646
44776097
44776551
44788749
44799010
44788445
44755212
44750052
44790035
44776851
44750036
44776675
44791746
44774101
44737987
44777511
44788759
44739395
44773320
44779533
44750135
44771789
44776770
44772103
44734207
44773332
44734223
44783370
44777082
44734218
44772162
44776695
44774128
44734186
44778998
44739386
44743688
44772133
44777512
44742532
44788091
44776542
44776704
44743686
44782361
44783325
44772117
44790173
44773367
44776849
44791771
44746460
44737992
44790958
44771716
44755310
44797920
44739161
44782578
44776838
44790130
44778028
44776531
44778088
44749305
44755569
44797925
44779557
44782477
44783316
44758710
44776819
44777872
44779880
44749373
44778046
44777841
44776014
44776761
44777580
44783678
44739207
44788186
44774705
44742339
44758629
44738781
44791785
44757087
44739215
44776021
44742528
44774132
44778815
44757099
44750034
44750229
44777569
44777016
44786765
44739212
44755223
44744420
44738716
44787672
44774853
44783390
44790061
44750398
44750008
44746754
44740717
44779970
44776641
44740747
44779892
44776847
44776630
44791748
44776501
44776763
44779530
44758707
44738808
44787923
44790905
44779972
44779540
44778959
44776088
44777470
44738802
44774763
44776738
44788165
44788142
44758408
44774112
44776631
44788057
44776828
44776887
44782334
44776844
44799036
44788417
44778035
44750082
44778848
44777659
44773348
44781838
44782789
44776075
44782347
44776669
44790906
44734299
44757002
44777427
44749314
44739189
44777129
44774129
44791923
44776956
44791757
44743775
44743526
44783174
44790038
44797943
44790919
44783164
44744465
44757092
44738795
44776044
44779919
44776674
44790152
44778753
44799050
44746477
44788441
44772193
44738726
44778656
44778745
44746497
44776066
44749389
44776015
44758626
44782475
44749349
44787903
44777523
44778778
44778927
44776724
44777425
44755451
44779889
44782772
44750000
44790007
44778715
44734184
44755539
44734129
44791765
44778617
44779595
44786705
44738755
44791735
44778777
44750337
44791767
44749385
44788049
44776053
44778847
44757061
44777551
44779902
44778050
44782574
44797916
44788070
44737959
44790000
44788016
44734232
44744448
44755236
44778697
44777097
44788062
44781010
44782727
44776901
44758763
44782350
44782778
44743529
44743624
44774194
44799085
44773335
44750375
44755285
44778820
44776715
44778912
44778750
44777002
44734297
44777040
44758635
44739184
44783658
44776654
44779666
44777890
44778863
44749316
44779932
44776897
44734197
44791761
44782624
44781047
44755492
44788745
44778899
44774879
44742563
44797905
44771767
44734267
44777637
44734178
44790049
44778842
44773329
44791704
44746482
44778906
44778522
44783331
44755301
44750103
44776842
44776664
44783111
44787941
44742321
44778951
44774717
44742355
44777616
44791945
44782691
44743658
44776713
44776764
44790068
44739211
44782701
44791772
44782392
44782641
44778052
44778765
44738863
44778675
44750060
44777192
44758671
44781032
44783395
44774723
44773323
44739382
44782349
44788792
44779883
44758564
44755207
44744215
44781067
44750243
44776835
44776999
44778540
44778948
44777155
44773325
44778894
44778059
44738810
44788446
44776508
44746442
44734134
44776703
44739365
44779664
44778961
44781821
44786777
44742597
44783334
44778954
44737970
44777630
44734195
44776992
44776574
44758685
44776581
44778546
44758789
44771758
44750196
44777094
44734276
44788130
44750306
44755204
44787664
44772151
44779612
44750356
44787614
44771772
44772184
44788191
44779625
44790043
44749393
44799051
44774193
44750017
44778634
44790961
44787675
44738812
44776858
44758419
44777594
44755505
44799032
44782430
44776714
44774162
44777876
44779619
44791770
44778556
44790915
44788458
44776560
44782538
44781802
44757028
44750211
44782609
44781820
44738717
44779965
44778538
44758759
44758718
44776771
44750022
44792053
44776087
44776772
44788402
44778044
44777174
44781062
44746703
44799063
44758760
44776863
44782444
44779925
44772166
44791727
44750073
44743664
44749394
44788432
44776582
44783674
44791990
44778001
44783328
44787970
44750175
44783145
44788137
44786797
44779928
44788193
44776813
44779553
44782606
44750227
44783311
44750322
44734272
44787686
44739167
44758410
44773312
44746830
44777145
44758697
44788416
44755546
44755295
44755297
44783324
44788128
44776614
44797995
44734269
44778849
44777811
44778535
44777176
44737923
44788739
44758435
44747165
44737919
44755287
44782456
44776521
44777801
44788067
44782432
44734284
44777517
44737967
44783112
44787643
44783373
44778946
44782582
44750367
44758598
44778887
44788071
44742516
44791988
44788740
44744255
44788750
44743761
44776890
44757050
44773340
44782490
44783321
44781823
44772138
44737908
44776696
44779881
44779669
44779556
44787645
44782616
44738756
44777075
44776621
44791701
44742397
44757010
44788160
44779598
44790093
44783150
44742518
44744244
44777625
44787908
44788124
44776767
44777115
44746757
44776943
44787657
44746856
44777831
44776502
44778615
44771786
44750370
44746870
44777062
44778986
44740727
44778730
44738712
44739381
44776984
44783160
44742538
44750085
44782743
44749379
44757019
44776809
44740709
44776958
44776536
44788460
44777198
44755208
44778685
44740739
44781011
44797989
44782409
44742513
44773345
44776514
44772171
44778797
44778672
44776572
44777834
44797901
44781864
44790113
44739200
44746874
44744475
44743694
44781888
44783304
44774876
44788427
44772185
44742313
44757025
44776702
44782744
44738849
44776064
44776078
44781848
44781007
44755529
44776697
44749353
44778036
44758575
44738768
44750303
44778511
44750110
44781827
44750178
44783166
44788765
44782795
44776653
44776786
44790910
44777042
44779547
44790159
44779903
44781082
44758406
44779638
44788758
44771782
44776875
44777197
44750043
44788437
44782453
44774753
44777402
44782631
44746481
44779600
44779952
44758655
44779548
44791762
44788729
44734091
44779852
44783148
44778854
44750086
44788781
44787933
44777581
44749340
44778973
44777579
44778579
44737906
44755512
44750371
44750167
44788163
44774864
44742574
44778627
44777596
44781000
44746918
44783655
44779983
44778851
44788411
44781863
44778054
44781818
44777116
44776710
44776633
44790914
44791966
44737995
44783333
44776637
44739153
44738704
44777190
44777669
44778721
44777679
44776522
44778988
44746455
44778977
44797908
44743722
44787602
44757034
44792013
44782786
44778747
44790057
44799079
44739396
44774712
44758429
44783629
44776655
44777619
44774762
44771746
44778072
44734158
44777077
44778826
44790968
44776510
44782498
44776895
44737984
44743766
44750138
44777141
44750320
44791951
44743699
44746737
44777159
44749351
44771763
44790950
44778974
44790073
44779614
44757011
44755521
44777600
44747193
44774845
44776094
44743640
44771750
44792044
44772110
44758424
44788008
44779606
44792074
44771704
44776548
44774159
44787985
44778080
44772155
44790095
44776861
44750192
44779676
44790934
44746745
44776723
44777004
44772109
44781887
44738865
44771753
44790157
44782694
44797950
44738764
44788069
44783676
44778094
44788431
44750074
44747162
44778723
44782621
44743543
44779866
44788109
44791707
44739131
44782544
44750102
44758417
44779860
44779990
44750014
44755558
44786798
44781874
44750389
44799006
44746758
44778981
44738852
44778855
44790909
44782333
44781077
44757096
44777618
44778717
44734290
44777486
44787978
44779502
44791989
44738741
44739203
44777481
44790105
44750365
44777135
44750350
44778911
44779524
44744216
44792019
44777898
44790185
44739233
44777611
44772164
44787647
44774722
44777417
44778965
44777078
44750107
44776665
44755234
44739195
44782528
44786741
44742531
44749355
44783322
44799042
44776061
44776605
44776020
44778836
44777085
44776915
44749339
44738814
44740751
44734104
44776979
44776639
44777591
44790996
44750126
44738740
44779978
44787972
44782463
44791758
44779567
44778038
44799081
44738883
44777187
44774752
44773387
44779864
44776503
44742331
44778658
44790111
44738777
44777184
44779583
44778989
44779939
44779603
44788756
44738868
44750308
44782468
44750214
44776074
44791729
44750044
44777154
44778569
44783638
44746775
44778598
44777088
44750316
44738780
44734098
44776563
44774746
44771711
44746748
44743577
44776965
44755493
44792026
44790019
44782437
44742383
44777460
44755520
44737997
44737918
44787608
44790167
44744498
44734119
44744468
44774895
44778525
44788066
44740750
44779684
44750238
44799060
44738857
44788032
44742340
44777431
44774873
44778735
44783657
44734144
44779924
44788776
44790059
44739171
44755222
44734298
44742581
44779968
44778741
44779961
44750003
44755541
44734264
44792028
44788025
44790015
44777169
44777859
44739229
44739142
44758700
44771740
44791956
44774106
44790955
44778063
44783307
44773336
44774765
44776661
44778924
44783149
44774787
44778891
44758430
44750198
44776917
44777563
44782692
44758682
44749381
44734206
44778528
44778630
44743682
44774852
44743701
44776983
44746471
44779604
44777664
44773398
44757089
44776853
44777593
44781870
44740772
44750029
44742509
44783319
44779984
44782381
44782369
44779504
44743629
44737961
44779645
44755276
44791747
44776606
44734081
44788787
44787659
44750225
44776562
44778751
44778003
44750281
44777606
44742341
44758746
44755573
44774711
44776969
44778874
44782495
44788428
44743740
44747189
44755264
44776995
44776873
44779522
44755270
44746774
44778626
44788150
44791717
44791984
44774812
44779668
44781807
44781058
44774836
44749358
44778681
44777494
44774188
44788796
44777621
44750230
44776691
44750295
44778632
44777866
44788162
44777485
44746495
44746447
44777875
44773309
44782785
44758796
44788197
44734281
44776505
44778860
44778930
44734296
44778561
44742529
44783197
44782749
44774700
44783398
44787668
44774739
44742568
44799066
44790966
44778601
44755499
44790998
44797966
44787924
44777697
44774882
44777698
44787603
44791932
44790022
44782645
44750195
44781064
44778614
44755252
44743581
44755201
44778996
44758715
44738821
44742317
44742366
44772188
44755466
44790912
44738841
44755495
44778932
44776745
44776779
44771760
44740722
44778562
44787634
44758436
44772177
44779977
44782620
44778524
44774788
44790153
44778945
44777083
44773370
44750171
44777502
44778711
44791736
44774110
44755584
44776613
44778696
44750233
44783124
44782461
44790122
44776914
44779501
44778640
44788089
44782487
44783318
44773388
44776848
44750095
44788790
44786749
44781078
44750184
44781819
44777880
44776520
44738721
44755597
44797964
44790161
44776640
44779630
44790098
44758414
44738790
44776726
44782532
44783154
44777587
44782352
44755489
44778728
44783355
44782775
44755513
44778774
44776789
44757085
44791766
44750075
44788018
44743748
44777418
44777442
44750373
44739385
44737949
44782553
44738844
44773379
44783382
44779944
44738734
44778707
44776732
44776981
44777545
44782737
44799062
44782730
44738728
44739371
44734090
44787912
44777514
44790060
44791749
44787958
44777678
44778060
44776029
44778644
44772152
44787951
44743653
44787626
44779531
44777607
44788023
44738885
44782537
44740710
44782771
44776886
44788403
44755481
44744489
44737975
44782509
44788167
44774850
44776588
44782557
44779626
44758744
44777179
44758765
44734271
44779862
44734155
44777839
44790046
44778021
44743677
44758609
44778846
44757005
44782388
44743556
44777565
44782531
44776042
44787911
44771730
44742579
44777592
44778055
44734128
44779564
44788129
44774859
44778023
44758703
44782799
44750309
44790127
44788152
44772118
44776927
44734238
44740776
44778870
44779996
44777818
44774773
44777692
44757036
44782539
44755467
44787949
44777468
44750393
44779628
44790965
44777871
44772189
44781068
44774702
44746496
44755261
44776580
44783314
44791764
44778956
44746484
44777434
44758560
44788034
44788000
44777803
44744477
44750069
44734294
44777464
44799057
44755474
44777475
44778702
44778958
44788156
44776817
44750018
44782449
44755562
44791981
44776938
44743773
44776576
44781817
44776089
44783113
44750395
44758794
44777837
44778655
44788187
44774714
44782415
44786769
44777070
44749327
44742337
44782748
44777490
44772173
44776632
44755263
44790999
44742594
44790080
44786742
44782779
44777134
44776989
44758412
44776966
44782540
44777527
44790089
44755463
44777087
44738789
44744418
44788771
44788442
44777026
44779888
44738899
44777622
44786746
44779537
44797988
44779610
44750201
44778629
44742533
44777467
44790011
44778720
44742517
44777645
44758749
44791773
44743613
44781867
44734194
44781075
44778663
44738882
44790186
44750163
44791734
44778867
44792003
44739364
44779985
44788447
44788736
44774126
44746462
44742572
44797948
44758590
44737920
44776656
44799030
44776773
44788094
44799097
44755239
44749370
44799011
44774784
44746893
44750129
44788763
44740763
44734125
44790092
44743683
44755444
44792076
44797906
44778625
44774817
44744213
44799070
44788774
44782649
44738851
44783135
44778992
44797928
44778058
44742520
44777189
44739375
44776780
44774821
44781860
44750065
44778600
44776012
44777054
44739398
44792039
44744458
44790935
44792057
44790967
44779694
44744411
44792071
44776746
44778555
44788188
44792075
44776070
44776934
44788176
44755544
44746765
44739122
44778722
44743760
44778534
44772160
44782504
44787977
44755221
44779856
44738800
44781844
44774756
44788101
44746789
44791760
44742365
44792016
44779613
44782513
44778839
44773377
44771728
44776620
44757032
44772100
44773378
44776840
44779662
44755211
44797970
44783317
44779661
44783185
44776806
44738845
44778536
44777046
44786756
44790969
44783162
44782653
44777826
44788761
44734147
44782774
44779545
44757013
44792032
44749377
44779670
44779618
44787925
44749369
44790102
44788795
44750355
44797944
44779969
44783365
44790970
44782377
44771776
44791949
44743593
44788773
44750093
44782465
44790131
44746903
44776929
44778905
44746712
44790123
44774185
44746704
44791946
44790086
44743785
44782459
44746860
44750092
44776694
44777143
44791924
44778785
44777119
44777086
44774143
44742367
44792023
44781015
44739176
44773396
44776920
44782655
44790048
44777056
44776760
44742312
44776899
44779650
44788134
44777446
44744217
44778908
44755548
44777578
44746478
44777063
44734109
44778673
44778553
44776676
44739230
44799049
44782470
44791726
44749313
44746835
44781866
44776673
44787936
44788780
44799065
44746853
44779601
44779623
44744491
44776818
44778530
44776823
44786772
44786788
44750331
44788496
44782724
44778000
44786712
44777833
44774187
44776790
44791741
44758581
44779951
44774833
44774848
44788423
44779563
44779651
44781868
44776545
44778885
44788764
44750128
44782403
44790025
44779988
44755522
44758672
44776879
44792022
44771738
44776839
44782675
44779624
44781816
44738815
44749375
44787929
44771718
44782522
44743787
44776679
44772123
44797971
44774820
44750164
44750391
44777462
44778047
44777627
44791942
44778872
44742562
44799077
44776884
44779519
44776690
44755491
44750153
44782618
44774829
44772174
44790074
44779980
44790088
44783323
44792055
44746472
44774839
44777603
44788056
44773310
44743604
44750210
44773375
44782410
44788463
44778879
44750090
44774786
44738801
44791958
44779647
44777415
44755311
44787962
44758587
44734085
44742311
44782560
44779876
44791931
44792001
44773389
44742588
44776807
44782411
44777139
44782670
44783394
44781800
44782612
44739209
44791730
44777157
44743719
44777558
44773347
44749363
44782417
44758634
44740789
44783650
44781865
44788022
44783320
44777084
44786722
44776787
44771749
44779544
44771720
44782571
44743769
44782583
44739390
44738881
44734193
44774865
44778931
44746911
44788744
44776766
44788052
44791783
44781088
44776699
44744455
44738771
44755206
44742370
44782594
44744433
44776051
44758606
44773301
44749388
44742543
44783389
44786700
44743786
44786784
44779926
44776768
44778939
44749356
44744250
44776747
44749306
44778737
44783192
44779555
44758756
44790120
44776727
44782355
44776805
44758748
44790005
44776552
44772115
44773305
44758402
44788466
44738840
44739399
44755248
44777643
44790016
44776749
44778757
44777191
44777552
44738733
44788415
44779911
44778850
44776017
44743558
44774851
44790993
44791744
44781069
44758677
44779637
44778668
44782485
44791792
44773338
44776558
44779515
44787943
44755246
44786714
44776567
44743612
44771794
44747199
44750261
44777453
44783375
44782632
44786780
44786787
44744404
44776660
44773360
44778791
44790975
44750205
44778699
44776944
44797904
44781005
44791790
44779680
44797983
44776671
44783172
44777850
44738834
44771775
44779596
44778095
44774860
44778704
44778995
44776681
44778608
44777028
44755257
44792034
44782431
44750066
44790067
44783352
44742539
44792015
44779967
44772158
44778964
44787684
44781042
44755572
44788037
44779989
44790055
44778595
44749308
44783346
44781851
44734262
44750353
44778665
44734188
44773318
44782581
44782761
44777064
44755260
44776028
44734099
44778897
44782572
44788798
44782703
44779514
44749364
44755479
44777181
44747177
44737909
44783134
44773393
44792083
44776804
44777856
44757083
44777112
44742350
44788171
44791921
44778733
44746841
44758432
44778623
44791926
44744441
44791703
44778771
44776071
44743590
44783329
44797954
44797998
44782519
44738730
44778830
44779648
44742510
44797969
44755259
44781013
44778695
44742589
44790100
44758632
44777195
44744438
44797914
44788438
44742306
44779869
44778991
44772120
44782580
44750362
44746848
44787673
44777426
44779507
44757071
44755216
44782335
44778933
44776882
44777641
44758594
44779549
44788038
44776644
44777684
44776916
44782520
44743680
44776733
44774824
44750215
44738718
44771779
44774857
44782401
44792002
44777071
44777033
44776062
44746891
44787969
44758702
44778983
44783337
44778799
44791779
44746493
44777469
44776023
44786730
44778907
44782781
44776831
44782447
44787613
44782668
44750394
44755273
44771731
44742374
44776707
44778096
44750091
44782754
44782445
44774768
44777590
44749362
44758757
44777168
44777167
44777574
44749300
44776056
44787900
44737913
44778812
44777013
44777199
44783366
44778070
44781852
44777444
44781056
44777137
44790952
44758437
44739125
44750358
44778861
44797951
44750240
44758579
44788158
44746803
44788086
44737981
44777455
44744471
44783173
44758675
44744409
44772199
44755315
44799044
44790064
44750186
44788036
44750010
44779510
44788724
44781035
44778051
44750170
44783677
44799093
44742379
44777538
44747173
44743542
44777518
44772165
44778079
44750396
44790974
44778651
44739360
44779653
44779949
44788433
44774801
44776682
44781808
44778006
44776523
44776659
44781801
44777099
44777568
44742384
44778091
44739377
44782658
44777128
44777857
44778893
44778838
44776688
44777183
44782380
44774145
44777045
44774869
44774872
44742523
44777403
44778087
44779641
44774890
44778915
44797977
44779542
44777055
44746823
44778550
44750158
44778678
44776986
44788400
44776903
44774885
44750366
44778029
44788426
44787632
44777147
44777400
44792029
44782590
44782654
44778787
44790951
44782588
44774831
44776922
44744462
44786750
44777864
44790094
44791955
44774822
44790169
44778831
44737960
44755253
44797975
44774802
44782764
44791937
44777461
44791705
44755588
44744488
44778889
44758735
44750290
44783133
44778639
44774766
44734221
44787955
44776803
44742319
44777661
44746499
44778883
44790091
44777821
44788410
44778824
44750080
44782530
44734126
44755214
44755533
44746833
44778852
44783661
44782628
44738892
44799055
44777440
44774764
44746868
44790018
44758737
44749391
44777888
44782546
44777604
44782408
44744413
44799064
44743689
44750207
44781840
44777651
44781842
44778841
44777489
44734210
44776796
44750028
44797942
44792077
44778622
44778862
44777682
44750100
44782630
44787909
44791934
44777613
44776624
44788767
44778928
44777540
44778531
44774891
44779682
44791743
44755242
44771706
44773314
44746459
44776868
44774727
44786799
44776683
44786739
44738720
44782798
44743586
44776687
44758797
44786715
44777436
44786783
44750183
44790162
44778968
44750272
44740773
44738758
44750349
44779671
44776038
44777501
44779560
44744423
44782636
44778760
44790179
44782676
44746717
44755292
44746919
44777068
44783626
44755293
44739129
44777895
44777041
44779906
44776529
44774125
44777897
44757059
44739175
44776617
44788785
44778990
44782740
44777680
44743690
44747178
44788033
44782542
44799074
44755532
44777881
44787990
44777515
44783143
44750032
44778920
44774856
44774871
44782660
44774785
44755603
44778903
44750232
44746859
44777080
44782657
44738769
44758741
44781839
44788138
44787655
44779872
44737969
44776774
44755240
44750329
44750249
44738854
44750247
44791739
44778866
44782751
44776083
44750117
44779863
44777404
44778829
44776533
44782559
44755224
44788060
44743784
44774887
44734185
44776636
44788072
44788055
44788413
44776968
44738877
44774782
44734204
44791742
44786747
44782687
44746714
44771766
44758667
44783371
44778966
44755636
44797997
44790031
44749390
44783126
44778024
44774709
44776547
44799009
44755578
44750142
44749322
44778926
44787973
44779940
44778670
44749312
44777495
44778819
44774877
44740706
44774776
44788051
44781853
44757057
44776638
44778577
44790108
44758716
44782508
44783301
44791777
44782721
44778818
44742560
44778551
44777852
44749361
44774828
44743547
44776994
44791711
44792012
44742335
44742348
44778859
44787652
44771751
44791997
44779590
44747186
44779976
44777031
44777035
44738784
44778970
44787948
44750377
44776039
44778593
44778754
44758785
44744453
44797938
44746889
44781884
44749367
44776554
44779917
44747185
44799000
44777435
44758561
44787944
44778844
44758405
44777194
44788190
44774100
44776591
44738708
44782466
44788144
44776555
44782518
44790166
44782443
44746734
44758723
44778724
44777668
44774707
44783168
44779941
44778941
44737943
44740744
44755476
44797985
44755232
44782526
44787982
44799034
44790082
44743793
44778572
44797949
44778817
44777891
44790115
44755571
44755443
44790087
44743645
44743633
44783396
44782441
44758416
44786748
44782340
44787680
44744499
44774898
44776706
44777560
44779584
44791723
44777529
44776507
44774896
44779539
44771757
44791789
44783341
44783369
44777879
44772112
44734227
44750141
44740716
44743522
44750013
44750122
44742585
44737994
44738760
44779594
44776719
44788751
44777835
44799002
44734208
44750242
44787625
44776500
44797933
44788737
44781845
44771747
44776041
44742578
44782510
44738895
44776018
44734089
44778775
44790053
44739224
44776982
44757040
44739373
44787945
44758783
44738859
44788494
44783146
44792088
44744417
44774888
44777447
44743759
44776931
44790101
44787646
44788418
44778934
44734095
44777153
44778960
44758725
44742342
44788020
44746778
44738804
44742359
44779665
44779912
44743795
44778729
44783361
44778085
44758415
44782787
44790012
44779683
44778821
44758780
44774854
44738838
44791935
44777006
44776866
44746907
44739172
44782534
44783183
44778999
44788769
44782517
44791954
44742302
44786789
44776689
44740712
44776865
44799082
44743594
44783636
44797981
44779615
44755271
44790181
44777047
44777516
44771707
44778731
44777001
44771787
44774779
44776650
44782723
44777423
44788404
44799052
44739368
44742325
44734192
44777429
44774710
44774863
44757054
44778548
44778603
44738855
44782433
44779599
44783376
44758792
44792079
44792038
44734149
44779867
44739389
44777887
44797924
44750016
44788779
44777531
44734137
44776928
44791992
44783308
44777059
44781019
44783136
44737933
44778605
44776874
44790039
44774703
44776800
44744445
44790997
44790051
44787611
44792059
44771715
44776584
44774855
44782585
44744221
44774846
44791941
44758706
44790045
44776663
44792072
44743600
44771717
44746842
44782644
44787676
44746715
44782760
44739380
44734190
44778782
44743742
44749310
44779512
44782379
44778828
44779868
44788123
44782777
44778604
44742364
44771702
44782500
44773343
44782586
44774748
44758730
44790979
44791719
44777090
44782598
44787687
44782784
44755442
44779963
44755599
44782502
44776667
44755567
44750155
44739232
44783656
44777522
44776524
44755290
44782570
44776893
44797993
44743630
44774858
44739145
44777048
44788170
44788182
44778048
44774184
44743588
44750343
44778901
44734275
44782536
44776561
44779523
44774115
44743745
44781850
44750194
44777150
44791962
44787610
44774880
44791959
44783161
44758614
44790900
44777073
44777182
44755504
44750125
44781043
44777096
44790189
44782674
44792011
44738860
44782439
44773383
44790995
44777172
44782523
44783140
44776610
44776647
44750169
44777612
44755262
44786745
44782332
44746787
44777069
44777111
44757078
44779950
44750299
44777110
44772104
44776739
44788102
44750050
44757009
44782514
44777407
44799008
44746759
44771726
44746448
44782337
44782564
44758602
44740731
44792040
44758727
44742542
44777566
44743671
44750045
44783186
44790021
44774166
44790003
44781809
44746831
44787994
44790949
44778643
44781889
44778869
44790982
44758788
44779931
44750148
44734124
44750011
44790911
44797957
44783627
44776611
44776891
44758577
44797999
44774750
44773316
44755251
44787682
44776634
44797955
44782482
44777536
44758599
44746470
44783131
44781060
44782550
44774827
44778768
44786704
44786790
44776596
44773331
44783155
44778621
44742309
44788047
44738779
44738884
44777805
44782413
44746879
44743692
44790062
44782480
44776896
44777636
44778780
44734162
44771784
44791969
44779634
44777528
44776626
44797945
44782646
44776541
44734100
44778606
44779920
44783647
44777023
44782471
44758642
44777019
44791740
44776837
44755294
44743591
44778813
44790174
44776845
44738847
44776043
44799087
44792049
44782725
44746735
44778783
44758771
44774830
44791763
44777870
44791940
44778602
44778532
44788093
44783651
44783349
44758663
44788448
44778909
44738774
44788754
44791939
44778788
44776814
44777428
44779890
44771755
44777024
44771744
44786731
44734189
44776855
44778918
44787947
44781049
44781086
44778790
44797960
44738706
44778592
44771741
44778955
44778667
44778773
44788127
44776072
44778025
44746858
44776878
44782782
44774813
44734203
44781074
44776532
44782372
44788483
44787671
44797903
44782651
44789930
44743531
44788063
44782739
44788083
44743583
44778578
44740718
44782501
44778084
44791780
44750173
44777114
44787628
44758646
44734113
44777806
44772141
44746790
44782435
44771769
44776990
44790150
44777104
44791709
44787685
44750005
44779528
44797982
44788061
44797978
44778692
44781803
44788195
44777649
44788461
44734187
44777162
44781085
44779929
44749307
44782589
44787666
44738824
44771729
44778900
44755209
44790084
44782693
44790109
44747168
44791710
44740720
44739210
44749309
44742598
44779561
44743782
44776970
44799073
44792045
44790944
44755299
44776856
44782373
44750338
44776720
44779947
44755255
44734278
44791957
44747191
44783353
44777544
44739374
44746767
44743642
44737990
44786734
44777877
44787926
44790034
44787658
44776731
44776883
44778877
44778653
44774109
44792005
44743539
44791920
44747183
44787964
44750113
44758425
44788087
44776798
44788434
44776525
44772191
44750116
44776926
44744222
44787636
44778682
44788778
44774127
44743781
44734173
44776063
44777693
44781037
44788474
44790004
44738724
44776517
44746847
44790946
44749386
44746861
44779640
44781081
44778888
44787910
44738710
44778093
44782396
44750108
44782555
44776570
44782732
44779644
44778610
44777416
44797952
44750046
44743758
44787939
44788730
44788059
44792020
44778661
44788173
44782442
44777151
44788148
44776589
44738836
44790195
44779527
44779699
44788748
44777036
44758681
44782783
44771756
44782438
44788178
44743580
44777043
44746857
44742353
44779958
44777173
44773330
44792017
44750026
44782792
44757093
44739234
44776082
44782462
44777091
44783392
44774772
44782767
44781006
44739135
44743626
44776997
44749371
44781033
44746794
44777878
44777092
44778068
44750038
44778880
44799095
44797990
44788440
44774868
44776785
44772146
44782351
44742514
44774196
44738772
44782481
44777148
44777100
44746851
44782793
44779962
44781855
44783152
44758721
44777882
44773327
44740721
44783675
44742332
44755269
44774835
44778963
44797932
44787960
44757027
44739397
44792078
44776933
44790020
44777058
44738830
44797979
44776658
44790182
44746751
44782686
44787622
44777843
44787904
44778691
44773300
44786754
44734217
44778612
44744269
44737941
44791775
44797973
44799067
44779581
44781811
44782548
44774769
44739362
44737951
44777503
44772101
44782450
44774160
44788006
44755488
44777051
44777136
44750283
44787607
44758628
44779652
44774130
44755535
44738873
44787633
44790078
44777401
44778679
44791936
44778714
44738738
44746852
44790056
44776095
44743625
44738719
44776593
44750340
44788092
44779913
44777577
44750019
44782484
44777584
44787627
44776067
44743744
44786796
44790081
44743776
44758779
44778743
44738737
44788079
44782451
44799027
44777456
44774718
44746461
44788084
44776716
44755441
44786792
44776792
44743754
44755514
44739206
44782731
44783663
44750096
44778947
44755462
44776668
44749378
44788430
44788095
44792046
44776579
44737914
44783309
44776068
44788065
44778086
44776578
44797910
44787615
44788436
44783137
44791961
44792006
44774747
44777132
44749320
44790994
44777825
44790976
44797947
44782685
44792009
44742360
44777855
44746753
44792082
44758625
44738729
44791928
44783620
44750144
44758411
44797926
44750081
44777138
44777057
44788498
44750165
44776904
44746818
44786793
44778693
44738887
44781001
44788120
44776776
44781089
44778976
44781071
44776515
44791752
44777170
44787621
44781836
44744253
44776843
44781878
44740755
44750190
44788791
44791991
44773341
44755268
44792084
44776816
44758722
44790165
44790158
44750114
44787649
44781805
44790044
44787974
44777037
44778686
44779914
44734183
44743601
44743687
44790065
44755509
44738701
44787661
44783132
44773315
44774701
44779509
44777808
44744495
44749311
44776022
44755590
44782360
44782521
44776885
44790047
44777158
44779986
44782587
44776055
44778719
44776040
44774870
44777457
44792048
44799035
44781806
44778662
44776708
44740741
44782474
44799058
44749399
44758595
44788727
44783178
44758421
44791756
44776876
44776711
44738792
44750177
44777867
44774875
44776940
44788443
44774190
44797927
44779873
44774163
44779957
44776740
44792014
44791716
44750099
44774894
44783378
44777432
44778641
44791787
44790052
44788074
44779667
44746474
44790194
44790002
44778997
44776025
44774774
44779536
44734293
44774107
44776539
44797918
44750002
44773369
44783312
44778701
44743563
44782362
44738833
44787984
44781003
44738757
44758401
44743525
44734224
44791782
44774778
44797980
44799094
44779593
44746811
44782527
44797968
44778766
44776954
44790133
44750212
44734121
44779511
44790188
44750236
44772139
44790097
44797991
44787600
44776712
44758790
44758431
44778011
44746844
44787966
44778648
44782709
44743634
44755461
44787980
44788077
44783336
44738813
44739239
44788155
44778069
44777609
44778748
44774832
44746845
44776623
44782436
44746733
44755265
44774741
44781029
44778718
44758781
44750166
44774781
44792047
44777576
44787963
44779954
44771748
44743747
44755570
44787669
44758582
44742534
44776032
44799075
44779891
44791933
44758740
44755528
44788014
44739194
44776543
44778916
44778526
44734270
44750063
44771774
44755468
44774760
44788064
44773359
44778971
44777525
44792008
44777628
44788154
44779692
44742505
44747163
44749318
44750304
44774841
44788181
44758572
44750318
44774783
44788108
44776513
44779964
44777567
44776980
44774866
44777838
44787641
44778781
44774883
44781824
44750015
44771719
44779534
44743662
44787976
44758650
44772167
44777670
44750386
44788738
44774814
44778919
44790973
44779505
44777411
44778558
44779691
44757033
44746749
44786738
44773337
44787605
44788419
44778613
44783332
44779654
44777631
44797962
44774719
44737937
44750294
44777635
44776808
44787981
44790099
44778756
44755445
44755307
44782650
44786763
44788784
44783187
44750237
44758680
44734295
44758633
44783138
44797974
44781849
44738894
44778949
44782344
44778680
44797931
44737974
44783348
44739367
44758422
44777807
44774767
44776852
44777095
44776830
44779516
44743654
44783351
44746761
44758775
44788421
44774818
44744451
44746908
44782647
44742526
44750197
44776700
44783305
44778876
44777125
44788003
44790904
44739192
44776841
44777061
44758418
44791980
44788449
44792080
44787999
44777445
44790942
44777506
44778942
44778013
44746843
44750109
44790175
44771724
44755220
44734266
44776693
44779982
44777800
44791925
44776820
44783338
44750133
44755500
44750104
44797900
44787624
44777842
44758592
44781050
44777196
44774897
44739190
44778022
44776549
44776652
44776826
44739220
44771781
44776622
44781009
44782579
44774708
44739392
44782746
44777829
44790184
44788420
44776590
44786779
44791731
44788153
44774803
44750319
44799061
44787670
44734154
44771700
44776701
44744478
44777175
44791948
44779966
44778017
44779655
44797996
44776948
44777160
44791769
44788185
44788762
44791722
44781825
44781879
44777573
44742324
44743644
44774884
44787988
44788050
44779508
44782642
44778896
44779565
44776815
44773353
44750239
44783302
44790054
44781080
44781076
44790978
44755523
44788735
44782637
44744210
44779953
44790981
44758566
44786740
44750012
44734288
44778975
44738806
44788135
44788180
44782599
44755580
44783356
44746849
44791712
44778045
44758597
44743695
44787937
44779686
44773342
44779617
44742378
44787623
44781846
44791700
44788172
44788149
44788487
44777691
44746742
44746487
44788407
44738858
44786733
44757095
44755506
44746871
44750154
44782665
44777599
44740711
44783189
44787644
44746783
44790990
44750231
44782729
44788755
44749301
44779875
44755272
44773324
44776892
44740730
44757069
44782448
44782577
44776925
44790023
44787619
44744204
44749368
44778609
44743797
44771783
44755574
44788183
44777809
44782613
44790001
44739187
44779922
44779948
44791985
44788493
44737925
44743574
44776698
44776607
44791947
44776635
44771743
44778599
44738765
44777853
44782483
44797936
44739226
44788772
44749329
44788425
44771732
44777117
44787677
44797915
44758769
44738709
44750321
44792086
44778099
44755233
44786782
44739388
44778987
44774716
44774119
44774733
44734153
44750372
44779971
44788133
44778984
44772124
44786764
44788782
44778853
44788401
44773311
44750083
44779975
44744407
44778910
44778664
44778868
44750390
44778669
44755540
44782568
44746782
44788035
44778943
44744230
44772142
44777424
44777861
44788081
44734107
44792036
44744425
44737958
44776686
44771773
44787905
44797934
44749360
44787918
44739208
44782790
44781871
44774742
44797902
44758404
44742354
44747160
44788412
44791953
44791718
44772140
44790085
44743636
44790110
44777103
44777050
44750035
44777823
44776743
44790938
44781046
44750152
44788161
44779887
44750388
44755545
44778076
44799056
44777639
44750004
44743572
44779689
44739214
44755494
44773339
44776608
44778776
44744408
44778913
44750057
44791745
44746743
44774743
44778923
44776662
44743576
44746869
44787637
44777810
44781026
44791738
44758799
44742544
44774148
44790901
44791938
44744473
44782506
44790918
44740705
44778545
44742347
44734198
44750006
44792070
44787961
44778026
44777142
44750264
44783180
44788456
44776812
44790931
44778611
44790027
44791965
44750131
44747187
44778575
44782446
44782476
44778837
44779646
44774834
44743796
44750072
44781048
44776964
44791720
44791706
44776073
44788454
44774123
44749398
44778689
44788783
44779611
44776742
44739372
44776519
44782796
44777614
44783660
44743627
44744450
44788435
44776987
44777854
44742316
44791983
44778037
44783177
44776598
44734202
44750054
44776013
44777477
44742381
44742343
44758652
44792004
44749359
44781040
44778726
44777038
44783652
44771771
44777127
44777582
44788752
44773361
44755279
44750387
44797976
44755886
44781896
44747194
44781054
44790983
44776509
44750021
44782454
44792054
44738820
44782584
44777884
44776735
44790116
44777571
44750172
44774164
44783368
44777575
44771768
44758795
44782464
44778810
44778529
44782648
44783358
44782597
44782747
44776834
44776559
44746800
44782545
44776657
44750310
44782529
44791715
44791786
44790024
44777865
44777572
44755241
44773346
44739217
44788742
44755517
44791982
44792068
44750056
44749304
44749344
44744480
44738880
44757074
44776031
44782573
44777008
44776600
44791708
44799003
44758409
44778957
44755490
44782359
44787630
44788141
44740703
44777549
44778616
44740726
44750257
44781843
44740734
44776027
44740754
44782393
44782561
44779997
44742368
44777676
44778882
44782563
44791713
44777488
44742356
44750297
44779698
44788013
44783625
44746770
44750351
44788140
44738893
44779551
44742507
44787679
44755282
44737983
44740714
44781804
44778518
44749315
44757007
44774847
44783151
44750330
44788753
44774131
44755516
44777663
44782416
44758588
44758777
44773326
44758627
44777414
44776857
44781051
44782622
44777813
44740781
44791776
44778557
44739361
44790192
44779946
44778541
44782566
44778067
44782575
44778952
44746446
44776685
44778005
44755464
44758774
44792050
44739237
44776881
44758786
44742349
44776971
44788078
44788175
44777188
44777626
44750346
44750020
44755593
44755550
44778922
44781847
44755218
44744482
44746888
44783344
44738731
44772148
44781018
44739221
44739222
44779659
44787654
44782626
44750315
44757079
44782592
44776537
44777060
44777471
44778738
44790171
44776646
44776889
44778649
44757003
44790954
44779934
44790991
44750313
44777177
44778683
44750344
44799080
44758624
44750307
44777161
44788073
44790988
44782535
44790042
44774775
44791788
44790957
44797919
44788146
44750101
44781826
44776935
44778657
44750380
44778993
44755519
44750094
44750221
44790164
44778832
44776546
44776648
44779877
44779901
44743623
44773322
44779923
44782788
44799001
44778560
44782525
44776586
44776528
44782780
44776725
44799015
44799078
44749303
44790155
44777459
44792024
44776977
44776058
44777555
44750147
44776645
44776972
44788122
44742545
44742320
44792027
44743669
44772176
44782722
44783165
44755277
44776909
44746443
44755217
44787640
44783193
44774117
44777648
44782634
44782554
44774734
44778073
44776035
44776526
44783343
44776775
44779695
44749342
44779520
44777617
44788777
44779853
44755245
44773304
44782638
44791968
44750118
44788159
44779500
44797922
44755316
44776919
44746498
44799071
44746915
44781834
44782419
44787667
44739376
44788497
44776084
44782515
44743732
44778698
44737922
44779633
44738797
44742376
44782558
44776860
44734084
44738803
44778871
44777586
44744464
44737929
44776822
44777185
44787650
44786753
44771727
44778929
44750234
44743783
44742525
44777588
44788786
44778827
44744223
