44748876
44730562
44736768
44742638
44747544
44772856
44789713
44745128
44753710
44730884
44778111
44786532
44736540
44750976
44738334
44748602
44730563
44730578
44788623
44789801
44789736
44762434
44788327
44736825
44788663
44736544
44777767
44730584
44742696
44736562
44736523
44745124
44731260
44788361
44779778
44736820
44779783
44762442
44747549
44730568
44738318
44738309
44731285
44788352
44742634
44786568
44753095
44736867
44731150
44748854
44730955
44786360
44753713
44788394
44786320
44730802
44738569
44788698
44731146
44731197
44739617
44742839
44788399
44736810
44730814
44772690
44738336
44772661
44730795
44730504
44753118
44772630
44747502
44757461
44736764
44736856
44772696
44752066
44738344
44730599
44770085
44736821
44736861
44731121
44736822
44730959
44786368
44730909
44788610
44736882
44736758
44753036
44736749
44731147
44730910
44753068
44730812
44730840
44731141
44752023
44788654
44736840
44772687
44789778
44789860
44772829
44730785
44736811
44788643
44736864
44748832
44762433
44736500
44738396
44730583
44788366
44747576
44736841
44789735
44788365
44777769
44753148
44731209
44788353
44731136
44730732
44788695
44789710
44788343
44740881
44731124
44730513
44730739
44736567
44742633
44730545
44742684
44731106
44738314
44747582
44736580
44772650
44730520
44736833
44741833
44731212
44747591
44788674
44730726
44786388
44753718
44731183
44753031
44736863
44730740
44753077
44788604
44753158
44730752
44738321
44788634
44736745
44742649
44738556
44731082
44748839
44730514
44730934
44744145
44731259
44779786
44730581
44753147
44730787
44738359
44745868
44747515
44753169
44762430
44757459
44789871
44762439
44730731
44730861
44736923
44788670
44736548
44753149
44730888
44730587
44736536
44772642
44748645
44738384
44788620
44779779
44745800
44736848
44789853
44736776
44730837
44747569
44730738
44730941
44748852
44742605
44730721
44742814
44736812
44786558
44738356
44772624
44742608
44789712
44736823
44738520
44748642
44739610
44730754
44731292
44731155
44772822
44745197
44748649
44736765
44736851
44779795
44738563
44788613
44748685
44731103
44731248
44731283
44730771
44730597
44753084
44772655
44753052
44753182
44742682
44772879
44730558
44747592
44753064
44748696
44742639
44730743
44736925
44783924
44730786
44747516
44742643
44744146
44789842
44730582
44738366
44789833
44788689
44753019
44730594
44744141
44753189
44789876
44736832
44788340
44742809
44772675
44789851
44736736
44753029
44731174
44739639
44783972
44786339
44778112
44747555
44731268
44730554
44753179
44778114
44736501
44730576
44770034
44736599
44731221
44772618
44772837
44747511
44788383
44730899
44753016
44762421
44788617
44738392
44778119
44736581
44745830
44730806
44772659
44747566
44772894
44748836
44748830
44730536
44742671
44789740
44730577
44736881
44738545
44753117
44753150
44788622
44731100
44748687
44748849
44738351
44788677
44742835
44748657
44730548
44782982
44736826
44772855
44736880
44730724
44772616
44753082
44789720
44786543
44736835
44730801
44730550
44730532
44730895
44730531
44738364
44736836
44730556
44772610
44745805
44738333
44730591
44736741
44745839
44796557
44736860
44730896
44730800
44745866
44788651
44739621
44770005
44772889
44753058
44730535
44736852
44730509
44742688
44730845
44747545
44738562
44731189
44730926
44748834
44730546
44730933
44736740
44779796
44738346
44730826
44730538
44753062
44731276
44730790
44742691
44736921
44753174
44748630
44730823
44788632
44742829
44786338
44736778
44779777
44730741
44736760
44782972
44789839
44788324
44753126
44779776
44736898
44742644
44772875
44748838
44736767
44788637
44738581
44730847
44788618
44730935
44747543
44731086
44786598
44736761
44788682
44741805
44731126
44731081
44731211
44730596
44747552
44738343
44741809
44730500
44730931
44742641
44730846
44742635
44753196
44736831
44779788
44779785
44730722
44762443
44757404
44731117
44747546
44770071
44731112
44777768
44796561
44730854
44730547
44747526
44738362
44742677
44736868
44753137
44742652
44731157
44730951
44745122
44730769
44731227
44753098
44752060
44778140
44747557
44736858
44748666
44752064
44736596
44738350
44757432
44797838
44788639
44730877
44736779
44736784
44736546
44745183
44730760
44797833
44772660
44730508
44736775
44753184
44730777
44730570
44747519
44730522
44736893
44736926
44744142
44742813
44730517
44730756
44738386
44730831
44753025
44789750
44736844
44736516
44742807
44741848
44772629
44742680
44730521
44738365
44730575
44731164
44730527
44736552
44753047
44730734
44730523
44779789
44730916
44753193
44788349
44731116
44730543
44730553
44789741
44779790
44730533
44736929
44739667
44788325
44730551
44786380
44730944
44789824
44753022
44736849
44753015
44779772
44789788
44738539
44735909
44788659
44788635
44738546
44788656
44742828
44730518
44748653
44747578
44736722
44786356
44736883
44786362
44742803
44736751
44731240
44747562
44730534
44731169
44736845
44742603
44730516
44786345
44736763
44730902
44762423
44757475
44736884
44748840
44730922
44730908
44730720
44796581
44748886
44788607
44731093
44748661
44731278
44730574
44742665
44736534
44789829
44753006
44731225
44730947
44789781
44742801
44736524
44738315
44753101
44742815
44747580
44788608
44786560
44748851
44789848
44736769
44753108
44730528
44786373
44738591
44731210
44730529
44786379
44736583
44791173
44730867
44789870
44730792
44753080
44748641
44778146
44745832
44736564
44738342
44748833
44753130
44738310
44730544
44738355
44736755
44748894
44789732
44738534
44772830
44730566
44745834
44730844
44747548
44753188
44742651
44753129
44736890
44747577
44748826
44748827
44731094
44731198
44742673
44730839
44783916
44742834
44777763
44772612
44747540
44748643
44779784
44738583
44752062
44772802
44736731
44738313
44747512
44788619
44736865
44782974
44748694
44736750
44736561
44748612
44748824
44730530
44739652
44777761
44745838
44731176
44786355
44753000
44753712
44742805
44753134
44753186
44753717
44753176
44738311
44788631
44730540
44731148
44739660
44730788
44789854
44736566
44786347
44786550
44730586
44772816
44736584
44739664
44778149
44730549
44789748
44742838
44748688
44738537
44735906
44730542
44772657
44730537
44753195
44736502
44730588
44730519
44789789
44736920
44753180
44736869
44738322
44788667
44730746
44738399
44753115
44730862
44748651
44738324
44736742
44730511
44736788
44730761
44730590
44744139
44747595
44736857
44736887
44736850
44730753
44786531
44778143
44738559
44788647
44748667
44786539
44778113
44731154
44753074
44789804
44745893
44736855
44786534
44742825
44753122
44730763
44736766
44730772
44786565
44753041
44788697
44736843
44731237
44730557
44742616
44731163
44742653
44748644
44762432
44772627
44738377
44762448
44742663
44730813
44742664
44772842
44788633
44735907
44753716
44779775
44730776
44736556
44738543
44742681
44736897
44731281
44738560
44745831
44788600
44745192
44789756
44789832
44748669
44730552
44731088
44742631
44730900
44741849
44753160
44731202
44757417
44748822
44730808
44736896
44742810
44736597
44731159
44736847
44730525
44742606
44770035
44778145
44730794
44772620
44742672
44789761
44753003
44730866
44772871
44736014
44736533
44730789
44753053
44730592
44786357
44742609
44730564
44736569
44748655
44753090
44730958
44772678
44786535
44738541
44731224
44791174
44731217
44731185
44778116
44736539
44752024
44742647
44786559
44753166
44736726
44753037
44738345
44789782
44730805
44741834
44730904
44786329
44742826
44736854
44730735
44778110
44736815
44741802
44736846
44730863
44772611
44747501
44762447
44730501
44744143
44730841
44731122
44730956
44742618
44739602
44748635
44747537
44745759
44762425
44736928
44789872
44748686
44710730
44786569
44788346
44753021
44731188
44742674
44789754
44730747
44736814
44736924
44753142
44742800
44786525
44772861
44745120
44730770
44786335
44788691
44741835
44772694
44748600
44779793
44730912
44731284
44788628
44752026
44730946
44745867
44736586
44736830
44788683
44745836
44741860
44753114
44788648
44736777
44753161
44730515
44730736
44753054
44747510
44731149
44772677
44786314
44742654
44736553
44788355
44736555
44762445
44731193
44770070
44788359
44753123
44772833
44730728
44730897
44736543
44742699
44747564
44753020
44738397
44730595
44745134
44788685
44748848
44735901
44730940
44738300
44745899
44735902
44730565
44745141
44730822
44736744
44731166
44731213
44748831
44738353
44762449
44789865
44735910
44731274
44738316
44742802
44730571
44772663
44745802
44730953
44736756
44770032
44748624
44742831
44730815
44742675
44731199
44748697
44731156
44786523
44786363
44731090
44730505
44757411
44731239
44762435
44742645
44731097
44748828
44736747
44735912
44736595
44730561
44788688
44731123
44786354
44748825
44752063
44738526
44741699
44748837
44748835
44736549
44778142
44748639
44730001
44747556
44735903
44772615
44752029
44788676
44736818
44730851
44782977
44748654
44736759
44738306
44731208
44757426
44739624
44730555
44738349
44731261
44730729
44736862
44745864
44731251
44786561
44731287
44753066
44731250
44730816
44738360
44779771
44731144
44786375
44789734
44738584
44753088
44748601
44742827
44788627
44747590
44788649
44740883
44736888
44788668
44747559
44762422
44762446
44736891
44757442
44762440
44736813
44786382
44788603
44786385
44736816
44753144
44738352
44731282
44786557
44736886
44731200
44730512
44741832
44731162
44736842
44753092
44730925
44741839
44730579
44736582
44738542
44791178
44782971
44730572
44730744
44753071
44753008
44730766
44789822
44730507
44772617
44730924
44739657
44730598
44736827
44779791
44745127
44738589
44736565
44730745
44779781
44747561
44783926
44738380
44736927
44788675
44739634
44772686
44772857
44730774
44731181
44736899
44738536
44739666
44730818
44786372
44731111
44783973
44730526
44730541
44786564
44786317
44735913
44757444
44753125
44789879
44731134
44747571
44731226
44745837
44747547
44789747
44783928
44736837
44786304
44736527
44730865
44742656
44736529
44777766
44753033
44779792
44731184
44770033
44736828
44736894
44748668
44736735
44772626
44753026
44730859
44778144
44772827
44736824
44788621
44731205
44762420
44736817
44736525
44742676
44772859
44770080
44735908
44730593
44730907
44762441
44730852
44748607
44730881
44779773
44789758
44748829
44736892
44731289
44736786
44782980
44731273
44788348
44786340
44747574
44730764
44735911
44736733
44736526
44742640
44736922
44753120
44772664
44753124
44736853
44738590
44778150
44745121
44753027
44772658
44730560
44730811
44736829
44730502
44786381
44736743
44788330
44786377
44745182
44731140
44736838
44788345
44736819
44772877
44730569
44738340
44730589
44786522
44730762
44788673
44736785
44786374
44777762
44791111
44789846
44747560
44739654
44730864
44730804
44730848
44730506
44747554
44735900
44739616
44788382
44747505
44736885
44731083
44731182
44738530
44738382
44778141
44772890
44730921
44770072
44730836
44730567
44738538
44772847
44750975
44736576
44730524
44779774
44730784
44736834
44740880
44731178
44736889
44748877
44738398
44753714
44730559
44772878
44731257
44730927
44738587
44742607
44731203
44772835
44753143
44730573
44745123
44748857
44736728
44731107
44730580
44791175
44738302
44762426
44745833
44748896
44757433
44736727
44789731
44747541
44752067
44748823
44736859
44748614
44735905
44753103
44736770
44730585
44786359
44738369
44786552
44789862
44730949
44742600
44738529
44731271
44745894
44789821
44736839
44750978
44779782
44789719
44742646
44738301
44753042
44736895
44730937
44748663
44791171
44786562
44742630
44736866
44730539
44753005
44738383
44731175
44738570
44736746
44753190
44786533
44730906
44753078
44789807
44730876
44742632
44741870
44744144
44738393
44748662
44730767
44738341
44736560
44748844
44789760
44736522
44786312
44730868
