60113171
60113172
60113170
60115112
60113176
60115111
60113173
60113174
60113179
60115115
60113177
60115114
60113178
60115113
60115117
60113182
60113183
60113180
60113181
60113186
60113187
60113188
60113191
60115138
60113199
60115136
60115135
60115139
60115144
60115150
60115156
60115155
60115157
60115166
60115165
60115164
60115169
60115168
60115171
60115176
60115175
60115170
60113333
60113696
60113331
60113338
60113335
60113345
60113342
60113106
60113105
60113120
60113121
60113124
60113125
60113122
60113123
60113128
60113126
60113127
60113377
60113142
60113143
60113140
60113141
60113144
60113145
60113148
60113150
60113153
60113151
60113152
60113156
60112640
60112641
60112644
60113612
60112645
60113613
60112642
60113610
60112643
60113611
60113605
60111668
60113606
60111667
60113603
60111669
60113609
60113607
60113608
60111680
60111682
60111681
60111684
60111683
60111685
60111688
60111687
60113616
60113617
60112646
60113614
60112647
60113618
60111690
60112660
60112661
60111694
60112666
60112665
60111689
60112670
60112671
60112672
60112668
60112669
60112680
60112681
60113652
60112685
60113653
60112682
60113650
60113656
60112689
60113657
60112686
60113654
60113655
60112691
60112692
60113660
60112690
60113300
60113663
60113301
60113664
60113661
60113662
60113304
60113667
60113305
60113668
60113302
60113665
60113303
60113666
60113659
60113671
60113311
60113312
60113675
60113310
60113673
60113315
60113678
60113316
60113679
60113313
60113676
60113314
60113677
60113308
60113309
60113306
60113669
60113307
60113682
60113323
60113686
60113320
60113683
60113321
60113326
60113324
60113318
60111600
60111611
60111610
60111602
60111601
60111604
60111603
60111606
60111605
60111608
60111609
60111622
60111621
60111613
60111612
60111615
60111614
60111617
60111616
60111619
60111618
60112600
60111631
60112601
60111633
60111632
60111623
60111626
60111625
60111628
60111627
60111640
60112611
60112612
60111641
60111644
60111643
60111635
60111634
60111637
60111636
60111639
60111638
60111650
60112622
60112623
60111652
60112620
60111655
60112621
60112615
60112616
60111648
60112614
60111649
60112618
60111662
60113601
60111664
60113602
60111663
60111666
60113600
60111665
60112626
60112627
60111659
60112625
60112628
