60115509
60115508
60115507
60115506
60111051
60111050
60111053
60111052
60111055
60111054
60111057
60111056
60111059
60111058
60111060
60111062
60111061
60111064
60111063
60111066
60111065
60111068
60111067
60111069
60111071
60111070
60115552
60111073
60115551
60111072
60115550
60111074
60115556
60111077
60115555
60111076
60115554
60111079
60115553
60111078
60115559
60115558
60115557
60111080
60111082
60111081
60111084
60111083
60111086
60111085
60111088
60111087
60111089
60111091
60111090
60111093
60111092
60111095
60111094
60111097
60111096
60111099
60111098
60115580
60115501
60115589
60115500
60115505
60115504
60115503
60115502
