60116329
60116328
60116331
60116330
60116336
60116102
60116101
60116100
60116106
60116105
60116103
60116109
60116108
60116107
60116113
60116116
60116119
60116120
60116360
60116363
60116121
60116128
60116134
60116138
60116378
60116387
60116151
60116155
60112123
60112121
60112122
60112127
60112128
60112118
60112119
60112130
60112131
60112135
60112132
60112138
60112136
60112129
60112140
60112145
60112144
60112147
60112148
60112152
60112150
60112151
60112154
60112159
60112163
60112164
60112161
60112167
60112168
60112166
60112169
60112171
60112174
60112175
60112173
60112178
60112179
60112180
60112185
60112186
60112188
60112192
60112193
60112190
60112191
60112194
60112195
60112100
60112106
60112103
60112110
60112111
60112115
60112108
60116059
60116063
60116062
60116067
60112700
60116076
60112710
60112708
60112705
60112709
60116070
60116086
60116084
60116089
60112715
60112712
60112713
60116083
60116096
60116099
60112732
60112730
60112725
60112723
60112724
60112729
60112727
60112728
60116090
60116091
60112744
60112741
60112736
60112738
60112746
60116201
60116204
60116203
60116202
60116207
60116210
60116216
60116215
60116214
60116213
60116219
60116218
60116221
60116220
60116228
60116234
60116232
60116231
60116238
60116235
60116239
60111150
60111152
60111151
60111153
60111155
60111158
60111161
60111160
60111162
60111165
60111164
60111166
60111168
60111172
60111174
60111178
60111177
60111183
60111182
60111185
60111184
60111187
60111189
60111188
60111190
60111192
60111191
60111194
60111193
60111196
60111195
60111198
60111197
60111199
60116404
60116410
60116412
60116411
60116408
60116421
60116420
60116425
60116422
60112883
60112880
60113968
60113727
60112877
60112878
60113725
60113967
60113728
60112893
60113740
60113982
60112894
60113741
60113744
60113986
60112898
60113742
60113984
60113743
60113737
60113738
60112888
60113977
60113736
60113739
60113751
60113993
60113752
60113991
60113750
60113992
60113755
60113997
60113998
60113753
60113754
60113749
60113746
60113988
60113747
60111101
60111100
60111103
60113766
60111102
60113767
60113764
60111104
60113759
60113757
60113999
60113758
60111110
60113773
60111112
60111111
60111114
60113777
60111113
60111115
60113776
60113768
60111121
60111120
60111123
60111122
60111125
60113788
60111124
60111127
60113786
60111126
60113787
60111117
60111119
60113790
60111131
60111134
60111138
60111129
60111128
60111141
60111140
60111143
60111142
60111145
60111144
60111147
60111146
60111149
60111148
60116164
60116161
60116168
60116167
60116169
60116160
60116175
60112803
60112806
60112807
60112805
60116171
60116186
60112820
60112821
60113910
60112813
60113902
60113903
60113900
60112812
60113901
60113906
60112818
60113907
60113904
60113905
60113908
60113909
60113920
60112832
60113921
60112824
60113913
60112825
60113914
60113911
60112823
60112828
60113917
60112829
60113918
60112826
60112827
60113932
60113930
60113926
60113701
60113935
60113936
60113933
60113939
60113937
60113938
60112860
60112864
60113711
60113953
60113951
60112863
60112858
60113703
60113960
60112870
60113964
60113720
60112868
60113957
60112869
60113955
60112867
60113956
