55818742
55819536
55818617
55819460
55879183
55878145
55818662
55879614
55878101
55879152
55818690
55818220
55879112
55819982
55878103
55819967
55819471
55818622
55879903
55819943
55818179
55819406
55819953
55819978
55818117
55818348
55819994
55818683
55818706
55879182
55819753
55879966
55879681
55879203
55819405
55818235
55819494
55818424
55818619
55819626
55819495
55818484
55879946
55819449
55819215
55818892
55818595
55818963
55878869
55819600
55819219
55819280
55818618
55819282
55879651
55879123
55818564
55819688
55819679
55819661
55818973
55818429
55819972
55879139
55818414
55818888
55817110
55818178
55819119
55878838
55818216
55879803
55819419
55818849
55818716
55879617
55878111
55818222
55818736
55819154
55879140
55818440
55819738
55879661
55817113
55818895
55818606
55818702
55819628
55818709
55819612
55818316
55879170
55819985
55818298
55818935
55818413
55879111
55819220
55819416
55819409
55819907
55818530
55818741
55879800
55818266
55879620
55818253
55819995
55819325
55819212
55819939
55879108
55818922
55818738
55819799
55819170
55819789
55879902
55819879
55819201
55818861
55818631
55879964
55818761
55819827
55879675
55818686
55819299
55818996
55879623
55819205
55879917
55879174
55819188
55817326
55819380
55818502
55818843
55818442
55819445
55818786
55819956
55878858
55819487
55878176
55818400
55879624
55819248
55818838
55817322
55878148
55819152
55819815
55819712
55818800
55818286
55879683
55879659
55879972
55819100
55818837
55818172
55818549
55818105
55819143
55818614
55818251
55818701
55819883
55819389
55818907
55819425
55819155
55818339
558192002
55819194
55818877
55819741
55818951
55819581
55818415
55879922
55818347
55817340
55819667
55819734
55818370
55879176
55818914
55819237
55818331
55818763
55819869
55879653
55817321
55818831
55818832
55818315
55818853
55818612
55819350
55818250
55817911
55819364
55819293
55819315
55818367
55819964
55819379
55818790
55879243
55817312
55817316
55819868
55879926
55818550
55818291
55819400
55819122
55879919
55879908
55819699
55819289
55819704
55819252
55879980
55819247
55819269
55819521
55819971
55879920
55819610
55819294
55819750
55878151
55819239
55819204
55819525
55878812
55818801
55878133
55818445
55818544
55878828
55879155
55818285
55818492
55879982
55818684
55818330
55819952
55818302
55819428
55879916
55819192
55879637
55818548
55818718
55819508
55818306
55818855
55819691
55819102
55818337
55819146
55878127
55818634
55819618
55879965
55818104
55819162
55819945
55818641
55819933
55819784
55879161
55818474
55819308
55818475
55819190
55819442
55879634
55818776
55818252
55819361
55819127
55817121
55818578
55819770
55818628
55878134
55819376
55819887
55819614
55818126
55878152
55818133
55817116
55879928
55818610
55878117
55817115
55817301
55878865
55879621
55819779
55818379
55879212
55879947
55818623
55818553
55819958
55818580
55818826
55818946
55818568
55878136
55878843
55819579
55879141
55818281
55819169
55878871
55818161
55878868
55818175
55878107
55819872
55819721
55818573
55818844
55819528
55819195
55819112
55878174
55818536
55819211
55819638
55879647
55879656
55819955
55818994
55818527
55878158
55819281
55879941
55818344
55818970
55818349
55879664
55819986
55878857
55819790
55819236
55819181
55818598
55818265
55818989
55818410
55879913
55819687
55878829
55879635
55818611
55819997
55879930
55819947
55818903
55819728
55817331
55817103
55819209
55818191
55818974
55818288
55818585
55818180
55818697
55879821
55879100
55819795
55818986
55819632
55818505
55819954
55819440
55878124
55817907
55819331
55818136
55878175
55819987
55818238
55819334
55818712
55818183
55818345
55817900
55818164
55818464
55879962
55818518
55818479
55819418
55818537
55818639
55818941
55819104
55818142
55818101
55819705
55878104
55818591
55818411
55879676
55819594
55817106
55818554
55818667
55878143
55819348
55818993
55819208
55819302
55819551
55819662
55819323
55819541
55819644
55819996
55879907
55819670
55818668
55818377
55818900
55817324
55818777
55818176
55818146
55818960
55878128
55819464
55819148
55878818
55819125
55819749
55818851
55818503
55819203
55817112
55819267
55818305
55878806
55818703
55819291
55878808
55879106
55819297
55878817
55819337
55818481
55879910
55818691
55819707
55819321
55819343
55879806
55818166
55818402
55819607
55818512
55819929
55819173
55818729
55818467
55818361
55818531
55818472
55819659
55878126
55819149
55879636
55819727
55819891
55819266
55818934
55819498
55818254
55819456
55818357
55879991
55819357
55819283
55818804
55818500
55818708
55818939
55818915
55819504
55818725
55818206
55819199
55818621
55878179
55819324
55817335
55878116
55878129
55818547
55818755
55879632
55873024
55818773
55879209
55818346
55818661
55879945
55818705
55819690
55818928
55818768
55818416
55818967
55818461
55819101
55817323
55818998
55818299
55818131
55819620
55878835
55878866
55818572
55818444
55818582
55818857
55819258
55819804
55879977
55818103
55879167
55818694
55819969
55819330
55878845
55818223
55879199
55879151
55818274
55819257
55819573
55818982
55819388
55818936
55879101
55818652
55818294
55817314
55819944
55818469
55817333
55817311
55819423
55818463
55818125
55818246
55879149
55819649
55819452
55879668
55879999
55879948
55818320
55879925
55818558
55819542
55819451
55818909
55879126
55819171
55819527
55819654
55879171
55879168
55879134
55879995
55819875
55818460
55819651
55818739
55817117
55819801
55879921
55878876
55818522
55819709
55818227
55818272
55819515
55819438
55819126
55819783
55819913
55879622
55878130
55818796
55813676
55878827
55872101
55819932
55819873
55817320
55818948
55819669
55818352
55879136
55818542
55879154
55879604
55818551
55879963
55819624
55879104
55819595
55818271
55819771
55819768
55819420
55819792
55819676
55818132
55819798
55818195
55818647
55818905
55819322
55819755
55878169
55818858
55878132
55819957
55819923
55819262
55818234
55819660
55819346
55818872
55817903
55878847
55819782
55817118
55819700
55818515
55818341
55818430
55819905
55819165
55818359
55818586
55818403
55819577
55819327
55819762
55878171
55813426
55818783
55819336
55819672
55878100
55819465
55819507
55818820
55818866
55817104
55818365
55819135
55818615
55819313
55879606
55819136
55818355
55818577
55819788
55818289
55878834
55818987
55818452
55819167
55819657
55819182
55818488
55819340
55819435
55819397
55878173
55879610
55818535
55818297
55819671
55878801
55819414
55879985
55819627
55818471
55818681
55817306
55818127
55813181
55813727
55818362
55819743
55818596
55818992
55819213
55819303
55818841
55878164
55818145
55879805
55879652
55879125
55819858
55818453
55818215
55819298
55818887
55819602
55878821
55818106
55879608
55819399
55878813
55818293
55818635
55879677
55819359
55878110
55818715
55818682
55818310
55878135
55879208
55878877
55818931
55819225
55879975
55818581
55818803
55817328
55819307
55819314
55818676
55818437
55818213
55819411
55819437
55819185
55819941
55818824
55819319
55818999
55817327
55818351
55879981
55819241
55878113
55818202
55819686
55819655
55879190
55818972
55878814
55819255
55818881
55818561
55819202
55879984
55819141
55818802
55879646
55879188
55819311
55819544
55818693
55818350
55818301
55878822
55819413
55819635
55818704
55819131
55879603
55819695
55879802
55818688
55818412
55817909
55879932
55818219
55879158
55819931
55819730
55817913
55818613
55818896
55818653
55819200
55879191
55819605
55819603
55819206
55879619
55819772
55819434
55819485
55819276
55818958
55818205
55819371
55819110
55818890
55819650
55819496
55878161
55878804
55879819
55819501
55818632
55819347
55818656
55819975
55818538
55818749
55818650
55879680
55818988
55818516
55818102
55878168
55818956
55817300
55819123
55878160
55818224
55819111
55818559
55818150
55819384
55879117
55818438
55819980
55818666
55879973
55878178
55819545
55819369
55819296
55819742
55818655
55817910
55819968
55819271
55819500
55818713
55819430
55818781
55819656
55819174
55818990
55819344
55879639
55879187
55818869
55819963
55818245
55878153
55818454
55818257
55819751
55879189
55818717
55819133
55878867
55818167
55818462
55879110
55819558
55818751
55878155
55818555
55818521
55818311
55818510
55819616
55819227
55879600
55818584
55819935
55818815
55819335
55818769
55878861
55818303
55819693
55819463
55879904
55879116
55819510
55879195
55818237
55818296
55818369
55818160
55818677
55819993
55879826
55818336
55819526
55818926
55818924
55819518
55819713
55818571
55818280
55818927
55878807
55818913
55878831
55819232
55818552
55818431
55818808
55879103
55819478
55819103
55818867
55818874
55818902
55819611
55879601
55819408
55879654
55818456
55879121
55819318
55818458
55818322
55879114
55818211
55819598
55818259
55819780
55819473
55818326
55879640
55819535
55818493
55819366
55819701
55819715
55818405
55879938
55819404
55817307
55819251
55818799
55818529
55818566
55819217
55879955
55879128
55817101
55879992
55817102
55819601
55818770
55879172
55818589
55817329
55819863
55879156
55818116
55818441
55878878
55819597
55818904
55817905
55818884
55819137
55818533
55818545
55818546
55818368
55818332
55819238
55817119
55878140
55818985
55819466
55818360
55879105
55814042
55818657
55818687
55819696
55818574
55819234
55818830
55818605
55879953
55878803
55819714
55819848
55818953
55879956
55818122
55819643
55819150
55879679
55819157
55819919
55878862
55817315
55879202
55819752
55818981
55819431
55878842
55819763
55818449
55818930
55819250
55819474
55818873
55819747
55879961
55819390
55819261
55879660
55818893
55818959
55819561
55819176
55818825
55818587
55819161
55818137
55818698
55819242
55818940
55879978
55818432
55818775
55879633
55819580
55819124
55879901
55819977
55819249
55818977
55818263
55878844
55879204
55818307
55879937
55819946
55879645
55819757
55818427
55818317
55818724
55818221
55818436
55879662
55819116
55819290
55819140
55818875
55818232
55818409
55818648
55819934
55819115
55819682
55818124
55817325
55819658
55818295
55879954
55819378
55878157
55879628
55879150
55818961
55879678
55817906
55818451
55818260
55818193
55818233
55819172
55879162
55819646
55879934
55819107
55879184
55818165
55878159
55818185
55878106
55878125
55819936
55818767
55818744
55818169
55879164
55819193
55819921
55818203
55819429
55818978
55818583
55819235
55818945
55819973
55819702
55817912
55818726
55879132
55817915
55818373
55818417
55819556
55819459
55818168
55813093
55818834
55818821
55819183
55819988
55819160
55819240
55818506
55818868
55819177
55819326
55819692
55819370
55819214
55819292
55878139
55819781
55818483
55818789
55818114
55818646
55818672
55818498
55818563
55818121
55818774
55878823
55818764
55818541
55818759
55818616
55878105
55819634
55879663
55819591
55818570
55879609
55818762
55878170
55818745
55879253
55819979
55818880
55818482
55819960
55819992
55879160
55818372
55818678
55819722
55818942
55819716
55818910
55817902
55818162
55819530
55819636
55819970
55879649
55818244
55819864
55819159
55878863
55819187
55879648
55818264
55819317
55817332
55819130
55819984
55878112
55819918
55817303
55879618
55879958
55818275
55819472
55818665
55879200
55879655
55819733
55819270
55879959
55818740
55879979
55879625
55818995
55818333
55819432
55813429
55818243
55817309
55819940
55879109
55819568
55818153
55879969
55819427
55818840
55878156
55819637
55819383
55819924
55818473
55819120
55818848
55819178
55818408
55818228
55819639
55878177
55819596
55819382
55818407
55819436
55818659
55819719
55819575
558792000
55819774
55818240
55819147
55819938
55818434
55819407
55819559
55818602
55879816
55819916
55818788
55818120
55819265
55818814
55818268
55819106
55818710
55878123
55878166
55819415
55818241
55818184
55818524
55819904
55818707
55819529
55818199
55819534
55819375
55818239
55818969
55818784
55819229
55819351
55819218
55819309
55813299
55879641
55878833
55818304
55819533
55818743
55818696
55879115
55878120
55819664
55818514
55819851
55818148
55818495
55818671
55818679
55819479
55819151
55818601
55817105
55878119
55819360
55819758
55879201
55818342
55818626
55819748
55819822
55818792
55818276
55879210
55879924
55819394
55879943
55819791
55818797
55818829
55819574
55819645
55818950
55819962
55819458
55819513
55818897
55819925
55819832
55818968
55818675
55819797
55818335
55818188
55878855
55819531
55818433
55819179
55818630
55819999
55818620
55817310
55819633
55818457
55878825
55818807
55878138
55812126
55819981
55819991
55818186
55819363
55819221
55819278
55818256
55819590
55818971
55818746
55818201
55819694
55819998
55819333
55818152
55879124
55813204
55818255
55819377
55879909
55878147
55879627
55879193
558192000
55879607
55818818
55879178
55819417
55818356
55819516
55879960
55818229
55818267
55819491
55878846
55818174
55879970
55819132
55819842
55878114
55819480
55818732
55879207
55819398
55817308
55819114
55819484
55819803
55819288
55818794
55817317
55819362
55879186
55818813
55819260
55819316
55818390
55818782
55818198
55819505
55879658
55818425
55818476
55818966
55818827
55819216
55819785
55819392
55818819
55879929
55878815
55818468
55818520
55818242
55879192
55819443
55817346
55818955
55818793
55819198
55878162
55819339
55818147
55819593
55818938
55818921
55818327
55819761
55818123
55818143
55879823
55879180
55879827
55818287
55818944
55819128
55819710
55879914
55819256
55819374
55879968
55817901
55819387
55879911
55818196
55818207
55819965
55879196
55819186
55818850
55819621
55879631
55817313
55819228
55878873
55818212
55818917
55878864
55819759
55819668
55818723
55878118
55819640
55819476
55819519
55818654
55818870
55818485
55819272
55819210
55817336
55819736
55819493
55819697
55818965
55819402
55818882
55819310
55819520
55879936
55819723
55819191
55878137
55879197
55818593
55818364
55817120
55879804
55818448
55819653
55818140
55819572
55819794
55818889
55819680
55819677
55819889
55818569
55879967
55819338
55819961
55879644
55879194
55879994
55819684
55879179
55818576
55817319
55818508
55818321
55819275
55879177
55878167
55818908
55818772
55819983
55818300
55819920
55819226
55818997
55818532
55818733
55818135
55878805
55818487
55818929
55818637
55879163
55819345
55819729
55818885
55819685
55879169
55819517
55818608
55818477
55819666
55819180
55819930
55818810
55879952
55818925
55819489
55818700
55819765
55819927
55819386
55818731
55818562
55818991
55818811
55819942
55879146
55819665
55819652
55878131
55818192
55818446
55819129
55819539
55818806
55818899
55818879
55818363
55879127
55879988
55819153
55818557
55879102
55819711
55818787
55879810
55818663
55819512
55819284
55818119
55818754
55819352
55819264
55819455
55819320
55819724
55818952
55818182
55879915
55818669
55818217
55818833
55818279
55819776
55879682
55818313
55819373
55818338
55819118
55819401
55817305
55818579
55818730
55818920
55879175
55818842
55819486
55819441
55879611
55819926
55819158
55818443
55818309
55878163
55819893
55819355
55818513
55878142
55818862
55879906
55819231
55818780
55819121
55819277
55819706
55818983
55819497
55878839
55818692
55879605
55819447
55818860
55879130
55817302
55818863
55819391
55818750
55819885
55818923
55879135
55819737
55817330
55879950
55819908
55818113
55878848
55818856
55818575
55819606
55818590
55878811
55818509
55819744
55879905
55819450
55818308
55879935
55818919
55819509
55819619
55819328
55818525
55818155
55818139
55818218
55819928
55819230
55879206
55818340
55878122
55818353
55818489
55819555
55819740
55879120
55819503
55818886
55818918
55879657
55818865
55879145
55818636
55818753
55819144
55818129
55819564
55879119
55819524
55819108
55818901
55819395
55819532
55818588
55818115
55819184
55819246
55879638
55818324
55817100
55818459
55819609
55818876
55818798
55818334
55818795
55879939
55818609
55819959
55818607
55818979
55819698
55818680
55818112
55818791
55819189
55819648
55878852
55818329
55818664
55818734
55818523
55819356
55878108
55819492
55818447
55818912
55818984
55818134
55819720
55819461
55879993
55818911
55819937
55819522
55819354
55819467
55878172
55879211
55819773
55878851
55879912
55878121
55817304
55879820
55819540
55818722
55878165
55878141
55819245
55818758
55879931
55818859
55879642
55878853
55818597
55819718
55818539
55879144
55878146
55819806
55819113
55819764
55818128
55817916
55817108
55818354
55819426
558193300
55818836
55819796
55879613
55879809
55819444
55819481
55819244
55819457
55818486
55819483
55818805
55879173
55818187
55818756
55818592
55818358
55818156
55819557
55818497
55818727
55819899
55818565
55819760
55818158
55879817
55819731
55818214
55879918
55818752
55819306
55879650
55879612
55818812
55818404
55879940
55817908
55818627
55818435
55819726
55818428
55818599
55818964
55818247
55818975
55818600
55818556
55879205
55818181
55818163
55819599
55819259
55818130
55819708
55819287
55879142
55879159
55818962
55879976
55878856
55818318
55819300
55819588
55819446
55819468
55818423
55819617
55819279
55818421
55818871
55818644
55818269
55818699
55818976
55819775
55879148
55818809
55819168
55819207
55818197
55879157
55879147
55879808
55819156
55819499
55813241
55818785
55818954
55818501
55819273
55819642
55819422
55818822
55879990
55819222
55817318
55879131
55819589
55879166
55818735
55818757
55879643
55818737
55819725
55819673
55818933
55818629
55819767
55819836
55818567
55879153
55819547
55879615
55879811
55818695
55879137
55819890
55878102
55879942
55819550
55818343
55818560
55819163
55819454
55819223
55819538
55819109
55878144
55878875
55818852
55819462
55819142
55879118
55819372
55818765
55879949
55819641
55818543
55819145
55879974
55819683
55819470
55818107
55819166
55818670
55879133
55818823
55818422
55818651
55819475
55818230
55819548
55819976
55819365
55819349
55818640
55818747
55818779
55819735
55818519
55818177
55819950
55819990
55819469
55818517
55819625
55818633
55817914
55879670
55818151
55878872
55819164
55818111
55819678
55819989
55818643
55819756
55818916
55818894
55819139
55818208
55819433
55879933
55818439
55878849
55819949
55818685
55818504
55819647
55818328
55819332
55879138
55818719
55819674
55818534
55819766
55819439
55818760
55819490
55818319
55818189
55818748
55819301
55818766
55818673
55818366
55879185
55878824
55818828
55818720
55878809
55819197
55818947
55818816
55819745
55879927
55819117
55819571
55819393
55818190
55818511
55818594
55818771
55818864
55818674
55819523
55819274
55879957
55818689
55879997
55818420
55819421
55818943
55819681
55819777
55819268
55817114
55818108
55878859
55819502
55819511
55819576
55819381
55879666
55878149
55879944
55818839
55819560
55878836
55818325
55819570
55819567
55819403
55819396
55818660
55818883
55818949
55817109
55878841
55819769
55819253
55819793
55819410
55819732
55819424
55819786
55878854
55819543
55818528
55818401
55818642
55879951
55818494
55819312
55819689
55818878
55818891
55818854
55878109
55819569
55819506
55878816
55878874
55879113
55819514
55818845
55878154
55879630
55819951
55819412
55818231
55819134
55878115
55818649
55879998
55818290
55818157
55878832
55818624
55819754
55879801
55819243
55879807
55818603
55818507
55818200
55879107
55819805
55818418
55879616
55878826
55819778
55818638
55818109
55819358
55817111
55819285
55818406
55879129
55818817
55879665
55819448
55818714
55818426
55819563
55818466
55819477
55879822
55819974
55818846
55879198
55878819
55819583
55818154
55818835
55818491
55819566
55818478
55819613
55818658
55819546
55819537
55818210
55819615
55818980
55818957
55818932
55818847
55819263
55819663
55819948
55818728
55818149
55819105
55879122
55817904
55819254
55819966
55819353
55879989
55818262
55879181
55819482
55879818
55818248
55818604
55818277
55817347
55819630
55878802
55879971
55879143
55819739
55818138
55819295
55818898
55818906
55819196
55818419
55818312
55819922
55819631
55819565
55818455
55819385
55819675
55819224
