55518529
55549926
55559613
55519708
55519659
55548411
55518954
55518147
55549668
55549941
55549124
55549130
55559169
55518402
55518166
55519768
55519797
55518219
55559667
55549123
55549166
55539168
55519674
55519758
55539927
55519869
55559955
55549698
55518653
55559208
55519644
55548157
55548119
55518941
55539963
55519858
55548159
55549175
55519680
55549223
55549991
55519923
55558422
55518401
55518181
55519130
55549687
55519664
55518513
55519833
55559122
55549178
55539158
55539708
55519966
55519771
55549170
55519689
55518515
55518508
55518424
55559676
55549141
55538148
55518064
55519452
55559711
55518494
55518121
55539998
55518545
55549995
55519310
55559933
55519134
55559930
55548128
55518478
55519825
55559164
55518530
55519135
55549639
55539949
55549908
55518221
55519666
55519971
55518576
55519184
55549619
55558133
55559718
55559101
55519103
55549936
55519795
55518588
55549901
55559690
55549622
55559913
55518186
55519996
55519673
55538485
55519211
55539957
55519194
55519128
55559926
55538423
55558457
55518594
55518039
55539965
55519794
55519455
55559702
55518277
55519456
55559985
55518445
55518574
55559918
55518510
55539126
55519905
55549924
55549195
55549940
55518205
55519266
55519997
55519956
55559189
55549641
55559997
55539999
55519459
55519518
55538117
55539955
55518182
55519949
55548408
55519637
55519665
55519764
55549623
55518161
55549987
55519591
55519439
55519929
55539151
55519549
55549983
55519132
55519920
55519789
55519755
55539945
55548448
55519992
55519995
55519119
55559151
55559939
55558141
55559732
55559618
55559707
55518060
55519502
55549673
55559123
55519919
55559910
55538135
55519579
55519788
55549683
55519892
55549621
55518959
55549609
55559944
55519843
55519427
55559610
55549920
55519492
55558177
55548141
55519146
55518503
55519812
55539106
55549264
55518417
55549603
55559602
55548136
55548425
55559673
55519703
55559640
55519384
55559728
55519298
55559698
55519106
55559604
55519678
55518333
55518644
55519380
55549990
55519144
55548114
55519305
55539102
55519817
55519935
55539179
55559647
55519681
55559215
55549620
55519301
55519670
55519292
55519545
55548154
55518189
55548428
55519555
55549653
55539136
55559634
55519308
55519636
55519938
55518658
55519501
55559148
55519713
55519450
55518951
55518241
55519948
55548405
55519152
55549967
55519650
55518122
55549905
555192001
55519544
55519290
55538157
55558447
55559934
55519682
55519984
55518480
55519282
55519757
55559638
55559150
55518924
55519606
55549713
55519641
55559668
55519608
55519241
55519896
55559716
55519124
55559665
55519878
55549709
55519645
55519967
55548412
55518916
55559619
55559186
55549216
55518260
55519515
55559993
55519528
55549997
55539950
55518409
55539145
55558155
55559165
55559935
55538447
55519847
55518927
55519855
55519809
55549932
55519421
55559959
55519988
55549939
55518956
55559608
55549998
55549237
55548143
55519761
55519975
55518141
55539971
55519894
55539187
55539968
55518438
55518578
55519986
55519867
55538426
55549105
55549950
55548449
55518222
55518264
55519597
55539143
55519907
55519656
55539993
55559669
55519955
55559197
55519481
55518200
55519683
55538445
55519638
55518654
55519262
55558411
55539969
55538424
55518185
55519453
55549106
55518474
55519763
55538131
55519479
55519604
55549654
55559706
55559670
55519814
55519657
55549944
55549204
55549647
55549145
55539995
55519978
55519533
55519590
55519246
55519379
55518348
55549608
55518652
55519706
55548418
55519750
55519215
55519619
55518471
55549661
55518329
55559653
55559650
55519245
55539994
55518945
55559726
55559210
55518011
55519188
55549974
55518922
55519127
55538115
55538459
55519743
55519568
55518228
55559173
55519725
55518639
55518949
55538428
55559630
55549670
55518467
55559648
55549909
55559915
55539954
55519230
55559183
55519594
55519845
55519569
55518472
55539133
55519175
55548436
55559937
55538473
55549612
55519466
55559180
55559981
55539996
55559909
55519822
55519110
55549184
55518488
55519805
55518937
55559223
55549243
55559172
55519926
55519773
55519491
55559916
55559155
55519540
55519989
55519688
55538443
55549985
55539193
55519719
55539906
55518056
555192000
55519559
55539157
55518344
55519420
55549676
55519582
55519640
55519906
55518446
55519868
55559651
55519313
55549696
55519663
55559687
55559710
55519603
55519710
55518047
55549632
55538475
55549977
55539137
55519701
55559965
55519344
55519959
55559145
55518602
55559912
55519270
55549682
55518065
55519690
55519908
55559129
55558120
55519651
55519930
55519274
55519593
55539144
55559147
55559627
55559643
55519370
55519349
55539953
55519588
55559659
55519723
55519275
55549644
55519900
55518650
55549923
55558433
55559621
55518491
55559645
55519828
55519909
55519391
55559978
55559911
55519945
55519217
55549707
55519890
55549260
55519751
55519225
55518476
55559649
55519199
55519507
55519784
55519615
55519735
55519563
55548130
55549657
55559641
55549981
55539188
55519774
55519898
55559704
55549602
55549107
55549225
55518316
55518131
55549989
55519954
55549921
55519506
55519442
55549629
55518136
55518035
55519535
55518441
55519829
55539920
55519517
55519288
55519503
55518581
55559685
55518404
55519863
55559974
55549963
55539153
55549134
55549607
55559160
55519578
55519816
55558449
55548117
55519961
55519631
55519647
55549197
55549613
55519696
55538452
55538412
55519880
55519835
55519852
55559696
55538432
55559609
55549951
55519676
55519457
55549626
55519573
55559969
55518183
55549649
55518610
55519611
55519736
55519779
55518350
55519314
55519824
55559703
55548121
55519964
55549957
55548447
55519204
55519336
55518016
55518900
55519260
55559904
55549943
55519834
55519605
55559635
55549221
55519504
55519799
55559628
55559946
55518912
55559693
55558421
55519782
55519857
55559925
55559679
55549979
55519800
55549969
55559699
55559927
55519233
55519639
55518486
55519482
55558153
55559956
55519815
55519552
55518123
55519912
55519806
55518030
55518908
55519234
55559675
55549611
55518483
55549656
55559646
55519716
55559176
55559967
55519200
55549913
55519893
55519576
55539163
55518603
55518162
55519107
55518587
55518017
55518638
55549190
55518010
55518246
55559972
55558454
55519837
55539109
55519823
55549993
55519791
55518514
55549927
55559661
55519841
55559603
55518019
55558419
55519622
55519911
55539104
55549131
55518055
55519946
55549646
55518282
55549961
55549681
55559936
55518938
55558409
55518254
55549271
55559159
55549980
55549988
55519888
55519772
55519551
55559117
55549915
55549679
55518295
55559156
55559660
55519913
55519509
55559724
55519661
55519167
55518022
55519596
55519660
55518025
55549615
55518918
55559671
55549244
55519842
55519538
55518940
55518137
55549907
55519921
55559120
55518971
55558157
55519998
55518250
55519994
55519511
55519669
55549103
55559938
55559612
55548400
55549111
55519341
55549234
55519924
55519754
55519776
55558453
55548166
55518611
55518296
55549185
55559903
55558456
55538478
55518026
55519522
55519914
55518179
55549133
55518552
55518013
55538409
55549903
55518449
55519652
55549666
55519312
55549992
55559170
55519941
55518477
55519166
55519808
55519423
55518628
55559177
55519846
55519925
55518617
55559989
55549912
55519781
55519355
55519655
55518405
55518118
55519216
55519712
55549685
55539111
55549984
55519649
55519172
55519516
55519324
55549973
55549925
55548151
55519944
55519936
55519191
55538464
55558459
55519850
55559633
55549975
55548134
55538106
55549248
55549965
55559999
55559141
55559907
55518901
55519952
55518199
55519222
55519584
55549686
55519915
55559691
55518433
55548445
55519953
55548142
55519346
55548167
55519247
55518048
55519732
55539928
55549968
55518421
55519477
55519454
55519882
55549714
55519704
55549207
55519510
55559600
55548432
55549631
55559182
55519821
55559238
55559198
55518961
55519686
55518034
55559712
55519536
55539132
55519546
55549100
55519985
55518057
55519976
55549224
55519307
55539990
55549194
55539929
55519558
55519807
55549616
55559658
55559723
55519798
55549964
55559964
55558445
55549710
55518031
55518059
55559615
55519607
55519480
55549239
55519865
55549645
55519531
55559174
55559655
55538415
55518149
55519581
55519418
55559947
55558437
55559987
55518061
55519437
55549931
55519937
55519513
55519813
55519224
55518957
55519887
55518049
55518408
55518651
55519161
55558114
55548424
55549636
55519626
55559684
55519303
55549935
55549700
55519574
55518490
55519539
55519671
55549135
55519592
55519991
55548434
55519567
55519685
55519931
55559677
55519524
