551197392
551699641
551199160
551198728
551998160
551199779
551399122
551195357
551197331
551196770
551699334
551198287
551799153
551195446
551192018
551898129
551198291
551196325
551193960
551799757
551398207
551195799
551195864
551196343
551199229
551899734
551197204
551197815
551198725
551999171
551195481
551196521
551199589
551197155
551198637
551194059
551195637
551699304
551499821
551195792
551195993
551198887
551196160
551195857
551193053
551999786
551191126
551199368
551196076
551194244
551198873
551199432
551195442
551197131
551798117
551199770
551699463
551799114
551196862
551198663
551999662
551199968
551199535
551999373
551198496
551197332
551197537
551999223
551194475
551699165
551298252
551399142
551195129
551197506
551198528
551398827
551193495
551299719
551999216
551195605
551199387
551192020
551195915
551198120
551999989
551198646
551196244
551198691
551799639
551799107
551194186
551397422
551196084
551194943
551299225
551298857
551197629
551199174
551198908
551193405
551997100
551197563
551195419
551193077
551399749
551999534
551196125
551199326
551799673
551196866
551195995
551198384
551196633
551194032
551199565
551193055
551191113
551199314
551799269
551499678
551197793
551199695
551197034
551699638
551193023
551499669
551199448
551199995
551798112
551899161
551599176
551194907
551195925
551199956
551197833
551195025
551194494
551195421
551699453
551199328
551195727
551196559
551196495
551196311
551194489
551398868
551499687
551195924
551195847
551195896
551599690
551698830
551198820
551194958
551399186
551196052
551397414
551998440
551194131
551196797
551998769
551195155
551499804
551199714
551196614
551198294
551195618
551198512
551199847
551699242
551194589
551195337
551197854
551194177
551197873
551196336
551195689
551199808
551999467
551199018
551193091
551195755
551196597
551199895
551399645
551193943
551399658
551196512
551298217
551198225
551195733
551199245
551898825
551197963
551999886
551196239
551195168
551194999
551199403
551198961
551196083
551197668
551193745
551999282
551199101
551195882
551197688
551198513
551199202
551699753
551399167
551499715
551194547
551196449
551399701
551194658
551899747
551399121
551197708
551195153
551498829
551699729
551299736
551195897
551298844
551599732
551195372
551198454
551193476
551499730
551398808
551199566
551195781
551398186
551197696
551195269
551194347
551199563
551299654
551197106
551194506
551194967
551199755
551198182
551999364
551999535
551399647
551399141
551398100
551197234
551196349
551399667
551198479
551298199
551999527
551196279
551398149
551899715
551195377
551398820
551198899
551193396
551699147
551999480
551399173
551193743
551198316
551197473
551999113
551194522
551197389
551196317
551199591
551999944
551194211
551299779
551195226
551194759
551499907
551499613
551195424
551196775
551199539
551599651
551196554
551799283
551197775
551298259
551798147
551399175
551194341
551196385
551999647
551198258
551194678
551199646
551197822
551193377
551898154
551499663
551199644
551194774
551499179
551195215
551193803
551198515
551194389
551195638
551198846
551199737
551193088
551599839
551199890
551195400
551399112
551499774
551196437
551192014
551195697
551194320
551197033
551398210
551399618
551196442
551197546
551194366
551194081
551798118
551698252
551299167
551198756
551199970
551195279
551199397
551699451
551298207
551199722
551196858
551194338
551298114
551999810
551194798
551195047
551199216
551196479
551193049
551194525
551999169
551197476
551193488
551195069
551197817
551195331
551898806
551298179
551196751
551799676
551198798
551199913
551195961
551194291
551193213
551198159
551998712
551199356
551199665
551199820
551199957
551195218
551193402
551194318
551197700
551194811
551198514
551197541
551398156
551196962
551199545
551199226
551199307
551199164
551196546
551196575
551195982
551193946
551193330
551197798
551199475
551195426
551193928
551194453
551195885
551298257
551197379
551197449
551199234
551195425
551194245
551198969
551298276
551198815
551198556
551195908
551799266
551399156
551195471
551699618
551196808
551998825
551198928
551196988
551194176
551397405
551194023
551197493
551196477
551195477
551195876
551299637
551196900
551998162
551398103
551199391
551193342
551195875
551198329
551196944
551199705
551194909
551799792
551196886
551195756
551197353
551198321
551198051
551194468
551196218
551193354
551195811
551199712
551999929
551199472
551399184
551999839
551199487
551699627
551195742
551191148
551194800
551799789
551193936
551199177
551298854
551999203
551197601
551798111
551199412
551194112
551197138
551398226
551699770
551193704
551194848
551197376
551193229
551198114
551399641
551195230
551196242
551194214
551194918
551196100
551195809
551198214
551195259
551197453
551196338
551599115
551199263
551799111
551193078
551199547
551398136
551198330
551898133
551298163
551191127
551199942
551198500
551196137
551199856
551194219
551196849
551194139
551194890
551199449
551196078
551196659
551193410
551197189
551699756
551198029
551199516
551198344
551195246
551199337
551195559
551197291
551194885
551199824
551398159
551197896
551198141
551196996
551194753
551599776
551699358
551998390
551199444
551199953
551195462
551194663
551194598
551197607
551195060
551194805
551194043
551499607
551196607
551699159
551199499
551199249
551998332
551196235
551196701
551197412
551194014
551199447
551198091
551499155
551194239
551195401
551199334
551196275
551298215
551195824
551899707
551199976
551195326
551198984
551195078
551196177
551197573
551196550
551198711
551197435
551196191
551199800
551299646
551199949
551799260
551198964
551194057
551399719
551195192
551199482
551199571
551199548
551197334
551193080
551198840
551198043
551199748
551196743
551196225
551699464
551899656
551999765
551194777
551199674
551199739
551198573
551196428
551196143
551193703
551197335
551193779
551195093
551199309
551699191
551196382
551699140
551699284
551194710
551194556
551197885
551195457
551195418
551699176
551198024
551194705
551299173
551196903
551194973
551799738
551999213
551399670
551197680
551195286
551699363
551899751
551196865
551195231
551199353
551198963
551798809
551197480
551193421
551298278
551598822
551196623
551195983
551398884
551195934
551195495
551196119
551199485
551199250
551194202
551197301
551195141
551196926
551196503
551197207
551195412
551199161
551193319
551399169
551195344
551197317
551199666
551299154
551197157
551198146
551398173
551192001
551299711
551197612
551196527
551194462
551799267
551999433
551194000
551999739
551198292
551195488
551196193
551193372
551199123
551196056
551196016
551196578
551399197
551194804
551197042
551194531
551199498
551599660
551195883
551194627
551191286
551197456
551198954
551199218
551194189
551197395
551999124
551799781
551195309
551799185
551199501
551194843
551193918
551195759
551198640
551199575
551196591
551599657
551198267
551196687
551298881
551196970
551194954
551197287
551193483
551196594
551191106
551298277
551197180
551198240
551197575
551198695
551193097
551193045
551194840
551197461
551197771
551194786
551196353
551699197
551699728
551196087
551199294
551198841
551999759
551198742
551193388
551399132
551196861
551398217
551194351
551198583
551195296
551199441
551199173
551196278
551599723
551197989
551193010
551299222
551196500
551298306
551197715
551195275
551599825
551197754
551499112
551199965
551194558
551193409
551196021
551698135
551298807
551196124
551195916
551195754
551399111
551191022
551199225
551999333
551194631
551197712
551398220
551193395
551193947
551999777
551195929
551195434
551198251
551195927
551799262
551194368
551199321
551199431
551197399
551899650
551799160
551899735
551699345
551998283
551197560
551195116
551799123
551194846
551899109
551898118
551198235
551198283
551194826
551998215
551195461
551194155
551199217
551196908
551898152
551199192
551194597
551196457
551193747
551195945
551998189
551195757
551199341
551194247
551196791
551899637
551196017
551195955
551194292
551197580
551199861
551198685
551195040
551198754
551398847
551998931
551398137
551198318
551999109
551194725
551194985
551195144
551196470
551194418
551199550
551193081
551197209
551999358
551397402
551699782
551194722
551199352
551195355
551998449
551698818
551999676
551198094
551399155
551199846
551193937
551195448
551197252
551199311
551196878
551599859
551298831
551197676
551398837
551196595
551199805
551193737
551699766
551299622
551195154
551197646
551298103
551198021
551195134
551196253
551499885
551998102
551598101
551195225
551196549
551198133
551199587
551199765
551999112
551195039
551199813
551398142
551195204
551195711
551197129
551197527
551598819
551399730
551699395
551198484
551298101
551194734
551196069
551199360
551195500
551196459
551998164
551197470
551198804
551999511
551199639
551198198
551193716
551197588
551998873
551193721
551193065
551799706
551198943
551193360
551399724
551399168
551197730
551197998
551194403
551999407
551499701
551199435
551198860
551298821
551998906
551699767
551195410
551194166
551798123
551198031
551193349
551197640
551799623
551194074
551194956
551197758
551199517
551194639
551194390
551196548
551198727
551196673
551195261
551198140
551196818
551899755
551197128
551197159
551196913
551194015
551199016
551198263
551196263
551499178
551298820
551194191
551197879
551194545
551198654
551195382
551197235
551194542
551198191
551198452
551198774
551399808
551298186
551193358
551194172
551195677
551197585
551197856
551193243
551194042
551599142
551197388
551195436
551299119
551196430
551195886
551999544
551499640
551199301
551499176
551198062
551199462
551194374
551194594
551197425
551298864
551196066
551196785
551299187
551198678
551999717
551999312
551197013
551197021
551399743
551998186
551197127
551193413
551198770
551197985
551194260
551193352
551197569
551194304
551196187
551195415
551196154
551196179
551194121
551193722
551799743
551498815
551195577
551199375
551399713
551193802
551195760
551194571
551196234
551199277
551198336
551196740
551196392
551398826
551196434
551194336
551198572
551193260
551199291
551196507
551196843
551195320
551398121
551999267
551198808
551399129
551999690
551196869
551398842
551196455
551698820
551199497
551193297
551191288
551195388
551298274
551598806
551999754
551899164
551196700
551195254
551196207
551199609
551197970
551196103
551194801
551198308
551399135
551194972
551196276
551194130
551199417
551299782
551195968
551194690
551195932
551197656
551196351
551198544
551197398
551197773
551196613
551196293
551699602
551999402
551197251
551499177
551198973
551194297
551195217
551997403
551199105
551196564
551196787
551197162
551599634
551198676
551197478
551498129
551194748
551196204
551196697
551399770
551997134
551699214
551196037
551699194
551298153
551499691
551197791
551195467
551198421
551799187
551193469
551197525
551194243
551398203
551196395
551195836
551195160
551197169
551197521
551195658
551196331
551399149
551299759
551699293
551197105
551198998
551299182
551197391
551195490
551194133
551198517
551199001
551199532
551196194
551198699
551196445
551298160
551196036
551999532
551196489
551192006
551398873
551196904
551197080
551195376
551197369
551199106
551194323
551193436
551199944
551195717
551199641
551998217
551699163
551193205
551199638
551197865
551197555
551399673
551195731
551194465
551599610
551198184
551195581
551194073
551197749
551196241
551299730
551197367
551197636
551199235
551194157
551196328
551194723
551197691
551198246
551898814
551998721
551199583
551195786
551198993
551197328
551499871
551599653
551196407
551191108
551194995
551196860
551191082
551196299
551899119
551199723
551199632
551599195
551195208
551196931
551197639
551197268
551799655
551196645
551299153
551799265
551193713
551195310
551999632
551399203
551193327
551193087
551195729
551298258
551198794
551199626
551193285
551198601
551199630
551499754
551193458
551194025
551198937
551198982
551999859
551898157
551198332
551197897
551196523
551194222
551194203
551193432
551196418
551299199
551196413
551195193
551199125
551999608
551199415
551399191
551999118
551998973
551195719
551193707
551193449
551999533
551198118
551298107
551197384
551196837
551198125
551198864
551699700
551899697
551998921
551196997
551997102
551191283
551197232
551197257
551398147
551999615
551199367
551197695
551699760
551199854
551196164
551196876
551195825
551198077
551698148
551194580
551699466
551399105
551197759
551199552
551196812
551194428
551194706
551197671
551199351
551999218
551195920
551193003
551193461
551194554
551998976
551199521
551194511
551195266
551999493
551198424
551196224
551699634
551999719
551196620
551999321
551194794
551199696
551999146
551199347
551199597
551799663
551399690
551195827
551194887
551195888
551193441
551599626
551195177
551599103
551998114
551399646
551198185
551195351
551999687
551199799
551197571
551193715
551198391
551196254
551998229
551299171
551999352
551699107
551195715
551998425
551198425
551999465
551194167
551193356
551399180
551198068
551197858
551499818
551196151
551198220
551193329
551196946
551699316
551299733
551195335
551195853
551194277
551199650
551196676
551194942
551195073
551196129
551199332
551197030
551197193
551198967
551199677
551197345
551197592
551194697
551499895
551198469
551198790
551999461
551194132
551195324
551699637
551194724
551196050
551197011
551198290
551699642
551199796
551194940
551198720
551194478
551399762
551399603
551298296
551198585
551195904
551899810
551193321
551196048
551198128
551193705
551196783
551193046
551999659
551194306
551196237
551699418
551199555
551195136
551193301
551196118
551196209
551198027
551197147
551194514
551197349
551198275
551198038
551698812
551194711
551699460
551298231
551194551
551599769
551299644
551198521
551197544
551196622
551196221
551193353
551198317
551194716
551999153
551198238
551199964
551198301
551196027
551197267
551196978
551195373
551194053
551197076
551999594
551197976
551399666
551197362
551197971
551199848
551194595
551195285
551195314
551298225
551999619
551999144
551198545
551799975
551194175
551298121
551199008
551197183
551198525
551195718
551196258
551699741
551899110
551197839
551196267
551195157
551198164
551194197
551198470
551195707
551799167
551194859
551198566
551196077
551198471
551899136
551194456
551198862
551298134
551998134
551198501
551194265
551499886
551195846
551199157
551198158
551196116
551298827
551798138
551197280
551196290
551196344
551191102
551899750
551599174
551198107
551299174
551195150
551196438
551197766
551199955
551194377
551193302
551193714
551499168
551299249
551194543
551197284
551196158
551194626
551197151
551194083
551499197
551999692
551199134
551197658
551196647
551194847
551194370
551194925
551194620
551195937
551196601
551191045
551199214
551196388
551199379
551195571
551499131
551195761
551193757
551799173
551399662
551195386
551699325
551195587
551191313
551196142
551196772
551198497
551195348
551195497
551197848
551196993
551199791
551599669
551196282
551196909
551299737
551197156
551999115
551197630
551499843
551197012
551199137
551194845
551196319
551198944
551198362
551194812
551997146
551193255
551199306
551599730
551997110
551198698
551195454
551998801
551194994
551197748
551198784
551599158
551198505
551499683
551193955
551191289
551198624
551198136
551194500
551197511
551196043
551195823
551998218
551899156
551196182
551193096
551199743
551399747
551998172
551194988
551195249
551199290
551199882
551999830
551399179
551299655
551196661
551194045
551193218
551195969
551598813
551197311
551194739
551194737
551199357
551199828
551195404
551599871
551195648
551194884
551298293
551195492
551193270
551196265
551399188
551198807
551699724
551199110
551199453
551699311
551999865
551299671
551198657
551298172
551199232
551191144
551197058
551195252
551197089
551195251
551998919
551194357
551196387
551197765
551195804
551399610
551197326
551399196
551799183
551197139
551197300
551399638
551998148
551198256
551198574
551398119
551195958
551195068
551193294
551197678
551195552
551599704
551199654
551899133
551194694
551197494
551298133
551197530
551198205
551199183
551191305
551198440
551499812
551399211
551195257
551599786
551197826
551195964
551199923
551499649
551399737
551195696
551195584
551197312
551194199
551198017
551399178
551699335
551194880
551194648
551198920
551198792
551999968
551195378
551199464
551194561
551898823
551199271
551699131
551195292
551999477
551999196
551196603
551398815
551198568
551193725
551196386
551699267
551198296
551196380
551194645
551398168
551899759
551198160
551699423
551198950
551798170
551196850
551196959
551198665
551899784
551198271
551196964
551399800
551198625
551197534
551196531
551194520
551399114
551198809
551699283
551398835
551191085
551999635
551198153
551195985
551197568
551193043
551198357
551194069
551999429
551199529
551198552
551998196
551299606
551198730
551198981
551195200
551198966
551198811
551196774
551199972
551399732
551193718
551196136
551195210
551197167
551198507
551198757
551398167
551299189
551198714
551197346
551196469
551196695
551199673
551199252
551899812
551699640
551198075
551199835
551899158
551298852
551194563
551199993
551997422
551397423
551199108
551197528
551899108
551194471
551194978
551798830
551191084
551195053
551194526
551699215
551193904
551699751
551998372
551499101
551299740
551699713
551195970
551194509
551198234
551195892
551193209
551199726
551297401
551194452
551196117
551199881
551197961
551599670
551198139
551698844
551193290
551196877
551699791
551899767
551197166
551199180
551198907
551199509
551499102
551199145
551195893
551699764
551198134
551899711
551599862
551193944
551899774
551195229
551195465
551195406
551499618
551198142
551199199
551193736
551194670
551197330
551197500
551399623
551197448
551999326
551899739
551197380
551191031
551599655
551195854
551197623
551199645
551198410
551195334
551194602
551197020
551699408
551198628
551196662
551399159
551199274
551194041
551193423
551299143
551599650
551196965
551599766
551199451
551998259
551197587
551195722
551199220
551199215
551197582
551194891
551193406
551196320
551195976
551998235
551198581
551499799
551197126
551699212
551999257
551298174
551999812
551398134
551194609
551199310
551997142
551196536
551197481
551599144
551195432
551198717
551199114
551195628
551599701
551398116
551199675
551195447
551194693
551199204
551799207
551699198
551195313
551199115
551191112
551998330
551199986
551199767
551195076
551196702
551194006
551196948
551197163
551194629
551198965
551194841
551194026
551999747
551195043
551194447
551196186
551197016
551199731
551698863
551298183
551197746
551196188
551299193
551799759
551799707
551399653
551197101
551195127
551193348
551499637
551199782
551193403
551899730
551194213
551194369
551999636
551199929
551999396
551399162
551197245
551194363
551197620
551198212
551195092
551194161
551298237
551196822
551198558
551198132
551199753
551197293
551197082
551195209
551195207
551195367
551298198
551195046
551197063
551298280
551699245
551198334
551399779
551193407
551195806
551193768
551699784
551199633
551193037
551194515
551999348
551199237
551195935
551195255
551193350
551998317
551197789
551599652
551399787
551194333
551198726
551399695
551198347
551193202
551193067
551194231
551196020
551398218
551198631
551198124
551199317
551195333
551198931
551198078
551198279
551194109
551198194
551299140
551799714
551194844
551198477
551399113
551299126
551197540
551194325
551799104
551198360
551199657
551198715
551194302
551197870
551195240
551196848
551197406
551999625
551197066
551499875
551198253
551195795
551198372
551195498
551198174
551998892
551193267
551195119
551699342
551197566
551195086
551298203
551196771
551194457
551194185
551199671
551699771
551196656
551599763
551191023
551196431
551999639
551699455
551198777
551194188
551196746
551194401
551193957
551198584
551599106
551195659
551998751
551198431
551197960
551199998
551399672
551197690
551197784
551194903
551194817
551194375
551999313
551193339
551799682
551197354
551194842
551194036
551196398
551197969
551191098
551197538
551298239
551195055
551499603
551195909
551198074
551999740
551198875
551193367
551193492
551196538
551196561
551197523
551193384
551998368
551298811
551198245
551194012
551194208
551198422
551598833
551199623
551799681
551399708
551199198
551194174
551196509
551197624
551699158
551196269
551799631
551191094
551199209
551193439
551699177
551197281
551196828
551197025
551196789
551196144
551498152
551198445
551197357
551195789
551399682
551194583
551199687
551195389
551699243
551699645
551194882
551194464
551196150
551198506
551197631
551599109
551198377
551191316
551193070
551197769
551194945
551195486
551196030
551195054
551399171
551195923
551799108
551198076
551998292
551398105
551195056
551599755
551197855
551997412
551198346
551599181
551196827
551193219
551198832
551197056
551299652
551799121
551899732
551698824
551194983
551193248
551999301
551698183
551198071
551799711
551194668
551194335
551199266
551199156
551194344
551899710
551197785
551194052
551194044
551598808
551599711
551197264
551299686
551198230
551198791
551599622
551799129
551699124
551196410
551195630
551198350
551198170
551199941
551399681
551799680
551194993
551194726
551299215
551199293
551198083
551195035
551195956
551199581
551195315
551196071
551298809
551196699
551193948
551199205
551195085
551198398
551196598
551198018
551399100
551199426
551298140
551698173
551999875
551196172
551198910
551193950
551198968
551194263
551194267
551198565
551197628
551196092
551194137
551195551
551196404
551196202
551194666
551197217
551699386
551399161
551196671
551195308
551399194
551499902
551193331
551699420
551196624
551195272
551196765
551899171
551196277
551196868
551194829
551193299
551799215
551998952
551198894
551398139
551699762
551194396
551599613
551998223
551999980
551194866
551194838
551196629
551199003
551899772
551999713
551399752
551196513
551999922
551196719
551195166
551198175
551196617
551195128
551198861
551197471
551398850
551191001
551194058
551197764
551199599
551196672
551899757
551193734
551195763
551196867
551197226
551194754
551199458
551197882
551195860
551298267
551599632
551199006
551998836
551398179
551999915
551191079
551193391
551193257
551899824
551199425
551198121
551198039
551298270
551399204
551199376
551197717
551199369
551298275
551399648
551198595
551199190
551193279
551899633
551194322
551197181
551196729
551299726
551698821
551198340
551193050
551199945
551194635
551196738
551198269
551194951
551199724
551399158
551195224
551599724
551197667
551195476
551193033
551198099
551598821
551399675
551197305
551298233
551195083
551191315
551195975
551197404
551198378
551198196
551193047
551399766
551399792
551199026
551195165
551998701
551193271
551194496
551193351
551299116
551899814
551198575
551198749
551499675
551198161
551196736
551197648
551195330
551898132
551998412
551599633
551196219
551194102
551193253
551198243
551199588
551197772
551197565
551193434
551499814
551197327
551197973
551599835
551499876
551195463
551199897
551193341
551699702
551498801
551194795
551195671
551999909
551499129
551198433
551999248
551198430
551195709
551194454
551298230
551193079
551999882
551194056
551195179
551196981
551193755
551194534
551195435
551799248
551398102
551193387
551196590
551196314
551299186
551197134
551299706
551196262
551193239
551195807
551193203
551498825
551197821
551498837
551194331
551196452
551198172
551199916
551194303
551899722
551199760
551193011
551999319
551199564
551199781
551196332
551197339
551194553
551195839
551197644
551199761
551399181
551195833
551299106
551194179
551193778
551194937
551199527
551197783
551598174
551799280
551199773
551199243
551195084
551699307
551699244
551197374
551198746
551998724
551197277
551196644
551194587
551193448
551999287
551197567
551199378
551598801
551799791
551699462
551193064
551194067
551998920
551198354
551198122
551499865
551198606
551193733
551198946
551197491
551197310
551194875
551699219
551198089
551195472
551998406
551194461
551194286
551196200
551599744
551499884
551194142
551194548
551198921
551193018
551194022
551193961
551195241
551197452
551195428
551198167
551599709
551196986
551198977
551599745
551399128
551198620
551199175
551193232
551399677
551198284
551196127
551197652
551198351
551194815
551298282
551199422
551191295
551197446
551199429
551195661
551194955
551998169
551194173
551198667
551197777
551197424
551191150
551398125
551398177
551699963
551197118
551999761
551699629
551197800
551798805
551196766
551199399
551198059
551194136
551398128
551195690
551699303
551193217
551699308
551194878
551193131
551699202
551699617
551195996
551299735
551699409
551194120
551196630
551195739
551999891
551199523
551197320
551299635
551699709
551193009
551198531
551194935
551299234
551191107
551196411
551199490
551699759
551199013
551194610
551197375
551698123
551191101
551196652
551198852
551194986
551197417
551999334
551199876
551194039
551397415
551399735
551197037
551997414
551194480
551196773
551196046
551196456
551198493
551399620
551199839
551194897
551399751
551193766
551299602
551194630
551196892
551196180
551898804
551196952
551999969
551193760
551299141
551195438
551198441
551195041
551999814
551195678
551899744
551196251
551398869
551298220
551998951
551193454
551193453
551999971
551194980
551999871
551195108
551198171
551197786
551999125
551196680
551197508
551499149
551199600
551194209
551194934
551399761
551195173
551197072
551196757
551399744
551193719
551398197
551199421
551199300
551999406
551198945
551199515
551196243
551195172
551194742
551197721
551199601
551198810
551997109
551193246
551197893
551999331
551199870
551196562
551196288
551195963
551195238
551699398
551197296
551195570
551195848
551195456
551194578
551198672
551197719
551999120
551194365
551298127
551197074
551999699
551999219
551199253
551199874
551198999
551196264
551299669
551198914
551194701
551399151
551199371
551195001
551196245
551199725
551194087
551191292
551196628
551999136
551196535
551194727
551197044
551194031
551299665
551699417
551198745
551195109
551197036
551191030
551199021
551199012
551199981
551298859
551195814
551398181
551198736
551298269
551198764
551194888
551398871
551699742
551198926
551194100
551195197
551197208
551194159
551198599
551199758
551194141
551699392
551193484
551197148
551195974
551899691
551998970
551798828
551196236
551198686
551196845
551194974
551298298
551193710
551198476
551198060
551499625
551194709
551998983
551196806
551194862
551198904
551798176
551196698
551799715
551193100
551199305
551599740
551197275
551198416
551199966
551194284
551598826
551195684
551194334
551197991
551198674
551193108
551499813
551194615
551199883
551197507
551197202
551598106
551199894
551193389
551197653
551191302
551196280
551999600
551199166
551198475
551195721
551498225
551194505
551196924
551199812
551198641
551197316
551194373
551194180
551196761
551195293
551196304
551197261
551194339
551196270
551399756
551998316
551399707
551197581
551197780
551194305
551398821
551299636
551199716
551196412
551198097
551194590
551198655
551199279
551199692
551399131
551195705
551197703
551193954
551197348
551197248
551194932
551199467
551699204
551193419
551199365
551999101
551194469
551998817
551899822
551194241
551197222
551198902
551196646
551195196
551599719
551899709
551199396
551899630
551197081
551199804
551193400
551199519
551194066
551199478
551193288
551699231
551199212
551194870
551599705
551599713
551199652
551399652
551196957
551198265
551498159
551398844
551997136
551199265
551199667
551198995
551193958
551198015
551197950
551199826
551198313
551199520
551199851
551193082
551194402
551198299
551194849
551198264
551199933
551599820
551195818
551198854
551199474
551196809
551198010
551194528
551199241
551198494
551997114
551194259
551196315
551196104
551194886
551198277
551195281
551199366
551198940
551399177
551499632
551195951
551194488
551196215
551199162
551194926
551599661
551191028
551194075
551195458
551194772
551998835
551197485
551199437
551199611
551197304
551699758
551194684
551399614
551195089
551198130
551299245
551999187
551198387
551196524
551199708
551799703
551194793
551195205
551193382
551195370
551198627
551698836
551193748
551195998
551199559
551196040
551198546
551193059
551299246
551193905
551194640
551194399
551599644
551199323
551899808
551999157
551194751
551199582
551197467
551198030
551197504
551499758
551197029
551195494
551195693
551599618
551196950
551198819
551198019
551998117
551194702
551196681
551193464
551199100
551199834
551499682
551194989
551398130
551197751
551499721
551197188
551195775
551194738
551197846
551197253
551198970
551194762
551197230
551197997
551198828
551699117
551198847
551193444
551197093
551199768
551198257
551195290
551192009
551799141
551499714
551195233
551197731
551998605
551194268
551698136
551195928
551899817
551195971
551499703
551299165
551196474
551196705
551798811
551197889
551998203
551197032
551199197
551198045
551398153
551199823
551198338
551197231
551193005
551193727
551199466
551198227
551199414
551196954
551195280
551198288
551199747
551193269
551198845
551398840
551196302
551195049
551194743
551198058
551998827
551299627
551198705
551195396
551194928
551198092
551298875
551195101
551196905
551398164
551198997
551196831
551399102
551199146
551399117
551499686
551196966
551196383
551199390
551798810
551196025
551499622
551699743
551195300
551194040
551799647
551698269
551399644
551197803
551299196
551199585
551196070
551195416
551195990
551196113
551193443
551198865
551195387
551194964
551999111
551499826
551196612
551199456
551193941
551699985
551198704
551197077
551299226
551199939
551399106
551196529
551193426
551196571
551198462
551197619
551799264
551198905
551194791
551399699
551399605
551195939
551699318
551999738
551298837
551197361
551196829
551194497
551194550
551299176
551193420
551698137
551198489
551195966
551399657
551999428
551195840
551197407
551194675
551399612
551199866
551899782
551199439
551194949
551197831
551195391
551195146
551199610
551999339
551196803
551198586
551197026
551196683
551195283
551299216
551998804
551399146
551298268
551399706
551195273
551195262
551198204
551199605
551194072
551399200
551199210
551195907
551799648
551199118
551196384
551199450
551299223
551998335
551699381
551195142
551399683
551398860
551195652
551196824
551198106
551193756
551199151
551199662
551499827
551195050
551599808
551899165
551699391
551198522
551999221
551197642
551194223
551195783
551198366
551196940
551399617
551195664
551199629
551191091
551195873
551399136
551195608
551197724
551899114
551196499
551997423
551195820
551197437
551194657
551196212
551199223
551399160
551198933
551998173
551196347
551194929
551197804
551199409
551194281
551198165
551197825
551299230
551195667
551198057
551195132
551193585
551194850
551197324
551193212
551194549
551199980
551194950
551196250
551196310
551399697
551198874
551194271
551199622
551399710
551193765
551399176
551299739
551194976
551199518
551194392
551699438
551198013
551197884
551196436
551194872
551194854
551198639
551194356
551194327
551199438
551199359
551194385
551199551
551196581
551198549
551399768
551199873
551195887
551197144
551299191
551198616
551197431
551199810
551195291
551195327
551199763
551198753
551197340
551199928
551297407
551399118
551499765
551999114
551195609
551195381
551499621
551197381
551199327
551193450
551999356
551195636
551299682
551197178
551199954
551198081
551199494
551999193
551198237
551299658
551199284
551997156
551999701
551196583
551399127
551399733
551195743
551191089
551195940
551195081
551196894
551193749
551197604
551199852
551198752
551999841
551195862
551195649
551194860
551195414
551899648
551196259
551998207
551196195
551193414
551299188
551298188
551195430
551198411
551193741
551197457
551198371
551196301
551699410
551299122
551498821
551699773
551193194
551197469
551198260
551195242
551197709
551194540
551193216
551199420
551193801
551499627
551195598
551194055
551197802
551898196
551194654
551399720
551599822
551199602
551194770
551193467
551398175
551198109
551398801
551198211
551196444
551998193
551198187
551599819
551299643
551198467
551499146
551499747
551198200
551195607
551194824
551199446
551197857
551194149
551194354
551194459
551199703
551899721
551199473
551196303
551195589
551199465
551398205
551399798
551195365
551398880
551599665
551195832
551299789
551198889
551196401
551197179
551197887
551193404
551194113
551399108
551198480
551194028
551196120
551199855
551195665
551198849
551999787
551699415
551699133
551198866
551198800
551197586
551199273
551599635
551398195
551194070
551198502
551198706
551699394
551799209
551193365
551199697
551196898
551194184
551193482
551195889
551197158
551199544
551398123
551194495
551197064
551599775
551798815
551598817
551196814
551194349
551193496
551199574
551198957
551196721
551899664
551198511
551199974
551193761
551196875
551194792
551195423
551193298
551196678
551196780
551199259
551195819
551399119
551199730
551299728
551198337
551194088
551198242
551198178
551198466
551199899
551399629
551194948
551197650
551196289
551191140
551198394
551899795
551998118
551196190
551299600
551193089
551299723
551196606
551198877
551197533
551197130
551199825
551195478
551198192
551194790
551699379
551598809
551196840
551195002
551194342
551198126
551998829
551198570
551999578
551197860
551194565
551195243
551198709
551197553
551197634
551194864
551999121
551196692
551193099
551799199
551998904
551198953
551192015
551194513
551194332
551399147
551999779
551194250
551193392
551197227
551196208
551193221
551197196
551193378
551198358
551398843
551194283
551899760
551196725
551194242
551196649
551197060
551196727
551198903
551193034
551199836
551198760
551398141
551199647
551799719
551193083
551193324
551196467
551197522
551194262
551196368
551198197
551199024
551599841
551198073
551799122
551999752
551199168
551194895
551196339
551197760
551599762
551198026
551499677
551197610
551194962
551193008
551194270
551195895
551198623
551196115
551195063
551196373
551193729
551699995
551499667
551699752
551194720
551197583
551196068
551195772
551196181
551299238
551197981
551198020
551196213
551197956
551196813
551195443
551199946
551196060
551598127
551194367
551196329
551198014
551198848
551199407
551196907
551197271
551198461
551197187
551197153
551195271
551196099
551199119
551998280
551198952
551199651
551699146
551195361
551195405
551197265
551197547
551193393
551194879
551398839
551198834
551195198
551699343
551191119
551194814
551198203
551195898
551198399
551196055
551199433
551194744
551197053
551195485
551198662
551798229
551199795
551199459
551799641
551199690
551197418
551198221
551196895
551198560
551194421
551198434
551198382
551198219
551197088
551193148
551197819
551196543
551197734
551197632
551199877
551199838
551197995
551198223
551197663
551699142
551998192
551399190
551999137
551299250
551199886
551194577
551399626
551798207
551194557
551193303
551195487
551198975
551193442
551699239
551899729
551195161
551398166
551198701
551195900
551198589
551194633
551199693
551191318
551199711
551199619
551899762
551195329
551399655
551196356
551198622
551198413
551194019
551197682
551199607
551398211
551599858
551298142
551199960
551199837
551398191
551199188
551198365
551299663
551998985
551499743
551197224
551196497
551198040
551197496
551299641
551197675
551194647
551198721
551198951
551299237
551194914
551199918
551198446
551199454
551998929
551197877
551194466
551199833
551196816
551195688
551997103
551197954
551699230
551193013
551193371
551699615
551197313
551198608
551195297
551199621
551194084
551195953
551194568
551194194
551198648
551193274
551198053
551199124
551299703
551598154
551194312
551399601
551199664
551799158
551198827
551194077
551699708
551195716
551195117
551196626
551699209
551196295
551194295
551197951
551899649
551195317
551198738
551198576
551998184
551699456
551199608
551197356
551196337
551899769
551195058
551195954
551198959
551196655
551195445
551195917
551194004
551195268
551195072
551193456
551198938
551195991
551195919
551499194
551199678
551398824
551195666
551197805
551399776
551199909
551199618
551193754
551194470
551197084
551198519
551195812
551197276
551199920
551598834
551199236
551198405
551599770
551198046
551599667
551195491
551199530
551195302
551193249
551198037
551799777
551199742
551599791
551398833
551196916
551399727
551799602
551198793
551399718
551197499
551195802
551198550
551193036
551196093
551193939
551194911
551197552
551397408
551196488
551198464
551997417
551195987
551197061
551398187
551192012
551197043
551999899
551198255
551195880
551197414
551195669
551195831
551196711
551194001
551195830
551999789
551194731
551193060
551196810
551898816
551194151
551194266
551196737
551199706
551197069
551199389
551397403
551199213
551998426
551194061
551196585
551195124
551197657
551193435
551195881
551191092
551197830
551699628
551198989
551197201
551998279
551197430
551193211
551193028
551196922
551194393
551195778
551599666
551198985
551198359
551194971
551599851
551196686
551998326
551399785
551195941
551198871
551194054
551195048
551198210
551199333
551198532
551199549
551199380
551198962
551191116
551195777
551699421
551198231
551999543
551198669
551298295
551998188
551195829
551899703
551198737
551399631
551399757
551298173
551199131
551195190
551699137
551196731
551195114
551699286
551899149
551193242
551199718
551998893
551196088
551599196
551197262
551999126
551196800
551194163
551194765
551899799
551398817
551196152
551198395
551399765
551194984
551198407
551399145
551198438
551194822
551699611
551198436
551198261
551193000
551194539
551399170
551196433
551699738
551599645
551194346
551199193
551199261
551194760
551199511
551998849
551195771
551998878
551194510
551196403
551196094
551199715
551196167
551198853
551199374
551199296
551199370
551193016
551198900
551699781
551998925
551397411
551299705
551198363
551199592
551398829
551199416
551196707
551997410
551193408
551194508
551198105
551197888
551198254
551998181
551196285
551997120
551195253
551198879
551498817
551194835
551298180
551198668
551198755
551399134
551196205
551299680
551198509
551193934
551194065
551999419
551194837
551398120
551193284
551199481
551191080
551191290
551199612
551999637
551198418
551194532
551194892
551198343
551198781
551999263
551399709
551199584
551199762
551197509
551196784
551195408
551999374
551299107
551194037
551196323
551197616
551193263
551198209
551196415
551197713
551193261
551197223
551196542
551399110
551198202
551398126
551193058
551298214
551192004
551194274
551999204
551195767
551196704
551997421
551194158
551999345
551195602
551199534
551195942
551194813
551196054
551299170
551196994
551199560
551195788
551197343
551198333
551194904
551399201
551198590
551195214
551196582
551196130
551198386
551195000
551195999
551197092
551198724
551799723
551194863
551399195
551198156
551196481
551194782
551197419
551196730
551193002
551193017
551399688
551499654
551799278
551198406
551194780
551197434
551699432
551299716
551198693
551499845
551198383
551196632
551194269
551199594
551193273
551194776
551399115
551193762
551197468
551196670
551197462
551199315
551194108
551199477
551199411
551398204
551699433
551399660
551199495
551198034
551198483
551195499
551398124
551499653
551199005
551998842
551194444
551194290
551399649
551194307
551196760
551194016
551196570
551193399
551197090
551198437
551499800
551199983
551197704
551196565
551399793
551195800
551198803
551196440
551197146
551398152
551699739
551197718
551196032
551195066
551198564
551193332
551196321
551196910
551198591
551197195
551598172
551197484
551193731
551499779
551199017
551193346
551195586
551699388
551196203
551196782
551194960
551196018
551899124
551299633
551194970
551998610
551999122
551999781
551199902
551194301
551197094
551195872
551499156
551199624
551198042
551197617
551197102
551398803
551196864
551193770
551799142
551197383
551195278
551499806
551197673
551196879
551196712
551397420
551699150
551398206
551998606
551197701
551399742
551298260
551199756
551199176
551194273
551195790
551197321
551998971
551698255
551199143
551195336
551698189
551191081
551193025
551196518
551195748
551194818
551299651
551196114
551197427
551194379
551999906
551297408
551999449
551499762
551197040
551194491
551197027
551398862
551398876
551197591
551699276
551196105
551195720
551197878
551195596
551196482
551998257
551199322
551195038
551194768
551197962
551195744
551499723
551197205
551196945
551999508
551197401
551199401
551199492
551998222
551195793
551193440
551191036
551999133
551398101
551198822
551194947
551399608
551199184
551798211
551199973
551199783
551197121
551196764
551997140
551197531
551194111
551197258
551199685
551599749
551196192
551998314
551193711
551199285
551198644
551199757
551299233
551197810
551197341
551194063
551194858
551899818
551199911
551196128
551999256
551499802
551197722
551195219
551197828
551198375
551798812
551194662
551499657
551195766
551999948
551199113
551196790
551197714
551499879
551193325
551299144
551196519
551195694
551197965
551599748
551197559
551196496
551195352
551198353
551197992
551298849
551199926
551196544
551195770
551199850
551699297
551199373
551198206
551198150
551199832
551399754
551195277
551199784
551198707
551699336
551899803
551198679
551198577
551199790
551197309
551298194
551197436
551194755
551199775
551196053
551199267
551196684
551999538
551399643
551194541
551198824
551196134
551199275
551299767
551199921
551194329
551193926
551198661
551399140
551199628
551999773
551198888
551196842
551199427
551194745
551196361
551198414
551193149
551193379
551196506
551699110
551193931
551898809
551198151
551198913
551197977
551998168
551197408
551196943
551197122
551196490
551191317
551198592
551898117
551399714
551195062
551196399
551195765
551699207
551198374
551197637
551194420
551399685
551299125
551199434
551197993
551195782
551299175
551198193
551199393
551195359
551599767
551194205
551197385
551198392
551799261
551195593
551193806
551198633
551199372
551699396
551599751
551899616
551999178
551193935
551194224
551196953
551899140
551199238
551198744
551199858
551599664
551195186
551196198
551197108
551999688
551195318
551198768
551193027
551899746
551194712
551198307
551198032
551196722
551398857
551197847
551398851
551199554
551199925
551199111
551699261
551194833
551199344
551195706
551197670
551399702
551195133
551599639
551699157
551195903
551198335
551195656
551193505
551196823
551196526
551194761
551197558
551196947
551199186
551198189
551196397
551195174
551195464
551195029
551197432
551196795
551196019
551194310
551193275
551197726
551195578
551899162
551195065
551198761
551198645
551199653
551699153
551499788
551195914
551798109
551598825
551196572
551999848
551191141
551197768
551499159
551196371
551196166
551197214
551198884
551193411
551195059
551399694
551195745
551499769
551196335
551298209
551196222
551198087
551298285
551198285
551899777
551196769
551194969
551196028
551199988
551199014
551199128
551599729
551196174
551196949
551196185
551198345
551197742
551999361
551193075
551198831
551398155
551194831
551999631
551299774
551191104
551198379
551299610
551197539
551699330
551199392
551197048
551198659
551193338
551198786
551198534
551999952
551196108
551398209
551198671
551699643
551195152
551199246
551399182
551299166
551198465
551193923
551191041
551999912
551195232
551299748
551193236
551197872
551999941
551198836
551195450
551199681
551192007
551198636
551196286
551197711
551198700
551199346
551194009
551198799
551899614
551194082
551195051
551196742
551198735
551499746
551199489
551196567
551194977
551599150
551196041
551196992
551194106
551298189
551196034
551198213
551194162
551193930
551198579
551197192
551197286
551198298
551999627
551196148
551199268
551194733
551195045
551196049
551998135
551195863
551197983
551299178
551196389
551698865
551599752
551399103
551199122
551193042
551195077
551198675
551196714
551197614
551195947
551198262
551196717
551199843
551194750
551195237
551193751
551198632
551195762
551194703
551195821
551196566
551999776
551193109
551199885
551196162
551997147
551195325
551193759
551699179
551199004
551999391
551699772
551195816
551299764
551193949
551193024
551398879
551999212
551699196
551998378
551198561
551899705
551196520
551194236
551199201
551195274
551196058
551599720
551199904
551196281
551193152
551198177
551197229
551799627
551699783
551199258
551999176
551193364
551198765
551193322
551599725
551198323
551197957
551197278
551699437
551398145
551999432
551193418
551198304
551299768
551699350
551199816
551196420
551194483
551196326
551398184
551195801
551398825
551197472
551197837
551199135
551199844
551198635
551193029
551197087
551194068
551195267
551298118
551193903
551398812
551198797
551197410
551196448
551194485
551198673
551699406
551198369
551899184
551197031
551999593
551199738
551195305
551997163
551197664
551198734
551397421
551199452
551498820
551194823
551194118
551698848
551899811
551196476
551599722
551599621
551197382
551999855
551299616
551195094
551499767
551195938
551998834
551195159
551198226
551196982
551999834
551196063
551198872
551193764
551198782
551198751
551195682
551499751
551196778
551197047
551195654
551193245
551197100
551197486
551998733
551798800
551198163
551196616
551299787
551199871
551196853
551194156
551299628
551197458
551292001
551298299
551999702
551397417
551194747
551194206
551197342
551199410
551193266
551398877
551199255
551194923
551195973
551199298
551298877
551999597
551193093
551197659
551199171
551899783
551698874
551197086
551194700
551194474
551999108
551195810
551191128
551199020
551197355
551193499
551998838
551299129
551398161
551196038
551193485
551196696
551191136
551196928
551899172
551197160
551194546
551199007
551194981
551196533
551194359
551198610
551199178
551195037
551194536
551196261
551196854
551199766
551195725
551198327
551799651
551198767
551194516
551399639
551199746
551196439
551197073
551197660
551197318
551191117
551198612
551196556
551199023
551198457
551198789
551196835
551196830
551199764
551195236
551196881
551197707
551198155
551198538
551196196
551193415
551193227
551195912
551198154
551199133
551999596
551195020
551899745
551193026
551299248
551193369
551197052
551998608
551195700
551195859
551196540
551196298
551198453
551198600
551198499
551198079
551799139
551194992
551199493
551194998
551499646
551599678
551799197
551999258
551599838
551198919
551196493
551199900
551199759
551998737
551197545
551799195
551196821
551195057
551197323
551599826
551195855
551195032
551196815
551191083
551798807
551198236
551999782
551197892
551194788
551399764
551194766
551196793
551198818
551199556
551196468
551399774
551198486
551194171
551198442
551198991
551194287
551199384
551195123
551197788
551198368
551199461
551298853
551191042
551195585
551298883
551197844
551194278
551198893
551195239
551699250
551899704
551198716
551193040
551392001
551198481
551195746
551194416
551198401
551196896
551194294
551197679
551193258
551198979
551399143
551196786
551199794
551194573
551193291
551195397
551198063
551193268
551399778
551194504
551498214
551899139
551196859
551196232
551499631
551399138
551196685
551399689
551197875
551196557
551195852
551194309
551193390
551199557
551196201
551197194
551998204
551194552
551194467
551196283
551195227
551195460
551298234
551899698
551195606
551195289
551197325
551194143
551198266
551196145
551195194
551498145
551197038
551196508
551197290
551195340
551199815
551196555
551193373
551199503
551398861
551399705
551196228
551194018
551195403
551199239
551195482
551194582
551193207
551298211
551198319
551698864
551198065
551198028
551194046
551197014
551998902
551198396
551197421
551197720
551299656
551197975
551193215
551194856
551193772
551199938
551193487
551195185
551198723
551299241
551599656
551299751
551193767
551398865
551196768
551399613
551194200
551195704
551193300
551399671
551195702
551196972
551198731
551198282
551699171
551197492
551194523
551195169
551195247
551197474
551194030
551197761
551194638
551899716
551197405
551198681
551198311
551194337
551998865
551498197
551198823
551194614
551196123
551196141
551398196
551197438
551999698
551199865
551195474
551196435
551194021
551899796
551199733
551197019
551999683
551199683
551196682
551398809
551599810
551195834
551196706
551197433
551699754
551194150
551198228
551194771
551195429
551798132
551999583
551191088
551198948
551194104
551599764
551698114
551699225
551195680
551599718
551198763
551198247
551194440
551198295
551298253
551498132
551198149
551194968
551199948
551193296
551196463
551197396
551196515
551194946
551194732
551598802
551197894
551194783
551899798
551194154
551194050
551195747
551195107
551198503
551193702
551398112
551196530
551199569
551196443
551998730
551194652
551195764
551199969
551197972
551196726
551194959
551197110
551196832
551599671
551194807
551191146
551196039
551199898
551999706
551196618
551195723
551199720
551194917
551299765
551196406
551194248
551399152
551197145
551194736
551198856
551698855
551195866
551799679
551194564
551196206
551194719
551199879
551198056
551196547
551195668
551198067
551699248
551191133
551194853
551197049
551194687
551197564
551298162
551193030
551399738
551399157
551498832
551195307
551198530
551194758
551198215
551197135
551194463
551199262
551196358
551298137
551198342
551194218
551197239
551998445
551499836
551197091
551199741
551196882
551798175
551194212
551195156
551193057
551196650
551197795
551198370
551196122
551197255
551198617
551197024
551197686
551193006
551699727
551194735
551298265
551196796
551997150
551199841
551193376
551197596
551899198
551699732
551196296
551199684
551999188
551194198
551195298
551298177
551198289
551196291
551499634
551197570
551197958
551998174
551197488
551199750
551198615
551191040
551194521
551198651
551193240
551194767
551197651
551195986
551191029
551196494
551197055
551198162
551199000
551195619
551194636
551298197
551197368
551195865
551191105
551799775
551193940
551191134
551198867
551198432
551195841
551999949
551196260
551197295
551198974
551195167
551196745
551195931
551195724
551197319
551398157
551198935
551195475
551398129
551198876
551195653
551399746
551198923
551999431
551198138
551196346
551599609
551193732
551499787
551193738
551398227
551398822
551198104
551195061
551398114
551899778
551999727
551399679
551196807
551899738
551199163
551598149
551499819
551194008
551196917
551195276
551197350
551197710
551193143
551199659
551198117
551197075
551195091
551199011
551199701
551399640
551198367
551298164
551196839
551198449
551198618
551699223
551195026
551196381
551195977
551197170
551196602
551199463
551199719
551199419
551196168
551197978
551194114
551498164
551194229
551194680
551195738
551199148
551195849
551195647
551198988
551199593
551197099
551191115
551198537
551195301
551199952
551198278
551198785
551599614
551199476
551199504
551197487
551199289
551194226
551194816
551196089
551196341
551197211
551196668
551195734
551191095
551197172
551198381
551397406
551196471
551197109
551195070
551194064
551196022
551699646
551499789
551197799
551193901
551195838
551197039
551194221
551195034
551195784
551193362
551195411
551399625
551195234
551899794
551198148
551199508
551197314
551198912
551197308
551999995
551198719
551198456
551193720
551199129
551194473
551196811
551799234
551998341
551195312
551199982
551198740
551194808
551999800
551196391
551194371
551196178
551398228
551599160
551999908
551198428
551194078
551196584
551399104
551998702
551599658
551199853
551196109
551199615
551193724
551698262
551196423
551197444
551193220
551198491
551196609
551197752
551299741
551194257
551397407
551298123
551195395
551198080
551499161
551193438
551199829
551999160
551199996
551194764
551199992
551196973
551197626
551197744
551197441
551399712
551199680
551196733
551699745
551196927
551195455
551193774
551799240
551398828
551194857
551397412
551199182
551194442
551194391
551195943
551196334
551196033
551194681
551399755
551499772
551197505
551194476
551193231
551599679
551398867
551299177
551194255
551196112
551197716
551197174
551196484
551197113
551399686
551194996
551699112
551899154
551398230
551599647
551198274
551197548
551195843
551197282
551198559
551199455
551199576
551998900
551194894
551193230
551199483
551197403
551197450
551197062
551194507
551195199
551197212
551194796
551197801
551198356
551899601
551999441
551195248
551196223
551298171
551197516
551194003
551998258
551197584
551398138
551599843
551194941
551197776
551194182
551398160
551197390
551298266
551193310
551798124
551194527
551199640
551195980
551799722
551198857
551197386
551195901
551198458
551197095
551196247
551199278
551799615
551199934
551194952
551199721
551193491
551197114
551197142
551299645
551196588
551198233
551499186
551195905
551194671
551194944
551194492
551198460
551299185
551196636
551193347
551197853
551599611
551195911
551195580
551399703
551197018
551195913
551197165
551198072
551199141
551399665
551199318
551199471
551195088
551197443
551193739
551197439
551196227
551299172
551194472
551193256
551196777
551199027
551197364
551193920
551197371
551799753
551194667
551198795
551193206
551999769
551997105
551195366
551298236
551195780
551399669
551195842
551194741
551193345
551197141
551194181
551197782
551194931
551196460
551196985
551199935
551198033
551197999
551298151
551197173
551798134
551199104
551193061
551999742
551599768
551999903
551199977
551199272
551193233
551399615
551197115
551198349
551499644
551196238
551195398
551499764
551199910
551199260
551198972
551195042
551298166
551998256
551199358
551193281
551196752
551191314
551197747
551196802
551699620
551998609
551299242
551198385
551196856
551598830
551195692
551193437
551196393
551193343
551196637
551194899
551799118
551193222
551197979
551798160
551193938
551196110
551197984
551699160
551194394
551197136
551197655
551298303
551191125
551194013
551196552
551299626
551199319
551198543
551598146
551197728
551197137
551298826
551199772
551298273
551398127
551999728
551298855
551195270
551699621
551193775
551198978
551191299
551199248
551195121
551198113
551195064
551194820
551399721
551199567
551199130
551193359
551799103
551197834
551194778
551199963
551195444
551194781
551194107
551194237
551196967
551196374
551195797
551699102
551197829
551197526
551199857
551191039
551699997
551196553
551399775
551399763
551194353
551197490
551194567
551194089
551194153
551699205
551298210
551196918
551193344
551399109
551194502
551198176
551197220
551193933
551199491
551194704
551397600
551197669
551193463
551198597
551199150
551197420
551196664
551193094
551194160
551197792
551191284
551195380
551198341
551199418
551194383
551195162
551194868
551193051
551199561
551195708
551196370
551196447
551196826
551196230
551193706
551194386
551998108
551198297
551191121
551198036
551193712
551198498
551199165
551199707
551198305
551198713
551197641
551198814
551199308
551698868
551197415
551599624
551194002
551198110
551197681
551193318
551598803
551195922
551398807
551699710
551998206
551198863
551197294
551198897
551299613
551199940
551498182
551193141
551197097
551198844
551999726
551199869
551499840
551196375
551199937
551199363
551599844
551198419
551196140
551194340
551199343
551198069
551197071
551195135
551199251
551193041
551499115
551997822
551195145
551598120
551195994
551197111
551198850
551199264
551193259
551196214
551199430
551196024
551196199
551299700
551199950
551198909
551194975
551199117
551199922
551197633
551196059
551197104
551999340
551198524
551195453
551195750
551199821
551799165
551398838
551999580
551195148
551197213
551198712
551195856
551193071
551199774
551196372
551499676
551499880
551194637
551193251
551199138
551798110
551398229
551198594
551599675
551999919
551399636
551999670
551197460
551199507
551397416
551399740
551194321
551999633
551297411
551799763
551193465
551999774
551198580
551198488
551196184
551195791
551196090
551199382
551195884
551199744
551197219
551599146
551499817
551197288
551193472
551899126
551499141
551899618
551199919
551299147
551199219
551197705
551196902
551399207
551598121
551194011
551698849
551197598
551999999
551199546
551194362
551197298
551194566
551699232
551191123
551197154
551196942
551197621
551194128
551197518
551399753
551194169
551199798
551398182
551194148
551999198
551998237
551799263
551197070
551196847
551194529
551193283
551299777
551196352
551193208
551197774
551195356
551198529
551196473
551399107
551399698
551199338
551398802
551194227
551199386
551194487
551195375
551194048
551198393
551399741
551191110
551196691
551196534
551196297
551198474
551198881
551198108
551198103
551699775
551199153
551196589
551196450
551198540
551799704
551196951
551196012
551199912
551194024
551599813
551698866
551197098
551199818
551199710
551196871
551198896
551193908
551199270
551299221
551199538
551191294
551997117
551198859
551197358
551199801
551197176
551194246
551197980
551999131
551198915
551199713
551198917
551194530
551198022
551199785
551198578
551299731
551197964
551196930
551899807
551699631
551195143
551197057
551197347
551196611
551195726
551198408
551194596
551999755
551191137
551194272
551196677
551198939
551194806
551194215
551197177
551195686
551699233
551191109
551197849
551399616
551193381
551196111
551194387
551299746
551598102
551998810
551197618
551198035
551195965
551194381
551799604
551195960
551196454
551197729
551199297
551196960
551195223
551196653
551699288
551195316
551193428
551197625
551194372
551194126
551399771
551198280
551398148
551499636
551198516
551193900
551195967
551199613
551998916
551298208
551195347
551499689
551599625
551194773
551194718
551193044
551199339
551194216
551299738
551193769
551194910
551197864
551199185
551194328
551198571
551197329
551299235
551199817
551196080
551195736
551298104
551199342
551195710
551196794
551194919
551698809
551196502
551197781
551798155
551191152
551799198
551199642
551799758
551999438
551195728
551195753
551999294
551199887
551199789
551193909
551198239
551192002
551194308
551198868
551199670
551198588
551498198
551194585
551199512
551193498
551598827
551197270
551193020
551199159
551194251
551999147
551199009
551199500
551198732
551197221
551195440
551199702
551196026
551199424
551196739
551197083
551194117
551194380
551199603
551197794
551299642
551195520
551299675
551193916
551197835
551199242
551194605
551196408
551198495
551194123
551193068
551499777
551199169
551198906
551199470
551193334
551193424
551699632
551194686
551199658
551199577
551198306
551699266
551195979
551199997
551194071
551193315
551196776
551193001
551196464
551196465
551199121
551199840
551999924
551999349
551399154
551998220
551499873
551195106
551194665
551198186
551298185
551999960
551196146
551195393
551196322
551399680
551193417
551198750
551998988
551195540
551195926
551196688
551199620
551197622
551699127
551198145
551398140
551193072
551195080
551196501
551199699
551195033
551699393
551198626
551197266
551198259
551196514
551195044
551998260
551199240
551299232
551197852
551196545
551198450
551999434
551199867
551195550
551195817
551299163
551194922
551398216
551196466
551799747
551599676
551197065
551999241
551199830
551199580
551898114
551194624
551798208
551197184
551398881
551193494
551398816
551197654
551398846
551194140
551197797
551299661
551198783
551195874
551197535
551999155
551398113
551193272
551198958
551399687
551899683
551196874
551399758
551499822
551194343
551199669
551197638
551198066
551193278
551499694
551299797
551196851
551194455
551193250
551193742
551198930
551191075
551195201
551197503
551195311
551196718
551196615
551199423
551193073
551197465
551398146
551196971
551196377
551199195
551998383
551698126
551198598
551194319
551196961
551498834
551193401
551199831
551599677
551998329
551196425
551191142
551199740
551198302
551998962
551196364
551997133
551194450
551195140
551599850
551194187
551198621
551198320
551194797
551999338
551198131
551197694
551194669
551194570
551191103
551998773
551199377
551194963
551999733
551399205
551195496
551194728
551699604
551194957
551399621
551699439
551299718
551199155
551193361
551196366
551999469
551194921
551199541
551197871
551399124
551198547
551196667
551197269
551197352
551198925
551196834
551398200
551198890
551195120
551194655
551191114
551398845
551298898
551197611
551398806
551398841
551194129
551197838
551196472
551197397
551197953
551698845
551199286
551999927
551498809
551195779
551199203
551199502
551197643
551196126
551199777
551195758
551196991
551699287
551998171
551998830
551998322
551193252
551198084
551198535
551198837
551197366
551298283
551699324
551195946
551899765
551195484
551194920
551193226
551298705
551198047
551193234
551197763
551196956
551194193
551196906
551198102
551699103
551997164
551197125
551191293
551194649
551399693
551199207
551399630
551193292
551998864
551198086
551197303
551196748
551195023
551195899
551194051
551899788
551197483
551298889
551196173
551998254
551898192
551194196
551194285
551195392
551196106
551197605
551191287
551199979
551698160
551899702
551398165
551196342
551799176
551195235
551196220
551199906
551194713
551194479
551898173
551699402
551199179
551196819
551195158
551196798
551298878
551199132
551199672
551198941
551196912
551699755
551194916
551199809
551197338
551699309
551193282
551198429
551195952
551195845
551195493
551197103
551196300
551699419
551399624
551197451
551198082
551699380
551194769
551196747
551198680
551199442
551197423
551999268
551199660
551898805
551199127
551198055
551196669
551194966
551199806
551699405
551699404
551699151
551198518
551194146
551195178
551398856
551196035
551199884
551899682
551998755
551199786
551198404
551999408
551198468
551699977
551194446
551193014
551195936
551197149
551998456
551998800
551199350
551198137
551195299
551194110
551397404
551194501
551194696
551193146
551199793
551197778
551197197
551499866
551194138
551198643
551299229
551197273
551799614
551196318
551198916
551799744
551398804
551198696
551699397
551999753
551195256
551195851
551195910
551698163
551194889
551999387
551199109
551193717
551198300
551197067
551199958
551197732
551298703
551194789
551199496
551199022
551199951
551398853
551197023
551998313
551197454
551699154
551999265
551199348
551194382
551198216
551196820
551499126
551193244
551194836
551898206
551298304
551899671
551699986
551198690
551196541
551197059
551398151
551196935
551198390
551699730
551195655
551196852
551197028
551196870
551299650
551194715
551199634
551499652
551199803
551198629
551199987
551195244
551195379
551198611
551195869
551195902
551193254
551199211
551195222
551198562
551195294
551194217
551196210
551299609
551193475
551198710
551199635
551899666
551196101
551198806
551999276
551199971
551399635
551197827
551196252
551198492
551798161
551699774
551196229
551199893
551197302
551199947
551195211
551195826
551198776
551195028
551197513
551198272
551198843
551197811
551196163
551199247
551299231
551195657
551499172
551399166
551194873
551194832
551397424
551195650
551195803
551398111
551196579
551197274
551197132
551194708
551298165
551298262
551197263
551197574
551699457
551196744
551199480
551799182
551197674
551298235
551191151
551193455
551195082
551197880
551198687
551197869
551197259
551197359
551194900
551799779
551197843
551898143
551196963
551198409
551191130
551194825
551195427
551199572
551599798
551198222
551599849
551598828
551195288
551195339
551198775
551191139
551194621
551194376
551195629
551196316
551298271
551194933
551699716
551197609
551599659
551194809
551199457
551194017
551196728
551198217
551999116
551998844
551198650
551699187
551191087
551197841
551197677
551199689
551199469
551199324
551398219
551699757
551699461
551799734
551196600
551499104
551199631
551699262
551198677
551195012
551195417
551196272
551193471
551198649
551199506
551194253
551998124
551199147
551196627
551398188
551193429
551799151
551195228
551999928
551194264
551193048
551191312
551199120
551198733
551193150
551699622
551196929
551196097
551197045
551699450
551197743
551196979
551196133
551195785
551999366
551194661
551999866
551398158
551199570
551193265
551198609
551197550
551194729
551194477
551198772
551899713
551194616
551197373
551199787
551998233
551397409
551199329
551399725
551197117
551196086
551193481
551999811
551198208
551299236
551199486
551199989
551199280
551197554
551195394
551194033
551899641
551194234
551198976
551197532
551999977
551199932
551199751
551298281
551191131
551195384
551398107
551193910
551196577
551399767
551197796
551197051
551198435
551198472
551196394
551198473
551197606
551198252
551199189
551196511
551194518
551197249
551198201
551198100
551197152
551196525
551999893
551699105
551194144
551194135
551194533
551195604
551197536
551196294
551196920
551299247
551399728
551198426
551999181
551194905
551194555
551998907
551197078
551699377
551998294
551699347
551299632
551197895
551398171
551498840
551196292
551197692
551197455
551194990
551899754
551194288
551194575
551194997
551197514
551193147
551196085
551999783
551195997
551193447
551196619
551799286
551399691
551197627
551197645
551196274
551298843
551196817
551197079
551194047
551194876
551195118
551191296
551194512
551196013
551398874
551197738
551196873
551197661
551196990
551699644
551197124
551193425
551195713
551195441
551498813
551195672
551196713
551195202
551196171
551197233
551399704
551198688
551191306
551698165
551699317
551799190
551399210
551195175
551193336
551699624
551195701
551196532
551196576
551999202
551599654
551198250
551199299
551195787
551198670
551198324
551193316
551196266
551399174
551899685
551194827
551196641
551194228
551199903
551196720
551193763
551193474
551194953
551699626
551999172
551194828
551193952
551199436
551899625
551499639
551199152
551194324
551199749
551199961
551195125
551196889
551196379
551199991
551399731
551196098
551196528
551799725
551599137
551197218
551698190
551299653
551195409
551196480
551193308
551194839
551199200
551198147
551195100
551198955
551193370
551397410
551599803
551194574
551399664
551197689
551196914
551198842
551196369
551195950
551199531
551198144
551197836
551197168
551599824
551998178
551399101
551999105
551198604
551299117
551194906
551498147
551194855
551198927
551193323
551599673
551198796
551193333
551198090
551999885
551197515
551198878
551196887
551195972
551499834
551799617
551398135
551198281
551195374
551599627
551799769
551196666
551699210
551399722
551198692
551398814
551198743
551197787
551196360
551195131
551193223
551194939
551199533
551198451
551999119
551298882
551196980
551799213
551194607
551199312
551499877
551194979
551196378
551193241
551499874
551199295
551196941
551198932
551196638
551191093
551195090
551198127
551399726
551195306
551196836
551999274
551195594
551199771
551399794
551198322
551699779
551198656
551199896
551599726
551197549
551193386
551194360
551195030
551599630
551399634
551194398
551599672
551196284
551399654
551195871
551498135
551299211
551198956
551699606
551199345
551195345
551999879
551194484
551198169
551194027
551398882
551799106
551899678
551999790
551197203
551199691
551399716
551196974
551398225
551198064
551196708
551192003
551199537
551698825
551699241
551198348
551195130
551197693
551798168
551198603
551197845
551196492
551199704
551197543
551195067
551194881
551195287
551499860
551194005
551193277
551194915
551197739
551196675
551198918
551196724
551197599
551699465
551196855
551599802
551194685
551195368
551199140
551191096
551397419
551196788
551194395
551298145
551799702
551198157
551198682
551195870
551298182
551199880
551799268
551195341
551194279
551199604
551196446
551199614
551199754
551195122
551198587
551194220
551599629
551197755
551499620
551599695
551193032
551198901
551198551
551198173
551398194
551194115
551599805
551194282
551195479
551194625
551195948
551198880
551199336
551198986
551194195
551193328
551999935
551999823
551199107
551197416
551196921
551196833
551195354
551197475
551999724
551195921
551998768
551195176
551398122
551199734
551197590
551198188
551198778
551399627
551998742
551193225
551399139
551197228
551198423
551195024
551198838
551398185
551194930
551399187
551198052
551196248
551196340
551197542
551298802
551199304
551399144
551199355
551199445
551199864
551398215
551198523
551198607
551193473
551197182
551194537
551198143
551198326
551298279
551298294
551399729
551196451
551898802
551194683
551997829
551298823
551194020
551196621
551197990
551399189
551193295
551999942
551196933
551193486
551198666
551197238
551193289
551999498
551998161
551698807
551195319
551196345
551197840
551999678
551195858
551194280
551298250
551196072
551799225
551196330
551197210
551299677
551194908
551199892
551195350
551197050
551899727
551198041
551194445
551197186
551199230
551195599
551195473
551195837
551197986
551197886
551799145
551999411
551399745
551197790
551196029
551195639
551799211
551399198
551195769
551499616
551199292
551194105
551399759
551196015
551499793
551198224
551196999
551197968
551194498
551197988
551196844
551399125
551199908
551398183
551196592
551298318
551196689
551195894
551199116
551998338
551191300
551191297
551195703
551999854
551199649
551999555
551198361
551499674
551499144
551798135
551998133
551399684
551199878
551194591
551199553
551799716
551699128
551195683
551599628
551999760
551399164
551198642
551195451
551399739
551399760
551599683
551198658
551398117
551196755
551197733
551194079
551193201
551199385
551198996
551195695
551197577
551398199
551998938
551898104
551199978
551999452
551196925
551997113
551194122
551997165
551197753
551799285
551196273
551193368
551195741
551197874
551198787
551198542
551195364
551195962
551199709
551499726
551196586
551199891
551194249
551198833
551196365
551193459
551194650
551194388
551196651
551197687
551196075
551198195
551193490
551198444
551195126
551198249
551197402
551198268
551599812
551194982
551199354
551194603
551196363
551194503
551197745
551198044
551194145
551196756
551199735
551194192
551194010
551699229
551195891
551299179
551298100
551899102
551499888
551198312
551194584
551198563
551899758
551195349
551194834
551999638
551699226
551195321
551196432
551193452
551197054
551199931
551195363
551195679
551191132
551198286
551199196
551194752
551195673
551199460
551898821
551199688
551799166
551197823
551198439
551599832
551194517
551197762
551195164
551899148
551196312
551196732
551199479
551298297
551194358
551198971
551193744
551198463
551198922
551199231
551193771
551198011
551398201
551198869
551197046
551398834
551899766
551197557
551197440
551199661
551199984
551195555
551198891
551192005
551199888
551195295
551199875
551198232
551198012
551998763
551191153
551196767
551196663
551196091
551198885
551999195
551195431
551195890
551699168
551195258
551195556
551197297
551195670
551198168
551191291
551197394
551194902
551194261
551198729
551194364
551195582
551699314
551194238
551198718
551398866
551194124
551199930
551999201
551195449
551194802
551298161
551398118
551899613
551199827
551193750
551399163
551197360
551699452
551499128
551198630
551196569
551195113
551193945
551198129
551699612
551399628
551195557
551498804
551899752
551198485
551499725
551197517
551899806
551999958
551198331
551194763
551199700
551199331
551698216
551196505
551194898
551196402
551199254
551399661
551196968
551195203
551194029
551198987
551199849
551195074
551198276
551399668
551398864
551199788
551197225
551196475
551198664
551196937
551197861
551197422
551191111
551195844
551197199
551197190
551193956
551194749
551196915
551195385
551398150
551197236
551799635
551199842
551299648
551198229
551196883
551198098
551194134
551194482
551299710
551195828
551195944
551195868
551698134
551799705
551195813
551199325
551399772
551199256
551193932
551197237
551699182
551197466
551193304
551197272
551998152
551198508
551198548
551798195
551195466
551699329
551198773
551196723
551997407
551197244
551196969
551195480
551193214
551194924
551196639
551299621
551499790
551398599
551196426
551193927
551193151
551599708
551194233
551198825
551197387
551199388
551196631
551197850
551997419
551194519
551196872
551198085
551198898
551197306
551199126
551196357
551198459
551196610
551197241
551198207
551999986
551196825
551196165
551197756
551196758
551196762
551195151
551699108
551193095
551196593
551698158
551195583
551195617
551199413
551299169
551196170
551194611
551298808
551196305
551299761
551196804
551598824
551197464
551199814
551195674
551199668
551999794
551199395
551193924
551198593
551699252
551195877
551199320
551196491
551899676
551197143
551699401
551194599
551196498
551193076
551197119
551899651
551198352
551199558
551199002
551196031
551398106
551999585
551198960
551399656
551197477
551699969
551196169
551194116
551196657
551499861
551299673
551197876
551198270
551196441
551399199
551196880
551199362
551298128
551193326
551198183
551196462
551199606
551196061
551194677
551195732
551399642
551194632
551699407
551498118
551196327
551194612
551198096
551196604
551198050
551997159
551196255
551195079
551195906
551196240
551197502
551193015
551195433
551193139
551699454
551197757
551193497
551199679
551197572
551198771
551198990
551298317
551299630
551198555
551199136
551197595
551199745
551195651
551799666
551198780
551298184
551194300
551599760
551999618
551195992
551196478
551199792
551194481
551195794
551699390
551199543
551698808
551399676
551194927
551194311
551398836
551195798
551196149
551192010
551196067
551999831
551197512
551194674
551199655
551198980
551194601
551197200
551999381
551196409
551194913
551194646
551195439
551194204
551699440
551199244
551197816
551194085
551198739
551199208
551193035
551194361
551194230
551195284
551194164
551298272
551196362
551399123
551194634
551197613
551198689
551197967
551194315
551195468
551999766
551399659
551398176
551199595
551194080
551398109
551194210
551194441
551192000
551197206
551999606
551399126
551197107
551699625
551999231
551197442
551195984
551898176
551194007
551299214
551197215
551195322
551199579
551195369
551399185
551196516
551398811
551798126
551197254
551194350
551196421
551399637
551197697
551193276
551197593
551193007
551193224
551199780
551999987
551299724
551799284
551193293
551397401
551193247
551196984
551197133
551193431
551199586
551298170
551198447
551999798
551198048
551198697
551199596
551194378
551195835
551298187
551195981
551197666
551196485
551196376
551198095
551398169
551196073
551193022
551194152
551194912
551197736
551197647
551197447
551195773
551196936
551194147
551298248
551197602
551196605
551196580
551398133
551198455
551799150
551196416
551194499
551194400
551199281
551199488
551193314
551299202
551194660
551599681
551199625
551194225
551999283
551199728
551899719
551699271
551195420
551196082
551197520
551999425
551198373
551399192
551999142
551499891
551198218
551999620
551193039
551193730
551196587
551398872
551195735
551194352
551197859
551196640
551198653
551198061
551194779
551195206
551599818
551197806
551599600
551499925
551196893
551197672
551197996
551398813
551198748
551499643
551194207
551193953
551197363
551699608
551195774
551197579
551195220
551191143
551198016
551193021
551699273
551298102
551196763
551196396
551299243
551199637
551199330
551198025
551399137
551398832
551194586
551199510
551998238
551499103
551899677
551196183
551193489
551193462
551194254
551195383
551195850
551194787
551199962
551399723
551191138
551199139
551398819
551197116
551599668
551699623
551197283
551199936
551196665
551195699
551999409
551194119
551198412
551196157
551194168
551999824
551899670
551197247
551599788
551398172
551194579
551193066
551196799
551193430
551191298
551198443
551194707
551194524
551699181
551193340
551399606
551196693
551196155
551699382
551197164
551199394
551194699
551196175
551399172
551999576
551196249
551899622
551196709
551194127
551196233
551298131
551398870
551198886
551198936
551499851
551196558
551196654
551198652
551998917
551998386
551196161
551199102
551999997
551193204
551196838
551194588
551193309
551194867
551199224
551193451
551799658
551196857
551799146
551899779
551198166
551699189
551199288
551299662
551196634
551699235
551193446
551399208
551195861
551199797
551399165
551199752
551195075
551899619
551199222
551193800
551197289
551195918
551999165
551199727
551197411
551197400
551198533
551197279
551899626
551197955
551198417
551195362
551194125
551194313
551199335
551198883
551195878
551199025
551194643
551193383
551191135
551199440
551699403
551199428
551898120
551398174
551199540
551197561
551194101
551196350
551193337
551499893
551899753
551499752
551198788
551199206
551199729
551599840
551999716
551198111
551199257
551199233
551193012
551197161
551199686
551196313
551195216
551197603
551196453
551197635
551999679
551199862
551198830
551198504
551598162
551799736
551499630
551197589
551191122
551598107
551196537
551193726
551999805
551195796
551199112
551199627
551194490
551194653
551197737
551195592
551194240
551699203
551194486
551699778
551699174
551398180
551999328
551196211
551194961
551197242
551195815
551199227
551899657
551196863
551199276
551199802
551198101
551195610
551199361
551193074
551699441
551599794
551195483
551195489
551196307
551195600
551197489
551193312
551499739
551298175
551196975
551192008
551699707
551197684
551191099
551198402
551298176
551198526
551998964
551199408
551799739
551598152
551196333
551196135
551194252
551193084
551999616
551398110
551998327
551398863
551194448
551195149
551194757
551199526
551198569
551398131
551193959
551194348
551998391
551399700
551195263
551196176
551196987
551195104
551194316
551199484
551199158
551699217
551399183
551599108
551194443
551193773
551499760
551198684
551199985
551998253
551196660
551193902
551194034
551198851
551298106
551195022
551195031
551498141
551198855
551199643
551196121
551899688
551196753
551196044
551194165
551499648
551698110
551197479
551194756
551599694
551399619
551199778
551194062
551193355
551193906
551299118
551198388
551699275
551199364
551193305
551195730
551196107
551193380
551999365
551699446
551198119
551198826
551194422
551196079
551198992
551399133
551193317
551499109
551198427
551399202
551198942
551194679
551193063
551498833
551499198
551197463
551199736
551194458
551194896
551499722
551198093
551199822
551197495
551197378
551398143
551194289
551698803
551197863
551196308
551197017
551198929
551194714
551198315
551399130
551197562
551197706
551599717
551397413
551194641
551197198
551193144
551197459
551398855
551997148
551198179
551197112
551196995
551196057
551199402
551699109
551193776
551193228
551198310
551196138
551198722
551194170
551198708
551599781
551196427
551399607
551196574
551195343
551898103
551198364
551499872
551198596
551198049
551197994
551299732
551197041
551197851
551299259
551196694
551398170
551196716
551199648
551198602
551399674
551194317
551195021
551899761
551197096
551194830
551599773
551998600
551194035
551198490
551999936
551198983
551198882
551194330
551194803
551196891
551194086
551196510
551194562
551599674
551192011
551197519
551399692
551193398
551198994
551999226
551194730
551599815
551399209
551196096
551197035
551699268
551195328
551199967
551198415
551499153
551198273
551599134
551193287
551199872
551197702
551199172
551196976
551196257
551196911
551198813
551193086
551196754
551999400
551998128
551197723
551196081
551299161
551196159
551498839
551699292
551199505
551998926
551195282
551197812
551193758
551196998
551196306
551499841
551191118
551196919
551199302
551197498
551193019
551198605
551199682
551195353
551199221
551196461
551197175
551194076
551199732
551196197
551398178
551699750
551199349
551198180
551196153
551196517
551194544
551194901
551194049
551198758
551194326
551196486
551196147
551199694
551196139
551598812
551197750
551398849
551199536
551399602
551193200
551197649
551194987
551197510
551194424
551199994
551195740
551199776
551194852
551196226
551198801
551899673
551699208
551195027
551197120
551299115
551194258
551398883
551196051
551196715
551198816
551195390
551194572
551194717
551194672
551194642
551399632
551198376
551196216
551193363
551199889
551298836
551199400
551899631
551194865
551194355
551999478
551194103
551199578
551198802
551193708
551196231
551999117
551399116
551196779
551199287
551398810
551195808
551198487
551398214
551999741
551499867
551298223
551199901
551196642
551398805
551599801
551199568
551198779
551197683
551196599
551194613
551199015
551999996
551999910
551193929
551195052
551194060
551197393
551195303
551798822
551298264
551798842
551498210
551198638
551699310
551297405
551199927
551196635
551193238
551196355
551599620
551799745
551999110
551195660
551196551
551193735
551197429
551799178
551598157
551197597
551199406
551196132
551197260
551997101
551195663
551998414
551196268
551197883
551799105
551194656
551195685
551198949
551999939
551798823
551199522
551195332
551197727
551196047
551198448
551699613
551198554
551197952
551196568
551196102
551197171
551194991
551199154
551598180
551197351
551194819
551197767
551198536
551197333
551198478
551399736
551196901
551195805
551195712
551194038
551194592
551197365
551194869
551194576
551197428
551197832
551195989
551199915
551298825
551299124
551598150
551199860
551198557
551195346
551196064
551198553
551999399
551197216
551198088
551194698
551196734
551199542
551199868
551199103
551195147
551398859
551196888
551195304
551199443
551698250
551195452
551198769
551197890
551998288
551196414
551197594
551196573
551198858
551198123
551299240
551198805
551196596
551398144
551196958
551197140
551599721
551999658
551195988
551193416
551599702
551196841
551199468
551199340
551195978
551199914
551195879
551398104
551196045
551399214
551197959
551599617
551198241
551999370
551198870
551199616
551998339
551199617
551194190
551197445
551195930
551197740
551199819
551194235
551195949
551196759
551599606
551998242
551399748
551199282
551499152
551798179
551799126
551195437
551899665
551198325
551196287
551399711
551199656
551197250
551999645
551199228
551196504
551499785
551197578
551195588
551196781
551195323
551998604
551196983
551196011
551799657
551193412
551196256
551899153
551499838
551499690
551198835
551194628
551998939
551199590
551198244
551196977
551194810
551998200
551299634
551399678
551199999
551196938
551196131
551197299
551197662
551299776
551194821
551196062
551197372
551799251
551998146
551194276
551193701
551193470
551196923
551198510
551196348
551198539
551194775
551195590
551197307
551199907
551198314
551195358
551198660
551398115
551799130
551195407
551194559
551199845
551196324
551198181
551599662
551199514
551399651
551299640
551799212
551196042
551194785
551199863
551198821
551195959
551199917
551899663
551197068
551191307
551298213
551899101
551195071
551399609
551194232
551199149
551197725
551194449
551197085
551191319
551198703
551197426
551198303
551198527
551197370
551195749
551193085
551195933
551198115
551999921
551298261
551199513
551194664
551997115
551194183
551399193
551499878
551197336
551196658
551398162
551198911
551398848
551197698
551199528
551199943
551499733
551197685
551196563
551198309
551198647
551196487
551195867
551398852
551196419
551193335
551196625
551194861
551198759
551194606
551399773
551194877
551399717
551899797
551196422
551599663
551197842
551199398
551196217
551197524
551196429
551197556
551198152
551198766
551198683
551196424
551195163
551197497
551199167
551195139
551199663
551196741
551197824
551298232
551199170
551195422
551599603
551193004
551197699
551197344
551198817
551199959
551196750
551197779
551198747
551198403
551197966
551199316
551194874
551195768
551195822
551999946
551199562
551599731
551398831
551298866
551699143
551599761
551195569
551298224
551197770
551193092
551196801
551198023
551998727
551195558
551999643
551196354
551194535
551197292
551197409
551599152
551199698
551198947
551199142
551298247
551197482
551196703
551698112
551197022
551195957
551197987
551298147
551198397
551899789
551198248
551197322
551193062
551799110
551198582
551599727
551194201
551194293
551193210
551193397
551399148
551197377
551198895
551197735
551196932
551196846
551698857
551197600
551198482
551198339
551196359
551195250
551196309
551196679
551196271
551198892
551499744
551198135
551197862
551799168
551997404
551196899
551193445
551199573
551198567
551196735
551198924
551193145
551193709
551599856
551799112
551196648
551198762
551198541
551799754
551198199
551699609
551199769
551196023
551298806
551194460
551198380
551498106
551196643
551197741
551194965
551199859
551199717
551999403
551799732
551196939
551199187
551195470
551999386
551999288
551399622
551899160
551398108
551197246
551196074
551198829
551194493
551194451
551197665
551199383
551198355
551198389
551199191
551198839
551197243
551198702
551299770
551193054
551398854
551399600
551191301
551196400
551198812
551197576
551399715
551196792
551193038
551198328
551197551
551194384
551399633
551199283
551197191
551199144
551194298
551195342
551194569
551197015
551193500
551194397
551198420
551197615
551194538
551196014
551194345
551199404
551999470
551194851
551195530
551195137
551199181
551194275
551194883
551197240
551198741
551194296
551196065
551399611
551194871
551196539
551699715
551199381
551194784
551196405
551197256
551196417
551398192
551599177
551398875
551197891
551196483
551399734
551599759
551399750
551198054
551198520
551198614
551193942
551299244
551196156
551199811
551194178
551193422
551599754
551196390
551197982
551196890
551198613
551199313
551193746
551193090
551397418
551195776
551195245
551196608
551899668
551399777
551194936
551191282
551193098
551195195
551195087
551195138
551193907
551999306
551195360
551191100
551195005
551197123
551398233
551599623
551195170
551195338
551194682
551198070
551399604
551199990
551199807
551499897
551399153
551198293
551194600
551499615
551193460
551898817
551191149
551199975
551799638
551398818
551499859
551194314
551198400
551199905
551198116
551198619
551399120
551299734
551199676
551499900
551194623
551193777
551199524
551195714
551197285
551196458
551197820
551199269
551198190
551196367
551198634
551597404
551194746
551195459
551499602
551195698
551199019
551193433
551197413
551195371
551191090
551197529
551499668
551195221
551198112
551194256
551195640
551196189
551194659
551197974
551194581
551698102
551398132
551499655
551194721
551194799
551199598
551199405
551599649
551398213
551194893
551195469
551197608
551399663
551199010
551399212
551199194
551197315
551196246
551499614
551194938
551399650
551298178
551998601
551398232
551197501
551199525
551998719
551299128
551199636
551197150
551698831
551198694
551194299
551197185
551599765
551499852
551197337
551199303
551195554
