552799798
552798833
552899956
552799700
552799653
552899883
552799730
552799589
552799915
552799646
552799820
552799728
552799917
552899922
552899982
552798136
552799907
552899942
552799522
552799648
552799791
552899884
552799768
552799626
552799751
552799824
552799845
552799983
552899965
552799504
552799851
552799293
552799754
552899920
552899949
552799274
552799858
552798166
552799655
552899923
552799855
552799865
552799701
552898816
552799967
552798876
552798811
552899276
552899938
552798873
552799913
552798841
552799902
552799800
552899921
552798847
552899953
552799590
552799620
552799887
552899947
552799727
552799283
552799612
552799924
552799629
552899955
552799636
552799264
552799705
552899975
552799744
552799895
552799796
552798864
552799501
552899258
552799886
552799960
552799953
552799630
552799838
552798834
552799939
552799906
552799790
552799871
552899931
552799639
552799505
552799696
552799965
552899984
552799686
552798812
552798835
552799995
552799978
552899917
552799716
552899944
552799740
552799943
552799575
552899916
552799580
552798141
552799647
552799976
552899994
552799667
552799753
552799767
552798891
552799899
552798802
552799945
552799903
552799991
552798882
552899987
552798848
552799733
552898804
552799935
552799950
552798898
552899996
552799989
552899882
552799619
552799929
552799606
552799992
552799502
552799864
552799533
552798859
552799971
552799717
552799707
552799296
552798805
552898817
552799852
552799878
552799778
552899903
552799228
552899993
552799641
552799662
552799605
552799808
552899908
552799668
552799827
552899934
552798814
552799610
552799284
552899963
552799848
552899981
552798883
552798810
552799894
552799766
552799926
552799508
552799745
552899977
552899928
552899961
552899885
552799711
552899909
55279944
552799623
552799263
552799573
552899886
552798829
552899274
552799942
552799872
552799958
552798851
552799937
552799936
552799998
552799518
552799758
552799600
552799973
552799311
552799665
552799747
552899278
552799622
552899940
552799723
552799702
552799663
552799930
552798881
552799804
552799890
552799657
552799601
552798878
552799642
552799802
552799997
552798832
552899991
552799927
552899995
552799609
552799729
552799961
552799823
552799650
552799869
552799809
552799801
552799527
552798899
552799526
552799640
552799772
552799853
552799756
552798827
552799843
552799643
552899999
552798845
552799919
552799718
552899937
552798842
552799867
552899910
552799244
552798854
552799576
552798800
552799644
552799938
552799862
552799792
552799227
552799896
552798819
552799635
552798809
552799513
552798856
552799816
552799829
552799857
552799625
552799624
552899952
552799910
552799525
552899964
552899919
552799817
552799724
552799794
552799982
552799734
552799877
552799651
552799223
552799972
552799261
552799948
552799520
552799814
552799830
552799524
552799253
552899279
552899914
552799981
552799840
552799881
552799868
552899939
552799826
552799750
552899915
552798871
552799741
552899986
552899901
552899933
552799918
552799694
552899927
552899951
552799901
552899985
552799628
552899924
552799940
552799773
552798803
552799799
552798838
552799757
552799637
552799897
552898815
