557999957
557999815
557998838
557999608
55798824
55799642
557999974
55798822
55799120
55799122
55799920
557999603
557999102
557999966
557999804
55799852
55799606
557999676
557998847
557999842
55799982
55798160
55799923
55799900
557999121
557999831
557998817
557999984
55799894
55799112
55799956
55798169
55799817
557998133
557999981
55799192
55799179
557998878
55799631
557999830
55799842
55799676
55799141
557998832
557999874
55799998
557999813
55799126
55799655
55799990
557999653
55799636
55799952
55799182
55799692
557999938
55798800
55798102
55798816
557999127
55799679
55799130
557998139
55799638
557999949
55799875
557998849
557998174
557998811
557999882
55799671
557999860
55798139
55799887
557999818
55799833
55798129
557999607
55799683
55798140
557998843
55799684
557999917
557998863
557999805
55799648
557999877
557999982
55799860
55799682
55799802
55798133
557999858
557999680
557999906
557999660
557999664
557999915
557999950
55798843
55799804
55799136
557999629
557999867
55799936
55799898
557999144
55799944
55799125
557998831
55799629
557999963
55799827
557999119
557999926
55799659
55798805
557999125
557998112
55799656
55798835
557998119
557999847
55799919
55799958
55798172
55798105
55799962
557999111
557999832
557999179
55799972
557999881
557998815
557999975
55799686
55799892
55798845
557999600
55798153
557999808
557998134
55799957
55799178
557998846
55799854
557999665
55799834
557998837
55799633
557999825
557999916
557998844
557999634
557999851
55799859
557998819
557999812
55799850
55798810
557999104
55798113
557998822
55799878
55798891
557998805
55799611
557998820
557999659
557998115
557999685
557999192
557999816
55799849
557998812
55798114
55799660
55799862
55798818
557998113
55799819
55798885
55799984
557999191
557999856
557998871
557999612
557999826
557998867
55799999
55799831
557998859
557998111
55799635
55798829
557999954
557999872
55799818
55798812
55798111
55799836
557999120
557999993
557999892
55799927
557998128
55799674
557999833
55799681
557999935
557999899
557999910
55799914
55799908
55798807
557999939
55799104
55798849
557999943
557999106
557999639
55799106
55798863
557999142
557999684
557999605
55799688
55799918
557998137
557999995
557999654
557999846
55798862
55799135
55798103
55798864
55798866
557999976
55799148
55799601
55799953
557999686
55798869
557999936
55799661
557999901
557998152
55798115
55799198
557999968
55799873
557999857
55799876
55798146
55799651
55799915
557999678
55799646
55799987
557999929
55798834
557999148
557999911
55799649
55798838
55799803
55799156
557999839
55799932
557999152
557998823
557998848
557999898
557999977
55798854
557999897
557999883
55799824
557999157
55799995
55798852
55798151
557998106
55799128
557999604
557999175
55799917
557999100
557999107
55799861
55799853
557999631
55799933
557998818
55799673
557999997
557998857
55799180
55799123
557998151
55799857
55799191
55799906
55799807
55799994
55799630
557999848
557999932
55798128
55798168
55798874
55798174
557999656
55799930
55799652
55799828
55799939
55799632
557999673
55798811
55799814
557998129
55799147
557999985
557998862
557999991
55799899
55798166
557999934
55799954
557999827
557999979
557999918
557998853
557999948
55798138
55799931
55799943
55798134
557998839
557999893
557998872
55799891
55798858
557999973
557999180
557999662
557998836
557999890
557999996
55799879
55799662
55798164
557999870
55799866
55799810
557999628
55799937
557999907
55799121
557999601
55793027
557999913
557999845
55798873
557999849
55799643
55799835
55799680
55798839
55798819
557998875
55798821
55798875
55798112
55798856
55799959
557999155
557999178
55799895
55799911
55798806
55799948
55799950
557999958
557999880
55799822
55798163
55799832
55798872
55799603
55798803
557998874
55799670
55799637
557999896
557999626
55798150
557998833
557999602
55799801
55798817
55798848
557999606
55799657
55798830
55799809
55798801
55799654
557999809
557998107
55799884
55799602
55799843
55799142
557999941
55799610
55798833
55799161
55799865
55799912
557999811
557999838
55799996
557999843
55799874
55799981
55798106
557999947
557999909
55799973
55799902
55799940
557999983
55799181
557999156
55799868
55798825
557999855
557998824
557998108
557999182
557999112
557999955
55799864
557999819
55799102
55799812
55799164
55799152
557999942
55799612
557999956
557998808
557999930
55799693
55798878
55798144
557998168
55799845
557999690
55799970
55799100
55799672
557999682
557999671
55799916
557999922
557999636
55799907
557998103
55799158
557999994
557999998
55799881
55799689
557998809
557999116
557999990
55799808
557998131
55799607
557999153
55799841
55798175
55799988
55799678
55799838
557999689
557999837
557999971
55798877
557998169
557999814
557999863
55798121
55798161
55798871
55799107
557998842
55799964
557998105
55799985
557999657
55798137
557999115
557999801
557999972
557998117
55799913
55799992
55798832
557999841
557998826
557999674
557999927
557992001
557999131
55799647
55799116
557999655
557999834
557999965
557999894
557999891
55799968
557998114
55799922
55798868
557998866
557999987
557999663
55799823
557999123
557998149
55799967
55799821
55798846
55799991
557999850
55799969
55799986
557998800
55799664
55799820
557998807
557999146
557998806
557998858
55799119
55799105
55799604
557999940
557999853
55799143
55799869
557999143
557999912
55799813
55799935
557999691
55799609
55799893
557999181
55799816
557999820
55798154
557999925
557999823
557999933
55799947
55799114
55799997
557999806
557998171
557998828
557992000
557998810
557999884
55799675
557999969
55799103
55799886
55798820
557998162
557999951
557999610
55799127
55798147
557999875
55798127
55799811
557998172
557998835
55799665
557999822
557998803
557999810
557998102
55799157
557999807
55799946
557998816
557999117
557999693
55799888
557999635
55798837
557999670
557999105
55799199
557999902
55799645
55798131
557998873
55799979
557999840
55799175
557998118
55799144
557998121
55799634
557998868
557999683
557999967
55798155
557998804
557998876
557999903
55798126
55798104
55798828
557998100
557999139
557999970
557999888
55798145
557998163
557998885
557999672
557998879
557998801
557999640
557999905
557999817
55799983
55798836
557999953
557999844
557999627
55798886
557998138
557998127
557999679
557999859
55799856
55799872
557998851
55799955
557998175
557999824
55799965
55798876
55799846
55799644
55799111
557999177
55799641
55799926
557999637
55799830
557999919
55799847
557998852
557999999
557999920
55799903
55799993
55799975
55799977
55799963
557999675
55798879
557998854
55799885
557999887
557999889
557999931
55799131
55799627
55799938
55798152
55799176
55799691
55798851
557999103
55799839
557998864
55799851
55799613
557999852
557998829
557999136
55798861
55799924
557999821
557998166
557998869
55799897
55799115
557999944
55798815
55798162
557998122
55798841
55799628
557999198
55798802
557999835
557999633
55798853
557999199
55798813
557999661
557999130
55799974
55798823
55799989
557998802
557999937
55799904
55799608
557998154
55798125
55799663
557999141
55799921
55798809
55798170
557998841
55798100
557998856
557999864
557998104
55799129
55798119
55799193
55799929
557999658
557998834
557999802
557999147
557999945
557999800
557999677
55799153
55799848
557999978
557999114
55799844
557998821
557999961
55799600
557999878
55799901
55799690
557999803
55799658
55799855
55799626
557999126
557999865
557999900
557999862
55798844
557999886
55798814
557999866
55798158
557999988
55799155
55799942
55798859
55799978
55799829
55799976
557999641
557999611
557999921
55799151
55798118
55798108
557999151
55799687
557999876
55798867
55799928
55799905
557999885
557999868
557998125
55799882
55798857
55799605
55799685
55799677
557999828
557998877
55799896
557999946
55798122
55799925
55799806
55798827
557999895
55799945
557999630
55798808
55798842
55799132
55799877
557998865
557999632
55799826
55798847
557999643
55799883
55799966
557999829
557999145
557999642
557998123
557999904
557998825
55799145
557998813
55799825
55799117
557999861
557999964
55799890
55799177
557998158
557999688
55799840
55799971
557999914
557998845
55798117
55799941
55799951
55798171
557999687
557998827
55799961
55798107
557999681
557998160
557999638
557999122
557998126
55799139
557999989
55799880
557999854
557999952
55798149
55798865
55799640
557999836
557998861
55799815
55799863
557998814
557999986
557999879
55798831
55799960
55799837
557998161
557999928
557999873
55799949
557998153
55799858
55799889
557999960
55799870
55799805
557999924
55799867
55799910
55798157
55799934
557999176
557999923
557999609
55798804
55799909
55799650
55798123
55799800
557999959
55799639
557999992
557999692
557999908
557999962
55799653
557999869
