557198287
55759199
55759289
557499801
55718611
557199701
55759232
557398117
557799207
55718813
55758226
55719336
55738161
557799180
55778822
557198898
557398229
557799128
55758138
55759857
55759930
557398149
557198421
557199911
55718623
55779130
55779133
557599190
557398836
55719218
55739103
55718714
557799868
55718390
557199158
55718812
55718725
55719914
55739153
55718641
55718870
557799844
55758125
55719264
55779866
55739111
557198764
55719909
557499145
55738183
557499958
557398831
55718799
55719315
557199113
55758868
557199941
557799202
557598310
557598151
557199980
557199159
557198752
55718750
55749911
55758166
55779189
557799863
55749124
557199293
55759984
557499142
55753322
557798863
55778132
55759195
557199735
557198291
557198868
55718115
557598878
557198305
55739114
557198783
557198141
55719201
55738157
557798884
557799831
557198407
55759196
55758126
557799184
55719114
557198786
557598154
557799963
55779932
55719642
557599151
557599185
55719628
557199238
55719166
55718262
557198844
55749813
557199638
55779856
55738158
557599159
55719283
55719651
557199357
55718314
55719324
55719603
557399926
55718417
55718758
557199207
55759874
557799177
557198689
55758267
557398180
55718739
55718478
557199734
557199329
55719908
55759101
55718874
557599711
55718435
55739950
557499952
557798888
55719192
55758359
557199282
55738203
55718136
557799213
55718896
557199934
55759253
557398801
557199160
55779907
557599144
557199340
55718200
557399905
55748816
55739843
557198555
55719357
55719172
557198169
55739135
55758133
557199983
557198721
55779916
55778144
55718762
557799806
55718193
55719198
55779969
55718653
55779152
55778141
55719176
557598281
557598867
55759211
557398179
55718673
557598846
55749806
55748111
55718757
55739800
557498104
55779842
557499115
55758899
557398216
55739148
557198808
55719911
55718287
557798806
557599156
557198538
55739810
55759247
557398246
55749924
55719376
557198624
557499954
55738109
55758302
55718257
55718114
55758811
557598128
55749115
55719676
557198815
55759284
557399807
557198651
55719995
557799845
557199319
557198657
557798867
557598819
557198681
55759808
55759269
557198664
55779146
55738105
55719969
557198865
557199224
557398859
55778825
55759926
557799136
557499194
557798809
557199305
557599715
557199915
557199618
55779972
55758268
55779116
557498129
55749962
557399177
55718535
55718619
55779821
55718867
557499103
557399955
55748832
557598285
557598335
557199957
557399964
557499957
557599124
55749123
557599104
557199639
55779144
557398139
55749928
55758252
557799859
55749969
55758204
55718258
557598320
557199666
557199726
557499100
557398169
557598873
55778115
55758131
55719734
557399127
55739991
557599196
55719339
557499999
55719124
557399993
55778851
55719333
557199202
55719349
557598137
557599258
55759111
55718693
557198361
557199211
55718408
557598219
557198356
55718862
55779844
55718765
55719119
55738200
55719165
557399864
55719618
55718650
557198710
55779117
557598800
557199137
55738815
557399830
55778815
557598180
55718788
557199386
55779801
557398187
55759202
55739804
557598316
55739861
557199931
557598886
557799913
557799902
557198119
557799169
557598111
557598360
55778842
55739134
55758132
557399194
557598803
557198663
55719360
55749996
55719332
557198284
557199322
557399172
557198652
557198522
55718246
557199242
55718463
557199114
557398133
557198799
55719986
55759855
557399965
55719999
55759931
55718631
55738257
55749927
55718647
55778164
557598259
55719386
557599155
55738809
55719974
557198626
55719922
55759108
557798874
557198228
55738888
55779843
55719733
557399866
55719710
55749194
557399839
55749809
557399811
557198756
55718881
557799924
55719187
55738119
557198510
55779700
55759937
55758110
557199673
557599292
55759194
55748824
557399800
557399913
557598186
55758363
557199685
557198753
557199364
55758320
557799938
557498140
557198832
557199956
557398106
557598123
557199133
557598279
55719730
55758100
55718724
55758281
557799972
557398844
55759263
55713838
557399136
557399973
55719644
55738811
55759866
557198706
557199129
557399935
55718761
557198337
55738825
55758271
557199976
55718370
55718322
55719245
55718625
55739104
557199223
55759208
55718263
557499982
55719202
55779165
557198233
557199317
557599234
557398127
557398104
557598125
55749949
55739911
55739856
55718604
55738154
55749815
55719257
557199697
55718732
557198375
55749938
557799923
55779123
55719226
55719972
557199336
55738830
557198220
557198301
55719234
557598200
557798873
55749984
55719984
557598283
55758347
557799114
557399860
557599116
557499948
55759896
557399861
557799973
557498125
55758203
557598131
55718223
55739819
55718753
55718512
557498107
557199104
55738236
557198424
55718847
55739931
55738244
557198130
55779903
55749933
557599184
557198224
557599136
557198430
557399130
557799107
557198266
55758182
557598164
55718521
557199972
55718820
55758839
55779127
55719231
557599210
55719259
557199330
557499121
55719948
55719902
557599213
55739162
55719729
55738249
557498832
55758106
557199186
557798162
557199351
55739989
55759703
55739994
55738223
557498827
55779947
557599194
557198777
557499802
55758211
55779850
55719633
55738852
55719979
55719303
557598828
55718284
55718133
557199331
55759153
55738144
557398853
55759187
55758222
55719701
55719684
557598806
557399112
55778148
55759103
55718683
55719252
55779912
557198813
557398151
55718873
55738177
55779166
55749811
55719122
557799800
557398102
55779802
557598161
55718465
557499817
55739868
557599153
557199157
55749934
55779830
557399848
55718199
55779175
55719153
55779958
55739157
55748134
55719612
55719407
55719649
55758242
557198276
55758164
55719379
557498826
55779956
55718368
557498806
557799917
557198871
55779815
55758176
55719953
557198242
557198875
557798113
557499946
55758331
557798808
55758834
55779917
557199702
557198114
55758352
55719356
55719181
55719236
55759242
55718334
557398877
55749945
55718466
557798109
557398876
557598802
55758193
557598332
55718737
55718135
557199743
557799816
55719301
557398847
55738104
557399983
55759881
55739849
55718613
557799826
557198340
55719661
557198182
55718840
557499941
55758160
557399141
557199348
557598291
557399984
557399989
557499911
55749128
557199128
557499989
55718850
557598825
55748143
55718894
55758142
557399923
557798864
557199295
55739106
55718315
557199150
557799199
55719278
557498132
557198111
557198682
557399168
55738209
55719602
55738849
557499800
55719997
55718817
557199218
557198665
55739961
55779871
557198749
55739919
557199189
557798167
557799830
55719996
55749140
55759865
55718393
557199284
557199963
557799854
55748847
55738167
557799992
55718865
55718256
557399962
557199377
55738147
557398114
557498119
557799132
557199637
55779140
55718211
55779973
55739138
557598295
55749147
557498121
557799958
557798831
557798852
55749979
557598117
55718190
55719134
557199655
55719216
557199349
557198168
55739923
557598139
55718149
557599111
557193300
557199306
557798147
557598702
55719691
55719131
557499814
55758113
557499963
557598195
557199287
557498808
55778841
557599254
55739144
55759134
55739871
557199939
557199690
557498854
55779810
55719938
557199636
55779162
55758264
557198129
55719275
55758107
55758818
557198113
557198299
55738165
557799208
55778875
55758877
55718102
557199112
557598114
55779957
557198659
55749909
557198352
557399858
557198236
557399181
55739974
557599163
557499128
557199996
55759700
557198671
557199153
55759266
55738853
557599187
55718361
557199979
55719361
55718296
55719125
557599704
557798854
557499112
55759273
557198198
557399950
557799188
557199736
557198320
55739932
55738228
55718184
55779154
557199645
55759210
557499131
557799864
55749117
55718506
557198332
55719721
557199291
55719653
557398888
557598253
55759157
55758214
557199237
55718297
55719629
557798827
557598822
55719233
55778867
557798157
55759218
55759996
55738248
55718253
55758841
55718103
55719962
557598837
557799928
557199704
557198820
55739195
557598893
55719293
55718249
557499920
55779113
55718507
55738150
557398858
557499901
557799187
55759148
55718606
557198128
557599269
55749939
55718875
55718201
557198693
557199213
55718833
55718232
55718203
557798861
557199974
557199285
55719312
55713357
557199399
557798155
55778882
55738814
55779124
557199152
557598879
557198751
55759248
557199634
55718120
557499927
55719173
55719923
557199938
55758235
557798112
55718543
55758373
557398215
55779998
55738804
55759272
557598868
557399944
55719269
557599148
557398202
55749905
55748102
557499190
557398172
557798134
557198611
557198642
55779168
55739995
557199369
557199361
55748815
557599173
55778806
557799976
557598156
55779904
55718804
557198719
55738238
557198853
557398208
557198837
55779835
55758874
557599186
55718555
557198520
55779195
557198694
557799104
557199144
557398886
55718500
557598899
55738103
55759259
557599288
55749192
55738111
55779701
557199614
55779908
55758274
557199132
55718621
55748822
55759813
557598896
557398845
55738889
55718755
557198840
557598312
557198836
55778131
557599277
55718109
557198144
55719985
55739807
55719280
55758303
55719213
557399150
55748872
55759291
557199718
557398166
55738252
557398156
55738204
55719719
557499816
55718289
55748147
55719104
55718147
55738868
55718665
55718280
55738121
55718236
55739160
55738250
55758846
55718806
55718274
55718217
557799847
557198256
557198360
55718128
557498818
55738132
55718110
557199169
557599130
557199122
557599246
557598345
557599157
557198732
55719262
557198797
557198206
55718396
55778158
557799921
55758315
557798843
557198254
557798133
55779993
55778123
55778803
557798140
55759189
557398234
55758118
557199139
55738169
557199188
55719387
557398861
557198158
55779933
557198699
557199376
55718152
557198502
55758114
557198503
55779109
55719371
55718839
55739818
55739866
557499956
55749952
557499965
55738897
557199958
557599228
55759188
55749143
55719338
557198838
55719243
55758837
557799982
55738210
55758175
55718182
55739860
557599143
55738802
557198216
557799986
55759992
557598101
55779978
557199178
557498117
557599108
55718310
557199243
557198620
55718304
557798106
557798826
557198145
55718810
557499981
55718556
55758871
55759125
55738186
557199722
55739905
55779936
55749920
557198323
55759200
55758297
557599265
55719904
557598372
557399942
55718854
55758828
557199303
55718876
55718305
55749942
55749930
557599244
55758362
557198244
557599138
557198285
55749968
55739917
55749917
55739845
557399921
557198370
55718785
557198524
557598366
557199656
55749982
55779110
557398135
55779858
55739852
557598138
55738123
557598127
557198126
55759913
55753262
55718764
55718143
55758150
557399821
55778156
55748854
55748848
557498821
55758183
557199324
55719320
557199219
55719949
557398193
557399133
55738142
55738898
55718838
557499109
557198202
55749817
55719326
557799110
557499102
557198888
55749961
557199294
55779812
557199313
557598809
557499812
55718237
55759183
55739159
55749907
557798844
557199649
557199225
557198602
557198856
557799905
557199727
557399855
557499936
557598175
55719302
557199715
55738891
55718331
557198354
55719171
557399161
55758205
557798118
55779104
55777400
55759173
557199650
55718669
55718649
557199604
557198686
55748801
557598223
557398870
55758360
557599178
557198150
55758286
557199724
55779838
557198890
557198189
55719906
557198396
55718731
557199166
55759925
557198850
55758800
55778814
55758857
55778805
557598834
557598307
55739118
55718710
557399851
55719242
55718861
557799814
557598309
557198348
557499953
557598344
557199962
557198658
55719167
55779988
557598324
557199955
557599135
55778881
55748127
55719630
557799962
55739992
55719194
55719258
557499154
55778823
55759279
557398116
55758194
55748110
557799102
557198362
557599284
55738226
557499909
557598329
55758275
55719296
55739936
55739143
557199933
557598839
557599189
557599192
557198648
557199663
557799118
557498845
557599216
557598885
557199694
557499123
557798168
557499132
557198204
557199977
557598145
55758283
55719367
55748145
557399165
557399829
557198696
557198183
557598315
557198234
557599253
55718830
557599106
557199283
55718852
55758295
55778154
55778829
557198504
55759129
557598116
55758341
557199971
55718119
55718769
55719939
557198221
55779153
55738101
557498113
557598864
557198295
557499122
557199136
55748838
557198821
55718428
557199184
557499158
55718321
557799870
55718276
55718803
557798813
55759704
557798142
557192001
557598321
557398222
557398852
557398843
55779999
55718267
557498838
55749964
557499810
55719717
557399827
55779991
55748107
557198792
55739935
557398849
557798821
557198132
557798847
55718797
557398250
55738184
557199263
557799819
557499143
55718349
557599296
557598112
557198401
557199312
55779930
55779134
55738215
55758856
55718346
55758368
557599117
55738245
55718704
55778869
557199968
557798872
55778864
55758301
55759806
55718857
557199255
557799843
55748874
55779941
55758304
55779132
55759180
55719113
55719410
55738110
55758159
557198175
55718845
557199346
557599285
557399802
557198715
557598303
55719396
55759299
557198833
55719641
557198501
55719715
557199191
55719682
55758104
55738136
557198212
55748857
557399167
55759708
55719737
55779120
55719977
557799957
55779983
557398899
557598204
55779115
55758151
557499986
55779919
557599100
557599127
557198736
55719141
55718113
55758111
55779920
55759172
557599236
557399927
55758266
557499933
557499129
55778836
557499192
557498833
55758349
557798851
55719311
55718365
55779199
557799835
55738803
557498123
55719174
557398871
55718515
557499151
55738847
55719981
557399846
557799181
557799137
557198748
557599218
55778827
55718299
557799832
55758340
557199668
557598282
55719200
55718766
55778135
55718327
557798856
55779986
55739903
55759858
55739850
557598845
557199304
557798857
557198398
55758858
557598297
557199665
557199297
557399804
55733261
55719935
557198259
55779922
557499903
55758273
557199221
55718892
557798837
55778102
55718298
55719607
55758272
557199108
55759151
55759991
55749965
55738865
557499912
557598848
55719160
55759856
557199177
55718471
55779846
557799175
557799200
557198515
557198793
557598367
55748133
55719989
557599195
557198257
557598342
557598328
55718525
557598898
557398200
557398105
557399954
55748821
557398227
55719946
55719959
55719363
55719712
55778846
557598359
557598148
55758819
55719652
55718451
55758189
557399160
557598205
557398226
557599272
557198449
557199345
55778166
55779861
55718118
55719329
557399131
55718489
557598862
557799851
55718196
55758833
557199601
55778121
557798858
557199600
55718760
557399193
55748105
557198824
55718835
55739173
55719206
557398874
557798819
55739185
55738175
55719672
557398895
557798146
55779910
55749120
55719129
557198533
557398138
55778113
55719932
55758135
557198211
55739839
557799809
55778828
55758887
557599193
557398854
55739821
557799148
557399933
557599713
55718801
557198118
55759112
55758893
55719199
557199912
55759841
55719694
557598135
55719912
55719688
55719265
557798149
557498828
55718863
557199380
55759838
557199409
55759946
55779985
557198556
557198819
55739938
55739133
55718849
55758348
557199695
557199909
55778100
55719355
557398869
55739167
55749902
557198606
55718646
55758180
55719727
557598173
55779139
55718330
557799803
55718697
557498101
55758847
55779825
55718288
557799174
55759181
557398130
55739109
557199131
557198237
557199286
557199611
557799193
557498118
557498145
55719604
55719286
557198770
557398145
557799196
557598311
55718295
557199335
557398123
557598292
55739962
557399111
55719116
55718318
557598189
55718807
557598150
55779111
557398107
55758224
55718741
557498851
557598126
55739832
557199648
557399940
55759862
55719405
55718678
557399105
55779191
55759264
557198609
557799127
55738899
55778862
55738170
55738160
557399949
55718886
557198834
557199362
55779197
557198120
55748142
557599214
55738149
55739101
55718290
55719928
55739946
557398153
557198264
55758326
557199988
557799142
557799209
55749977
557199269
557598191
55778833
55719704
557499969
55718255
557793301
557198163
557199967
557199965
557398245
557798120
557799109
557499908
557799138
557198695
557198842
557199676
557598306
557199908
55779125
557799981
557599161
557199320
557598163
55718878
55719241
557798878
55719228
557198874
55778812
557399142
55718383
55779840
55718545
55719225
557198685
557599242
55779901
557198607
557598256
55759102
55718234
55718153
55718505
557198725
557399144
55739926
55718332
557498853
557198393
55759915
557198243
557198676
557599301
557398143
557198214
55718700
557199134
55759969
55758216
557198727
557598171
557799934
55718259
55758878
55719111
557598881
55719955
557799946
55779173
55749943
55759712
557598197
557799856
55718344
55718738
55718836
557198480
55758195
55759251
55759107
55739930
55738820
55759133
557199318
557499147
557198730
557199209
55739803
55748835
55719951
55718677
557398129
55719362
557599712
55758128
557499924
557399102
55738882
55738879
55779990
55738235
55719639
55739120
55749940
557399106
557199671
55738833
557198394
557598865
557198331
55739990
557399179
55718723
55718774
55718218
557199625
557399166
557199147
557398841
55719918
55749988
557198724
55718783
557199173
55719627
55779141
55718834
557598129
557199146
55759222
557599150
55739854
55779174
55719158
557198122
557599229
55719268
55748106
557198782
557598102
557598337
557598827
55719617
557499967
557399129
557498804
557799869
557199116
55778865
557599259
55778872
55739123
557498108
55759234
557399981
55738126
557398100
55718856
557799113
55758144
55719223
557199928
557799195
557199145
55719406
55738232
55748836
557198162
557199244
55718553
557399828
557198700
55748873
557398855
557398896
557499134
557198806
557799966
557198448
55718189
55718397
55719679
55739110
55718207
55748853
557398185
55758361
55759250
557598340
55778107
557199374
55759239
55759287
55718480
557198347
557199194
55718230
557599298
55779987
55759229
55759138
557198829
557198817
55749125
557199642
55718546
55738173
557599170
55718853
557799950
55719936
557599716
557799214
55739121
557199267
557799164
55719139
55718694
55739928
55758864
55719731
55759179
55748841
557198654
55718347
557199901
55719244
557198631
55748825
55719600
557598807
557798153
55759203
557198186
557199948
557799941
557599283
55779950
55719175
557199292
55719163
55718676
55759214
55749814
557499133
557599181
557498814
55718381
557398832
557199978
557499929
55749994
55718375
55718716
55758880
55718748
557799168
55758367
55749100
557398206
557198521
55719726
55718106
557799179
557599107
557199632
55718386
55779949
55738114
55738827
55749800
557399991
55717400
55779902
557398201
557598801
557398160
557598183
557199610
55778114
557599167
55758865
557398833
55739829
557198358
55718869
55779989
557499904
557599252
55739979
55748141
557799990
55719919
55748113
55749948
557598891
55758309
55758896
55718533
55779822
55758831
557798804
55718279
55739941
557199175
557498811
55718537
55719196
55739824
55738869
557198876
55739846
557199215
55738874
55759146
557199135
55758321
557198107
55719169
557598158
55718516
557499136
557198321
557198553
557198662
55759286
55718352
557199167
55718139
55738141
557398887
55779813
557198304
557198690
557599219
55759245
55718614
55739806
557799131
557398177
55748859
55739174
557198625
55779945
55719117
55759301
557199657
557199270
557198341
557399911
55718409
557598331
55718617
55758234
55739823
557199138
55718787
55758231
55758259
557199300
55738208
55749160
557799974
557598187
557499930
557399108
55718210
55758179
55718828
557198716
55758243
55738810
55719990
557198803
55718627
557398851
557398162
55718123
55738854
55714042
557599165
557198878
557398882
557799198
55719610
557198656
55779210
55719112
557599293
55779867
557198805
557398846
557198261
55719408
557198673
557399928
55758815
55739993
55759254
55719277
557599129
557199266
557199986
557399143
55779828
55739960
557398136
55759850
55759268
557799135
55718380
557399937
55779145
557498863
557199731
557198384
557499805
55718443
557499932
557198191
557399963
55759201
557198765
557199208
557199204
55718172
557199413
557199197
55758867
55758121
55718687
55718666
55719975
55719211
55748823
557198133
55719950
55748116
557499135
55779100
55719335
557799840
55758173
55718316
557198165
55719291
55739131
557198513
55748831
55739187
55719289
557798166
557599239
55718399
55779911
55718659
557198887
55718202
55718879
55758241
557199932
55739830
55718882
55739139
557498115
55778845
55719239
557199381
55779108
557198894
55738861
55758246
55738828
55759205
55779935
557598365
557799841
55719370
557498139
55749919
55718419
557198516
557198339
557398157
557199123
557598193
55779150
557499971
55759293
55779805
55718414
557198324
55759206
557198131
557598294
557199946
55779938
55718340
557198231
55759233
55739127
55719992
55719632
55759980
55739968
55719253
55749805
557398199
557199985
557498847
55718718
55779928
55719145
557599241
55739117
55759176
55739948
55778884
55758294
55738180
55719705
55738862
55719359
557199289
55719960
55718691
55759882
557499197
55718336
557198858
55738194
557192000
557799867
55758313
557199951
557198298
557198745
557199994
557199256
557198514
55719237
55758345
557799954
55738843
55719240
557199183
55758174
557798124
557198269
55719263
557198867
55758229
55738858
55718212
55758255
55718275
55718277
55738841
55719210
55718268
55758328
557398892
55718254
55739161
557199163
55719728
55779155
557199954
55778103
557198422
557599263
55719640
55739147
557399119
55719284
55779845
55719148
557799146
557198790
55719709
557399125
557799192
55739997
55778128
55719136
55719155
55749981
557199654
557799846
55758253
55779914
557499101
55719925
55759863
557198260
557399853
557598288
55758119
557598120
557198774
557799932
55718768
557599191
557598251
55759713
55718216
55718470
557199738
557199375
55779836
557198536
557799157
55718789
55779966
557198426
55719675
55718164
557598861
55779135
55739179
557799872
557398140
557598222
557498105
55719227
55719351
55719622
557498130
55718729
55738124
55779839
55719931
557398144
557598188
55778816
55758353
557199130
55739921
55718342
55718651
557399936
55778152
557198253
557398168
557399170
557399121
557198746
55719940
55719980
55749921
55758178
55759158
55758370
55739141
55739126
557199355
55739900
55759983
55739853
55718751
557498109
55718213
55719683
557799969
557798164
55758256
55758137
55748114
55749946
55779176
55758852
55749974
55759198
557399126
557198429
557398255
557598284
55748875
557199688
557198517
557199107
55718952
55718701
55759152
557799914
55739140
557199168
557598318
55759238
557199712
557199370
557399171
55719189
55718909
55719308
557799968
55718887
55759833
557399977
557199675
55749816
557798117
55718328
557399154
55759958
55778139
557198637
557498128
55778818
55719678
557399117
557598300
55778136
55759860
557498861
55718129
55719182
55758156
55749108
55738824
55758257
557499918
55719106
55758854
55778138
55719707
557598348
557399969
55719128
55738135
55778809
55719150
557498835
557498831
557198355
55778848
557599211
55719306
55718720
557399914
55739837
55718654
557499913
55718104
55718241
55748837
55718851
557398137
55719916
557198857
557198713
55718705
55718302
557198843
55759249
55759809
557399103
557498131
55719203
557199363
55719900
557198368
55718953
55719915
55738258
557398161
557497400
55739177
557398103
557599212
557498824
55719144
557199275
557199628
55718209
55718504
557599171
55759270
557199229
557399934
557199629
55779943
55778127
557598323
55753221
55718859
557398856
557198705
55749145
55718226
55758845
55738873
55759243
55779946
557598132
557199165
557198167
55759997
557198646
557199142
557499807
557798853
557598143
557599199
55719964
55739146
55759955
55749109
557598369
55779806
55748852
557798135
557199332
55739817
55739998
557198251
557599233
557599131
55759965
55779937
557799130
55718709
557598884
55778160
557598370
55718187
55719966
55718640
55718668
55718107
557799999
55758240
55758314
55718427
55719418
557799828
557598857
557598887
55748814
557198279
55759715
557199670
55778824
557399162
55779915
557199367
55738107
55758196
557398866
557498822
557599152
55719188
55759706
55719698
55719288
55779826
557799838
557598289
55739129
55779136
557498855
557198610
55758322
557498112
557499198
557398109
557198897
55718163
557799140
557198277
55749963
55738243
55778125
557398121
55718398
557599714
55779939
55719647
55739801
557198667
55778126
55739165
55718885
557198117
557399854
55738863
557198404
557498106
557198390
55738846
55718808
557199264
557198523
55739870
557198397
55758123
55758129
557199405
557798130
557199640
55719184
55749912
55719982
55719118
55719272
55718746
55718777
557799852
55719358
55759848
557599225
55738138
557199100
55739904
55719221
557398174
557199230
557498823
557599146
557199990
55759170
55749197
557198893
557198847
55719901
55739906
55718742
55738214
557598339
557198825
557598155
557399814
557799701
55718524
557199667
557199733
557399910
557198605
557598351
55748828
55719401
557198155
55759127
55718656
557799206
557199613
55758364
557198109
557398224
55718728
55719208
55718243
557198255
557199608
55779102
557598322
557198395
557398865
557799931
55779900
557198604
55719317
557798127
55779834
557399124
55719305
55749118
557598305
557798114
557198115
557199181
557598124
557199103
557198508
557799842
557399148
55719142
557199407
55719391
557199991
557598334
55718818
55778854
55758218
557199323
557198157
557599102
55739842
55719634
557498103
557198649
557199982
55718523
557199354
557799165
557798154
55718354
557198403
55718690
55719120
55779122
55713617
557799145
55749973
557499160
55719381
55718116
557798159
557599248
55719611
55719287
55758310
557398885
55719703
55778106
557398868
55779811
557398802
557399199
55739813
557798163
557198750
55749995
55758236
55719212
557199935
55719907
557398214
55758299
55713315
55749983
55739834
55748839
557598855
55738894
557799975
55718356
55738864
557198698
557799804
557598119
557199720
55759879
55719328
557598159
55718735
557199684
55739105
55718319
557799144
55778118
55759114
557199120
55758318
557598362
557199280
557799955
55718895
557399852
55718154
55748120
55778888
55749110
557198367
557399947
557199646
55739913
557799839
55718685
557599123
55739988
55718541
557598115
55778165
55739828
557198804
557199382
557599231
557199730
557799700
55739811
557499987
55739827
55739155
55759972
55718224
55739901
55749131
55758824
55759207
55719695
55749812
557398165
557198668
55739981
55718183
557399938
557198308
55718411
557198896
557798151
55719270
55738159
55718180
55739137
55718364
557599255
557599119
55718743
557398119
55779831
55758885
55719190
557399946
557398204
55718402
557599289
557198262
557399182
557198811
55758221
557798865
55719409
557498848
55758188
557598877
55758825
55739833
557199606
55718385
55718214
55738231
557598350
55738134
557599291
55738190
55759109
55778802
55718618
55738806
55719943
55759945
557798158
55719229
55718898
55748130
55779205
55778855
557799949
55749956
55739840
55758184
557199940
557199338
55718320
557799120
557499947
55758853
55719404
55739847
557199334
557399152
55759120
557399198
557598192
55738128
55719601
557199723
557598185
55759143
55759224
557799909
55718628
557198655
55758317
55719207
55713033
55758109
55739859
55779971
55718225
557198250
557799143
557199254
557399916
55739112
557198644
55759197
557398233
557798103
55718181
55779869
557399135
55758167
55759800
55748132
557598122
557199232
557199925
55718798
55739180
557198184
55718805
557598304
55758227
557398163
557799865
557199328
55719708
557198747
55738220
557499119
55719616
55778853
557398183
557198149
557199279
557199943
557499124
557799918
557598134
55719412
55718520
55719137
557198650
55739929
55718703
557498146
55779128
557499125
55758336
557198754
557199185
557198293
55759159
55759962
557799810
557499117
557398189
557199227
557499104
55758374
55778877
55749136
557399812
55738219
55718357
557499191
55719255
557198297
55749915
557399850
557599831
557198313
557599245
557499137
557598144
557198766
55759160
557399952
557599177
55758117
557199411
55739954
557399951
557198342
557799160
557199647
557399813
55738233
55719256
557199921
55719933
55719976
557599247
55779207
55718348
55758881
55779927
55749935
557398830
55719624
557399147
55758848
557199944
55758278
557799815
557198210
557398120
55739902
55779841
55718464
55778866
557198531
557498852
557398205
55759178
557598108
557799158
557198151
557198835
557399959
557199728
557198528
55759174
55719636
557198479
55719993
557198633
55719952
557598152
55738137
55758120
55759822
55718198
557198100
557198669
55718745
557598181
55718146
557799873
55779151
55739132
557198628
55739953
557198621
557398884
55718717
557799956
55718503
55748802
55738218
55738182
55779112
55749196
55748131
557398223
557499116
557398221
55719956
557499959
557599302
557198249
557399116
55739851
55738242
557198280
55738239
55739966
557398242
55739816
55718686
55718868
55718713
55759100
55739922
557798805
557198519
557198127
557799933
557398873
557499980
55759163
55778844
55739154
55719261
55759215
55718658
55779864
55758342
557199350
55739939
55738256
557198859
557198772
557198248
557199140
55738237
557199679
557198383
557499938
55718773
55718519
55718842
55758332
557798862
55758191
55718155
557399871
557498846
55719638
55738146
55779965
557599227
55739869
557398188
557598290
55719170
55758844
55758101
55738225
557598302
55779204
557499964
55718392
55739809
557798818
557598847
557799822
557198423
557398238
55758171
55749104
557399114
55718800
557398128
55778163
55758873
557198855
55718511
557399843
557199732
557399824
557598897
557198349
55718681
557198334
55758141
557199196
55748803
55718410
557799940
557797400
557799126
557598327
557598153
557399995
55739951
55719413
55738812
55718126
55718793
557599220
55749126
55779214
557198142
557798111
55779808
557198218
557399122
55739838
55718802
55738188
55778873
55758827
557199902
557198327
557499815
557399842
55718421
557498133
557198734
557798879
557598271
55719738
557199924
55719403
55719615
557198170
557199371
557498816
55758127
55759912
55719671
557598107
557199630
557399115
557598835
55718822
55718479
557398211
55739927
55779982
557799204
557499907
55718689
55759961
55748104
55778857
55719631
557199310
55758277
557199216
557198161
55739907
557198173
55749135
557798160
557599215
557398150
55778835
557199929
557499928
557398842
557199148
55719663
557198798
55719643
557499189
557199612
55779807
55758316
55719340
557799807
557199680
557799186
557198534
55738197
557198627
557598130
557198315
557199102
557799948
55718727
557798811
55738116
55718455
55719646
557398152
557399904
557399924
557599133
55758801
557799152
557799805
55739996
55759910
55718645
55758337
55718271
55739164
557198787
557598296
557198645
55718260
557598876
557199205
557199231
557499961
55719392
55738127
55758863
557499140
55718752
55758327
55749958
55718884
557199693
55779188
557198739
557799170
55719337
557498122
557499806
55719334
55759105
557198794
55759278
55719266
557799821
557198226
557798828
55749801
557799850
557499944
55719718
55719297
55759911
557599114
55719377
557799834
55718517
557398848
55759831
557198104
55738247
55718549
55738857
55719608
55719667
55758162
557198728
55758124
55749951
55779181
557798126
557598178
557399185
557799151
557598821
55718173
557799154
55739170
557198219
55719666
55739191
55719220
557199388
55739181
557398192
557198419
55749113
55748812
55779964
557398243
557198112
557199174
55779194
557198180
557399971
55739924
557198826
557199926
55748136
557499819
55779202
55759280
55759142
55718394
55719321
55758186
55738213
55749810
55718756
55749999
557398251
55718670
557198134
557198554
557599706
557199995
55749967
55719605
55718430
557498805
557198778
55749901
557198771
55718238
55758215
55738893
55749818
55719700
557499972
55719331
55738805
557598184
557199359
557598313
55779213
55718657
557199171
557598250
557799989
55748124
55779979
55738168
55719385
557399859
55758356
55749129
55759292
557198343
557798835
557199653
55779160
557798137
557199172
55759828
55739142
557799993
557499934
55739918
557499955
55778831
557199918
557598841
55779829
55719743
557199999
557199402
55759701
557499113
55759988
55749998
55719151
55738166
557799812
557799111
55758210
557599198
55718660
557198139
55773611
557198525
557198335
55718418
55718872
557398190
557198784
55759126
557199401
557799978
557198831
55719609
557599174
55739969
55779918
55718624
55759274
557598336
55758220
557599126
55738115
557799916
55719382
55718389
557198737
557799855
557198274
55718169
557799985
557399978
557599279
55719327
557198172
55719204
557199151
55759191
55719109
557198235
557799833
557398839
55779180
55739986
557599120
557198761
557598203
55758276
55759714
557199154
55718400
55758207
55758238
557399953
55738855
55759171
55778110
55749923
55739184
55748101
557598817
55758821
557399987
557199110
55718151
557799953
55779853
55778140
557198741
557199271
55739940
55738845
557799912
557198758
55719149
55718832
55749819
557198351
55759974
55749978
55738181
55758879
55739963
557399870
557198156
557199669
55758192
557198848
55719614
557399826
55719722
557798156
55779942
557199117
55759290
557798143
557399922
55758157
557199276
557798161
55719693
55758329
55758884
55758244
55778117
55719154
55718781
557198511
557198159
557199624
55758894
55779817
557198640
55718165
55718554
55758290
55759804
55758319
557499144
55749944
557499951
55759982
55718767
557799189
55779868
55718391
557498120
557198271
55759124
55738886
55758883
55779121
55759162
557399985
55719958
557199190
557398155
55748804
55779156
557198296
55719411
557599162
557798144
55718205
55718706
557498114
55718696
55779182
557799150
55779816
557599139
557599222
557798101
557399929
55738106
55779854
55718841
55718513
55719657
55749997
557799911
557198314
557399867
557398891
55719183
557198801
55749137
55759924
557199274
55748843
55719100
55758219
557199662
55779849
55719260
55758843
55738892
55719961
55759302
557198615
557198121
557198735
55759212
557198841
55718337
557399930
557599147
55738823
557199706
55759271
55719115
55759902
55779107
557499950
557198322
557499968
55718307
557198208
55719159
557199703
557798859
557499976
55779157
557199214
557199182
557499915
557198239
557499120
557198755
557198768
55718270
55718300
55738102
55758198
55719742
557499935
55738246
557399801
55719365
55718227
55758251
55738187
557598133
55758808
55719222
55759905
557599209
55758217
557799874
55719685
55759144
557398893
557399941
557199200
55778821
55719372
557198223
55719156
55778145
55778116
55713215
55738881
557599113
557799129
557598277
55719146
557399836
55718458
55758230
557198329
55719739
55719215
557198879
55758826
55758292
557598330
557599294
55758212
557799970
557598830
55779131
55718740
55719968
55718719
55778834
55739956
55739100
55778861
557198160
55779977
557199341
55758333
557798817
557399903
557598872
55719110
557198762
557798815
557799951
557599103
55718167
557198193
557199365
55758161
55719292
55719147
55718733
557198882
557598814
557199742
557799901
557398141
557198622
55759182
55739965
55778826
557199970
55758105
55718888
557498807
557798100
55718379
55738884
557199259
557199740
557198268
557499818
557399966
557399187
55759892
55758849
557199992
55739937
55779201
557498837
55718194
55738859
557399968
55719402
557598274
557798822
557399831
557199907
557599175
557199683
55778808
557199658
55759167
55748128
557399134
557198176
557199717
55779929
557399834
55779192
55718811
557199373
55718763
55778120
55749954
557799173
557198776
55718844
557398191
55748851
55718629
55718450
557198512
55759853
557598206
557198418
55718633
55719654
55758149
557398881
557398213
557799927
55779923
557198245
55719344
557199239
557799808
55749158
557198350
55719254
55718601
55719162
557798876
557199602
557799134
557398132
557198608
55759711
557198197
557599287
557599110
557199691
557199900
55719346
557599158
55749991
557198759
55719161
55748818
55778108
55759147
557198870
55779848
55738835
557198215
55719723
55718206
557799967
557598363
55758305
557598849
55759907
55758325
557598858
55779997
55718278
557799139
55759192
55739125
55759815
557199315
55719214
55779212
557199605
55758155
55758103
55739982
557399956
557399868
557498839
557799123
557199316
55718351
55718708
557399816
557198720
557198353
557499111
557499118
557599256
55759128
55719942
557198247
557399917
557599232
55758172
557198292
557398182
55719917
55758851
55779984
55719967
55718880
55719732
55759168
557398894
55779142
557199942
55718825
557198166
55749916
55718707
55719711
55779926
55719736
557399838
55718158
557199707
557399863
557198317
55719354
557498841
557799849
557199607
55778151
55739122
55759204
557199622
557198201
55779855
55758265
55779827
55778801
55718809
55719681
55779193
55779870
55759916
557598856
55718795
55759283
55758140
557598165
55719316
55718890
557199260
557799947
55779148
557198537
557499161
55718779
55739825
557198697
557799900
55738113
557798855
55778157
55718736
557599708
55738191
557199395
55718291
557598298
55759221
55718231
557198400
557798165
557598140
557499945
55759917
557199699
557399815
55718726
557398101
55778868
557199337
557598863
557599200
55778832
55759852
557198135
55759816
557799836
55738118
557198683
557593300
55758293
55778878
55759951
55759998
55738230
557198788
557598373
55738876
557398126
55738207
55778804
557599270
55718891
557199603
557599183
557198346
557398131
557799106
557198880
557798834
55749161
557598836
55739964
55738818
557199299
55718341
55719677
55778852
557799862
55718134
557498802
55758170
557799910
55738817
55758866
557398225
55739831
55758263
55718420
557799971
55718367
55718422
557499914
55779200
55719395
55718170
55748100
557598805
55739945
55718661
557499813
55739199
557199936
557599278
557199344
557199170
55749906
557799103
55739975
55748807
55738145
55718261
557199240
557799122
55759995
557399920
557198767
55718698
55758261
55758153
557799211
55749132
55749926
557198399
557498834
557198312
55739987
557198328
557198140
55758829
55739113
557399900
55719219
557598852
55758291
55718412
557398178
557399825
557599268
557799908
55718221
55758254
55758702
55759894
557599176
55758280
55748842
55759840
55719720
55718265
55758247
557199356
557798132
55738140
55738216
557598146
557499921
557199937
55719963
557799929
55719659
55738842
557199410
55718168
557199288
55739102
557198779
55758802
557198818
557399819
55779126
55749189
55758806
55713173
557198282
557199641
557398186
557399822
55719903
55758298
557198704
557198229
557799166
557799945
557798803
55739914
55758116
557398244
55749966
557199953
557198733
557498856
55718655
55718721
55739865
55748811
55759847
557599180
55718159
557199296
557198666
557198692
55779172
55718502
55719101
55759257
557199272
557598272
557199126
557198872
557198240
55738255
557598371
557598361
55749199
55759256
55748109
55719965
55718829
557198505
557398184
55719692
557598136
55739973
55779948
55739971
55749121
557598257
55718635
557198318
55719696
55749987
55749151
557598198
557799935
557398217
55759923
557199321
557198376
55759110
55779183
55738832
557398835
55749922
557199927
557199651
55758201
55749154
557399155
55718404
557199621
55759826
55718821
55719232
557499199
557598273
55748123
557399820
557799964
557198336
55758223
557599203
557198389
557498842
55778109
55718335
55718722
557598105
55739920
557799197
557598875
557798104
557399100
55759716
557598293
55719168
557198232
55738196
55738851
55738163
55739955
557199910
557198718
55719658
55758165
557199905
557498843
557798141
557198707
55738117
55718264
557598254
557198420
55719978
55779952
55718345
557198630
55718634
557198230
557199396
557498142
557598811
55758338
55779924
55718426
55718858
55719991
557198310
557398118
55719299
557398209
557498809
55719248
55718684
557598889
55758888
557799116
557198227
557599132
557799922
55739934
55719285
55739967
557198425
557198179
55749989
557799124
557198892
557199947
557499141
55718637
557198846
55739977
55758225
55718186
557398134
55749957
55749976
557399113
557398175
557199952
55749925
557199124
557199615
557199408
55779129
55779953
557199966
55779824
55748833
55778119
557799988
557198380
557798152
55759123
55778807
55759258
55718778
55718125
557799108
557199635
557799112
55758892
557599169
557199226
55779954
55748129
55748817
55749803
557399906
55759216
557599273
557198635
55759104
55718622
557399932
55758862
557799802
55748121
557198207
55758147
55749953
55749959
55758343
557399908
557599700
55718648
557398210
55719178
557598325
557198222
557799939
557799937
55738883
55718639
557599179
55759231
55758812
557399918
55759116
55758312
55759710
557599264
557199212
55739812
557398207
557198164
55759156
55719656
557199217
557199620
557798838
557199913
557799818
557198529
557598301
557398230
55719929
55718680
55779138
55759295
55718140
557198877
557398803
55759285
557799853
557198290
557399163
557198359
55753199
557598276
557198288
557798868
55718431
557198302
557399140
557599166
55719209
557199692
557599145
557198839
55718353
557199106
55779106
55749802
557198785
557498813
557599261
55779211
557199682
557599223
55718195
557198110
557399919
55759228
557598816
55718384
557598804
55738837
557598174
55759252
557198187
557399833
557199737
55719186
557198629
557398170
557499106
55778147
557799906
55739916
55719133
55719341
55748144
55759707
55759814
55779800
55778150
55748806
557598202
557399925
55779809
55779975
557799861
557399990
55719606
557198873
55759193
55719309
55738234
557198381
557599226
557499925
55719290
557199719
55719246
557598851
55719971
55779909
55738844
55758346
55759277
55718607
55778146
55739171
55719994
55719910
557499126
557198205
55738199
55779906
557598326
55758187
557199626
55718877
55759137
557199973
55739957
557798829
55779859
557799942
557799811
557199677
557198246
55738148
557798108
55718171
55719313
557199109
55739186
55718248
55758813
55779962
557599240
557198148
55718144
557199739
557798823
55779863
55718642
557199379
557398237
557598874
55739119
55719937
55759944
557398194
557198154
557198670
55739855
557599703
557498819
557799961
557198103
557198427
55759887
55718759
55759971
55718286
557198895
55749102
55718816
557599128
55778112
557599299
55759943
557199984
557599142
55719121
55718166
55758284
55738838
557199162
55719689
55759288
55719664
55738871
55738129
55739958
55758838
557398867
55738120
55719164
557598871
557198702
55719345
557799141
55749148
55778133
557198726
55719235
55718508
557798115
55718608
55719623
55759177
557599168
557798110
557198781
557598840
55718281
557198636
557598829
55778838
557799977
55758208
55718359
557498815
55718897
557198377
55779804
55779931
557199105
55748863
557198814
557499942
557198509
557399197
557499973
55758351
55748112
557199235
557499937
55719913
55718415
55779934
55718883
55719298
55718501
557598826
557398228
55739910
557598818
55759975
557499977
557198711
55719282
55778137
557198619
55718609
557199308
557199156
557799101
557199127
557398235
55779114
557398197
55758308
55747400
55718528
55758344
55758822
55759139
55779143
557598167
55718667
557399128
557199916
557198769
55758882
55759801
55718509
55758339
557199631
55738176
55739197
55719625
55718454
557599172
557198143
557198387
55758350
55759294
55738125
557499998
557198717
557598343
55719388
557599141
557599262
55779184
557198883
55779161
55718824
55779981
557199997
557399907
55719281
557399986
557198773
55779961
557398110
557799871
55749141
55779196
55758108
55759145
55759244
557198863
557198123
557199268
55779925
557398218
55718784
557399157
557798824
55749908
557799133
55719673
55718702
557399847
557398111
557399856
55778859
55758859
557598172
55718333
55719670
55758369
557499809
55718615
55778161
557398872
55718790
557799183
557798832
55718197
55749955
55758197
55738155
55718638
557199404
55759949
55748849
557799860
557599101
557198828
55739128
55759185
55779209
55749190
55738885
557199179
557199210
557598190
557199609
55759155
55718889
55719680
55739985
55718208
55758289
55749105
557799920
55779976
557799987
557499922
557599122
557498859
557199661
55738131
55718204
55738212
557598194
55749929
557198849
55758836
55718405
55759875
557198827
55719364
55779203
55719668
557598888
55758115
557798816
55749937
55718672
55748126
55719152
55779994
557799823
557198684
557399137
55759225
55718239
55779992
557799178
557598844
557399988
55749103
557598176
557198757
557198241
557199161
557499811
557198281
557798839
557199203
55779857
55739130
557398809
557598160
557199644
55738192
55749932
557398113
557198344
55759967
55719319
55778863
55718219
557199923
557798801
55718294
55738240
557198316
557198886
55758250
557198209
55779960
557399186
55718117
557598166
557399912
55719924
55779944
557598314
55718111
55779921
55758869
55759886
557198171
55779118
55778817
55759947
557392000
55758169
55739999
557598869
55778839
55758206
55719274
55739820
557399178
55778858
55779818
55758122
557799930
55739152
55718161
557198345
557199710
557199664
55779963
55758181
557498102
557798150
557398249
557399948
55719238
55748140
55748808
55758282
55719921
557199118
55718610
557199906
55719619
557198371
55719179
55758239
55758288
55719103
55759141
55719713
557399809
55758237
557498862
55719185
557798136
55738229
55719107
557399939
557198283
55718826
557598317
55719250
557199959
55718712
55759818
55719905
557199222
557399818
55718540
557598374
557398247
557799176
55719366
55778856
557198181
557398124
55779852
55758835
557199998
55758260
557398231
55749808
55749970
55753223
557199949
557398176
557398879
55718360
557599290
55778879
557499940
55759921
55739947
55739826
557199709
55718843
557398232
557198672
557598823
55739169
55759957
557598149
557398112
55739116
557199711
557799813
55719304
55718245
557799983
55719191
557198402
557198258
557598368
557199705
557198623
55758898
55719645
55739822
557199917
55719926
55719300
55739952
55719399
557198601
55719637
55718145
55719662
55759876
55749804
55778104
557198526
55738185
55718522
557198267
557198153
557198861
557598104
55743611
55779851
557798148
55779814
557398837
55759298
55718339
55739978
557199969
55733263
55718846
55748117
55718162
55779968
557499943
55749112
557399857
55738112
55739908
557198365
55748115
557399805
557399823
557199278
55719374
557198124
55778122
557598252
557198238
557599260
557398108
55758296
55739176
557599105
55719105
557598179
55758366
557399931
557198775
557799907
55748826
55739976
55758158
55759217
55719247
55779164
55738836
55758213
55758262
557598106
557199302
55718534
557198852
557198535
557798131
55778811
55778168
557399180
55758330
557199617
55759220
557199234
55718395
557198270
557798802
557198500
55749910
55759175
55719350
557199904
557198379
55719660
557393300
55758323
557198278
557799105
55718382
55759979
557499926
557599701
557399844
557398219
55779159
557199993
55718544
557399837
557198661
55759165
55718636
557198152
557599164
557199698
55758233
55748862
55738162
557199101
55758823
55718283
55718112
55719383
557198101
55749914
55718529
557398875
55719669
55718899
557399104
55718269
557598341
55718175
55719157
557798825
55778876
557198613
55739943
55718285
557599243
55718229
55759920
557498829
557799925
557198714
557798123
55718303
557798812
55718242
557398863
55719348
55779860
55749142
557799702
55718362
55738813
55718664
557199950
55749116
55739933
55718514
557399109
55718663
55718782
557198854
55739178
55718222
55758232
557598815
557198391
557799147
55738870
557198273
557399191
55739848
55719927
55718786
55748103
557198860
557198200
55719230
557399961
557598892
557798128
557798849
55758810
55779873
557799936
557198632
55718626
557198225
557199309
557598854
55748137
557199206
55739858
55718776
55749130
55719998
557799159
55718292
557599188
55759296
55719126
55718864
55778130
557399957
557398254
557398240
55758248
557399110
55758803
55718558
557798138
55718301
55719735
55749975
557399832
55779177
55718951
55749138
557199141
557399902
55718124
557798871
55718228
55758300
557399901
55748805
557198830
55718671
557199176
557598142
55718602
557199406
557198812
55759246
55738254
55738829
55719322
557199199
55758134
557198265
55779823
55738206
55778155
557199387
557799915
55758891
55719741
55779179
557598255
557198338
55739944
557198392
557198263
55749144
55759121
557198194
55739108
557198405
557799820
557199721
55719197
557198125
55758249
557499962
55738224
55718526
55718730
55759131
55738211
557199298
55718827
557798833
557499110
557799172
55718160
557198647
55719973
557199700
55719699
55718338
55779186
557198333
557799191
55758335
557198639
55779147
557599197
55778843
557598813
557198330
55719686
557798875
55718791
557198643
55779967
55759705
55719102
55758145
55759136
55719276
557199241
55779847
557598319
557199290
55758814
557598299
557198851
55719143
55718643
55718192
55749941
55718423
55718747
55758804
55738241
557498849
55758886
557498100
557498858
557198703
55718266
55738895
557198641
557198300
55759154
557598349
55739844
55718792
557399195
557199914
557599271
55739150
55749986
557199922
557499988
55759169
557799858
557798845
557198677
55749985
557199975
557199945
557199716
55739912
55718130
557198862
557598810
55758200
55738143
55718179
55718468
55719138
557499916
55718605
55779837
557598118
55779105
55739970
55719920
557599709
557799163
55749111
557198729
557598352
557199981
55759261
55718235
557198884
55749134
55718312
557199281
557498143
55718630
557598162
557499138
55719294
55758365
557798814
55739815
55718157
557598308
55718121
557198845
557198199
557199681
55718371
557199623
557399806
55719375
55758372
557398878
55718233
55773229
557198294
55718309
557199366
55719318
55778874
557199987
557798129
557198691
557399118
557198372
55719323
55758185
55748845
557198309
557598831
557198386
557199412
557598866
55759115
55758306
557198196
557798866
557198634
557399865
55778819
557499985
557398857
55719714
55758872
55778159
557199228
557598121
55738839
55779170
557799156
55739972
55719295
557198146
557199903
557498801
557799115
55739959
55718536
557399184
55759832
55718308
55739915
55719650
55758279
557198431
55738108
55749114
557199920
557798807
55778849
557199125
55718734
55718150
55739192
55749900
557198188
557199195
557199672
55758190
55719724
557398212
557198810
55718323
55719330
55759282
55779206
557798869
557598843
55749122
557499108
55739942
55718127
55759956
55748861
55739925
55739814
55758876
557198653
557198190
557799984
55718293
557499983
557198866
55758311
557399138
55758202
557399156
557198796
55718355
55738172
557799904
55748855
55718644
557199713
55759928
55719177
557598147
557198275
557198864
55759213
55758228
557198600
557199686
557498110
55748122
557598110
557598113
55749936
55748139
55719369
557398171
55759119
557499105
55738875
557399872
557199616
557498812
557398142
557198617
55779862
55758816
557198731
557198660
557399997
557799171
55739198
55758842
55718407
55718132
55778101
55759235
557599125
55739863
55748856
55718837
55738174
55738189
557498817
557199326
557498126
55759135
55738156
557398154
55718251
557499130
55739151
55718244
557598196
55719740
55779819
55738179
55719954
557398220
557599250
55718215
55759914
557198217
557599224
55718652
55718860
557198709
55718831
557798846
557798139
55738831
557199714
557198289
55718105
557199678
55778142
557198213
55758209
557499931
557398889
55738807
55758245
557399862
55749947
557798842
55718250
55759265
557599109
557599286
55718377
557198382
557199643
557399967
557799919
557399803
557799182
55719217
55718848
557399817
55718711
55748858
557799952
557799205
557399159
557199258
557399972
55759939
557398241
557398115
55748108
55759227
55779955
557198195
55759209
557499196
55718531
55718376
557198638
55748834
557598109
557198889
557198743
557499917
55719380
557399849
55779178
557398834
55749133
557398862
55759255
557198701
55738153
557198816
55718819
557199192
557198136
55758136
557398125
55738826
55779820
557599182
55718101
557598853
55718538
55739864
55718131
55778134
557399173
557598812
55759186
55718401
557598364
557499978
557598141
55759223
557798102
55748125
55749904
557499900
557799827
557499148
55738872
557799903
557798836
55758875
55758154
55759113
557199689
55778111
557498111
55748146
557599705
557499979
557598824
55738227
557199708
557598333
55758805
55779803
557799848
55778129
557198869
557198428
557198674
557399153
55739194
55718771
55719697
55738133
557399943
557399835
55738834
557198763
557599266
55713283
557598883
557799212
557398159
557198899
55758861
557398181
55718176
557199960
55779995
557199619
557198822
55719934
557598182
55759150
557398158
557199115
557198306
557198311
55718324
557198740
55779905
55778153
55778813
557199262
557799117
55719195
55718240
55759895
55719135
55738887
55759240
55778162
557199961
557198802
557198116
557498803
557198723
557198618
557598207
55778871
55718866
557398146
557398196
55759236
557498825
55758139
55718814
55738251
557799926
557599134
557598170
55738877
55718775
557498144
557598103
55749101
55779951
557599115
55718815
55738139
557198688
557398838
55719944
55718306
55718548
55739156
557799829
557499996
55738205
557199696
55719310
55758143
55749119
557198105
55739984
55779171
55738130
55758146
55748827
55748809
557799824
55739136
55779702
557498124
557599217
557399945
55719626
55759130
557399123
55779208
55718772
557799837
557199257
55739841
55759891
557199261
55719342
55719983
557399120
55749931
55718122
557799866
55718794
557498857
55779187
55718770
557399151
557798119
55759954
55759140
55749972
557398236
557199277
557799959
55779940
55719108
557199659
557798877
55719251
557199233
55759807
55758809
55718311
55739124
557199652
55758269
55758152
557399979
557398897
55738193
557599274
55739808
55718372
557199236
557799943
557198809
557798841
557199201
55759190
55718317
55718424
55739805
557598201
55738221
55778167
557799825
55749198
55738222
55718612
55718350
557198679
55719205
557598808
557199119
557199164
557198303
557398883
557399101
55758102
557499939
55739182
557598859
55718715
557799125
557198385
557198687
55719957
55718447
55718871
55749191
557599251
55718674
557599160
557499114
557199187
557499991
55718247
557499975
557798107
55758307
55719130
557199198
55718662
55718358
55739166
557399999
557398148
55739909
557599707
55719132
557799801
55759262
55718699
557799201
55718148
55718448
55759184
55718796
55713611
557599249
55779103
557198307
55719706
55758897
557599112
55738819
55719123
557198507
557199741
55779996
55718682
55718695
557598338
55748846
55748118
55748813
55719373
55779158
55749950
557799194
557799162
557198891
55738217
557799155
557799875
55758324
557799153
557198800
557198789
55738878
557499995
55718142
55759978
557199339
557398248
557399840
557599137
55738152
557598286
557198795
557799210
55738801
55759241
557198881
55739172
557499949
55759864
55738848
55739872
55779101
557798116
557498116
55718403
557399976
557198760
55719127
55719140
557198807
55718220
55738202
557199111
55719987
55718893
55759161
55758807
557199687
55719267
557399132
557399146
557599295
55718100
55719613
557398167
557198286
55779970
557598100
55719941
557598838
557498141
55779959
55719945
55739163
557499970
557199964
557799857
557398898
55759845
55779198
55779137
55759164
557198712
55759219
557399808
55758840
557499902
55718429
55739857
55719690
55719702
55718600
55718273
557599235
557499984
557198102
55759117
557198678
557198680
55719635
55718387
55718688
55739193
557598169
557598842
557399139
55739115
557199729
557398239
557399841
55748819
55718343
557199143
55779872
557798125
557198319
55778143
557198203
55759122
557199121
557199919
557598157
557198614
557199220
557199333
55739836
55778105
55759260
557198506
557799100
557798105
55739867
557198742
557199989
557399915
55778837
557599710
55718282
557198885
55779163
557799203
55719988
55779832
55718329
557198147
557599140
55778847
557598882
55749971
55719947
557598347
55749807
55758285
557398203
557198106
557499808
557798848
55739983
55779875
55748829
55718754
55719716
55719620
55719687
55758889
55759820
557599257
55779833
557499906
55718632
55758855
557199265
55718191
55719648
557599238
557399869
55759709
557399994
55749918
55749106
55758148
55718620
55718141
55778124
55738178
55759166
557399909
55779169
55749980
55718425
557799817
557499804
557399810
557599154
55738822
55718692
557198722
55718855
557499910
557598833
557798145
55779974
557198708
55749903
557598275
55758112
557198357
55718616
55739835
557799121
55738816
55719655
55748119
557499919
55719621
557798121
55718749
55738856
55779874
55778149
557199311
55758334
55719249
557398173
557399164
557199301
557199660
55758163
55739168
55758817
55759226
557599221
557798122
55758371
557498127
55779865
557199633
55719279
55759106
557398147
557499923
557399958
55738151
55719271
55738171
557599121
557598346
557399845
557399169
55718449
557199627
55718156
55718188
557199358
55758130
55718313
55773628
557398864
55738896
55779913
557799944
557199155
557399192
55738201
55719224
557199372
557499905
55739949
55759132
557198791
55739802
557198738
557498836
55738867
55738100
55718510
55718679
55719970
55749913
55759948
55719665
557198192
55738866
55739862
