55449716
55429992
55459973
55438849
55418413
55429859
55419865
55459142
55439866
55438439
55429914
55418740
55449948
55438841
55428887
55439691
55419623
55419936
55419570
55439162
55448812
55449158
55419678
55419768
55419891
55449710
55418763
55439968
55418854
55449901
55418729
55469119
55439663
55469109
55419878
55459942
55429983
55449708
55429828
55449984
55429814
55449997
55418448
55439993
55459909
55468406
55459106
55438856
55438436
55418724
55419828
55449905
55439619
55439867
55419866
55438427
55419959
55449858
55449734
55449991
55459938
55439686
55419756
55439694
55419602
55458428
55449878
55468421
55419241
55438455
55418431
55469937
55419536
55419949
55429848
55419932
55439170
55419599
55449761
55449717
55449147
55419538
55418899
55419506
55439837
55439653
55419123
55419184
55459819
55469133
55459810
55418831
55459826
55449813
55439678
55439825
55449718
55429154
55419644
55419839
55468415
55458810
55439664
55437400
55459831
55438429
55458811
55419825
55458406
55469902
55449802
55439864
55459960
55419917
55419725
55459143
55419639
55419761
55419872
55429800
55439190
55418408
55468400
55429973
55419709
55428423
55449942
55419729
55419186
55419943
55439633
55448429
55419762
55419966
55429943
55439623
55439637
55439981
55419791
55449943
55448402
55438405
55439682
55429864
55459997
55419642
55449112
55418833
55449876
55419143
55459802
55439814
55419730
55429845
55459125
55418486
55438824
55419561
55468811
55419531
55469905
55439611
55428812
55419782
55419759
55419139
55419881
55459914
55439985
55458823
55429937
55418877
55438447
55429117
55449121
55439103
55439952
55429847
55448438
55419576
55419113
55459940
55418820
55429812
55448828
554592001
55449146
55418848
55449107
55429861
55429949
55439850
55449887
55449810
55449877
55419965
55418722
55419567
55459830
55449885
55418896
55419958
55419573
55449774
55419529
55439868
55449859
55449989
55429867
55449765
55459848
55459998
55449974
55448422
55429804
55419982
55439961
55429862
55449814
55419887
55429921
55459952
55468813
55449904
55459910
55459941
55428409
55449745
55449999
55449752
55448867
55439903
55459920
55449923
55429810
55439909
55419723
55419232
55429954
55418861
55469901
55458825
55459827
55419769
55419710
55419795
55448449
55439802
55419545
55429938
55449709
55428802
55418526
55429841
55419129
55418742
55449892
55459850
55459132
55419164
554192004
55419526
55428865
55449827
55428401
55429919
55439609
55459931
55439606
55419764
55429991
55428871
55419701
55419650
55423625
55459816
55459137
55439811
55449954
55438435
55449125
55418468
55428428
55419542
55429872
55439157
55438451
55429972
55449843
55419721
55459114
55459962
55439195
55459118
55459837
55419251
55449771
55429925
55429839
55419142
55419188
55438414
55419590
55439648
55439976
55459800
55439676
55439838
55418857
55429871
55418738
55449735
55419205
55469906
55419715
55469925
55459911
55429151
55419873
55449124
55419977
55419667
55449990
55449960
55448436
55419577
55459844
55449736
55458405
55448428
55429102
55429874
55419601
55419586
55469981
55429873
55439643
55448801
55439672
55459107
55439905
55459860
55459832
55439603
55469934
55459992
55419117
55439188
55449753
55418805
55429936
55439933
55469131
55419591
55459861
55439965
55448419
55438488
55419278
55419153
55449881
55429838
55458415
55439900
55449969
55418862
55439803
55449906
55419919
55419773
55419790
55448818
55429802
55448823
55429846
55419593
55419800
55429948
55448800
55449931
55459972
55419276
55438422
55418838
55419827
55459943
55439963
55429858
55459912
55419968
55469116
55428439
55469917
55428803
55419702
55459951
55439174
55418506
55419609
55449809
55419855
55429993
55439987
55418762
55449830
55449896
55419844
55439622
55449138
55448868
55449914
55449871
55459982
55418839
55419501
55449816
55458431
55428443
55413092
55419902
55439918
55419662
55429869
55419533
55429840
55419632
55459953
55448816
55418475
55419270
55419934
55429927
55418900
55428845
55419916
55419641
55458429
55419814
55418421
55419711
55418750
55419213
55419803
55449963
55428444
55419981
55419767
55419627
55469930
55418837
55429816
55449962
55459935
55449938
55449178
55419633
55449988
55418531
55439116
55418781
55449719
55419818
55429825
55439696
55418886
55429159
55449869
55438487
55419115
55419596
55419600
55419890
55439604
55419923
55429805
55439600
55438837
55469973
55469931
55419290
55449118
55439927
55448802
55429957
55419817
55439149
55449770
55429868
55419578
55459801
55449755
55439630
55428869
55429929
55419801
55459996
55419283
55449750
55419898
55429946
55458809
55419634
55419976
55469115
55419928
55449884
55439978
55419997
55419903
55419904
55438477
55418715
55419571
55419112
55469984
55439954
55419732
55449908
55429832
55449825
55439661
55449166
55469971
55459921
55449979
55419864
55459902
55419272
55429808
55419971
55439635
55449767
55439910
55439843
55458804
55469904
55429908
55449911
55449819
55429843
55449822
55458407
55438492
55449742
55458422
55449173
55449845
55419918
55419691
55449776
55419990
55419144
55419262
55419178
55438832
55419255
55419868
55418889
55448860
55419942
55439807
55429920
55439974
55459815
55419118
55419870
55449949
55419194
55459158
55418788
55418752
55459851
55429113
55449873
55419621
55428837
55429979
55458402
55419598
55419595
55439669
55448408
55439627
55449987
55418850
55419566
55459936
55439615
55419722
55449179
55459934
55419674
55449854
55439919
55459839
55428442
55458808
55419886
55449926
55418888
55448854
55419111
55439685
55449739
55439692
55439958
55449837
55439665
55449986
55439185
55439856
55429152
55419945
55449153
55459803
55449156
55438485
55439110
55419514
55459928
55419700
55428808
55469900
55419582
55419874
55449955
55439140
55459154
55439164
55459805
55419646
55439960
55419889
55449848
55429855
55429905
55439966
55438800
55418410
55449726
55419716
55449737
55469921
55419528
55459908
55429923
55418849
55429833
55439962
55439645
55419629
55418489
55419157
55468808
55419815
55419694
55459829
55459807
55439626
55419681
55439667
55429809
55419661
55419607
55418825
55469982
55418533
55469926
55449985
55419169
55418505
55459967
55449812
55439874
55468810
55419616
55459109
55449806
55439683
55419530
55448841
55419257
55419843
55418404
55418455
55449772
55448433
55419277
55419562
55419996
55418882
55418712
55448441
55449117
55419588
55459929
55449804
55418760
55449846
55419554
55448426
55419652
55429822
55469933
55449836
55449866
55449922
55418797
55419233
55418416
55419675
55429834
55419581
55419527
55439156
55439671
55429917
55419947
55449741
55418449
55468404
55419706
55428435
55439831
55429915
55429823
55419136
55419897
55458412
55419521
55459995
55449747
55419777
55469103
55449898
55449912
55459969
554593300
55459824
55449970
55429830
55449933
55449966
55419713
55419969
55448459
55418441
55449106
55469104
55428408
55459828
55419517
55469977
55418501
55419698
55418711
55419867
55418853
55449993
55419893
55439117
55418800
55449919
55419823
55438809
55419841
55439616
55459835
55439934
55469101
55428825
55449870
55439922
55419869
55448431
55429821
55438820
55449738
55419920
55449888
55418515
55448409
55418860
55449700
55419254
55458818
55439928
55419994
55419147
55458802
55419154
55418827
55419177
55418538
55449723
55439869
55439655
55439926
55459901
55469976
55459112
55459840
55419905
55429863
55439640
55439114
55459986
55418452
55429127
55419256
55419703
55429944
55419899
55439829
55429831
55428819
55418471
55419744
55419146
55439975
55449940
55429994
55459809
55419654
55439998
55419740
55439932
55429860
55429984
55459966
55419847
55459804
55459999
55449996
55439835
55429912
55429870
55419763
55459126
55418511
55429811
55429857
55419535
55419731
55418400
55429123
55419826
55428855
55418902
55449182
55449826
55459846
55449947
55439654
55459971
55439872
55428434
55418804
55428859
55419161
55449707
55419138
55448835
55419863
55439688
55418866
55459822
55449930
55419626
55439844
55429852
55439610
55419683
55458817
55419697
55419924
55439980
55469113
55459923
55419907
55469127
55419901
55418887
55439969
554293300
55459963
55428883
55459919
55418476
55449803
55449850
55419688
55429875
55428412
55449114
55419228
55419502
55419984
55449839
55419564
55449732
55459906
55449879
55418401
55459838
55438483
55419648
55429866
554193300
55429836
55439826
55439951
55459975
55439628
55449154
55419513
55419778
55429837
55419238
55449856
55439917
55439689
55439959
55419908
55419560
55419686
55429115
55419680
55449951
55429958
55449165
55419509
55419218
55419926
55418876
55459818
55449824
55469909
55439810
55469915
55429103
55428815
55449751
554292000
55429989
55449163
55459991
55419549
55449857
55419695
55419774
55459978
55459845
55439152
55419967
55418518
55418869
55418485
55419720
55418885
55429966
55439983
55419871
55429922
55449731
55439651
55419219
55428856
55439935
55459947
55439674
55438822
55449749
55419221
55419541
55419229
55439865
55469924
55459904
55419986
55459926
55438476
55438847
55439163
55439605
55438854
55429842
55469920
55419906
55449900
55439119
55439805
55419235
55419735
55418890
55449127
55439820
55439800
55448817
55439642
55419983
55419269
55419975
55459950
55419838
55419649
55419594
55429918
55429933
55429865
55459121
55428823
55438830
55439647
55449743
55449941
55468803
55429945
55419559
55419963
55428874
55429835
55439957
55448843
55459128
55459808
55468809
55418469
55429844
55449828
55458401
55419987
55419640
55438823
55429942
55419948
55418508
55449864
55443259
55459954
55419921
55419551
55439139
55419900
55419753
55418834
55459958
55429985
