55868104
55869998
55898140
55899972
558699470
558698879
55898117
558699449
55899425
55868194
558999404
558698116
558999971
55899475
55869949
558999462
55869511
558699575
558699583
55868814
55868136
558699506
558698811
558698802
55869981
55869492
558999422
558999405
55869436
55868893
558699561
55868113
558699462
55869965
55868803
558698159
558999910
55868179
55869955
55869861
55869905
55868110
55899986
558699505
55868184
55869464
55869483
55869914
55868106
55869924
55868865
558698142
55869802
55869568
55869963
55868885
558999987
55869983
558699919
55869559
558698100
55868123
55869921
558699948
558699585
55898808
55869926
558699430
55868837
55868861
558698158
55899449
55869987
55898104
55899940
55868828
55899904
55899414
558699928
558998127
558698821
558999973
558999907
558699483
55899933
558699591
558698154
55869465
558698874
55869862
558699407
55868892
55869521
55898147
55869525
558699499
55898136
55869844
55899906
55869548
558698828
55869470
55899411
55899416
55868815
55869931
55898137
558698106
55869534
55868182
55868150
558998113
558699932
55869520
55868856
558698817
55898111
558698888
55869977
558699471
55868195
55868167
558999938
558998804
55868190
55898103
55869530
55869585
55899925
55898124
558699541
55868142
55869817
55869497
55869494
55869570
558999936
55899409
558998124
558999406
558698846
558999426
558998100
558699509
558999448
558699523
55869455
558698825
55868130
558699495
558699498
558699570
55898108
558698102
55869430
55869478
55869917
55898142
55868135
558698858
55868161
55869820
558699910
55869948
558698148
558699930
55868872
558699504
558999974
55869828
558999423
55869845
55869404
55898141
55869997
55869982
55869848
55868124
558998121
55869832
55868830
55869418
55899924
55869933
558698847
55868183
55869537
55868114
558999459
55869815
55869487
558698152
558699819
55869452
55899429
558999433
558698801
55868886
55869545
558699441
55869493
55868144
55869996
55868165
558699497
558699403
558698146
558698814
55869863
558698107
55868855
55868816
558698815
55899992
558699802
55899984
558699825
558699821
558699817
558998112
558698812
55869402
558699947
558699594
55869835
558699447
558699431
55899910
55868812
558698122
55869915
558699900
55899464
55868181
558699425
558699405
55868121
558698887
55899994
55898132
558999931
558698852
558699953
55869978
558699569
55868138
558699593
55869453
558999930
558699485
558999912
558998107
55868807
55869472
558698855
55898116
558999919
558699460
558999904
55898812
558698130
55898139
558998148
55869581
55869451
55868129
55869911
558699812
558999472
558698819
55868117
558698841
558999461
55898809
55898125
558699400
55898815
55862106
558998808
558699582
558999427
558699587
558699931
55869413
55869400
558698156
55869459
558999924
558698135
558998119
55898819
558999469
55869988
55869939
558999436
558698853
558699426
558699913
55868125
558699558
55869842
55868132
55868155
55898122
558999937
55869991
558699954
55869522
55899456
55868147
55868864
55869813
558699807
558999466
55868804
55869908
558998807
558999449
558999939
558698109
55869822
558999456
558698857
55869838
558999929
558699415
558699908
55869928
55869918
55869445
55869801
558699820
55869529
55898134
558699588
558999925
558699592
55899976
558699550
558699540
558698862
558698851
55869490
558699943
558699573
558699511
558699925
55869902
55868173
558699547
55869509
55899942
55899473
558699448
55869406
55899400
558999933
558699800
55899426
55869990
558699496
558999935
55868166
55869414
558698161
55869588
55898113
558698164
55869925
55899901
55869929
55869966
558698822
558698150
55899934
558699552
55869912
558999983
55869407
55869513
558999914
55898115
558999917
558998103
55898129
55869586
55869994
558999928
558999474
55899932
558999903
558699584
558699401
558699902
558999981
55869935
558698883
558999407
558698131
55868895
558699494
55868109
55868159
55899410
55899404
558699464
55868133
558698121
55869564
558998122
55869976
558699545
55869839
558999975
55869433
558699423
558999416
55868891
558698110
55869958
55899903
558699414
558699901
558999409
558999997
55869855
55869927
55899921
55868143
558698886
55898823
558699828
558699929
55869544
55869589
558699951
55869552
558699595
558699440
558699492
55899938
55898803
558699557
558999446
558699805
55869540
55868191
558999463
55899442
558999926
55869810
558999400
55869435
558698882
55899902
55869864
558998811
55899914
55868178
55898118
55899917
55869467
558699417
55869471
558699559
55869992
558699524
558699574
55899407
558999901
558699490
558998130
55899457
558698833
55868834
558699519
558699475
558699822
558698876
558999415
55869582
55868850
55869486
558999454
558699420
55869974
558699421
55868116
558698854
558699554
55869515
55868192
55868878
558699532
55869960
55869502
558999900
55899930
55869930
558998116
55898144
55868817
55869426
558699905
558998819
55869468
55869866
55898146
55899423
55869803
55899944
55869551
558699445
55868107
55898121
55868169
558698829
55869463
55869834
558699551
558699942
558999431
55869811
55869528
558699487
558699453
558698835
55868153
558699560
55868158
55869824
55869479
558699914
55869460
558999460
55869592
558699450
55898119
55869563
558999430
55869910
55868152
558999920
558699567
55869475
558699478
558998812
55898112
558998802
55869944
558698869
55869438
55899978
55869527
55898110
55869558
55898106
55868174
55868820
55869846
55868810
558698878
55898821
558699459
55869485
558699438
55899403
558999911
558999927
55869441
558699454
558999421
55899451
55869909
55868180
558698881
558698827
55899401
558699489
55869591
55869986
558698119
55899919
558699521
558998104
55868120
558698824
558698842
55898100
558699824
558999908
55869566
55899445
558999441
558699491
55897400
55898135
55869474
558699946
558998128
558699903
55898813
55898143
55899408
558699455
55899946
558998814
558699568
55899989
558998145
55869932
55869457
55899412
55869805
558698818
55899417
558699829
55869541
55869506
55899463
558698837
558698114
55869922
55869554
55868186
55869446
558698108
55869503
55869825
55869440
558699469
558698864
55899926
558999452
55899460
558699955
55899424
55869533
558698873
558998129
558699538
55899433
558999471
55899988
55869584
55868882
558999457
55869913
55869408
55869538
55869567
55869536
558698151
558698144
558699427
558699439
558699513
55898130
558699419
558699461
55868122
55869903
55868889
55869860
558699596
558698137
55869444
55868185
558699952
55869858
558698153
558699503
55898148
55899430
55869945
55869936
55868164
55868148
55869447
55869415
558698863
55898138
558698124
55869539
55869938
55898123
55869919
558699809
55899909
55899928
55869489
55899468
558999417
558698136
55899418
55869587
558998108
55868193
55869850
558699402
55868823
558999982
55899459
55868141
55899435
55869594
55868176
55869954
55869847
558999475
55869448
55868822
55899987
55899918
558998818
55899413
55899428
55899420
55869957
558999410
55868134
558999447
55899419
55869405
55868177
558699422
55898145
558699927
55869973
55869829
558699562
558999424
558998125
558999458
55869593
558999412
55869561
558998114
55899439
558699818
55869968
558699466
558998115
55899908
55869831
55869454
55869934
55869423
55899912
558692001
55869557
55869812
55899900
558999916
558699826
55869409
55868862
558999979
55869859
55869450
55868102
55898114
558999453
55869941
55869816
55868869
558999934
55899458
558699517
55868175
55899431
558699467
558999413
55869940
55869505
558699911
558699412
558998118
558698839
55869519
55869999
55868154
55869496
55868118
558999450
55869532
558999439
55898105
55899979
55869900
558698160
55899432
55869580
558698101
55869550
55869512
558999972
558699912
558699530
558999465
55869510
558699546
558698104
55869950
55868847
558693300
558699915
55899466
55899973
55868168
558698866
558699816
55898107
55898818
558699452
558699424
55868127
558699502
55898822
558699443
558998126
55869804
55899402
55869498
55868840
55869583
55868874
55869995
558999414
55868808
55868187
558698134
55868100
55869461
558699916
55868887
55868103
558699484
55869841
558699548
558699920
55899913
558699535
55899452
55899935
558698105
55869956
55899947
55869491
55869865
55898120
558998147
558699811
55899975
558699935
558998101
558699553
55899434
558998106
55869942
55868844
558698112
55899941
55869480
558698809
558699474
558999432
55899448
558699944
55898109
558699536
55899465
558698816
55898807
558999455
55868149
55869524
558698823
55868809
558999905
55869807
558999932
558699565
55869429
55869411
558999434
55899472
558699411
558699525
558999443
55898128
558999918
55868883
55869488
55869417
558698138
55869819
55868875
558698117
558699518
55868824
558698125
55899931
558999428
55869901
558699815
55868888
558699514
558999440
558699409
55869565
558999470
55869481
558698115
55899415
558699472
558699544
55898811
558699933
55869427
558699408
558699480
558699493
558999986
558699542
55899470
558698113
55869562
558699937
55869482
558699435
558698865
558698147
55869849
55868137
558699406
55868111
55869542
55868876
558699516
55869809
55869575
55869516
558699589
55869907
55899911
55869818
55899450
55869598
558698149
55869984
558698127
55899454
558699814
558699936
558698163
558999429
55869526
55868859
558998816
55898802
55898805
558692000
55869571
55899907
558699529
558998111
558699436
558699922
558698141
558699586
55898817
55869573
55869410
55868171
558698132
55899915
55868128
55899453
55868163
55869833
558699810
55899447
55869403
558699926
55869443
55868160
55868853
558699413
558699442
558699590
55899981
558699531
55869439
558699416
558699918
55869549
55899974
558699433
55868115
55869442
55869800
558999418
558699437
558698872
55869989
55868839
55869843
55898825
558999988
55868188
55868881
55869421
55899469
558699434
558699907
558699566
558699463
558999468
55868866
558999408
558699465
558998123
55869596
558699537
55869531
55869428
55869595
558699428
55868841
558999411
558998102
55899422
558999451
55868821
558698884
55869851
558699501
558699468
55869964
55869555
55868189
558998813
558998809
558698885
558698877
558699479
55899983
55899927
55868108
558699522
558698831
55868806
55869953
55899455
55869951
558999437
55869456
55899937
55899982
55869504
558698844
558699909
558699543
55869572
55869840
55868833
558699457
558699556
55899936
558699801
558699549
558999401
558699806
55868101
558698157
55869484
55898102
55869501
558698129
55869962
55869967
55869916
55868146
558699924
55868151
55863218
55869961
558699950
55869523
558699598
55869806
55869808
55868819
558699429
558998146
55899441
55899993
558999403
558699940
55898101
55899939
558999445
558699410
55869424
558699808
55869449
55869985
558698848
558699938
55899471
55869969
558698155
55869416
558699823
55899440
558698123
55869466
558699404
55868858
55868843
55868842
55869546
55898814
55869508
55869943
55869906
558998803
55869597
558699803
55869458
55869431
55898133
55868170
55899905
55868829
558998817
55868825
55869517
55868831
55868867
55868896
55899916
55868172
55869553
558998117
558699564
558999906
558699534
558698834
55898126
558699804
558698111
55899971
55868848
55868802
55868126
558699481
558699432
55869560
558699488
55899461
55869518
55869904
55869499
55868863
55869412
558999435
55899437
55899991
558699418
558699482
55869826
558999921
55868851
558698118
55869514
558999915
55868801
55869462
558698867
55899446
558999444
55868827
55899406
55869432
558698120
558699813
55899405
55869920
558998120
55869867
55868894
55898826
55869556
55869500
558698843
55869477
558699533
55868105
558699500
558699520
55899436
558699444
55868852
558699477
55899444
55868112
558699934
558698856
558998109
55868897
55869574
55868811
55869852
55898127
55868877
55899977
558999464
55899443
558698813
55868131
55899990
558699904
55869535
558699510
55899427
55869422
558698128
55869425
558999977
558999922
55868119
55899920
558699939
55869937
558699456
558699571
558698103
55869473
558699515
55898131
55899462
558699446
558699921
558699563
558699458
55869959
55869434
558998110
558699476
55868157
55868835
55898816
558699906
55869476
55899997
558699527
558999909
55868156
558699956
558999438
55868873
558698133
55869543
55869420
55899985
558699528
55868854
55869579
558698143
558699555
55899421
55869947
55869827
55869469
55869830
558998815
558999402
558999467
558699827
558999420
558699526
558999425
558698859
558699512
55869401
558699597
558699539
55869823
558698875
55868818
55868846
55868879
558699486
55899929
558999902
55868805
558698126
558998805
55868884
55868857
55869569
55869590
55869970
558699941
558699473
55898804
55869821
55899438
55869814
55869547
558698861
558699508
55869419
558699451
558998105
55868800
558699917
55899467
55899474
55869495
55899922
558999442
558999913
558999473
558699572
55868813
55869437
55869952
55869946
