55318773
55318595
55319751
55389804
55359136
55319816
55349123
55349680
55339830
55318657
55338453
55329177
55328889
55318955
55319651
55349769
55359704
55349895
55339907
55328510
55379967
55329827
55359147
55317158
55318743
55319647
55318764
55359716
55379801
55378801
55358867
55349798
55319333
55389910
55389114
55338882
55348402
55349255
55318648
55389968
55319531
55339930
55319951
55319832
55328402
55389728
55318337
55359882
55389201
55389862
55359954
55319415
55317133
55319430
55339922
55319986
55339941
55319424
55328895
55339945
55319324
55317525
55389172
55359852
55338412
55319635
55339803
55349214
55319680
55317165
55349310
55317199
55359844
55317502
55319929
55389725
55348853
55349233
55389809
55317142
55319921
55329950
55379815
55317166
55359246
55359960
55379841
55339808
55319569
55319601
55378411
55359816
55379867
55318664
55338436
55318493
55318834
55389256
55318523
55319562
55317206
55359939
55359250
55349822
55329982
55318704
55319216
55339917
55319911
55349837
55329989
55338826
55359930
55349940
55319994
55319669
55389976
55338880
55328816
55319392
55319990
55319382
55318445
55339925
55319895
55379110
55339805
55389738
55319111
55389885
55389857
55389122
55318888
55319975
55349187
55328406
55348804
55359912
55339810
55338731
55358432
55338801
55389897
55338899
55349209
55318839
55389822
55318698
55389121
55349869
55389745
55359988
55319239
55319776
55329802
55389846
55349167
55318716
55349317
55358708
55338400
55318449
55359223
55328821
55318301
55329942
55318329
55389740
55318215
55338855
55379136
55317114
55349880
55339940
55318633
55328854
55317533
55319543
55389903
55359708
55389838
55319618
55349813
55317150
55319778
55318813
55359970
55318694
55318414
55339969
55349799
55358403
55318547
55319772
55359734
55319408
55388817
55349239
55339973
55359123
55379811
55319952
55389972
55319379
55319158
55329834
55349308
55389200
55388822
55339852
55359976
55319667
55329948
55339915
55349244
55359713
55359840
55349978
55319130
55329947
55389826
55318756
55318333
55339992
55339974
55318904
55348877
55349153
55329813
55349941
55379972
55358408
55318325
55318372
55338406
55317564
55339903
55319328
55319758
55329913
55343215
55329804
55328513
55319186
55318356
55328435
55359766
55349820
55389739
55349955
55379986
55319596
55389931
55319114
55389199
55348423
55359268
55318703
55318640
55339985
55379826
55389818
55389834
55319587
55339819
55338718
55389863
55318767
55319812
55348829
55348874
55318361
55319240
55389944
55318736
55379856
55378832
55359113
55359958
55358821
55319885
55359210
55317180
55319519
55319862
55388804
55319902
55359217
55319889
55349875
55318501
55318332
55318873
55389806
55329958
55389741
55389855
55319104
55319330
55349708
55359737
55329176
55349773
55319730
55359863
55359813
55359951
55389238
55318594
55349235
55338842
55338749
55319571
55388401
55328414
55318323
55319417
55389911
55389874
55318015
55318717
55318847
55318651
55319214
55349995
55389197
55339950
55318348
55318374
55389940
55318870
55389947
55339926
55319781
55319974
55319637
55389983
55359828
55339131
55389235
55319267
55319798
55359861
55338856
55319753
55319716
55389842
55319649
55317146
55388807
55318845
55339912
55319945
55319866
55319864
55339972
55349200
55319809
55318270
55329923
55359913
55378822
55379994
55319505
55338898
55359938
55339142
55338834
55349864
55318933
55339146
55349108
55318960
55358711
55339936
55349763
55329828
55317181
55329931
55329844
55389978
55379970
55317510
55319942
55379949
55349811
55318621
55349967
55339845
55318410
55318460
55389812
55317513
55318272
55348803
55388866
55319810
55349205
55389833
55389727
55317317
55328812
55338897
55339978
55319757
55319117
55389105
55349670
55319607
55389916
55379992
55319749
55328861
55359902
55329951
55318287
55318539
55318688
55317544
55348424
55318655
55328804
55349992
55318654
55318637
55358434
55318428
55319281
55329945
55349922
55319223
55317576
55348417
55339159
55389955
55318614
55379151
55328866
55388433
55319388
55389869
55319376
55319516
55318026
55319603
55359924
55339130
55318636
55339840
55318413
55349248
55329906
55378847
55379660
55339935
55349632
55328860
55349956
55318519
55329940
55379956
55349797
55318929
55359971
55318702
55328898
55319856
55328845
55318385
55319500
55313328
55319391
55328842
55319334
55338808
55329921
55389917
55319403
55359822
55389204
55318253
55328478
55319662
55388835
55319337
55359740
55389851
55319311
55338828
55338426
55338895
55328822
55349834
55318762
55318851
55317596
55338822
55359731
55328423
55338825
55318719
55319877
55319823
55318339
55319393
55359139
55358889
55317179
55319671
55338459
55329994
55317178
55339928
55319591
55319754
55313350
55318865
55359751
55319697
55318930
55318607
55358423
55319563
55348815
55319526
55359806
55339867
55339902
55389918
55359145
55319539
55338833
55359705
55359821
55318661
55389988
55389748
55317102
55359116
55319161
55319329
55348845
55319956
55379948
55389802
55379832
55349639
55328873
55319915
55319624
55318853
55339951
55318804
55317170
55359837
55349696
55349225
55317173
55329981
55339817
55338707
55358859
55319402
55359131
55349916
55318566
55319348
55389865
55318907
55349830
55359702
55339145
55349136
55359909
55339198
55318798
55328876
55339861
55319450
55317524
55348413
55318892
55319119
55318794
55389950
55318911
55318543
55359706
55319790
55317107
55318522
55319168
55388864
55318506
55319554
55388846
55338418
55349988
55339800
55389732
55359997
55318950
55318776
55319209
55319727
55318353
55389271
55329902
55318616
55359205
55317311
55379929
55349981
55319654
55319162
55338413
55359831
55318201
55319219
55359922
55389963
55389162
55389803
55389934
55378805
55359756
55349210
55349118
55349630
55359723
55359726
55319512
55318838
55318965
55349687
55318711
55339812
55328843
55319830
55319943
55329108
55318914
55359918
55319528
55319656
55318324
55389871
55319372
55329903
55358802
55359762
55319691
55349979
55379984
55389921
55319553
55359190
55339863
55349871
55349150
55349199
55388855
55359721
55319422
55328434
55338809
55319645
55359200
55319103
55329952
55389890
55339916
55319689
55389938
55328421
55319961
55379954
55318976
55349891
55318516
55318101
55349164
55319616
55318766
55379858
55318596
55379945
55359671
55318974
55329831
55318230
55318503
55328474
55379975
55329119
55389250
55339956
55319717
55318570
55359733
55379158
55317191
55319794
55359948
55329830
55319938
55338419
55319326
55319941
55339839
55339856
55349951
55389892
55349767
55339982
55318625
55318521
55338850
55339132
55318589
55349339
55349983
55389813
55349262
55348425
55329911
55319467
55389744
55349868
55328803
55379987
55319868
55329851
55318282
55349887
55318505
55318818
55319884
55339962
55317123
55328837
55319416
55318334
55318645
55349282
55389113
55359277
55319237
55389118
55349253
55319199
55359112
55349789
55319518
55317185
553592000
55319570
55389909
55348407
55358841
55318461
55318821
55318918
55338443
55328832
55318118
55317400
55389207
55318883
55317116
55328811
55389269
55339953
55338845
55349805
55359274
55339199
55319999
55379870
55348879
55319205
55318850
55318819
55389742
55328896
55359191
55319896
55329907
55339837
55319939
55349240
553393300
55329832
55358437
55389807
55319506
55318597
55388848
55319922
55319774
55319229
55389815
55329937
55339849
55318512
55359957
55318417
55318107
55349676
55339977
55318115
55329836
55359150
55319510
55319873
55338878
55338857
55359987
55349835
55359974
55349682
55349958
55329109
55319190
55318932
55339835
55328833
55379663
55338401
55379779
55389864
55319949
55359736
55339914
55319407
55338713
55389848
55339853
55318972
55389737
55318875
55349893
55318468
55358846
55319213
55389109
55319552
55349996
55329972
55318947
55328704
55319468
55359928
55378851
55318693
55328863
55317358
55318872
55389884
55319171
55358701
55349176
55317313
55329144
55379861
55318771
55329930
55378839
55317186
55329986
55318487
55318772
55319258
55319906
55349964
55338730
55359991
55339994
55389811
55319513
55339855
55328874
55389942
55318638
55379982
55389219
55318488
55328469
55389191
55389831
55338811
55349863
55319499
55328443
55358849
55379909
55319723
55328878
55338886
55318470
55329990
55319515
55319927
55349661
55339818
55359884
55358815
55319375
55348438
55329125
55389962
55318390
55338854
55318855
55359917
55358704
55339116
55349130
55317340
55319679
55318898
55319925
55348849
55359272
55339900
55319955
55319960
55318567
55389849
55319118
55318486
55359701
55388856
55338429
55338843
55318518
55318317
55319966
55389111
55389214
55319930
55319581
55389967
55389927
55339991
55319441
55359833
55318989
55318964
55359855
55318713
55317339
55328480
55359820
55389828
55379923
55389882
55338884
55318896
55318612
55389853
55358885
55339847
55349669
55349306
55319890
55349904
55338892
55349134
55318714
55319220
55329838
55338726
55328862
55379135
55379805
55388408
55319548
55349636
55338729
55317353
55318273
55349985
55317310
55329928
55358865
55329915
55338414
55359719
55389749
55319169
55359967
55319405
55319314
55329117
55328868
55319167
55329954
55359738
55319244
55319702
55317162
55317155
55339944
55389879
55319663
55359989
55318398
55359985
55317350
55339961
55329803
55319731
55319681
55359267
55359921
55318017
55349796
55318574
55359730
55318021
55359925
55379904
55319811
55317125
55379834
55317341
55379914
55318354
55379869
55317595
55348843
55319814
55319356
55349816
55378848
55319722
55389925
55319721
55319953
55318909
55329973
55329920
55379927
55318709
55318120
55319154
55318795
55349642
55317131
55328819
55358881
55349171
55329809
55359877
55319762
55359759
55328507
55358406
55349711
55339823
55318641
55379821
55318233
55318412
55359141
55318675
55339137
55338408
55349984
55319685
55328450
55319120
55328477
55359127
55319954
55329997
55319131
55339942
55329153
55319765
55339939
55319196
55319307
55359201
55359228
55319834
55339828
55319398
55339984
55318725
55388801
55319406
55389930
55328488
55329918
55379937
55389961
55318959
55329130
55379876
55339987
55359869
55389747
55379959
55378828
55339971
55319383
55359125
55389731
55319488
55389825
55349776
55319824
55359927
55329975
55389859
55349827
55318367
55319737
55319623
55328449
55349156
55379966
55379808
55329914
55379924
55328823
55319926
55338839
55349222
55328442
55349664
55339904
55349258
55339848
55319881
55318211
55338848
55389844
55318436
55349654
55318679
55359851
55389966
55388808
55319825
55319339
55318852
55389153
55389996
55318990
55329978
55318970
55358886
55349921
55359748
55379978
55389730
55389217
55318024
55348404
55358848
55329941
55318934
55319522
55318695
55338853
55358868
55319720
55379977
55319149
55389957
55319610
55319857
55339854
55389146
55379173
55329998
55317561
55339838
55329810
55349815
55318812
55317139
55319484
55319931
55319846
55389941
55328703
55318216
55317572
55349991
55318748
55319957
55338841
55318921
55339806
55329127
55389850
55318886
55359817
55349679
55318326
55318601
55349241
55378821
55339864
55319626
55317163
55359238
55319732
55338840
55349115
55329149
55378808
55319173
55318718
55349204
55358845
55389819
55338881
55339842
55388409
55318906
55359977
55349174
55388824
55389875
55389750
55359900
55319564
55318860
55319602
55379944
55339801
55339802
55318884
55317563
55329180
55349651
55319218
55319574
55359204
55319750
55319813
55318985
55329935
55349699
55349155
55318340
55319474
55358712
55389997
55359911
55389906
55318109
55349841
55348819
55319211
55358826
55358823
55378834
55319892
55358895
55349662
55389145
55319299
55359841
55358828
55319404
55349698
55339955
55388806
55339809
55319891
55319233
55349105
55318727
55379181
55319965
55317558
55317174
55329816
55349120
55319907
55359749
55329146
55339990
55389982
55359750
55359725
55359929
55329131
55317193
55318692
55348876
55389823
55319909
55339865
55359722
55319142
55349897
55349237
55349650
55389801
55317538
55329822
55359219
55348426
55319410
55359870
55379999
55319606
55329926
55329924
55349913
55359904
55338824
55319611
55389852
55318908
55317187
55318532
553192009
55319547
55339946
55389936
55319106
55319584
55348827
55319470
55318406
55318226
55379199
55379144
55319425
55349697
55318935
55339910
55319944
55318536
55349634
55389870
55348411
55379171
55358703
55389970
55349206
55359814
55329823
55349771
55339103
55317128
55359826
55319628
55328479
55379981
55318492
55318722
55329922
55359891
55378833
55389951
55358875
55359768
55317160
55379961
55319913
55359873
55359881
55359955
55389902
55319699
55319706
55349859
55317164
55348406
55339850
55318534
55349994
55349266
55317577
55318905
55319174
55318447
55389878
55349999
55349227
55329839
55349777
55319932
55319530
55318730
55359901
55319982
55329158
55389913
55389908
55389261
55339968
55359767
55389926
55347400
55389973
55359700
55317176
55318815
55338817
55349963
55317144
55328493
55328824
55319541
55319879
55329195
55349114
55338739
55319808
55318108
55389891
55319345
55349965
55338867
55339859
55338827
55349882
55349821
55359853
55319413
55328840
55339929
55359872
55339997
55338454
55319634
55319760
55318781
55319640
55319863
55348409
55359994
55338812
55359996
55317545
55319629
55389830
55339822
55349826
55319789
55379814
55389208
55359732
55359963
55318346
55359273
55318422
55318527
55339921
55359860
55328830
55339826
55319313
55339927
55318239
55319899
55349962
55318483
55318418
55359168
55318779
55329100
55378831
55338877
55319234
55338891
55319560
55317115
55359158
55319316
55319347
55359244
55318968
55318513
55358894
55318313
55318742
55379817
55379951
55349678
55329925
55319621
55349692
55319198
55358864
55318659
55389866
55319317
55318020
55318278
55359745
55359842
55389723
55379953
55329835
55379955
55379831
55317184
55359866
55389932
55317122
55349637
55359729
55359972
55318277
55319989
55319710
55389977
55349939
55319529
55338708
55349683
55319785
55319268
55319978
55318504
55358413
55389102
55348839
55333378
55318969
55379942
55339833
553592001
55319204
55349997
55318952
55318618
55319845
55319288
55349131
55328504
55349133
55319625
55318632
55319742
55339957
55329984
55319719
55319146
55349245
55319342
55318961
55329927
55319192
55388852
55379917
55318358
55339128
55379907
55358836
55379138
55319853
55349906
55318218
55319546
55389971
55319247
55389817
55319937
55389990
55339970
55319336
55319800
553593300
55389987
55389998
55379971
55318982
55389839
55329845
55328487
55359166
55359709
55319815
55379820
55389843
55359867
55318386
55329826
55339834
55319910
55389898
55318849
55318683
55328853
55319660
55319511
55359898
55338819
55389157
55389845
55339986
55329916
55319138
55317100
55328859
55329847
55328831
55389960
55318457
55318897
55328438
55349165
55318835
55319126
55379860
55349946
55359744
55318401
55339804
55359986
55329919
55319736
55319973
55318765
55319746
55389861
55319242
55319703
55379939
55319551
55339923
55318701
55389183
55359209
55329943
55349877
55318828
55359845
55349335
55349251
55319992
55318824
55319919
55358414
55349908
55318869
55349314
55319646
55317101
55329156
55318977
55319262
55389829
55318778
55319940
55319659
55349116
55339815
55349800
55329961
55389923
55339931
55379126
55318956
55319996
55359809
55319480
55329806
55359275
55339943
55359888
55319580
55339825
55358441
55349186
55329966
55328702
55317124
55318022
55319788
55329974
55319442
55358404
55318986
55359915
55359742
55359978
55318899
55329159
55318480
55328869
55319572
55318462
55348808
55379169
55358407
55359968
55318626
55318573
55348854
55359993
55389922
55318114
55319613
55338821
55349236
