558498139
558498636
55849219
558499181
55843654
55849179
55849175
558499927
55849402
558499420
558499616
558499493
558498711
55849168
558499670
55848864
55849142
55849132
55849421
558498734
55849811
558499641
558499139
558499905
558498763
558498111
55849865
55849426
558498875
55849474
55848787
558499624
55849489
55849441
55849224
558499606
55849652
558498121
558499471
55848723
558499910
55849615
55849643
55848736
55849967
55849484
558498773
55848870
55849850
55849681
55848603
558499660
55848887
55849990
55849656
55848753
55848137
558499429
558499452
55849913
55848808
55849921
558498839
558498725
558498150
55849693
55849177
558499946
558498104
55849466
55849858
558499622
558498884
558498169
55849444
55849430
55848734
55849998
55849197
55849473
55849488
558498838
558499694
55848722
558498129
55849609
55849891
55848856
558499480
55849217
55849839
55849699
55848810
55848714
558498160
558498860
55848115
558499120
558498164
55848102
558499404
558498137
558499648
558499414
55849979
55849675
558498798
55849848
558498848
558498787
55849846
558499614
558498758
55848791
55849624
558498896
55848849
558498754
55849145
55849857
55849233
55848897
55848172
558499945
55843064
55848784
558499685
55849210
55849709
55848811
55849685
558499433
558498113
55849949
558498156
55849632
558499914
55849845
55849683
558499684
55849608
55849806
558499486
55849150
55849232
55848820
55848891
558498108
55848189
55849234
55848857
55849183
55849929
55849893
558499942
558498721
55848721
55848748
55849208
558498762
558499407
55849623
558499478
55849463
558499804
55848191
55848708
55849954
55849843
558498703
55848818
55848162
558499190
558499227
55849461
55849924
55848741
55849706
55849639
55848898
55848793
558498777
55848188
55848733
55849134
55849863
558499936
55848893
55848129
55848185
55849960
558498124
55849174
558498785
558498826
55849167
558498114
558498831
55849820
55849464
558498723
558498842
55849440
55849894
55849866
55849470
55849127
558498757
55848744
55849135
558498158
55848806
558499812
558499170
55849431
55849915
558499693
558499482
558498140
55848130
558498737
55849139
558498856
558499957
558499432
55849868
558499174
55849114
55848133
558498748
558499115
55844042
55842130
558499192
558499456
55848101
558499650
558498885
55848834
55848109
55849218
55848782
558498788
558499481
558499671
558499918
558498745
558498633
55849465
55849616
55849480
55848175
55849807
558499105
55849476
558499697
55848869
55848112
55848139
55849666
558499658
55849143
55848776
558499490
55849422
558498824
55848794
55848154
558499603
55848773
558498161
55848754
55849147
558498865
558498716
55848639
55842030
55849690
55849607
558498146
55849958
558499689
558499431
558498897
55849663
55849612
558499959
55849708
55848186
558498776
55849900
558499149
55848749
558498895
55848802
55849165
558499934
55849141
55849206
558499915
55849121
558498151
55848160
55849955
558499211
55848122
55848161
55849222
558499930
55849641
55849491
558499213
55849449
55849216
558499133
55849803
55849160
558499805
55849700
558498606
55849957
55849832
55848107
558499151
558499678
55848821
55849429
55848878
558499223
55848607
558498162
558498793
55849707
558499423
558498877
55849116
55848142
55849969
558498142
55849171
55848844
55849439
558498728
55848141
55849479
558498800
55848881
558498149
55849947
558499405
558499109
55848180
55848853
55849867
55848772
55849914
55849448
55849486
558499954
558499430
55849674
55849977
558499497
55848730
55849155
55848838
55849689
55849933
55848845
558498607
55849661
558498768
55849181
558499646
558498771
55849962
55848788
55848153
55849196
558498128
558499617
55849991
558498883
55848840
558498841
55849936
55848851
558499215
55848190
558498840
55848896
558499698
55848124
55849614
55849186
558498828
558499209
558498891
558498741
55848768
558499400
55848105
55849123
558498603
55849456
55848725
55849997
558498845
558499412
55849994
558498889
558499640
558498829
55848716
55849493
558498753
558499637
55849103
55848150
55849213
55849671
55848170
55848889
55849684
558499483
558499401
55849646
558499635
558498735
55849692
55849635
558499811
558499217
558499498
55848750
55849427
558499162
558498163
55849455
55849221
55848127
558499205
55849992
55848861
558499231
55849667
55849124
558499654
55849830
55848860
558499623
558499686
55849948
55848713
55848852
558499107
55848623
55849633
558499183
55849225
55848149
55848803
55848118
558499440
558498135
55849980
558499664
55848745
55849837
55849205
55848718
558499948
55849454
558499807
558499417
55849111
558499601
55848792
558499683
558499955
558499402
558498739
558499631
558498820
558499106
55849687
558499129
55849601
558498148
55848711
558499950
558499902
558498861
558498886
558498781
558498707
55849630
55849172
55849129
558499487
55849654
558499980
55848785
55848169
55849198
55849835
55848731
558499177
558499226
55848886
55848136
558499148
558498118
55848863
55849638
55849637
558499499
558498200
558498778
558499920
55849428
558499679
55848764
55848790
558498850
558498147
55849953
55849864
558498881
55849836
55849193
558499901
558498795
55848727
55849401
55849984
55848125
55849102
558499459
55848103
558498859
558498727
558499104
558498817
558498154
55849651
558498127
55849163
558498141
558498714
558498713
55849710
55848171
55848839
55849678
558499619
558499636
55849161
55849226
55848152
558499632
55849804
558498604
55848761
558499134
55849917
55849856
55848815
55848167
558498726
558499135
558499193
55848703
55849647
558498747
55849677
558498736
55849131
55849477
558499418
55848778
558499173
558499171
558499911
558499681
558499680
558499208
55849606
55849974
558498729
55849182
55849413
558498876
558499939
55849982
558499232
558499132
558498810
55849229
55849231
558499113
55849901
558498878
558498130
558499692
55849876
558499419
55849812
558499953
55848739
55849939
558499103
558498835
558498136
558498822
55849471
558499952
558499951
55848132
558499410
55849159
55849180
558499682
55848606
558498888
558499677
55848174
55849605
55849442
55849136
55849185
55849411
558499970
55848148
558498847
55848837
55848766
558499643
55849636
558499202
558499142
55849400
55848885
558499802
55849626
558498718
55849943
558498832
55848799
558499128
55849169
55849631
55849452
55849432
558499409
55848740
558499488
558499815
55848621
558499943
55848774
558498797
55849406
558499612
55849112
55849498
55849207
55848763
558499449
55849648
55849821
55848155
558499625
558499150
558498802
558499186
55849854
55848113
55849107
55849899
55849680
558499938
55849660
558499425
558499906
55848890
55848732
55849959
558498834
55848121
55843417
558498825
55849458
558498623
55849852
558499114
55849190
55848783
55849851
55849815
558498851
55849108
55849910
55848757
558498855
558498732
558499900
55849445
558498764
55848117
558499477
55848814
55849619
55849137
55849622
55849166
55849912
55849963
55849202
55849151
55849829
55849925
558498827
558498120
55849950
558499224
558499912
558499485
55849697
558498755
55849460
55849438
558498730
558499141
55849403
558499990
558499147
558499111
55848140
558499218
55849109
558499949
55849214
55848767
55848882
55849424
55849645
558499156
55848108
558499489
558498631
55849195
55849934
558499645
558499176
55848114
55849220
55849952
558499668
55849204
55849117
55849999
558499421
558499607
558498117
558498880
55848111
55849110
55849140
55848823
558499220
55848164
55848894
55848178
55848747
55848166
55848726
558498153
55849907
558498152
55848859
558499406
558499944
558498738
55849676
558499180
55848888
558499445
55848781
558499450
55849200
55849149
558498796
558499644
55849828
55849497
55849918
558499428
558498767
558499479
558498157
55849100
55848777
558498639
558499492
558499117
558498132
558499442
55849176
55849125
558499214
558498765
558499687
558498740
55848854
558499921
55848134
558498890
558499662
55849450
55848765
558498821
55849128
55849414
558498708
558499673
55849956
55848801
55849668
558498864
558498801
55848798
558499813
558499602
558499639
558499659
558499462
558498742
55849451
55848873
55849126
558499110
558499234
558499922
558498106
558498782
55849987
55848850
55849162
55848146
55849860
558499638
55848883
55848759
55848633
55849423
55849841
55849672
558498816
55849487
558499179
55849146
55848628
558498731
558499674
55848158
55849800
558499919
558499144
558499119
55849469
558499210
558499453
55849926
55848833
55848728
558499808
558499613
55848804
558498115
55848884
55849409
558499909
558499993
558499809
558498109
55849859
55849665
558498836
55849996
55849944
558499465
55848182
55849173
55848746
558499675
558498166
55849989
558499691
558499941
558499667
55848819
558499630
55849457
558499184
55849468
55849148
558499604
55849157
55849679
558499228
55849101
55849118
558493300
55849425
55849978
55849662
558499665
55848762
558499102
55849831
558499204
558499185
558499460
55848636
558499422
55849658
558499182
558499473
55849104
558499605
55849115
558499947
55849617
558499195
558498774
558499696
55849704
55849898
55849842
558499131
55849702
558499100
55849600
55849664
55849801
558499196
558499642
558499806
558499647
55849189
558499476
558498819
558499413
55849973
558499469
558499611
558499408
558499474
558499168
55849433
55848800
55849199
55849972
55848874
55849133
558499124
558499653
55849496
558499140
55849818
558498791
55849420
558499434
558499194
55848751
55848835
55849650
558499475
558499166
55849995
558498722
55849961
55848812
558498784
55849694
55849937
55848187
558499159
55849822
558498759
558499688
55849119
55848119
558498744
55848895
558499438
558499424
55848620
558499627
55849201
55849657
55849814
558499676
558499229
558499221
55849407
55848184
55849976
55848156
55849230
55848104
55848866
558499439
558498843
55849983
558499629
558499112
55848165
558499416
558498743
55849696
558498893
558499160
55849187
558499126
55849416
558499672
55849408
55848876
558498818
558498752
55848151
558498119
55848841
558499198
558499633
558499669
55848775
55849895
558498854
558498133
558499651
55848631
55848738
55849682
558499458
558499649
55849138
558499925
55848758
55848809
55848847
558499123
558499690
55848120
55848145
558499933
558498103
558499800
558499230
55849817
55849459
55849603
55849490
558499666
558499801
55849105
55849435
55849909
55849483
55849941
558499620
55849228
558499935
558498165
55849855
55848106
55842020
558498775
558499225
55848163
558499118
558499158
55849916
558498894
55848110
55849453
558499411
55849691
558499136
55849223
558499197
55849871
55848634
55849928
55848780
558498863
558498751
55849908
558498887
55849942
55849499
55848892
558498830
55848789
558499956
55849931
558499448
55848836
558499163
55849417
55849985
558499992
558499661
558499153
558499426
558498852
55849844
558499699
55849686
55849154
55848752
55849447
558499122
55849209
558499463
558499101
55849478
55849604
55848742
55849475
55848157
558499165
558499903
55848131
55849122
55849872
558499626
55849644
558499444
558498125
55848867
55849946
55849673
55848865
55849144
55848831
558499178
55849833
558498102
55849896
558498717
558499656
558499175
55849805
558499904
55849911
55849904
558499155
55849640
558499187
55848128
55848179
55849191
558499470
558499652
55843217
558498833
55848848
558498844
55849120
558498131
55849981
558499924
558499926
558499169
55849809
55849158
558499200
558499618
55849670
558498756
558499138
558499907
55848173
558499466
558499222
558499191
558498761
558499201
558499621
55849930
55849827
55849938
558499157
55848147
558499121
55849968
558492000
55849986
558498857
558499663
55849849
558499814
55848830
558499219
558499960
55849106
558499172
55849897
558498126
55849932
55848717
55849920
55848797
55848855
55849922
55849802
558498116
558499634
55848842
55849419
55849170
55849405
55849919
55849203
558499167
55848817
55848872
558499468
558499189
55848832
558499116
558499146
558498783
55849215
558499803
558498122
558499940
55848707
55848135
55849988
55848828
55848899
55848786
558499145
55849156
55849940
55849629
558499913
55849192
558498786
55848200
55849813
55848795
55849194
55848126
55849211
558498837
55849492
55849227
55848829
558498746
55849613
55848737
55849410
558499108
55848824
55849467
55849649
55849903
55849819
558499484
55849610
55849628
55849927
558499207
558499609
55848177
55848843
55849434
558498849
558499161
55848771
55849698
55849971
55849970
558498138
55849482
55849481
558499447
558499451
558499216
558499600
558498823
558499435
558499206
55849966
558499472
55849906
558499464
55849618
55849642
558499427
55849816
558498168
558499233
55849462
558498105
55849993
55848604
558498853
558499657
558498749
55843279
55848813
558499917
55848880
55849935
558499125
558499908
55849703
55849235
55849495
558499928
55848875
558499199
55849418
558498733
558498899
558498101
55848181
55849951
558498107
558498112
55849184
558498167
558498155
558499137
558499608
55849701
558499455
558499203
55849621
558499461
558498779
558498882
558499454
55849655
558499958
55848796
558499655
55849669
558499235
558499154
558498898
55848805
55849902
558499931
55848755
55849659
558498772
55848138
55849975
55848168
55849153
55849808
55849847
55849964
55849485
55849945
55849905
558499615
55849472
558499610
55849404
55849705
55848871
55848825
55848858
55848729
558498789
55849688
55849178
55849611
55849625
55848826
55849627
55848877
558499916
558498145
55849834
55848827
558499628
55848779
55848735
55849113
55848822
55849838
558498134
55849602
558499491
55848807
558499441
55842136
55849634
558499467
558499937
55848743
558499932
558498628
55848756
558499127
558499403
558498892
55848816
558499143
55848183
55848176
55849620
558498634
55849853
55849653
55849412
55848116
558499457
