55958400
55959171
55958120
55958112
55958103
55958109
55959159
55958119
55958420
55958105
55959118
55958416
55958116
55959122
55959126
55959145
55959119
55959155
55959168
55958413
55959172
55959167
55959121
55958408
55959120
55959156
55958417
55959153
55958107
55958129
55959158
55959157
55959166
55959140
55958409
55959125
55958125
55958412
55958101
55959148
55959127
55959904
55959131
55959967
55959903
55959164
55958407
55959970
55959132
55959170
55958100
55958111
55959124
55959902
55958411
55958406
55959123
55959161
55959144
55959151
55958113
55959150
55957400
55959169
55958115
55958114
55958404
55958117
55958402
55958110
55959152
55959115
55959177
55959142
55959134
55959112
55959146
55958124
55959136
55958108
55959129
55958104
55959139
55959116
55959154
55958410
55959961
55958401
55958415
55958414
55958118
55959165
55959173
55959113
55959162
55959175
55958123
55959174
55959110
55959138
55958419
55958418
55958803
55958121
55958122
55959143
55959114
55959163
55958102
55959117
55958403
55959133
55959137
55959130
55959135
55959141
55958126
55959111
55959176
55959962
55958405
55959147
55959128
55958127
