552196882
552499992
552198589
552198027
552198144
552198586
552298846
552198506
552499833
552199382
552198739
552199707
552199282
552299258
552498102
552196758
552199595
552198525
552198915
552196932
552197995
552199747
552198457
552197615
552196532
552196665
552196664
552199040
552299801
552299273
552199820
552198674
552499822
552199295
552199741
552196822
552197402
552198606
552498171
552196804
552199002
552197006
552197902
552299847
552198224
552299788
552197154
552199192
552299954
552198349
552198921
552198310
552196588
552197987
552499967
552299767
552198053
552199036
552299802
552299756
552198320
552196489
552198308
552196979
552299799
552298828
552196827
552196849
552499307
552499821
552199717
552199470
552198188
552197880
552196696
552196486
552499927
552199803
552199487
552197018
552197470
552197412
552197173
552499254
552299824
552199948
552197257
552197954
552199889
552196912
552198721
552198266
552198089
552198450
552199558
552299785
552196408
552199023
552199440
552499280
552197644
552197673
552197405
552199303
552298132
552299266
552196956
552198273
552499928
552199662
552199330
552198722
552498827
552299253
552197277
552199589
552198955
552196422
552198417
552199296
552197631
552199424
552198431
552199501
552299241
552499203
552499868
552299725
552196937
552499852
552199478
552199536
552196984
552199511
552196968
552197203
552298861
552198847
552196809
552199208
552198766
552199895
552197535
552199992
552196858
552199082
552498136
552499231
552196660
552198957
552199022
552198458
552199903
552196946
552199676
552299248
552197516
552197140
552198237
552499849
552199654
552199668
552198912
552196676
552199935
552196805
552199854
552199339
552199132
552196612
552199251
552197981
552196412
552199166
552498150
552498124
552299837
552299712
552198720
552198905
552198432
552499296
552197383
552198139
552199144
552196953
552196405
552198717
552499205
552199918
552196944
552199406
552298848
552197521
552498809
552199915
552199402
552198025
552197669
552198426
552499836
552299947
552198177
552198832
552196604
552196496
552199438
552199258
552198348
552299969
552196950
552499327
552197406
552198184
552198376
552498129
552298168
552198803
552298826
552199887
552196734
552499207
552197432
552199290
552299986
552196481
552299929
552198407
552299846
552199561
552298186
552196441
552197146
552198265
552196883
552196547
552196844
552197609
552198130
552299786
552198182
552299960
552499256
552198892
552198846
552196773
552199671
552199121
552197533
552197672
552197955
552196435
552196503
552198030
552197238
552498857
552499829
552198777
552198816
552197426
552197111
552197163
552198493
552196490
552199931
552198058
552299291
552196467
552199215
552196893
552499838
552199954
552299753
552199272
552298126
552299731
552199509
552199027
552199077
552199792
552299835
552197666
552199991
552299202
552197683
552199380
552197498
552198267
552198000
552298824
552199255
552198730
552499921
552199360
552199241
552198418
552196509
552199338
552299982
552198323
552196980
552199522
552499866
552199899
552196511
552199675
552499289
552198862
552198560
552199984
552198713
552299868
552199256
552196549
552196868
552198792
552196519
552196759
552197920
552499938
552499320
552299828
552199493
552197175
552299272
552198169
552197500
552196670
552198618
552498833
552196455
552197288
552197267
552299970
552197588
552199178
552199958
552197596
552299893
552196874
552196965
552199600
552196507
552299948
552199105
552298108
552299218
552298128
552198228
552199579
552498837
552299923
552198334
552197413
552199250
552197016
552197254
552199761
552198257
552196492
552298878
552197983
552198546
552199207
552197055
552197680
552196564
552199167
552299875
552197265
552197109
552499891
552198010
552198311
552198576
552199076
552197531
552198736
552199456
552197928
552197362
552199445
552196904
552198679
552199163
552298852
552499853
552498117
552198568
552196617
552299931
552197991
552199292
552198316
552199311
552499843
552197197
552198033
552197503
552198527
552199882
552299899
552196948
552198108
552298811
552199323
552199335
552499837
552199704
552197407
552196975
552198500
552198624
552298156
552197511
552199583
552197337
552197466
552196462
552198742
552197416
552197585
552299921
552198877
552198101
552498128
552299933
552198336
552197926
552198341
552196845
552299987
552196745
552198262
552299865
552197165
552198707
552196493
552198132
552196716
552299879
552199789
552299728
552199760
552199701
552199019
552199421
552196638
552197684
552196961
552197361
552199697
552198449
552196768
552199426
552199305
552499332
552499919
552196993
552197945
552198254
552198528
552499845
552197956
552299733
552198806
552498165
552196934
552199150
552199265
552299269
552199396
552197418
552198068
552197007
552198392
552199157
552196757
552199518
552198095
552196777
552199369
552197993
552198922
552198834
552197433
552198776
552299245
552198625
552198613
552198181
552198187
552199427
552499995
552196733
552198944
552298857
552498109
552198518
552199283
552199682
552198895
552197263
552196610
552197194
552498132
552499969
552197323
552199812
552199606
552298858
552197619
552298804
552199774
552198953
552196682
552498134
552198140
552298136
552498868
552197623
552299263
552197621
552499295
552196427
552298106
552199942
552199978
552198737
552196916
552197241
552196668
552197925
552298163
552498137
552199224
552197121
552197622
552499951
552299880
552197167
552197452
552199866
552197253
552199524
552197110
552198820
552198409
552299958
552197590
552199614
552196729
552298113
552199434
552196861
552299914
552299734
552299941
552196430
552197183
552197489
552196816
552199010
552197440
552298125
552199687
552198882
552499974
552199354
552197370
552198610
552199956
552299980
552197424
552498816
552198153
552199728
552199835
552196725
552199262
552499870
552199479
552196648
552197490
552197932
552199666
552198552
552198013
552298131
552499998
552199247
552197491
552199794
552198330
552198219
552196464
552198936
552499312
552199403
552197156
552197319
552499993
552199930
552498811
552196787
552499944
552197526
552196941
552197442
552197221
552196622
552198785
552196516
552197283
552299949
552299102
552199268
552199602
552199366
552199652
552197269
552198406
552499310
552199863
552199494
552196837
552199062
552299991
552199343
552197933
552299784
552198173
552196661
552299979
552197313
552197388
552299620
552196697
552299910
552197563
552197698
552198193
552196512
552198553
552199870
55216901
552198874
552198534
552198472
552499977
552198480
552199158
552299789
552198236
552198190
552196499
552197270
552196556
552199352
552299839
552299766
552197481
552199287
552199598
552199008
552199762
552198705
552197592
552199065
552196553
552197915
552499257
552198685
552199286
552196761
552499991
552199437
552198135
552199989
552299285
552198032
552196818
552196482
552196644
552498152
552197524
552497402
552196586
552199519
552197301
552199755
552299264
552299247
552197000
552299222
552198366
552299708
552499847
552199420
552199788
552499879
552198678
552199575
552197384
552199567
552199884
552199118
552197984
552196814
552198477
552198203
552197190
552197961
552196640
552196584
552197104
552199705
552199483
552199413
552197311
552199299
552196434
552198675
552199798
552197043
552199004
552199179
552198339
552197297
552299913
552199093
552196860
552199147
552197239
552199387
552199634
552199836
552196626
552498849
552197315
552198222
552199043
552198050
552199568
552299861
552199952
552298166
552299854
552197462
552199683
552199861
552196735
552198894
552199266
552198468
552198787
552197496
552199508
552499933
552498812
552198196
552198631
552198520
552198454
552499932
552198413
552199722
552199248
552198161
552199020
552198360
552298160
552299226
552197317
552197997
552197513
552197959
552198805
552198630
552196765
552199672
552299962
552198626
552199051
552199327
552198910
552197357
552199045
552498836
552198289
552196546
552499221
552199993
552199617
552196825
552197936
552498835
552197009
552499242
552299787
55212187
552299614
552197004
552198725
552196960
552198292
552199822
552198579
552197941
552199702
552299932
552199182
552299805
552197178
552197602
552198831
552499303
552298844
552199821
552196842
552197162
552199492
552199240
552197478
552299251
552196990
552198009
552197545
552196899
552199818
552197577
552198825
552299793
552499227
552198614
552199604
552199974
552499258
552199461
552198110
552197202
552197517
552196707
552199393
552199775
552197571
552196674
552196421
552197538
552196560
552498108
552197002
552499255
552197539
552196555
552197414
552298184
552199778
552197465
552299795
552299703
552197289
552498813
552299730
552498148
552198361
552499269
552198475
552198035
552199780
552198488
552199766
552196433
552197454
552199873
552198891
552499317
552197120
55212503
552298172
552199391
552199301
552197160
552196991
552199964
552197057
552197484
552199032
552199790
552199806
552196747
552198210
552198653
552196415
552199003
552196649
552198939
552199592
552199939
552197675
552199350
552199289
552198005
552199381
552499259
552199914
552196994
552299717
552198756
552198163
552199983
552299804
552196695
552198821
552198329
552198740
552198243
552196593
552198022
552197980
552498159
552197600
552197019
552499908
552199907
552196479
552199611
552299964
552196830
552198718
552199771
552199021
552299917
552198993
552196813
552198858
552196728
552196436
552499958
552198073
552197674
552199341
552199185
552198127
552196939
552198128
552198048
552199736
552197501
552199180
552196596
552499966
552199781
552299773
552199801
552499818
552197218
552197482
552197011
552199433
552198195
552197368
552198522
552197225
552199723
552299244
552198754
552197657
552198819
552199669
552298147
552499943
552199473
552499215
552498842
552199731
552197557
552199757
552196878
552298120
552298127
552199342
552199204
552199134
552198315
552198357
552198764
552299901
552199254
552196732
552299204
552196447
552199310
552299813
552199334
552196769
552299709
552198212
552199410
552198399
552197077
552198331
552197528
552197694
552196525
552196892
552199631
552199834
552196989
552198530
552199934
552198648
552197242
552299200
552499322
552299622
552198690
552198708
552199174
552199140
552198342
552299758
552196647
552197992
552198574
552196826
552198786
552196699
552198303
552197656
552198938
552499946
552198689
552499955
552197105
552196770
552199312
552196890
552499920
552299920
552196426
552197377
552198738
552198261
552199246
552198668
552198240
552199922
552198914
552499288
552298124
552299819
552198837
552299800
552196417
552499978
552299818
55217130
552196620
552197508
552299738
552196833
552498146
552199230
552197532
552196959
552197447
552199858
552299953
552197652
552299601
552198470
552196763
552199521
552197509
552197346
552196906
552198933
552196633
552196926
552198662
552199908
552198671
552196601
552299287
552198304
552196594
552299781
552197601
552198688
552498158
552198300
552197879
552198049
552198231
552196784
552196855
552199041
552199275
552197679
552499873
552299600
552197065
552198798
552298801
552197389
552198154
552299777
552197026
552197233
552197003
552199495
552498845
552198577
552299812
552199986
552198843
552299228
552198199
552197464
552199947
552499281
552199909
552197480
552199885
552199243
552198096
552197177
552196598
552197626
552198016
552299710
552298139
552197325
552298144
552198549
552196537
552196723
552197130
552196869
552197170
552199752
552499937
552197425
552197133
552199709
552199725
552199149
552197444
552199879
552499297
552299741
552198927
552196870
552197419
552198082
552199694
552196887
552499916
552198815
552198298
552197460
552197392
552498142
552499850
552199351
552198762
552199014
552197231
552198836
552299810
552198333
552198555
552196631
552198682
552198070
552196562
552197303
552499867
552197565
552299912
552198599
552198640
552199823
552199805
552197593
552197295
552196690
552197541
552196508
552198714
552299772
552197582
552199362
552196850
552199009
552199484
552199191
552198747
552199813
552299874
552196921
552298845
552197321
552197387
552196931
552298841
552198239
552299886
552197469
552196551
552198934
552199637
552197670
552299616
552198036
552199148
552198868
552199159
552299896
552299866
552199267
552198294
552499263
552299919
552197499
552199962
552197339
552198008
552196700
552196951
552499290
552199632
552198353
552299797
552198828
552199554
552199783
552197668
552198499
552198620
552198504
552298102
552199732
552198617
552197186
552499954
552198485
552199570
552197374
552499334
552196751
552198026
552199622
552299922
552199049
552198281
552498826
552299927
552299602
552196737
552199938
552199657
552499277
552197449
552199405
552298834
552199535
552299726
552198514
552299727
552198046
552197903
552196721
552199929
552197179
552197365
552196663
552199923
552197934
552197296
552198091
552498807
552299906
552299759
552197192
552199307
552196852
552198064
552196401
552298117
552299276
552198845
552199138
552499304
552198872
552198628
552196619
552499983
552198578
552197205
552198812
552299994
552198704
552197015
552196717
552198871
552196712
552196655
552499861
552499248
552499209
552197272
552199370
552199238
552198440
552198206
552198272
552198150
552197268
552299975
552298161
552199291
552198251
552196982
552198657
552199039
552198622
552198467
552197373
552197916
552198352
552197042
552198299
552198141
552196756
552497401
552198833
552198801
552199800
552198241
552199378
552199961
552299284
552198481
552197141
552197398
552197685
552199574
552498848
552299765
552199288
552197047
552199896
552199585
552499321
552199452
552199253
552198723
552196914
552198433
552196727
552197917
552199365
552198208
552199584
552198038
552196416
552199463
552499909
552197397
552198115
552197224
552197996
552199190
552198094
552196627
552198171
552197722
552299233
552299225
552196470
552499935
552195101
552199971
552199563
552197643
552197027
552199661
552198403
552299740
552198287
552197038
552198074
552199058
552198849
552196875
552198641
552199772
552198733
552198071
552199500
552499871
552299950
552199833
552198508
552196947
552298836
552198229
552198824
552199758
552499863
552198152
552199635
552199496
552298105
552198986
552196938
552197641
552299790
552198174
552197603
552499846
552499869
552196786
552298103
552197607
552197421
552299775
552197371
552499973
552299791
552198998
552198405
552197014
552199281
552299832
552197908
552197630
552196864
552199853
552197472
552498164
552197957
552199673
552197968
552299621
552299894
552199735
552299951
552499817
552197580
552199194
552198763
552197106
552197900
552197570
552298807
552197691
552196913
552299293
552197633
552198006
552196580
552199239
552198179
552299216
552197214
552196636
552299615
552199142
552196877
552499279
552499947
552196504
552197467
552299897
552199776
552198788
552198907
552199648
552197634
552197078
552198244
552199298
552198677
552199860
552197302
552198373
552198948
552196812
552499857
552199415
552198045
55218018
552198430
552197653
552499324
552299998
552199645
552198768
552197187
552198542
552199926
552199782
552199969
552199314
552298823
552198356
552197314
552299911
552499236
552299261
552196952
552199205
552199576
552298121
552499936
552199966
552197028
552197404
552299918
552299878
552197271
552198494
552198702
552199655
552198945
552199320
552198461
552197552
552198808
552197294
552299292
552498841
552199809
552198168
552299938
552197113
552198270
552298819
552499968
552198926
552498866
552199912
552199472
552197474
552196473
552299223
552197935
552196454
552198017
552198301
552196693
552198564
552198328
552498162
552298164
552198724
552198954
552198055
552198918
552197689
552199164
552299990
552199418
552199018
552196957
552198498
552197320
552198652
552199817
552199398
552199171
552198158
552196854
552299826
552197422
552199830
552197913
552199504
552199779
552196977
552196675
552197990
552199467
552299104
552199919
552298854
552197029
552196571
552198395
552199172
552198002
552199982
552198337
552198079
552199530
552197262
552198886
552198956
552198138
552197430
552299816
552299760
552198661
552197359
552497403
552198859
552196461
552198996
552499874
552498141
552198264
552299856
552198680
552199245
552199502
552499331
552197420
552197045
552199729
552198218
552196657
552199653
552198451
552498882
552298111
552197024
552199436
552197647
552199318
552196848
552197021
552197312
552499261
552197196
552198931
552196466
552198810
552199259
552199627
552197010
552299290
552196715
552199446
552199924
552499956
552199372
552196632
552198676
552196927
552199315
552499244
552499275
552197931
552198252
552197976
552299780
552198903
552298110
552197696
552298842
552199569
552199193
552499223
552195905
552198037
552198516
552199751
552299746
552197906
552198087
552299612
552196458
552298837
552199498
552196606
552199646
552199337
552199636
552196884
552197569
552298831
552198143
552198650
552198120
552299608
552498854
552199344
552198156
552196510
552197487
552197381
552199280
552197612
552299221
552196542
552199229
552199400
552196731
552196863
552195903
552299905
552198656
552198601
552499931
552197654
552197394
552199056
552198113
552198687
552198946
552197375
552297402
552498824
552197188
552498107
552198873
552299224
552199252
552197639
552196406
552499213
552197655
552196691
552499323
552198260
552197210
552197364
552199073
552199324
552199633
552198439
552197553
552198102
552197456
552198386
552199455
552298821
552196896
552198750
552499996
552299762
552199649
552199549
552197008
552198242
552199510
552199967
552299955
552197451
552199465
552197035
552198784
552199534
552199048
552197445
552199228
552196962
552197153
552198532
552199647
552198131
552198719
552499270
552199588
552196903
552196958
552196548
552196806
552197678
552498163
552298146
552499911
552197261
552199377
552199261
552196853
552299768
552199721
552199581
552197946
552499217
552499241
552199161
552299942
552198621
552198884
552299999
552197629
552198595
552199074
552197285
552197927
552198572
552198312
552198129
552198860
552299282
552199220
552196859
552199745
552198202
552299965
552198521
552198745
552197304
552299977
552198290
552199363
552196749
552198716
552198851
552196483
552499286
552199841
552299925
552198987
552196544
552196572
552299783
552199383
552198423
552499271
552196679
552199941
552499854
552197119
552199514
552198114
552199754
552197292
552198924
552196889
552199759
552199532
552199685
552199867
552197132
552198474
552199690
552197219
552299817
552197148
552199925
552499318
552197079
552196618
552499282
552199306
552299735
552498111
552196838
552299603
552499962
552197391
552199593
552198419
552196595
552498139
552196894
552198596
552196475
552299926
552199920
552197343
552498121
552199680
552196639
552197994
552198588
552197515
552198028
552198700
552195100
552199225
552298154
552198701
552199154
552196935
552199091
552299719
552198567
552199304
552199827
552298866
552196988
552196823
552199107
552499243
552197199
552298129
552299836
552499272
552299833
552197471
552298825
552198001
552299815
552198232
552198200
552199582
552198600
552197661
552198543
552299973
552499319
552299959
552198167
552198164
552199968
552198109
552199630
552197395
552197411
552196477
552196754
552197901
552299737
552196711
552196577
552198880
552499907
552499986
552197546
552197978
552196625
552499903
552499229
552298817
552298835
552199319
552197437
552196885
552199559
552199799
552199030
552299900
552198479
552196694
552499901
552299968
552198394
552499914
552197695
552199828
552196603
552196692
552198335
552199624
552197284
552198436
552299713
552198827
552499814
552499851
552199692
552199013
552299604
552199548
552196446
552197618
552198123
552199988
552197149
552198194
552197220
552199577
552199603
552198483
552199689
552199033
552499994
552196517
552198501
552199389
552299822
552199987
552198054
552198427
552199814
552499926
552198246
552196463
552298114
552198116
552198952
552198197
55217363
552299887
552499212
552199451
552199880
552197483
552498828
552198838
552197536
552198347
552499226
552198890
552499939
552499989
552197923
552196557
552197671
552197385
552298155
552197948
552299867
552199454
552199109
552299842
552199302
552196621
552197150
552199503
552199356
552197201
552199151
552198696
552196972
552299242
552297400
552199963
552196730
552198011
552299888
552498825
552196579
552298170
552197044
552198365
552199059
552197161
552199197
552198282
552199590
552198118
552197918
552199471
552299288
552196954
552198086
552199007
552198077
552197107
552499220
552199840
552298876
552198111
552199855
552196873
552197967
552499202
552199551
552199152
552499904
552197975
552196753
552198782
552199087
552199269
552197255
552199102
552297401
552199201
552199169
552197662
552196846
552196488
552299857
552199355
552198391
552197429
552499923
552199517
552198541
552199462
552197036
552198072
552199651
552298143
552198544
552299732
552199297
552198752
552299744
552299723
552196559
552199273
552197985
552197017
552199488
552499265
552199168
552199101
552198375
552199612
552198906
552199231
552199787
552196407
552196778
552197635
552197278
552197943
552196468
552196484
552499823
552197435
552199046
552197457
552197207
552299821
552197046
552196976
552198384
552199641
552197350
552196456
552197260
552196835
552198829
552198039
552198183
552299871
552498155
552196656
552198429
552198524
552499883
552197378
552196829
55217966
552498161
552197152
552198059
552299946
552196500
552197504
552298158
552196541
552196592
552196518
552299881
552197252
552299972
552299209
552299776
552197614
552499953
552197625
552198258
552199665
552196866
552197443
552196808
552199738
552198642
552198581
552196949
552199927
552199916
552198382
552299619
552199695
552199564
552199625
552197940
552199407
552499855
552198694
552199811
552498126
552499963
552197428
552199543
552196936
552198056
552199336
552198284
552197436
552199975
552199432
552199475
552197475
552299774
552499313
552499264
552499815
552197564
552199340
55219278
552196568
552198473
552499218
552198396
552197143
552198275
552199300
552199594
552196983
552199897
552198476
552298859
552499208
552199328
552199658
552197606
552199540
552297405
552199829
552199900
552198346
552299995
552199146
552197949
552196776
552197117
552199276
552197266
552198189
552199807
552196624
552199441
552197400
552198571
552498145
552499306
552199260
552197966
552198057
552198772
552198502
552199565
552198097
552498818
552499834
552197291
552197494
552298165
552197488
552197986
552499865
552196666
552198759
552196487
552196802
552199843
552197308
552196698
552197168
552499913
552199249
552197058
552199075
552197251
552197969
552499238
552196460
552197232
552198609
552199476
552198583
552197403
552198780
552197020
552298119
552198643
552197905
552196540
552198389
552199621
552197103
552199976
55216915
552199384
552199042
552198876
552299838
552198930
552299205
552299877
552199857
552197401
552197137
552196651
552199546
552199443
552196530
552199748
552197372
552298839
552198098
552199905
552199825
552197439
552198362
552198959
552198247
552199981
552199126
552199784
552198593
552197974
552199951
552199226
552298145
552198607
552298109
552198205
552498806
552196419
552199184
552198209
552299823
552299103
552197450
552199720
552199744
552198186
552198545
552199526
552199236
552199071
552299754
552199816
552198857
552196964
552196611
552199681
552197473
55212605
552198793
552199029
552199845
552197599
552198791
552199529
552199469
552299916
552199217
552197322
552198351
552198280
552299252
552198191
552196969
552197512
552198104
552196767
552197059
552198539
552299701
552199069
552199684
552199525
552197048
552298137
552197155
552199506
552198536
552198697
552199430
552299201
552198612
552199894
552298829
552498115
552198794
552199832
552198526
552198283
552199374
552299611
552199874
552199890
552199348
552198896
552499325
552198878
552196459
552198666
552198020
552299267
552299778
552198558
552198445
552198729
552198291
552198415
552199849
552299985
552196552
552196743
552299829
552197665
552197215
552196998
552199555
552199872
552197617
552199218
552499877
552299807
552197191
552498881
552199264
552197972
552197907
552198635
552198900
552196897
552199466
552299610
552196901
552299761
552197525
552499273
552196445
552197344
552197032
552199130
552198773
552197040
552299825
552499214
552198887
552197236
552197134
552498154
552298167
552499997
552299769
552299907
552198327
552199597
552199539
552198180
552196428
552199187
552198863
552199541
552197888
552299254
552199491
552196634
552196900
552197882
552196867
552198400
552197676
552197409
552199200
552199066
552199724
552196413
552199943
552198067
552499240
552196558
552196752
552198090
552499942
552196973
552498808
552299943
552199656
552199851
552196739
552196971
552299613
552198148
552499922
552198420
552199527
552199486
552197125
552198686
552199878
552199516
552199124
552197379
552197136
552196440
552197256
552196545
552199489
552199850
552499872
552299852
552196615
552199181
552196774
552199392
552198587
552299864
552499948
552198651
552196820
552198866
552199856
552196578
552299851
552197280
552498105
552198594
552499204
552197648
552499941
552198746
552299961
552196933
552499952
552196713
552197013
552198535
552199865
552197347
552198455
552499302
552499949
552197693
552299891
552197307
552198103
552196709
552198802
552198424
552499314
552199893
552198160
552197468
552499957
552499278
552198781
552298814
552498863
552198137
552497404
552196736
552198997
552198988
552196662
552198767
552196701
552299830
552198551
552299739
552197889
552196992
552198385
552499201
552196872
552299945
552198176
552199361
552199996
552198565
552198949
552196574
552199321
552196498
552197534
552499228
552299898
552196817
552197380
552198142
552199703
552196940
552196922
552196684
552198929
552498852
552197041
552498157
552499301
552299704
552196566
552199317
552196527
552199453
552197358
552196645
552498815
552197345
552198178
552196755
552198133
552196520
552196418
552198355
552196641
552197128
552498829
552499299
552299257
552196450
552299702
552499285
552197904
552196438
552498832
552197529
552199072
552196474
552199017
552199388
552499824
552197309
552199650
552199160
552198249
552196775
552199067
552197953
552299755
552198844
552199106
552199714
552199730
552499835
552199235
552199353
552198306
552199153
552198639
552196646
552197226
552196917
552299607
552299928
552197417
552299212
552299724
552199115
552199550
552196911
552499333
552199842
552299889
552299808
552199859
552498119
552299862
552198372
552196501
552199202
552196891
552199061
552198867
552498156
552198647
552196702
552196963
552197493
552197573
552198888
552197640
552499329
552196811
552498104
552499856
552196718
552299841
552199068
552498116
552198428
552199838
552199189
552299271
552298133
552197431
552196895
552198263
552199170
552196658
552199447
552197185
552198383
552199450
552498103
552198899
552298118
552199786
552199442
552499930
552499308
552197921
552196443
552197589
552198731
552198081
552198856
552198615
552199485
552299997
552199244
552199610
552199615
552299277
552198162
552198790
552199946
552298173
552199390
552299747
552198404
552499235
552199025
552197142
552499293
552198796
552199791
552299903
552196605
552199081
552299809
552199015
552198732
552198125
552199587
552196629
552196573
552198322
552196744
552197579
552196746
552198603
552298803
552197360
552199995
552199104
552199333
552498123
552299281
552199128
552198344
552499211
552199408
552198870
552196472
552199216
552198411
552198889
552196529
552198233
552299908
552299890
552197551
552196650
552199326
552198441
552199932
552196442
552499305
552198898
552198345
552498110
552199886
552196678
552198192
552198646
552197883
552197977
552199439
552197189
552499230
552498114
552198157
552199034
552197646
552196999
552199618
552198105
552199052
552198214
552198379
552197586
552197174
552199628
552199277
552297404
552197181
552196905
552199026
552199765
552298816
552197638
552199016
552199271
552299849
552299105
552197664
552199785
552199223
552197699
552199155
552198410
552197530
552499813
552197448
552198703
552199188
552196637
552299279
552196831
552298134
552199768
552299855
552299936
552196706
552199824
552499848
552199460
552198414
552198580
552198149
552199401
552197198
552197912
552198155
552196986
552198735
552197147
552198561
552198852
552197929
552196590
552198066
552198147
552197518
552198442
552197169
552299798
552199209
552199123
552198584
552199112
552197127
552198670
552299853
552196708
552198663
552199162
552196659
552198227
552299803
552498864
552199395
552298833
552199957
552196681
552199329
552197025
552198751
552199038
552299213
552198509
552199507
552196411
552198021
552199513
552199060
552198117
552198743
552196403
552198667
552198861
552198463
552199847
552197144
552198359
552298815
552198728
552198519
552197258
552499816
552197122
552197335
552299966
552198575
552196862
552499841
552199719
552499251
552199557
552199965
552199481
552198338
552196920
552198007
552499985
552198245
552198146
552499276
552199497
552196534
552196497
552197123
552499905
552298151
552299236
552198234
552199457
552197382
552199523
552198220
552198201
552197686
552498805
552196449
552198083
552197064
552198023
552198495
552198076
552199808
552196642
552198755
552298140
552298101
552199116
552197274
552298112
552498843
552196424
552198065
552197455
552498113
552196847
552198198
552198590
552199322
552299882
552197584
552197989
552197543
552198864
552298142
552196478
552196561
552199572
552199183
552199316
552196599
552197275
552198559
552199619
552199417
552197453
552199308
552199001
552198950
552199601
552197282
552299246
552199358
552198992
552199464
552198471
552197281
552199763
552199379
552197341
552299706
552499982
552199913
552499878
552197567
552196683
552198734
552299278
552198769
552196902
552499268
552199221
552199011
552199474
552198712
552199368
552197172
552198547
552299217
552197159
552299714
552197157
552197951
552199877
552299206
552197677
552199468
552198175
552199279
552198885
552198367
552198421
552196616
552198839
552196680
552499884
552197998
552199416
552199057
552197597
552298116
552197005
552198216
552199545
552499881
552198658
552299605
552197604
552199727
552199876
552498817
552498135
552499216
552198063
552196582
552198369
552199972
552198605
552199278
552196871
552197950
552498127
552198940
552299763
552197628
552197336
552499940
552499875
552298115
552299764
552199609
552197688
552197937
552198512
552197240
552199294
552198492
552198538
552299983
552199660
552499294
552199122
552499206
552199274
552199145
552198744
552196494
552197039
552197022
552197131
552197938
552299214
552199005
552299904
552199928
552197195
552199936
552197306
552298123
552199515
552198665
552199227
552198069
552196011
552196414
552198842
552199037
552499200
552196828
552499828
552298818
552197486
552299286
552198749
552198726
552196722
552196652
552198041
552199749
552199399
552198807
552498847
552196451
552198268
552197576
552197514
552196687
552299806
552198462
552196807
552299794
552199425
552198548
552498802
552499315
552198531
552199639
552197542
552198012
552199111
552199552
552197624
552196677
552199006
552196672
552198250
552199797
552199674
552197645
552199883
552498151
552196762
552198185
552499987
552198295
552197616
552199750
552199139
552298813
552197924
552198958
552498858
552197115
552199332
552199917
552197116
552498834
552198092
552197982
552299876
552198753
552199088
552199706
552197548
552199599
552198018
552199586
552198598
552199663
552197613
552199242
552197910
552196930
552196996
552298152
552199397
552198649
552196943
552299729
552198374
552199055
552197367
552198255
552198818
552499291
552196538
552198377
552199206
552199133
552199686
552299722
552299971
552198444
552196452
552196550
552499330
552198822
552299262
552299885
552499961
552197660
552499975
552196469
552499902
552198919
552198875
552199688
552199444
552196724
552199994
552298802
552196839
552197965
552498862
552199035
552299872
552499839
552198585
552499811
552299711
552499825
552199773
552498821
552197658
552197209
552196522
552196801
552199257
552498831
552199533
552197547
552199173
552198684
552298149
552299707
552198062
552199047
552299988
552197001
552198412
552196929
552199346
552298843
552198533
552199233
552199556
552196782
552198387
552299869
552199667
552196942
552199480
552299721
552199063
552499262
552198278
552196495
552198913
552199175
552499885
552299957
552199795
552299984
552199125
552198112
552199419
552198061
552199753
552197145
552198985
552198307
552197610
552199945
552197963
552499328
552198695
552498112
552199219
552198165
552199028
552198711
552499934
552298809
552198681
552199848
552199591
552197293
552298148
552198941
552299736
552299978
552499876
552499984
552197369
552499292
552199629
552499232
552197659
552197461
552198797
552198134
552196740
552199135
552298838
552299782
552198693
552499826
552199985
552197264
552198537
552197692
552299215
552199422
552198368
552196565
552198715
552196997
552196402
552298806
552197591
552198698
552199837
552197574
552198770
552197023
552198309
552198840
552199888
552198951
552199512
552197033
552197632
552196857
552196614
552199571
552299993
552196457
552198136
552198883
552199176
552499972
552197594
552498846
552498856
552199375
552198297
552197884
552196576
552299705
552199796
552196881
552299937
552196685
552499233
552197608
552196602
552199449
552197510
552299757
552299820
552198611
552198850
552198381
552198710
552199700
552198217
552298122
552198604
552196783
552197012
552198296
552498143
552196851
552198879
552198627
552199955
552198865
552199578
552197393
552299255
552196742
552197611
552199844
552196719
552197176
552199196
552198248
552199643
552199560
552198917
552198340
552196513
552299275
552197549
552197151
552198159
552299101
552197476
552499924
552198669
552299219
552196591
552198489
552198052
552198269
552196521
552199012
552499906
552197581
552197318
552198126
552196654
552198317
552197930
552499316
552196836
552199881
552197353
552198765
552196908
552298827
552196600
552199394
552299609
552198619
55219695
552197259
552198364
552197166
552199642
552198145
552197505
552199831
552299207
552299827
552298135
552197544
552198813
552298141
552299618
552299700
552199979
552196570
552199670
552197479
552197230
552299256
552299283
552199120
552199050
552198960
552199620
552298847
552199212
552197228
552196515
552199110
552199542
552499945
552198465
552196785
552199696
552197566
552198632
552197952
552299940
552199713
552298100
552198084
552196945
552197066
552196880
552199285
552198672
552196448
552198563
552199537
552197495
552197507
552196810
552199385
552198213
552299952
552197697
552299229
552299720
552197204
552499862
552198602
552199325
55219265
552197250
552196978
552198106
552199677
552198363
552197944
552498803
552197326
552299745
552199203
552498853
552197520
552196491
552197458
552197158
552196824
552197537
552197182
552199596
552198253
552198170
552498167
552199505
552198655
552198321
552198390
552196750
552199892
552498131
552196536
552198691
552199411
552198088
552198841
552198854
552498823
552197605
552199044
552196613
552197682
552299811
552198853
552199726
552199626
552196703
552198835
552197338
552199349
552198623
552198511
552298808
552198014
552199959
552198326
552198332
552196919
552498859
552499247
552197139
552198276
552499882
552198166
552199802
552198370
552198446
552498153
552299909
552197101
552197223
552196907
552198408
552499842
552196841
552198358
552299895
552196587
552499253
552299289
552197446
552198469
552198447
552196543
552199347
552197427
552197667
552198398
552499917
552199482
552197286
552198466
552196465
552199769
552199345
552198893
552198215
552199127
552196766
552196738
552199906
552199734
552198319
552198904
552499819
552198235
552196966
552196856
552299268
552199562
552197999
552199099
552196607
552199064
552197583
552196686
552199902
552299232
552198151
552197636
552197423
552196404
552498125
552198271
552198629
552198778
552197340
552198288
552198402
552197118
552499964
552199699
552299884
552197485
552197164
552198460
552198343
552197349
552299989
552199412
552198286
552299265
552298169
552197681
552198645
552299944
552197720
552197637
552197477
552499929
552197180
552299930
552196628
552498147
552198855
552198221
552199852
552196781
552199839
552198425
552196453
552196563
552498804
552196623
552199953
552192001
552199386
552196772
552199367
552197506
552299227
552197578
552499988
552196865
552196689
552197502
552299751
552199553
552198566
552196710
552299860
552196886
552196480
552199911
552299715
552298157
552196771
552199359
552197354
552499239
552197408
552197396
552299848
552199746
552197366
552198881
552199710
552196748
552197193
552198318
552197519
552196876
552196502
552198995
552199024
552196597
552299915
552198775
552198437
552197492
552199679
552499979
552197627
552198107
552299974
552197568
552197575
552199977
552196815
552498801
552198464
552198597
552199864
552197939
552196924
552199435
552197459
552198570
552198029
552196575
552197522
552198378
552192002
552198325
552199371
552196821
552196567
552299749
552197399
552198505
552197305
552199531
552498867
552199195
552299203
552199538
552198591
552499860
552198999
552196409
552198443
552199137
552198660
552198256
552198285
552298107
552299831
552198085
552299850
552198582
552299935
552299843
552198207
552198897
552199605
552197300
552196843
552196918
552198314
552299992
552198935
552196653
552197919
552196437
552198302
552196704
552199431
552199815
552199131
552197540
552198172
552198515
552199313
552198003
552199213
552298851
552198869
552196585
552499326
552199331
552199428
552197922
552198823
552196974
552499859
552196909
552199053
552199544
552197124
552198277
552198434
552199733
552199095
552197279
552198826
552199114
552198573
552198119
552196898
552198238
552198259
552199607
552299956
552196915
552198817
552299743
552199693
552196581
552197355
552198438
552197108
552198809
552198040
552197651
552199573
552198757
552198799
552197973
552198324
552198510
552199113
552198909
552299859
552198060
552197273
552499880
552197213
552199054
552199871
552498182
552299840
552198758
552199998
552196987
552198211
552199711
552196928
552197211
552299771
552199973
552199136
552199198
552299796
552197971
552199373
552197217
552196671
552299939
552197650
552499965
552197690
552299963
552199458
552196967
552199103
552199214
552197523
552197979
552196832
552198223
552198659
552197964
552198774
552199810
552197415
552199869
552197410
552199875
552196985
552499395
552498822
552199777
552199429
552198503
552198354
552199904
552198388
552198456
552499266
552299274
552299792
552198047
552197988
552499252
552196531
552198099
552499912
552197206
552199901
552196879
552498138
552198293
552197914
552199143
552196981
552299770
552197138
552299231
552199357
552299870
552199623
552198783
552199234
552197316
552299606
552198947
552199031
552198393
552199659
552198699
552299814
552197620
552199477
552199997
552196431
552199404
552199937
552199414
552196485
552299873
552196800
552198226
552198760
552196705
552197135
552197356
552196720
552198435
552298865
552197348
552198093
552196471
552198350
552299234
552198795
552298187
552197958
552198080
552198633
552199740
552197227
552199409
552198616
552196432
552297403
552299742
552199129
552199999
552299844
552199716
552198380
552196589
552197376
552199691
552299208
552499812
552197216
552499844
552199156
552199237
552197031
552298162
552197235
552196569
552196779
552197076
552197909
552198225
552299239
552499298
552199743
552499915
552198004
552298138
552298150
552198727
552196764
552499311
552299235
552197550
552199490
552196608
552199712
552199949
552199891
552199944
552199770
552196476
552499959
552198371
552298812
552299996
552199270
552199678
552298822
552197687
552197642
552198121
552299845
552198654
552499858
552199767
552198814
552197434
552199764
552199100
552499222
552199448
552196429
552198422
552196669
552199640
552199199
552198453
552197390
552198848
552196425
552199868
552199566
552197363
552197102
552299750
552196583
552199638
552196923
552197351
552197129
552197126
552198279
552299858
552199459
552299249
552198517
552499225
552195906
552196410
552299892
552197208
552198124
552196673
552196925
552298805
552198305
552298104
552196780
552199644
552198024
552198761
552298832
552199608
552199547
552198416
552196995
552499971
552299211
552196514
552198748
552196803
552199793
552199210
552199117
552195904
552198230
552199819
552198507
552499219
552198709
552198075
552198932
552499918
552197463
552499864
552199698
552498149
552199232
552199580
552199718
552499827
552299752
552197112
552499976
552196834
552196506
552299967
552199862
552197962
552196439
552299981
552498838
552196955
552498839
552498819
552199613
552196505
552299924
552199528
552299748
552197200
552299716
552198122
552198513
552199000
552199933
552198313
552299976
552499250
552197030
552299779
552197222
552196609
552299934
552198484
552299863
552197527
552499831
552198015
552198019
552197598
55222219
552197497
552299259
552199284
552198557
552199309
552299617
552199826
552197234
552199108
552198523
552199708
552196528
552198031
552196714
552499309
552499267
552199293
552196554
552499832
552197911
552197947
552197386
552499981
552196819
552197068
552199499
552199364
552499999
552298182
552199186
552198804
552197100
552198078
552198397
552199804
552196888
552196840
552198741
552196524
552197352
552198569
552197342
552196667
552199616
552196741
552198638
552198636
552197310
552199177
552199263
552198902
552199423
552196643
552199376
552499234
552197960
552199222
552196630
552199165
552197287
552196444
552499237
552199211
552197276
552196970
552196523
552197034
552299834
552197649
552499300
552199739
552197324
552196423
552198100
552197572
552198401
552199664
552199070
552199141
552198204
552198452
552199756
552199846
552196539
552499224
552197290
552198664
552199715
552196760
552199119
552299883
552197184
552299902
552198771
