55689962
55689975
55689215
55689945
55689208
55689934
55689916
55689913
55689933
55689958
55689988
55689226
55689938
55689976
55689922
55689992
55688407
55689905
55688409
55688406
55689928
55689985
55689978
55689971
55689908
55689213
55689292
55689989
55689957
55688428
55689283
55689993
55689911
55689237
55689238
55689239
55689247
55689205
55688105
55689960
55689927
55688111
55689224
55689977
55683223
55689214
55689204
55689206
55689904
55689969
55689952
55689936
55688101
55689953
55688421
55689915
55689984
55688419
55689601
55689939
55689946
55689901
55689999
55689221
55689961
55689931
55689919
55689995
55689223
55689245
55689951
55689240
55689929
55689210
55689980
55689281
55689900
55689917
55689212
55689941
55689611
55689964
55689950
55689949
55689600
55689227
55689994
55689248
55688110
55689235
55688422
55689981
55689220
55689947
55689914
55689218
55689202
55689972
55689605
55689244
55689232
55688418
55689973
55689920
55689925
55689907
55689942
55689216
55689965
55689956
55689996
55688415
55688408
55689966
55689968
55689955
55688117
55688404
55689982
55689207
55689926
55688427
55688416
55689979
55689918
55689923
55689604
55688425
55689954
55689974
55689987
55689613
55688405
55689986
55689242
55689937
55689229
55689228
55689921
55688104
55688112
55688402
55689222
55689940
55689610
55689944
55689903
55688417
55688401
55688109
55689209
55689943
55689959
55689602
55689234
55689211
55689607
55689609
55689998
55689236
55688424
55689241
55689612
55689997
55687400
55688124
55688413
55689253
55689246
55689932
55689902
55689608
55689924
55689910
55688426
55689250
55689249
55689203
55689906
55689935
55688412
55689930
55689990
55689201
55689230
55689282
55689991
55689606
55689243
55689967
55689217
55689225
55689963
55689912
55689233
55689948
55689219
55688403
55689983
55689603
55689909
55688411
55689231
