559699194
559699105
55968402
559699173
559699124
559699117
55969208
559699207
55969135
559698134
559698117
559699205
55969972
559699192
559699167
559698128
55969133
55969200
559699132
559699123
559692000
559699163
559699125
55969901
55969116
559699200
55969967
559699143
55968145
559699147
55968143
55968423
559698106
55968132
55968405
559699137
55968813
55968428
559699178
55968425
55969128
559699145
559698811
55968411
559699115
559698123
559698116
55969162
559699970
55968107
559699202
55968809
55969914
55968117
559698133
55968424
559698102
559699156
55969180
55968410
559699150
55969138
55968116
55969188
559699160
55969168
559699183
55968121
559699170
55969108
55968122
559699967
55968414
559698412
55968426
559698401
55969160
55969194
559699177
55969904
55969911
559698122
55968400
55969196
559699110
55969152
55968427
559699914
55969143
55969127
55969161
55969102
55968108
55969121
559699189
559699198
55968417
559699179
559699196
559699151
55968119
55968134
55968104
559698403
559698119
559698148
55969905
55968131
55969204
55969207
559699172
559699135
559699114
559699136
559699162
55969170
559699119
55969177
559699168
55969125
55968404
559698400
559699128
55969198
55969140
559699140
55969192
559699187
559698142
559699116
55969908
55969913
559699905
55968419
55969195
55969150
559699165
55969110
55969153
55968105
55968139
559699963
559698111
55969104
55969907
559699152
55968126
55969117
559698144
55969123
559699154
559698405
55969109
55969132
55969105
55969175
55969156
55969970
559698407
55969139
55969187
55969909
559699127
559699195
55969173
55968148
559698406
55969199
55968129
559698127
559698113
55969130
559699174
559699208
559699134
55968144
559698801
55969151
559698115
559699166
559699190
559699199
55968401
559699129
559699186
55968127
55969122
559699101
559699122
559699201
559699191
559699972
559699112
55968801
559698129
559699138
55968412
55969190
55969120
559698413
55969933
559699130
559699901
55969158
559698803
559698136
55969169
55968429
559699188
55968409
55969197
55969205
559699180
55969103
55969144
55969186
559698805
559699161
559699111
559699120
559698143
559698808
55969912
559699169
559699106
559699149
55968102
55969107
559698408
559698809
55969137
55968109
559699108
55969965
55969202
55968811
55968110
55969124
55968106
559699148
55968413
559699908
559699118
559699206
55968115
55968138
559698414
559698118
55968140
559699141
55968136
559699193
55968422
55969975
559698806
559699131
559699157
559698100
559699102
55968420
55969134
559699146
559698132
559699903
559699153
55968418
55969174
559698107
55969191
55968406
55969181
559698404
559698124
55969201
55969164
55969172
55969145
55969903
559699103
55968123
559698121
55969147
559699182
559699158
559698410
559698409
559699907
559698145
55969114
559698126
55968408
559699181
55969185
559698104
559699176
55969184
559698418
55968112
55968807
559698112
559698138
55968141
559698109
55968101
55968114
559699197
559699113
559699126
55969155
559699155
559699909
55968803
559699121
55969115
55968100
559699185
55969915
559698135
55969157
55968118
559698141
559698139
559699100
559698146
55969182
55968407
55969111
559699107
55968416
559698131
559698114
559698411
55968805
55968146
55968113
559698105
559699133
55969176
559698807
55969118
559698110
55968806
55968128
559698415
55967400
55969206
55969141
559698416
559699911
559699142
55968804
55969113
559699104
55969126
559698137
55968133
55969112
559699913
55969963
559698417
55969154
559699164
55969166
559699144
559698140
55969179
559698103
55969189
55969167
559698108
55969129
559699139
55969119
55969178
559699184
55969106
559699171
55968808
55968415
559699109
55969146
559698101
55969136
559699175
55968124
55969148
55968111
55969163
559697400
55969142
55969149
55969193
559698402
55968421
559699912
55969101
559699904
55969183
55969165
55969100
55968403
55968430
55969131
55968103
55969171
55968142
559699204
