559999649
55989116
55988330
559898888
55988435
559898484
55999165
559998856
55998197
559998186
559999163
559898517
55988246
559898811
559999220
559999139
55987012
55988701
559899268
559898466
55989109
559998265
55988329
55989118
55988818
559898291
55988436
559898806
559898601
55989104
55988601
55988703
55998493
55988182
559898249
559898481
55989218
55989137
559998828
559899129
559898436
559899138
55989148
559898729
559999111
559898753
55988585
559998183
55989201
55989136
55988527
55988864
559898314
55989606
559898123
55988607
559998117
55998140
559998448
559899221
55999984
55988310
559898335
55988707
55998469
55989106
559898891
55989164
55998264
55988713
559998449
559898507
55998466
55988126
55988146
55989131
55988178
559898315
559999151
55998160
55998209
559898810
55989217
559899163
55989235
55988546
55998226
55999977
559898841
55988560
559998425
55999101
55988862
55988517
559899994
55989150
559999170
559898186
559898106
55988484
55998820
55988538
559998227
559999193
559899242
559898803
55988162
559998424
559998851
55998800
559898770
55998524
559898173
559898486
559998221
559898158
55999213
55987020
55988201
559898126
55988592
55988920
559998417
55998122
55988464
55988720
55988600
559898347
559899235
559999953
559898750
55988448
55998828
55988161
559998224
55988145
55988486
55998523
55988198
559999227
55998858
55988772
55988296
55989608
559898169
55988888
559999160
559899141
55999903
559898834
55988877
559998176
559898467
55988838
55987017
559998203
55988777
559999129
55988192
559898719
55998169
559899966
55998188
559998119
559999185
55988114
55988413
559898137
559998106
55988255
55988504
55998155
55999207
559898853
55988251
55988700
55999979
559899225
559898701
559898471
559999171
55988823
55988401
55998814
55988307
55988254
559898497
55998274
559899206
559898914
55998471
559899971
559998133
55988158
55998859
55999116
559898862
559899227
559898285
55988892
559999147
559998134
559999905
55988412
559998409
559898352
559999148
55988605
559999178
55998807
55989139
55998442
55988856
55988506
559898189
55989183
559998444
559898410
55998146
559898492
55999137
55988267
55988195
559899218
55988727
55998491
55999226
559898442
55988268
55988545
55998148
559999174
559899107
55998824
559898403
559898404
55988899
559899210
559898847
55989616
55988122
559998130
55988733
55989219
55998808
55988491
55988123
559998816
55988342
559998809
55989966
55988239
559898445
55988438
55998453
559898192
55998271
55989111
55988480
559898136
559999202
559899152
55998114
55988111
55989197
55998213
55988452
55988190
559898744
55998444
559998433
559898491
55988473
55988568
55998212
55988712
559998166
55989144
55988224
559899114
55999227
559899177
559998131
559899183
55988341
559899113
559899103
55988557
55988842
559898477
559898739
559998415
559999901
55988467
559998125
55998832
55998860
55998844
55998411
55998104
55999231
55989122
55998476
55988852
559898241
559998835
55999215
559998842
55989145
55989115
559899193
55988204
559999200
55988566
559999120
559898240
559898246
55999954
559899190
55988580
559898900
55998514
559898294
55998143
55989975
55988470
559899251
559999115
559898298
559998214
55988234
559899112
559998430
559898808
55998825
55988736
559898430
55998193
559999225
559898155
55988884
55989177
55999935
559898509
559899157
55999123
55998159
55988740
559899215
55998813
55988830
55998182
55989240
55988876
559899100
55988458
55988578
55999170
559998267
559998403
55988588
55988791
55998520
55988750
559999134
55988287
559899146
55988871
559899106
55989182
559898889
559998102
559998205
55988914
55988883
55998417
559898886
55989613
55988743
55988526
559899612
559998811
55988756
55998228
55999198
559898145
559898120
559898820
55998507
559898510
559899127
559998437
559898895
55989158
559898883
559999977
559998445
55988139
55988596
559898913
55989228
559998200
55998167
55999184
559898873
55999103
559998228
55998413
559998259
55999187
55988459
559998212
55999212
559898726
559898154
55988896
55988481
559899196
55998198
55998837
559898868
55999219
55989140
55988455
55988742
559898848
55998270
559899208
55988882
55998455
55987001
55988447
55988231
55988353
55989149
559898441
559898448
55988906
559998104
559899239
55989969
559898493
559998271
55988500
55988817
55998501
559899164
559998258
559998179
559998812
559898851
559898128
55988555
559999651
559999195
559898605
559998431
55989100
55988457
55988748
559998198
55988150
55988311
559998168
55988220
55999228
55988569
559899205
55988839
55989194
55988155
55988242
55989184
559998220
55988406
559898887
559899207
55998472
559899973
559898187
55988284
55999208
55988598
55988213
559899192
55989151
55988253
559998257
55998258
559898225
55998827
55988497
559998813
559899176
55988351
559899174
55999127
55989135
55988475
559898870
55988103
55998133
559998819
559899128
55989146
55989160
55988135
559898228
559898903
559998100
559999934
559898715
559998162
55988427
559898918
55988487
559898718
559898782
559899198
55999129
55998847
559898125
55988561
55998121
55988547
55998414
55989611
559898435
55988125
55998465
55998435
559998272
559998142
55998857
55988540
55988199
559899179
559998419
55988814
55988180
55987006
55988408
559898867
55988335
559998193
55999209
55988488
55987010
559999206
559898723
559898708
55998200
55998149
559898122
559898247
55988291
55998440
55998220
55988784
55988731
55988572
55988426
559899109
55988912
55988442
55988780
55988138
559898341
559898749
559898737
559898472
559898305
559998446
55988833
55999646
559898917
55998535
559998435
559899902
55999109
55988226
55999122
55998515
55988283
55998511
55988187
55988411
559898836
55999157
559999641
55988441
559898402
559899603
55988159
55999193
559998235
559997400
55998266
559898713
55998419
55998206
55998416
559998251
55999206
55988783
559898165
559998418
55988134
559998111
55987009
55989215
55988824
55998106
55998806
55998506
55988704
559898312
559899241
55988574
55988437
559898788
559898417
55988498
559898244
559898146
55998516
559898898
55998195
559899613
559899618
559898193
559898355
55998461
559999159
559899155
559999168
55988241
55989245
55988172
55988308
559899223
559898801
55988229
55999176
559899124
559999935
55988315
559898515
559999184
55989993
55999649
559898600
559898731
55989970
55998138
559898182
559898700
55998521
55988434
55988281
559998821
55988891
559898479
559898139
55998855
559899911
55988918
55989198
559899130
55988508
55988295
55998468
559998113
55988770
55998487
55988112
559998820
55998178
55988873
559998160
559998823
55988117
55999641
55989232
55989153
559898475
55999986
559998210
559999647
559998128
55999167
55988154
55988716
55988215
55998185
55988322
55998457
559898282
559898514
55989210
55989187
55988407
55988722
55988519
55998497
559899161
559898284
55988130
55989992
559999104
559898100
559899197
55998483
559899144
559898170
55999214
55989995
55988589
55988165
559998261
559898748
559999201
55989214
55988454
559898432
559999141
55988106
55988528
55988534
55988559
55988503
55989175
55999128
559999155
55998166
55998475
559999199
55988897
559898818
55999645
55998445
559898184
559998195
55998512
559898277
55988186
559898342
55988835
55998836
559998112
559998857
559899245
559998853
559898874
559899118
55988732
55988309
559999230
55989906
55988129
55988819
55998502
55989903
55998251
559993300
559898454
55989220
55988422
55989243
559899608
559899149
55998420
559999224
55998150
559898725
55988737
55999951
55987007
55999644
55988290
55988279
55988554
559898724
55988518
55999952
55999955
55988169
55998256
559999182
55989615
559899204
559899166
55989944
55988227
559998170
55998404
559899167
559998181
559898428
559998833
559998416
55988404
559999186
55988510
559998807
559998266
559898223
559898830
55988832
55989901
55989114
559898440
559898756
55988209
559898908
559898720
55989251
55999149
55988565
55988462
55998164
559898197
559999123
55988544
559998264
559899148
55998802
55998801
55989133
559898742
55999631
55998422
55988317
559898483
55989213
559998839
55988889
55989176
55989121
559998219
559899120
55988507
559898825
55998508
559898802
55988541
55998829
559898112
559899606
559999933
55998173
559999176
55988789
559999140
559898482
55988272
55988881
559898272
559898138
55998123
55988898
559898431
55998519
559898714
559998250
55988867
559898506
55988606
559898456
559998274
559998107
55998162
55998495
559999172
559998173
55988174
55998846
559897400
559999228
559898606
559898279
55999136
55999146
559998808
55988429
55998518
559898209
55988714
559898400
559999955
55998418
55998811
559998427
55988816
55988738
559998845
559898141
55988419
559898412
55988222
559998209
559898740
55998428
55998854
55999217
559999180
55983217
559898602
55988223
559898751
559898814
55999953
559898910
559898340
55998107
55999117
559898710
55983133
55988516
559998103
559898735
55988857
559898516
55998168
55988505
55999178
55998218
55989196
55988173
55999197
559898789
55988181
55988608
55988433
559898427
559999119
559998139
559898839
55988339
559898864
559898813
55998485
55999148
55988416
559999218
559899969
559898846
55998463
55998852
55999104
559899234
55998177
55998183
559998438
55988328
559999138
559898103
55999172
559899136
559998852
559998824
55989125
559899203
559898308
559898812
55989227
559898791
55988805
559898344
559898785
55988801
55988535
559898129
559898736
559898354
55999189
55988301
559999181
55988917
559898704
559998109
55998144
559998859
55998498
559898767
55989208
559898878
559898858
55988238
55998130
55998480
559898463
55999196
55989908
559998175
55998250
559892000
559999136
559898776
559899972
55999203
55998421
55989207
559998204
55998541
55997400
55988196
559898738
559999229
55998510
55998494
55988166
55987002
55988331
55998216
55998126
55988160
55998486
55998227
55988244
55998530
559898411
55998221
55989130
55989123
55988228
559899212
559998836
559998263
55988127
55998482
55999134
559998806
559998114
559999173
55988724
559899119
559898757
559898429
55988730
559998122
559998218
55999125
55988612
559898919
55998819
559898194
55987018
559999215
55988786
55988140
55998278
55988495
559998196
559898722
559899965
55988136
55989190
55989229
55988179
55999901
55988465
55999126
559999146
55998207
559898415
55988590
55998427
55989976
55998537
559999137
55999105
55989209
559898876
55989934
559898438
55998446
559898177
559898717
55993541
55987008
559898118
55998214
559899615
559898832
55988542
55988895
55988205
559999187
559998276
55988860
559898892
559899217
55988907
55998118
559999166
559898111
559898827
55988548
55998180
559999145
559898460
559899214
55988582
55999115
55988827
559998140
55989200
55988859
55988921
55999140
559998216
559898823
55999168
55988749
559999192
55988292
55988782
55989147
55989619
55989159
559998847
55998109
55988463
559898897
55999166
55989170
559899104
559899123
559998177
55989967
559898857
55998141
559898409
55988567
559998163
55988599
55989180
559998190
559898160
55988128
55988910
559899905
55988539
55988347
559999113
55988809
559899220
55988300
55988453
55998242
55989134
55988563
559898805
55988203
55989161
55998456
559898822
55998432
559998810
559899619
559898221
559899105
559898434
55999201
55987019
559899243
55988537
55989195
55998139
559899904
55988405
559898754
55988450
559899231
559998405
559998180
559998115
55988105
55988741
55988717
559898331
55988402
559998834
55989961
559998124
55998127
559899216
55988221
55988400
559999191
559898180
559898712
559898896
559899111
559999126
559898604
55998812
55998426
559898309
559998171
559899201
559898113
559898849
55998400
55989905
559999125
55988270
559998188
559899135
55999174
55999200
559898859
55988900
559899229
559898875
55989211
559998815
55988769
559898350
559998849
55998192
55988744
559898831
559899162
559998841
55988757
559998801
559999644
559899121
55988586
559898172
55988865
55989155
55988887
55989912
559898504
559999161
55988446
55998165
55988813
559998105
55988410
55988530
55988337
55999141
559899236
55988854
559898865
559998818
55988479
559998123
55989174
55988745
559898476
559998249
55988787
559898855
55988715
55989904
55988183
55989142
559898816
559898879
55988428
559898787
55998100
559898292
559999118
55989152
55998285
55998447
559899143
55988113
55998499
559899126
55998458
559898866
55989239
55999230
55988418
55988482
559899187
55988305
55999154
55987400
559898171
55988843
559898612
55999185
559998138
559899151
55998436
55988771
559999209
55998853
559899906
559899240
55998108
55989181
55988100
559998129
559999210
55988577
55988575
55998406
55988553
559898781
559999156
559899968
55988850
55998131
55989171
55988424
559999102
55989193
55988440
55998407
559898248
55988734
55988118
559898494
55988576
55999111
559998426
55988439
559898124
55988520
559898152
55999195
55989984
55989233
55989618
559998110
55998488
55988821
559899601
55998851
559998832
559899213
55987004
55988851
559899154
55989189
559898418
559999154
55998151
55999181
55988124
559998406
559898443
559998825
55988781
55988334
559899180
55988928
55989223
55988848
559898127
55999169
55988277
559898920
55989907
55988356
55988116
559898470
55988349
55998500
55998856
55989234
55988853
55989132
559899616
55988327
559998831
559898281
55988137
55988263
559998146
55988414
559998194
55988513
55998826
559999105
559898108
55988886
559898860
55998184
55988340
559898198
55988845
559999103
55989129
55998424
55998189
559898121
559898833
559898196
559998260
559998401
559898842
55999211
55988120
55988728
559898856
55998236
55988352
55998861
55988735
55989964
559898449
55988531
55989138
559998278
559998837
55999204
559899184
559998827
559998277
55988346
559898721
559999219
559899621
55988829
55988217
559898821
559999643
559899102
55988425
55998172
559998135
55988874
55998279
55998452
55988868
559998206
55999223
559898207
55998267
55998525
55988207
55989981
55989204
559999903
55988415
55998817
559898711
559898771
55998115
55998834
55988258
55988820
559899117
55998803
559899909
55998276
55998409
55988420
55998410
559998279
559899133
55988729
559998199
55988573
559898348
55988558
559999642
55989965
55998504
55988232
55988903
559998854
55989601
55988469
55998224
559998223
559899137
55989231
55988149
559898150
559998234
559998165
55999160
55988214
55998481
559998182
559999226
55988758
55988702
559999646
55988348
559898424
559898457
55988583
55998528
559898478
55988815
55988492
559999162
55999171
55987011
55998818
55988543
55989973
55988706
559898102
55988409
559999177
559998213
559999902
559999212
55988193
559999112
559898110
55988240
55999144
55989607
55998460
55988613
559898444
55998522
55988261
55989199
559899233
559998844
55998503
559899165
55988846
55989972
559898743
55989911
55998489
559899985
55998268
55988474
55998842
55988102
559898488
559898734
559998442
55989205
55999179
55999155
559898877
55999112
559899186
55998433
559899981
55998509
559998167
55999119
55998196
559898513
559898143
55989107
559898850
55989236
55998439
55988514
559899131
55988177
559898178
559899995
55988861
55989165
55988875
55988456
559999108
559998108
559898164
559898871
559998407
55988841
55999933
55999100
55988858
559898439
55998527
55999188
55988485
55988755
559999213
559899159
559998408
55987000
55989222
55988753
559999114
55998259
55998470
55998467
55988271
55989117
55998199
55988849
559999110
55998211
559898176
55988248
55988595
55998402
55989178
55989154
559898730
55988529
55988725
55988297
55988890
559898501
559999131
55998235
55999220
55999120
559898758
559899160
559998814
559898283
559898142
559999133
559898450
559998120
55989241
55988532
559899232
55988275
55998186
559898295
55988893
55998234
55998496
55988840
55998437
559898288
55998529
559998192
55989168
55988104
55988133
559998189
55988523
55999131
559898824
559898175
559898905
559898465
55998110
55998272
55988525
559898105
55988552
559999152
55988294
55999989
55998179
559898768
559898104
55998222
55998403
559998164
559898815
55988721
559999223
55998163
559898287
55988800
55988236
55988785
559998127
55998246
559899195
55989128
559998846
559899222
55988768
559898508
559998805
559898485
55988468
55988278
55989974
559999165
559898447
55998478
55998142
559898705
559899908
55988430
55988164
55989173
55988432
559898505
559899237
55988273
55998273
55988443
559998411
55989192
559999231
559999214
559898437
55989225
55989994
55998845
55998181
55988184
55989102
55988739
559899188
559998404
559898480
55999161
559898416
559899116
55988306
559898819
55988822
55988878
559899609
559898741
55988705
559898503
559898703
559898135
55988445
559999149
55998405
559898915
559999989
559998222
559898854
55999130
55998253
55988831
559999153
559898183
559999100
55988863
559898489
55988593
559998246
55989124
559998423
55998136
55998203
559899182
559898828
55988189
55998111
559898487
559899173
559898745
559898356
55999194
559898495
55989909
559899200
55988285
55998103
55999142
559898498
55988594
55989226
55988312
559998800
559898339
559898290
559999196
559899175
55999162
55998809
559898458
55999135
55988788
55988879
559898419
559999117
559898707
559898899
55988522
559898114
55989902
559998242
55988718
55989157
55998154
559898310
55989983
55998101
55998257
559898162
559999211
559898328
55988603
559898351
55988869
559999157
55988837
559899171
559998136
55989167
559999208
55998835
55988449
55998517
55988355
559898144
55988249
55998454
55988461
55998434
55999934
55988225
559999116
55999180
55998423
559899170
559899185
55989968
559898464
559898296
55999147
559998126
55999164
559898496
55988806
55988533
55988776
55998451
55998125
559898333
559899238
559898766
559898826
55999647
559898869
55988324
55988509
55998843
559998443
55998831
55999159
55988235
559998413
55998275
559898733
559898608
559898474
559898518
559999194
559898845
559999986
55998194
55989143
559898911
559899115
559898727
559999121
559998118
559899982
55999150
559898469
55999175
559999203
55988836
559999142
559998436
55999205
55999132
55988483
55998145
559899209
55998823
55999177
559898336
559898337
559898884
55999183
55998204
55988336
559998410
55988490
559898840
55988156
55989971
559999197
55999904
559898716
559999198
559998855
559999954
55999106
55989244
55999186
55998260
55989112
55988524
559899168
55998171
55998526
55988802
55988913
55998147
55988460
55998810
55998474
559899244
55988828
55988579
55998505
55989113
559899228
559898777
559898455
55988257
55998175
559999179
55988493
55988597
559898134
55988237
55998473
559998174
55998265
559999107
55988501
559899611
55988333
55999138
559998121
559899211
559898885
559899194
559999106
55988194
559899189
559898222
55999229
559898346
55998205
559998270
559899101
559898861
559998159
55999224
559998402
559899140
55999139
55988880
559998826
559999167
559999132
559998157
559898880
559998169
55988354
55987015
55988515
55988431
55999192
55988477
559998429
55999143
559998207
559998101
55988274
55988556
55989614
55998119
55998816
559899607
559898511
55998464
559899110
55998202
559898220
55988562
559899145
559999158
55988421
55988403
559899153
559899903
55989172
559898311
55988472
55988282
55989604
55998277
55998262
55989185
559898706
55988170
559899132
559899134
559899156
559899178
55999151
55988521
55999156
559898289
55988804
559898755
55988250
55988107
559998829
559898190
559899614
55998102
559899224
55998190
55989238
55998849
55998210
55998805
55989141
55989224
55998833
55998492
559898804
55998263
559899139
55998157
55988313
559899604
559998412
55988808
55988216
55989186
55988110
55989203
559999143
559899617
55988289
559999175
55998117
55989120
55988417
559999127
559999188
559898893
559898702
55988894
55998135
55998249
559999183
55988754
55998112
55999152
55999163
55999643
55988825
559898446
559898174
559998256
559998144
55999190
55999124
55988872
55998128
55998477
559898512
559898780
559898872
55999145
559898414
55999102
55998152
55988767
559999169
55988564
559998420
55998513
55988571
559899901
55988512
55988466
55988494
55998254
559898451
55988344
55999216
55998223
55998484
55988751
55988810
55998438
55988766
559998422
559899199
55989169
55988206
559898275
55998450
55989933
559899158
559898271
55999210
559899142
55989985
55988210
559999952
55998431
559899992
55988451
55989268
559999128
559898502
55999173
559898809
559899984
559899202
55988778
55988314
559998185
559898461
55998174
55998219
55988602
559998178
559998428
559898149
55988866
55989612
559999189
559899169
559998268
559899191
55998429
55998245
55988256
55998412
559898837
55988847
55989206
55999902
55989609
559899147
55999110
559998848
55988350
559898783
559898852
55988870
559898800
55988423
559898330
559898607
559899983
559898603
55988719
559998172
55988551
55989101
55989126
559898863
559899993
55988152
55988710
55988581
55998479
55988549
55989105
55988197
55989617
55988143
559898462
55999202
55998448
55998124
55989166
559999190
55999199
55988471
559898349
559899907
559898242
559898273
55988260
559898752
55988489
559898912
55999108
559898732
55988212
559898140
559898159
559999101
559899226
55999153
55988175
559998817
559998432
55988171
55999133
55998443
559899181
55988511
55988803
55999218
559898226
559998158
55989163
55989605
55998815
55999114
559999124
55999905
559899219
559998275
55989216
559998262
55988211
559998447
559999204
559898353
55998533
559899125
55998158
559898786
559998414
55988121
559999144
559898181
55988570
55988723
559898224
559998145
55988444
55988726
559898906
559998439
559898245
55988855
55998134
55988298
55988496
55988550
559898784
559999135
559898817
55998261
55988826
559998434
559998400
55998113
559898894
55988536
559998141
55998425
559998802
559999122
559899964
55988919
559898490
55999642
559998421
55988591
559898881
55998821
559899150
559998843
559999205
55989621
559999150
55989242
55999182
55998408
559898838
55988584
559898413
55989127
559999130
55988265
55998841
55998449
559999217
55998441
55988885
55998208
559898179
55989191
55998105
559898452
55988476
55999225
559998285
55988478
55989221
55998459
55998415
55998176
55989982
55988141
55998848
559898313
559898274
55989963
559898453
55998401
55998839
559898769
55998490
559898161
559999216
55988708
559998184
559998208
55998120
559898882
55988908
55989212
55988604
559998197
559898227
55998430
55998170
55999191
55989103
559999164
55987003
55987014
559898107
559898401
55999121
559998441
55988834
55988108
559998858
559899122
559998440
55988176
559899605
55988587
55999107
55989156
559898433
559998861
559999951
55989603
559999645
559898473
559898890
55989110
55998129
559898844
55988844
559999109
55988711
55988812
559898133
559998803
559898907
559898728
559999904
55989179
55989188
559898459
559899172
55999158
55988288
55988247
55988905
55989119
55989202
55999113
55988502
55989162
55999651
55988752
55988911
55988811
55988144
559999207
559998273
55989237
55999118
559898468
55998462
55988245
559898156
559898829
55987005
55988142
559899967
559898835
