55659901
55668410
55659937
55669227
55659604
55658139
55659628
55658457
55669644
55659961
55659321
55669973
55659250
55659949
55659273
55659219
55669257
55669722
55668431
55659232
55659997
55669292
55669909
55669723
55669959
55668147
55658466
55669220
55669676
55659612
55659664
55659310
55659650
55669201
55668117
55668420
55659606
55659694
55658474
55659337
55669986
55659925
55658462
55659305
55659941
55659632
55669238
55668106
55669225
55658136
55659698
55669219
55669914
55668142
55668403
55669683
55668414
55668100
55659981
55658112
55659246
55669912
556692000
55669283
55668436
55658143
55659933
55669207
55669662
55659264
55659954
55669209
55659260
55659699
55668129
55659641
55659669
55659295
55669686
55669978
55659313
55668417
55659229
55658448
55659629
55668416
55659951
55659600
55659988
55659303
55668423
55668418
55658407
55659921
55659338
55659626
55658433
55659602
55669639
55659815
55659262
55658446
55659919
55669682
55669655
55669214
55669953
55659810
55659909
55669671
55658123
55669654
55658472
55669698
55659989
55669956
55668453
55659609
55669917
55668102
55658403
55659215
55669939
55659670
55659973
55658418
55658119
55659239
55669636
55669991
55658109
55659312
55669235
55669670
55658163
55669687
55669675
55659964
55658158
55658456
55669690
55669681
55659646
55669661
55659361
55658432
55658454
55669603
55658170
55669626
55669975
55659346
55668412
55669213
55663907
55659635
55668105
55659297
55658412
55668415
55659306
55669918
55669969
55663521
55669236
55659633
55659249
55669244
55659947
55659967
55668135
55668404
55659228
55669951
55669985
55658146
55669634
55668118
55668408
55659267
55659362
55663401
55669693
55669234
55658459
55659355
55659658
55668115
55659948
55659634
55658116
55669641
55659676
55658135
55658117
55669612
55669656
55659208
55659955
55668426
55669627
55659816
55663498
55659210
55659904
55669211
55659344
55668430
55659350
55668429
55659957
55668428
55659690
55659314
55659984
55658413
55669967
55659299
55659280
55669200
55669688
55659912
55668459
55669630
55658455
55668109
55658426
55668457
55659270
55659611
55669653
55668421
55658443
55668402
55659689
55669972
55659987
55659935
55659601
55669659
55659677
55669929
55659911
55669996
55668122
55658414
55659605
55669999
55659913
55669625
55659285
55669605
55669691
55659971
55669647
55669649
55669208
55669911
55659927
55669642
55659329
55669281
55669905
55659302
55669924
55659200
55659643
55659603
55659679
55659922
55658122
55668432
55668409
55669711
55669921
55669646
55659638
55658479
55658424
55659615
55668133
55669716
55669915
55663566
55669611
55658115
55669242
55669940
55669210
55659693
55668139
55668108
55659813
55659920
55659248
55658401
55668126
55659945
55659639
55669958
55659991
55669623
55669721
55669934
55659328
55659812
55669222
55659301
55659335
55659324
55669249
55658126
55659327
55659990
55659687
55658111
55659257
55669255
55659222
55669935
55659316
55669621
55659322
55658425
55659291
55659917
55668433
55668466
55668406
55659631
55659207
55669971
55658478
55669713
55668444
55659673
55659251
55658164
55659978
55658463
55659980
55669624
55659237
55659288
55659330
55659358
55669979
55659608
55659914
55668127
55658469
55659906
55659266
55669673
55669669
55669240
55658121
55659940
55659353
55659962
55668400
55659958
55658127
55659286
55658421
55659265
55659236
55669677
55667400
55668427
55659678
55669987
55669615
55659684
55659359
55669241
55669282
55659259
55658409
55668422
55669229
55659332
55669955
55659630
55669678
55669215
55669925
55659817
55659296
55668458
55659976
55659309
55669660
55669632
55659282
55669246
55659644
55669989
55658133
55668130
55658428
55659298
55669679
55669640
55669256
55669680
55658417
55669221
55669900
55659692
55659349
55669916
55669982
55669619
55659247
55659289
55668150
55668425
55669988
55659966
55659205
55658441
55659977
55668448
55659953
55659942
55669600
55669903
55669631
55659624
55669974
55668445
55669638
55659969
55659930
55659323
55659982
55669250
55659255
55669919
55668452
55669931
55659331
55659619
55659998
55668443
556693300
55669218
55669943
55658458
55659230
55659258
55659952
55659241
55658101
55658150
55659235
55659931
55669239
55669930
55659221
55658406
55669226
55659283
55659223
55659263
55669714
55659985
55658174
55658131
55659908
55659674
55659818
55659620
55659269
55659675
55669253
55659225
55658130
55669984
55668149
55669614
55669248
55658477
55668401
55659319
55659806
55658468
55659336
55659357
55658175
55659936
55658148
55669981
55659680
55658173
55659915
55658106
55669684
55659992
55659944
55658147
55659986
55659642
55668158
55668116
55659261
55659202
55659233
55663015
55659648
55669243
55659929
55669667
55658129
55658100
55669664
55659688
55668437
55659345
55669962
55659946
55669618
55668101
55659339
55659277
55669901
55669961
55658467
55659245
55659211
55669952
55658169
55658128
55669922
55659204
55669976
55659999
55659212
55659220
55659315
55658476
55659682
55659213
55659242
55669233
55669913
55659308
55658149
55668131
55659994
55659287
55669963
55659651
55659805
55659311
55659804
55659243
55659613
55659623
55658435
55668435
55659275
55659950
55669968
55669231
55669694
55659900
55669697
55659665
55659360
55669928
55669720
55658132
55658439
55659244
55669923
55668441
55658416
55669957
55668119
55668111
55669715
55659800
55659256
55669712
55659352
55659672
55659983
55659617
55663024
55659681
55669920
55669657
55658125
55659636
55659659
55658415
55659803
55669635
55669663
55659325
55659333
55658157
55659272
55668154
55658445
55659645
55659939
55669628
55659811
55659932
55669717
55659671
55669651
55658154
55659293
55659801
55658408
55659356
55669633
55658151
55669695
55669685
55658453
55659318
55659201
55659996
55669938
55658102
55669718
55659334
55668125
55668151
55658449
55668449
55669604
55659351
55668113
55669941
55658118
55669648
55668434
55668477
55669650
55669228
55658473
55669936
55669223
55659281
55658422
55659271
55659621
55668463
55659956
55659231
55659807
55669998
55669232
55669206
55669994
55668446
55659216
55669908
55659683
55669907
55659640
55659226
55669616
55668128
55659284
55669926
55668438
55659685
55659348
55659616
55659696
55668411
55659959
55669910
55669944
55669966
55658419
55659918
55658114
55659965
55668137
55669247
55668439
55659354
55669602
55669927
55658404
55658402
55669668
55659326
55659809
55658447
55669995
55658104
55659317
55669617
55658465
55668461
55659240
55659903
55669212
55669237
55659292
55659974
55658120
55668467
55669965
55659660
55659691
55659686
55668136
55659910
55669637
55659209
55669977
55669672
55669696
55659697
55669204
55669937
55669665
55659290
55659294
55659637
55669216
55669202
55659622
55669606
55669252
55668451
55658141
55659808
55669205
55669251
55669643
55669613
55658167
55658452
55659902
55659663
55659938
55659916
55669954
55659254
55659647
55658171
55658144
55659340
55669608
55669645
55669933
55668132
55669902
55658110
55669674
55669997
55669726
55668134
55659968
55668114
55659975
55668440
55659993
55668112
55669689
55669710
55669245
55659924
55668442
55669658
55659203
55669904
55659278
55669230
55659979
55669983
55658405
55669932
55659667
55659618
55669629
55669609
55659695
55659614
55659304
55669601
55659307
55659972
55659217
55668462
55658471
55659662
55669607
55669692
55659627
55669942
55659649
55658155
55659214
55659218
55659224
55659661
55669620
55669906
55668104
55659238
55669254
55668110
55659274
55669217
55659995
55669652
55659347
55659923
55658168
55658124
55668407
55658444
55659206
55658436
55669203
55669719
55659970
55659625
55659907
55669699
55659963
55659227
55658442
55658113
55659928
55659342
55659934
55668103
55659279
55659607
55668144
55659276
55668419
55668424
55668413
55669725
55659802
55658411
55659668
55668447
55669964
55659943
55659253
55659300
55659268
55659341
55669610
55659926
55659905
55669724
55658429
55659363
55659610
55669622
55659234
55659252
