26371276
26371437
26371322
26371795
26371764
26371613
26371947
26371567
26371851
26371484
26371889
26371308
26371610
26371559
26371216
26371583
26371788
26371838
26371387
26371369
26371536
26371572
26371367
26371873
26371450
26371530
26371966
26371749
26371566
26371858
26371291
26371659
26371739
26371696
26371495
26371443
26371496
26371630
26371403
26371903
26371375
26371693
26371977
26371398
26371914
26371529
26371584
26371609
26371253
26371932
26371656
26371909
26371953
26371829
26371373
26371412
26371355
26371598
26371440
26371767
26371409
26371364
26371625
26371854
26371274
26371551
26371617
26371791
26371397
26371519
26371485
26371309
26371493
26371431
26371339
26371565
26371815
26371516
26371234
26371939
26371581
26371575
26371365
26371467
26371800
26371657
26371752
26371864
26371266
26371325
26371995
26371879
26371868
26371463
26371730
26371504
26371408
26371650
26371927
26371542
26371663
26371535
26371303
26371950
26371843
26371338
26371922
26371447
26371589
26371324
26371328
26371731
26371573
26371582
26371869
26371685
26371899
26371418
26371913
26371733
26371793
26371636
26371318
26371776
26371834
26371482
26371824
26371306
26371578
26371284
26371202
26371643
26371710
26371972
26371837
26371798
26371389
26371638
26371920
26371509
26371863
26371806
26371262
26371279
26371228
26371501
26371877
26371302
26371531
26371664
26371890
26371937
26371738
26371415
26371762
26371201
26371282
26371998
26371244
26371313
26371275
26371682
26371701
26371810
26371905
26371978
26371719
26371344
26371422
26371958
26371822
26371330
26371980
26371561
26371269
26371491
26371479
26371895
26371994
26371251
26371596
26371270
26371363
26371399
26371345
26371525
26371528
26371970
26371934
26371646
26371425
26371765
26371413
26371423
26371498
26371352
26371449
26371671
26371386
26371512
26371832
26371736
26371716
26371813
26371326
26371626
26371526
26371247
26371455
26371314
26371283
26371844
26371407
26371401
26371471
26371439
26371534
26371859
26371759
26371394
26371908
26371514
26371729
26371385
26371607
26371933
26371553
26371842
26371642
26371896
26371898
26371856
26371226
26371698
26371618
26371969
26371411
26371388
26371222
26371676
26371715
26371510
26371847
26371499
26371735
26371635
26371307
26371379
26371506
26371532
26371429
26371556
26371923
26371606
26371555
26371558
26371891
26371436
26371726
26371568
26371709
26371462
26371424
26371457
26371539
26371304
26371296
26371466
26371218
26371349
26371456
26371292
26371378
26371742
26371366
26371695
26371882
26371434
26371770
26371904
26371871
26371639
26371691
26371775
26371323
26371660
26371212
26371623
26371938
26371465
26371629
26371758
26371248
26371587
26371946
26371500
26371707
26371921
26371627
26371823
26371999
26371580
26371464
26371774
26371979
26371543
26371486
26371951
26371480
26371732
26371235
26371692
26371789
26371741
26371997
26371426
26371256
26371334
26371374
26371831
26371952
26371537
26371544
26371687
26371427
26371511
26371960
26371942
26371740
26371757
26371887
26371916
26371677
26371223
26371277
26371370
26371576
26371727
26371360
26371835
26371230
26371604
26371644
26371311
26371811
26371430
26371679
26371986
26371417
26371857
26371786
26371754
26371332
26371971
26371675
26371931
26371451
26371554
26371209
26371897
26371435
26371926
26371792
26371468
26371570
26371419
26371571
26371680
26371688
26371714
26371803
26371683
26371459
26371446
26371213
26371825
26371297
26371658
26371901
26371315
26371601
26371341
26371955
26371706
26371653
26371557
26371219
26371271
26371985
26371577
26371622
26371672
26371751
26371347
26371894
26371564
26371599
26371865
26371637
26371717
26371884
26371881
26371507
26371259
26371828
26371794
26371390
26371612
26371875
26371433
26371400
26371356
26371651
26371351
26371967
26371233
26371883
26371902
26371541
26371906
26371272
26371641
26371602
26371616
26371684
26371395
26371242
26371777
26371808
26371761
26371353
26371779
26371243
26371481
26371460
26371335
26371300
26371383
26371522
26371874
26371708
26371845
26371987
26371362
26371945
26371669
26371797
26371252
26371523
26371826
26371595
26371852
26371220
26371771
26371489
26371473
26371392
26371316
26371853
26371585
26371245
26371203
26371329
26371445
26371372
26371301
26371342
26371448
26371563
26371246
26371207
26371552
26371520
26371681
26371502
26371293
26371432
26371963
26371722
26371991
26371254
26371781
26371818
26371208
26371232
26371814
26371547
26371785
26371809
26371866
26371734
26371454
26371548
26371508
26371748
26371261
26371705
26371745
26371996
26371420
26371694
26371915
26371678
26371414
26371624
26371784
26371371
26371907
26371402
26371755
26371488
26371900
26371614
26371527
26371747
26371361
26371773
26371517
26371954
26371836
26371494
26371273
26371336
26371591
26371783
26371310
26371782
26371763
26371780
26371796
26371592
26371287
26371229
26371760
26371812
26371593
26371231
26371358
26371458
26371737
26371545
26371728
26371925
26371346
26371354
26371666
26371721
26371944
26371744
26371756
26371974
26371533
26371964
26371861
26371444
26371885
26371469
26371645
26371805
26371911
26371404
26371518
26371940
26371862
26371723
26371725
26371477
26371478
26371724
26371976
26371406
26371772
26371524
26371348
26371941
26371918
26371662
26371840
26371993
26371515
26371317
26371569
26371674
26371476
26371215
26371540
26371957
26371278
26371475
26371521
26371611
26371628
26371281
26371690
26371860
26371605
26371673
26371699
26371380
26371549
26371260
26371746
26371743
26371405
26371697
26371286
26371442
26371769
26371949
26371204
26371872
26371490
26371704
26371615
26371206
26371930
26371652
26371919
26371833
26371712
26371227
26371670
26371200
26371703
26371250
26371238
26371686
26371975
26371886
26371848
26371631
26371700
26371410
26371633
26371619
26371487
26371503
26371453
26371513
26371343
26371668
26371830
26371472
26371936
26371205
26371665
26371483
26371935
26371841
26371870
26371640
26371416
26371959
26371876
26371452
26371312
26371846
26371376
26371799
26371368
26371912
26371391
26371827
26371648
26371647
26371350
26371804
26371327
26371600
26371538
26371574
26371597
26371702
26371713
26371982
26371917
26371984
26371989
26371943
26371766
26371393
26371384
26371321
26371268
26371497
26371768
26371474
26371428
26371689
26371255
26371893
26371802
26371787
26371562
26371654
26371850
26371820
26371621
26371550
26371396
26371280
26371461
26371438
26371711
26371267
26371839
26371620
26371221
26371992
26371381
26371880
26371492
26371586
26371340
26371377
26371505
26371990
26371649
26371249
26371878
26371667
26371661
26371217
26371295
26371981
26371892
26371750
26371590
26371359
26371470
26371929
26371588
26371337
26371655
26371718
26371634
26371608
26371910
26371357
26371421
26371632
26371821
26371331
26371333
26371849
26371225
26371753
26371983
26371603
26371720
26371320
26371579
26371546
26371239
26371258
26371298
26371807
26371211
26371319
26371819
26371790
26371441
26371257
26371560
26371778
26371305
26371382
