26373839
26373526
26373377
26373378
26373462
26373996
26373937
26373993
26373816
26373608
26373563
26373577
26373315
26373413
26373417
26373592
26373607
26373576
26373883
26373387
26373340
26373473
26373771
26373733
26373803
26373325
26373662
26373650
26373497
26373534
26373200
26373410
26373400
26373353
26373714
26373438
26373657
26373313
26373451
26373782
26373464
26373588
26373409
26373425
26373593
26373336
26373918
26373571
26373306
26373242
26373748
26373342
26373684
26373224
26373456
26373263
26373367
26373595
26373411
26373788
26373220
26373753
26373587
26373828
26373617
26373248
26373481
26373966
26373216
26373997
26373553
26373703
26373512
26373536
26373490
26373339
26373360
26373710
26373855
26373476
26373346
26373609
26373480
26373973
26373478
26373419
26373364
26373355
26373450
26373613
26373522
26373818
26373284
26373743
26373510
26373589
26373407
26373634
26373204
26373959
26373794
26373521
26373406
26373491
26373699
26373549
26373630
26373289
26373738
26373446
26373335
26373408
26373713
26373711
26373365
26373421
26373389
26373533
26373850
26373591
26373230
26373509
26373810
26373234
26373257
26373665
26373303
26373797
26373897
26373892
26373361
26373552
26373632
26373565
26373202
26373237
26373300
26373447
26373968
26373660
26373646
26373256
26373404
26373683
26373322
26373817
26373807
26373504
26373814
26373866
26373875
26373374
26373760
26373727
26373498
26373380
26373802
26373232
26373229
26373285
26373928
26373265
26373700
26373907
26373680
26373333
26373373
26373384
26373793
26373594
26373770
26373910
26373852
26373789
26373557
26373312
26373201
26373505
26373935
26373880
26373327
26373320
26373390
26373461
26373308
26373619
26373399
26373430
26373539
26373625
26373304
26373397
26373921
26373488
26373784
26373879
26373904
26373351
26373439
26373310
26373605
26373548
26373331
26373453
26373362
26373402
26373614
26373393
26373286
26373477
26373654
26373908
26373370
26373874
26373467
26373356
26373514
26373832
26373799
26373606
26373295
26373255
26373520
26373698
26373687
26373752
26373238
26373692
26373635
26373564
26373347
26373484
26373527
26373791
26373212
26373695
26373979
26373321
26373668
26373663
26373452
26373746
26373487
26373381
26373359
26373371
26373343
26373941
26373511
26373428
26373749
26373764
26373515
26373884
26373465
26373627
26373261
26373554
26373744
26373725
26373759
26373458
26373974
26373999
