35844057
35844327
35841373
35844949
35844479
35844064
35841533
35844298
35844044
35844419
35844025
35844363
35841446
35844331
35841654
35844623
35844231
35844931
35844421
35844777
35844532
35844985
35844204
35844043
35844895
35844364
35841301
35844993
35841583
35841544
35844235
35844591
35844976
35844998
35844558
35844282
35844301
35844031
35844264
35841486
35844554
35844555
35844541
35844018
35844960
35844664
35844712
35844373
35844078
35844284
35841317
35841496
35844950
35841712
35844029
35841366
35844243
35844360
35844342
35841490
35844035
35841618
35844267
35844590
35844793
35841701
35844733
35844383
35844377
35841397
35841681
35844971
35844535
35844355
35844539
35844563
35841626
35844130
35844761
35841646
35841470
35841549
35841487
35841743
35844431
35844170
35844946
35841449
35844218
35841213
35844506
35844995
35844216
35844575
35844929
35844042
35841832
35844533
35844314
35841458
35844754
35841931
35844273
35844523
35844294
35841806
35844321
35844346
35844309
35841567
35844797
35844930
35844520
35844574
35844703
35844081
35841578
35841312
35844236
35841869
35841152
35844596
35841532
35844534
35844011
35844515
35844717
35841917
35844278
35844708
35844595
35841525
35844980
35844999
35844062
35844280
35844087
35844239
35844423
35844255
35844727
35844322
35844300
35844357
35844988
35841468
35841068
35844049
35844491
35844997
35844016
35844296
35841308
35844238
35844254
35844984
35844917
35841974
35844285
35844369
35844705
35844422
35841495
35844522
35841725
35841311
35841466
35844237
35844328
35844561
35844433
35844302
35844585
35844158
35844550
35841310
35844334
35844713
35841049
35844983
35844082
35844518
35841319
35844617
35841687
35844817
35844588
35844907
35844526
35844485
35844054
35841133
35844345
35844306
35844086
35841730
35844706
35844434
35841471
35844270
35844370
35841367
35844720
35844068
35844650
35844015
35844012
35841724
35844259
35841828
35841756
35841303
35841593
35844405
35844444
35844138
35844022
35841075
35844968
35841707
35841506
35844365
35841499
35841278
35844500
35844276
35844683
35844251
35844743
35844498
35841650
35841060
35844242
35844067
35844556
35844326
35844781
35844318
35844335
35844416
35844645
35841284
35844362
35841860
35844763
35844516
35844969
35844256
35844991
35844543
35844052
35844796
35844628
35844674
35841314
35841159
35844065
35844059
35841752
35844766
35844804
35844336
35844308
35844962
35844467
35844325
35841484
35844569
35844240
35841746
35841467
35844351
35844545
35841777
35841731
35841206
35844338
35844277
35844010
35844142
35844546
35841872
35844295
35844099
35844203
35844312
35844967
35844912
35844350
35844046
35841546
35844577
35841318
35844245
35844482
35844972
35841630
35844979
35841321
35844643
35844514
35844584
35841757
35844973
35844670
35844275
35841056
35841797
35844290
35841444
35844580
35844536
35844945
35844862
35841434
35844978
35841600
35844179
35844076
35844915
35844272
35844330
35844222
35844858
35844562
35844568
35844000
35844880
35844524
35841614
35844669
35844544
35844445
35844005
35844932
35844740
35841502
35844020
35844982
35844074
35841432
35844965
35844676
35844347
35844279
35841751
35844032
35844164
35841114
35844265
35841388
35844730
35841507
35841165
35841754
35844375
35844692
35841149
35844030
35844531
35844738
35841211
35841368
35844975
35841755
35844557
35844066
35844230
35844471
35844548
35841117
35844780
35841791
35844320
35841315
35844741
35844027
35844771
35844955
35841497
35844944
35844759
35844502
35841716
35844307
35844542
35844432
35841714
35844262
35844367
35844288
35844977
35844987
35841747
35844551
35844981
35841430
35841248
35841505
35841847
35844124
35844663
35844576
35844986
35844927
35844061
35844223
35841804
35844213
35841898
35841327
35844511
35844211
35844333
35844564
35844244
35844570
35844291
35841845
35844921
35844974
35844398
35844750
35844353
35844305
35844957
35844019
35844292
35844341
35844024
35841703
35844208
35844630
35841586
35844200
35841749
35844287
35841566
35841163
35841410
35844698
35844033
35844063
35844201
35844021
35841238
35844410
35841758
35844882
35844344
35844963
35844953
35841760
35841313
35844918
35844413
35844047
35841485
35844525
35844252
35844571
35844340
35844241
35841721
35844332
35841879
35844808
35844105
35841954
35841423
35844343
35841811
35844970
35844269
35844791
35844559
35844718
35841713
35844925
35841894
35844824
35844989
35841383
35844587
35844489
35844504
35841439
35844339
35844530
35844060
35841841
35844936
35844501
35841517
35841328
35844916
35844459
35844769
35844948
35844356
35841750
35844352
35844721
35844283
35841541
35844486
35841518
35841089
35841401
35844056
35844358
35841488
35844260
35841493
35841670
35844775
35844939
35844274
35844956
35844154
35844077
35844778
35844732
35844711
35844212
35844503
35844462
35844205
35841503
35844833
35844527
35844505
35841407
35844779
35844376
35844104
35841360
35844034
35844583
35844493
35841498
35844560
35844329
