35850058
35850015
35850770
35850345
35850456
35850533
35850551
35846638
35850303
35846632
35850083
35850542
35850076
35850301
35846904
35846981
35850575
35850335
35850447
35850467
35850428
35850844
35850511
35846043
35846901
35850469
35846847
35846899
35850565
35850568
35846305
35846888
35846551
35850051
35850545
35850347
35850522
35846373
35846001
35850362
35850187
35850050
35850590
35846642
35850441
35850064
35850408
35850053
35850505
35850547
35850071
35846178
35850086
35850023
35846208
35850025
35850448
35850044
35846843
35850091
35850094
35850571
35850918
35850514
35850587
35846532
35846800
35850586
35850368
35850529
35846636
35846921
35850305
35850556
35846966
35850527
35846581
35850490
35850838
35850358
35850080
35850479
35846612
35850554
35850018
35846582
35850411
35850308
35850020
35846547
35850526
35850412
35850324
35850365
35846629
35850034
35846964
35850332
35846833
35850991
35846621
35850544
35850070
35850928
35850082
35850931
35850310
35850077
35850502
35850325
35846140
35850327
35850872
35850103
35850378
35846558
35850964
35850594
35850387
35850513
35850632
35850948
35850360
35850090
35850062
35850435
35846622
35850039
35850576
35846297
35850096
35850436
35850517
35850464
35850400
35850862
35850033
35846610
35850546
35846546
35846656
35846891
35846900
35850334
35846611
35850910
35846526
35850333
35846152
35850088
35850584
35850503
35850092
35846595
35850497
35850421
35846920
35846381
35850573
35846849
35850415
35850446
35850487
35850938
35846118
35850541
35850013
35850715
35850589
35850532
35850403
35850766
35846544
35850380
35850430
35850536
35850449
35850394
35850483
35846744
35850877
35850036
35850595
35846007
35850311
35850781
35850566
35850472
35846881
35846687
35850951
35846667
35846520
35846183
35850373
35846041
35850471
35846535
35846882
35846358
35850593
35846842
35850437
35846559
35846550
35850515
35846671
35850075
35850491
35846112
35850219
35850040
35850306
35846890
35850424
35850498
35846059
35850370
35846619
35850316
35850048
35850037
35846960
35850386
35846848
35850521
35850393
35846287
35850506
35846939
35850444
35850063
35846895
35850478
35850132
35850315
35850585
35846482
35850431
35850391
35850357
35850363
35850350
35850567
35850785
35850579
35850512
35850030
35850052
35846609
35850493
35850652
35850074
35846599
35846798
35850349
35846641
35850861
35850443
35850359
35850426
35850307
35850017
35850418
35850528
35850625
35846615
35846536
35850977
35850484
35850516
35850832
35850068
35846884
35850463
35850470
35846846
35850176
35850459
35850442
35850049
35850406
35846531
35846617
35850520
35850563
35850969
35846623
35850209
35846936
35850597
35850060
35846576
35850572
35850045
35846540
35846587
35850390
35850010
35846946
35850004
35850399
35850056
35850419
35850084
35850564
35850455
35850776
35850281
35850901
35850043
35846066
35850318
35850460
35846572
35850135
35850553
35846575
35850339
35846539
35850440
35846949
35846523
35850337
35850919
35850320
35850525
35850423
35850273
35846630
35846036
35850366
35850404
35850336
35846855
35850543
35850482
35850465
35846288
35850022
35850468
35846767
35850384
35850328
35850401
35846721
35850581
35850208
35850121
35850059
35846584
35846943
35846969
35846844
35850298
35850417
35850061
35850081
35850561
35846529
35850510
35850134
35850539
35850340
35850361
35846600
35850454
35850407
35850065
35850223
35850233
35850376
35850916
35850973
35850598
35850321
35846620
35846686
35846092
35850078
35846681
35846660
35850374
35850906
35850995
35846486
35850046
35850024
35846586
35850432
35850496
35850238
35850029
35846570
35850375
35850341
35846889
35850494
35850012
35846956
35850346
35846685
35850538
35850309
35850680
35850093
35850917
35850808
35846647
35850085
35846573
35846886
35846501
35846965
35850434
35850372
35846902
35850396
35850540
35846055
35846773
35846436
35850596
35850499
35850338
35850389
35850089
35846357
35846896
35850317
35846835
35850569
35846080
35850599
35850966
35850548
35850377
35850313
35846578
35846954
35850066
35850475
35850815
35850979
35846892
35850890
35850481
35846563
35846683
35846616
35846903
35850392
35850095
35850409
35846789
35850312
35850588
35850651
35850019
35850331
35850592
35850097
35846589
35846634
35846272
35846593
35850383
35846934
35850352
35846657
35846780
35846713
35846880
35846947
35850027
35850314
35850344
35850911
35850323
35850398
35846668
35846682
35850047
35850304
35850343
35850874
35850458
35846554
35850913
35850500
35850557
35846542
35846614
35850438
35850728
35850420
35846090
35846812
35850371
35850364
35850822
35850367
35850405
35850583
35850480
35850582
35850087
35850574
35850549
35850356
35850461
35846918
35850477
35850410
35850388
35846985
35850354
35850501
35846219
35850509
35850035
35850041
35850031
35850278
35850643
35850780
35850042
35850326
35850492
35850427
35850486
35850537
35846814
35850055
35850452
35846556
35850562
35850578
35850670
35850439
35846841
35850476
35850038
35850207
35850462
35850912
35850591
35850026
35850550
35850495
35850329
35850054
35846331
35850057
35850433
35850397
35846840
35850355
35850268
35850823
35850302
35846815
35850402
35850067
35846845
35850453
35850473
35850555
35850413
35850518
35846579
35850416
35846583
35850466
35850289
35850385
35846577
35850079
35846596
35850319
35850414
35850348
35850395
35850300
35846640
35850577
35850485
35850714
35850558
35846524
35850021
35850342
35846655
35850826
35846922
35846862
35846146
35850535
35846803
35850369
35846318
35850531
35850474
35850098
35846525
35850069
35850351
35850445
35846419
35850379
35846565
35846571
35850524
35846557
35850072
35850870
35846590
35850032
35846935
35850725
35850382
35850676
35850530
35850523
35850534
35850381
35850560
35850353
35846528
35850559
35846811
35850073
35850028
35850422
35850552
35850570
35850330
35846875
35850016
35850322
