35840074
35845344
35845673
35845864
35840985
35845192
35845679
35840515
35840261
35840130
35840188
35840160
35840226
35840582
35840688
35845809
35840689
35840843
35840064
35840775
35840818
35840850
35840279
35840396
35845213
35840613
35840931
35840406
35840543
35840169
35840138
35840869
35840537
35845346
35840063
35840702
35840089
35840546
35845125
35840528
35840726
35840092
35840635
35840516
35845139
35845230
35840167
35840345
35840892
35840506
35840661
35840834
35845112
35840739
35840621
35840481
35840933
35840557
35840483
35845710
35840562
35840028
35840419
35845243
35840556
35845276
35840646
35840322
35840022
35840292
35845664
35845152
35840707
35840764
35845250
35840221
35840514
35840154
35840036
35840992
35840835
35840061
35840083
35840662
35845314
35840632
35845128
35840584
35840805
35840594
35840522
35845326
35840050
35840252
35840417
35840773
35840474
35840877
35840250
35840219
35845651
35845352
35840762
35840086
35845409
35840542
35840016
35840057
35840353
35840065
35840732
35840532
35845092
35845109
35840725
35840039
35840550
35840900
35845167
35840164
35845675
35840809
35840019
35845210
35845677
35840262
35845593
35845183
35845629
35845639
35845118
35840152
35840024
35840929
35840344
35840158
35840379
35840032
35845852
35840686
35845341
35845804
35840873
35845220
35840751
35845815
35845211
35845304
35840580
35840576
35845157
35845850
35840017
35840386
35840180
35840328
35840334
35845773
35840099
35840335
35840520
35840641
35840866
35845948
35840258
35840329
35840874
35840766
35845262
35840519
35840758
35840538
35840587
35840858
35845148
35840259
35840363
35845325
35840728
35840716
35840928
35840297
35840046
35840097
35845613
35840960
35845853
35840669
35840165
35840090
35840041
35840179
35840630
35845245
35845120
35840591
35845083
35840705
35845121
35840767
35840510
35845513
35845841
35840968
35840300
35840548
35840505
35845231
35840480
35845634
35840192
35845888
35840204
35845987
35845114
35840654
35840142
35840371
35840360
35840476
35845558
35840569
35840573
35840539
35845358
35845173
35845356
35845233
35840240
35840161
35840848
35840166
35840027
35840362
35840426
35840606
35840535
35840482
35840037
35845412
35840574
35845188
35840680
35845678
35840867
35840060
35840189
35840410
35840760
35845124
35840070
35845338
35840220
35845169
35840879
35840712
35845825
35840765
35845614
35840361
35840757
35845229
35845235
35840750
35840656
35840857
35840620
35840067
35845111
35840351
35840006
35840489
35840829
35840832
35840411
35840534
35840806
35845941
35845232
35840719
35845636
35845430
35845138
35840080
35840346
35840691
35840743
35840354
35840593
35845699
35845315
35840159
35840324
35840851
35840754
35840597
35840558
35840588
35840581
35840623
35845108
35840181
35840536
35845434
35845892
35840062
35845168
35840839
35845799
35840729
35840193
35840768
35845988
35845866
35840348
35845013
35840077
35840624
35840657
35845274
35845316
35840146
35845127
35840706
35840966
35840564
35845212
35840257
35840018
35840660
35840821
35845135
35845631
35840955
35845122
35845222
35840627
35845256
35840447
35840964
35840820
35840184
35840059
35840831
35840759
35840048
35840544
35840162
35840730
35845179
35840700
35840575
35840990
35840551
35840049
35840922
35840095
35840631
35845347
35840721
35840769
35845321
35840367
35840870
35840748
35840314
35840376
35845329
35840501
35840583
35840709
35840069
35840847
35840761
35840031
35840671
35840409
35840595
35845485
35840521
35845609
35840072
35845643
35840073
35840664
35845970
35840717
35840023
35840190
35840628
35845357
35845669
35840619
35840774
35840055
35840149
35840918
35840450
35840416
35840952
35845176
35845650
35840313
35840778
35840572
35845708
35845248
35840996
35840124
35840171
35840352
35845134
35845958
35840529
35840770
35840845
35840735
35840738
35840610
35840963
35840747
35840756
35840590
35845995
35840940
35840194
35840555
35840414
35840763
35840212
35840742
35840605
35840736
35840144
35840253
35840071
35840838
35840053
35845647
35840938
35840323
35840197
35840058
35840663
35845236
35840042
35840826
35840358
35840814
35845322
35845649
35840085
35845223
35840135
35840653
35840823
35845671
35840559
35840665
35840571
35840744
35845123
35840311
35840810
35840585
35845200
35845317
35840586
35845104
35840871
35845018
35840372
35840185
35845113
35840841
35840715
35840861
35845397
35845269
35840745
35845075
35840752
35840007
35840722
35845619
35845693
35845923
35845646
35840855
35840157
35845140
35840079
35840904
35845154
35840418
35845644
35845633
35840010
35840755
35840561
35840930
35845611
35845736
35845595
35840854
35840658
35840568
35840056
35840033
35840021
35840043
35840676
35845604
35840808
35840513
35845130
35840040
35840375
35845133
35840511
35840741
35840175
35840096
35840034
35840687
35840731
35845607
35840121
35840374
35840637
35840465
35840718
35845901
35840068
35840713
35840844
35845872
35840734
35840777
35840500
35840091
35840143
35845474
35840026
35840804
35840540
35845189
35840733
35845808
35845187
35840578
35845116
35840876
35840245
35845350
35840502
35840679
35840545
35840094
35845729
35840504
35845869
35840051
35845652
35845196
35840651
35840526
35845156
35840772
35840840
35845721
35840076
35845819
35840961
35840560
35840822
35845800
35840140
35845107
35845348
35840681
35840176
35840525
35840636
35840862
35840634
35840512
35840629
35840183
35840075
35845660
35845640
35840737
35840508
35840044
35840836
35840708
35845239
35840087
35845645
35845603
35845343
35840865
35845313
35840673
35840038
35840670
35845110
35840098
35840647
35840827
35845311
35845308
35840218
35845129
35840527
35840828
35840724
35845182
35840626
35840125
35840910
35840965
35845479
35840604
35840652
35845160
35845966
35840020
35840533
35845132
35845328
35845578
35845676
35845260
35845319
35840916
35840776
35840552
35840364
35845879
35845234
35840120
35840592
35840373
35845630
35840215
35840640
35840093
35840014
35840701
35840013
35845265
35840455
35840365
35845526
35840078
35840837
35840833
35840541
35840005
35840977
35840746
35840088
35840703
35840412
35840565
35840356
35840811
35840035
35840029
35840509
35840797
35845632
35840147
35840359
35840801
35840682
35840357
35840947
35845337
35840524
35845071
35840936
35840487
35840589
35840740
35840962
35845392
35840549
35840518
35845801
35840413
35840792
35840622
35840448
35840000
35840484
35840128
35840151
35840723
35840255
35840523
35845916
35845150
35840815
35840415
35840084
35840566
35845896
35845860
35845218
35845268
35840668
35840451
35840531
35840579
35840141
35840054
35840868
35845354
35840132
35845945
35840082
35840156
35840366
35845214
35845126
35840771
35840842
35845638
35840967
35840325
35845339
35845206
35845312
35840684
35840081
35840825
35840727
35840129
35845608
35845238
35840749
35845401
35840911
35840437
35845615
35840860
35840648
35845359
35845353
35840925
35840517
35840570
35840554
35840547
35840720
35845772
35840596
35840317
35840486
35840191
35845786
35840066
35840912
35845331
35840846
35840163
35840853
35840753
35840507
35840849
35845849
35840553
35840320
35840824
35840779
35840312
35840503
35840217
35840015
35840168
35840567
35845349
35840045
35840803
35840704
35840864
35840830
35840563
35840177
35845261
35845913
35840030
35845254
35845089
35845137
35840047
35845221
35840674
35840530
35845102
35845131
35840969
35840934
35840935
35840577
35840025
35840170
35840899
35845195
35840675
35845136
35840052
