35843292
35843384
35843557
35843850
35843368
35843588
35843516
35843504
35843279
35843720
35843912
35843930
35843231
35843364
35843474
35843148
35843274
35843524
35843414
35843137
35843325
35843211
35843299
35843609
35843131
35843603
35843352
35843187
35843424
35843687
35843377
35843323
35843744
35843734
35843800
35843445
35843725
35843891
35843297
35843040
35843820
35843824
35843008
35843409
35843404
35843559
35843722
35843846
35843733
35843075
35843990
35843684
35843096
35843127
35843257
35843928
35843239
35843140
35843549
35843566
35843938
35843103
35843423
35843261
35843050
35843713
35843201
35843821
35843723
35843054
35843480
35843374
