42060457
42060432
42060480
42060414
42060340
42060358
42060449
42060519
42060540
42060489
42060506
42060375
42060525
42060570
42060543
42060533
42060438
42060398
42060397
42060487
42060401
42060554
42060319
42060590
42060502
42060413
42060394
42060427
42060471
42060476
42060518
42060516
42060337
42060367
42060464
42060362
42060573
42060503
42060469
42060536
42060537
42060578
42060564
42060405
42060530
42060311
42060436
42060410
42060379
42060323
42060586
42060552
42060591
42060478
42060391
42060441
42060412
42060370
42060558
42060514
42060481
42060508
42060448
42060424
42060460
42060372
42060512
42060515
42060320
42060368
42060482
42060581
42060333
42060492
42060429
42060406
42060599
42060505
42060555
42060584
42060520
42060444
42060381
42060598
42060461
42060338
42060546
42060597
42060534
42060483
42060445
42060395
42060475
42060521
42060470
42060529
42060541
42060373
42060473
42060544
42060491
42060451
42060376
42060350
42060510
42060322
42060387
42060315
42060572
42060567
42060588
42060355
42060495
42060434
42060553
42060345
42060389
42060459
42060462
42060592
42060426
42060517
42060456
42060365
42060302
42060404
42060504
42060455
42060500
42060431
42060421
42060452
42060539
42060501
42060526
42060377
42060343
42060580
42060443
42060342
42060551
42060467
42060348
42060353
42060550
42060458
42060488
42060466
42060403
42060419
42060346
42060437
42060583
42060524
42060442
42060582
42060325
42060496
42060329
42060418
42060357
42060497
42060594
42060374
42060453
42060507
42060474
42060484
42060422
42060416
42060331
42060579
42060417
42060366
42060538
42060332
42060321
42060336
42060527
42060339
42060568
42060523
42060563
42060556
42060545
42060490
42060400
42060463
42060549
42060571
42060334
42060493
42060465
42060385
42060411
42060388
42060565
42060408
42060392
42060341
42060532
42060587
42060593
42060498
42060352
42060326
42060511
42060316
42060557
42060363
42060531
42060485
42060354
42060433
42060328
42060589
42060494
42060477
42060468
42060396
42060415
42060585
42060450
42060528
42060344
42060454
42060486
42060317
42060330
42060428
42060324
42060383
42060384
42060423
42060425
42060439
42060386
42060575
42060420
42060300
42060390
42060310
42060513
42060351
42060360
42060380
42060576
42060522
42060356
42060359
42060318
42060446
42060435
42060399
42060596
42060561
42060312
42060595
42060569
42060535
42060574
42060566
42060378
42060430
42060314
42060447
42060371
42060393
42060499
42060472
42060479
42060347
42060440
42060542
42060548
42060407
42060547
42060301
42060382
42060559
42060577
