42060860
42077568
42077765
42077556
42077854
42077316
42077492
42077724
42077451
42077423
42077418
42077518
42077435
42060821
42077853
42077476
42077304
42077407
42077667
42077342
42077895
42077565
42077026
42077807
42060877
42077890
42077464
42077641
42077590
42077441
42077632
42077303
42077495
42060839
42077468
42077721
42077346
42077335
42077422
42077738
42077843
42077583
42077409
42077479
42077466
42077480
42077780
42077512
42077648
42077506
42077744
42077822
42060892
42077406
42077621
42077742
42077850
42077741
42077576
42060856
42077551
42077616
42077517
42077630
42077802
42077797
42077560
42060896
42060818
42077791
42077874
42077368
42077370
42077421
42077777
42077623
42077391
42077747
42077714
42060851
42060837
42077877
42077792
42077726
42077659
42077532
42077619
42077646
42077609
42077425
42077531
42060868
42077470
42077526
42077522
42077784
42077499
42077856
42077489
42060874
42077589
42077577
42077736
42077376
42077671
42077785
42077508
42077511
42060832
42077311
42077719
42077516
42077606
42077685
42077010
42077317
42077704
42077306
42077896
42077398
42077473
42077683
42077852
42077395
42077732
42077603
42077863
42077530
42077712
42077653
42077748
42077571
42077413
42077761
42060831
42077544
42077542
42077650
42077651
42060891
42077371
42077746
42077672
42077353
42060882
42077728
42077894
42060826
42077829
42077636
42077452
42077823
42077557
42077662
42077608
42077462
42077562
42077766
42060880
42077414
42077563
42077504
42077543
42060893
42060853
42060878
42077878
42077770
42077427
42077534
42077394
42077898
42077448
42077017
42077461
42060858
42060848
42077309
42077828
42077826
42077014
42077875
42077503
42060803
42077833
42060840
42077591
42077638
42077325
42077842
42077663
42077450
42077772
42077720
42060820
42077688
42077361
42077787
42077345
42077548
42077588
42077354
42077570
42077613
42077774
42077030
42077396
42060879
42077569
42060814
42077369
42077846
42077514
42077689
42077855
42077404
42077410
42077849
42060875
42077561
42060834
42077605
42077484
42077324
42077639
42077350
42077649
42077541
42077687
42077684
42077312
42077397
42077656
42077803
42077528
42077433
42077820
42077359
42077507
42077789
42077751
42077500
42077389
42077362
42077652
42077594
42077482
42060864
42077341
42077698
42077597
42060895
42077574
42077830
42077631
42077513
42077706
42077488
42077730
42060894
42077614
42060872
42077438
42077668
42077708
42077582
42077302
42060899
42077334
42077356
42077664
42077487
42077310
42077601
42077501
42077737
42077005
42077497
42077844
42077679
42077769
42077825
42060847
42077809
42060844
42077682
42060842
42060873
42077610
42077801
42077490
42077584
42077754
42077607
42077604
42077328
42077372
42077847
42077429
42077374
42077491
42077715
42077796
42077378
42077364
42077405
42077392
42077019
42077546
42077458
42077783
42077897
42077475
42077440
42077781
42077658
42077669
42077779
42060825
42077446
42060802
42077449
42077509
42077318
42077575
42060881
42077465
42060805
42077521
42077375
42077757
42060815
42060801
42077529
42060807
42077459
42077558
42077776
42060838
42060811
42077598
42077326
42077722
42077633
42077523
42077498
42077731
42060898
42077385
42077012
42060846
42077743
42077782
42077585
42077502
42077763
42077386
42077355
42077315
42060857
42060887
42077333
42060885
42077456
42077555
42077778
42077848
42077552
42077478
42077673
42077624
42077740
42060830
42077515
42077893
42077463
42077793
42077007
42077773
42077366
42077876
42060883
42077349
42077686
42077348
42077760
42077755
42077338
42077622
42077666
42077670
42060859
42077015
42077660
42060855
42077734
42077331
42077481
42077467
42077553
42077661
42077493
42077536
42077426
42077690
42077835
42077419
42077750
42077627
42077859
42060854
42077393
42077566
42060869
42077615
42077307
42060836
42077680
42077578
42060819
42077460
42077798
42077617
42077705
42077547
42077305
42077408
42077749
42060828
42077320
42077788
42060870
42060867
42077891
42060829
42077745
42077486
42077647
42077595
42077681
42077300
42077420
42077838
42077453
42077655
42077697
42077431
42077592
42060862
42077786
42077329
42077718
42077567
42077753
42077767
42077018
42077403
42077365
42077735
42077634
42077587
42077701
42077640
42077430
42077800
42077729
42077644
42077412
42077626
42077871
42077545
42077808
42077799
42077794
42077428
42077402
42060865
42060852
42077525
42077337
42077723
42077676
42077806
42077654
42077709
42077445
42060841
42060812
42077442
42077771
42077472
42077454
42077411
42077457
42077437
42077804
42077455
42077540
42060827
42077586
42077524
42077840
42077013
42060822
42077367
42077520
42060835
42060817
42077674
42060897
42077758
42060816
42077439
42077857
42060833
42077618
42077011
42077841
42077625
42077711
42077703
42077357
42077537
42077759
42077510
42077573
42077494
42077360
42060863
42077387
42077564
42077733
42077710
42077764
42060889
42077611
42077471
42077635
42077533
42077700
42060806
42077401
42060800
42060890
42077415
42060845
42077301
42077400
42077693
42077535
42077717
42077505
42077899
42077599
42077596
42077538
42077707
42077469
42077716
42060810
42077805
42077443
42077612
42077313
42077327
42060886
42077347
42060809
42077432
42077399
42060888
42077824
42077756
42077436
42077519
42060824
42077713
42060876
42077550
42060849
42077642
42077752
42077377
42077600
42077872
42077483
42077447
42077725
42077593
42077727
42077629
42077739
42077572
42077678
42077539
42077762
42060804
42060871
42077496
42060843
42060813
42077380
42077870
42077665
42077677
42077858
42060884
42077790
42077314
42077554
42077873
42077485
42060823
42077795
42077768
42077527
42077628
42077424
42077474
42077358
42077845
42077892
42060861
42077444
42077379
42077775
42060850
42077851
42060866
42077695
42077702
42077879
42077643
42077416
42060808
42077383
42077827
42077321
42077322
42077657
42077692
42077602
42077016
