22176750
22176447
22176599
22176380
22176286
22176891
22176218
22176337
22176241
22176876
22176872
22176829
22176811
22176270
22176603
22176360
22176723
22176298
22176738
22176499
22176288
22176555
22176542
22176272
22176803
22176856
22176841
22176451
22176550
22176383
22176219
22176366
22176719
22176826
22176307
22176405
22176627
22176377
22176249
22176605
22176660
22176234
22176614
22176731
22176483
22176577
22176579
22176289
22176814
22176771
22176364
22176525
22176827
22176791
22176741
22176313
22176518
22176851
22176369
22176734
22176757
22176809
22176695
22176532
22176139
22176462
22176504
22176331
22176137
22176671
22176690
22176453
22176611
22176870
22176540
22176308
22176296
22176211
22176828
22176831
22176341
22176240
22176263
22176421
22176508
22176868
22176455
22176641
22176348
22176135
22176602
22176507
22176419
22176510
22176502
22176822
22176300
22176203
22176253
22176264
22176848
22176800
22176837
22176477
22176284
22176709
22176430
22176310
22176849
22176387
22176295
22176583
22176409
22176573
22176609
22176767
22176842
22176230
22176756
22176452
22176543
22176560
22176735
22176673
22176255
22176340
22176792
22176850
22176702
22176821
22176548
22176302
22176687
22176894
22176301
22176501
22176513
22176718
22176896
22176391
22176347
22176485
22176248
22176744
22176820
22176472
22176304
22176515
22176130
22176465
22176780
22176292
22176392
22176394
22176267
22176817
22176768
22176843
22176247
22176782
22176589
22176520
22176497
22176721
22176794
22176526
22176595
22176640
22176386
22176265
22176707
22176524
22176334
22176424
22176769
22176516
22176874
22176444
22176440
22176243
22176436
22176580
22176752
22176683
22176638
22176415
22176459
22176222
22176437
22176866
22176552
22176662
22176489
22176319
22176698
22176834
22176650
22176754
22176808
22176371
22176314
22176358
22176616
22176503
22176418
22176438
22176786
22176297
22176132
22176890
22176320
22176567
22176600
22176830
22176801
22176339
22176283
22176480
22176384
22176795
22176385
22176534
22176623
22176860
22176684
22176367
22176521
22176494
22176610
22176232
22176703
22176228
22176271
22176202
22176862
22176617
22176484
22176804
22176591
22176736
22176536
22176680
22176553
22176458
22176431
22176464
22176545
22176745
22176766
22176318
22176475
22176624
22176881
22176233
22176488
22176446
22176357
22176669
22176575
22176273
22176643
22176443
22176306
22176679
22176565
22176562
22176622
22176716
22176235
22176316
22176566
22176481
22176656
22176652
22176426
22176714
22176644
22176138
22176835
22176647
22176378
22176416
22176838
22176408
22176672
22176815
22176759
22176450
22176740
22176642
22176832
22176136
22176399
22176587
22176742
22176312
22176556
22176395
22176867
22176618
22176869
22176646
22176884
22176886
22176368
22176200
22176606
22176697
22176737
22176404
22176715
22176613
22176651
22176770
22176244
22176787
22176705
22176268
22176746
22176666
22176563
22176578
22176633
22176517
22176305
22176527
22176332
22176397
22176496
22176492
22176512
22176403
22176708
22176470
22176674
22176788
22176776
22176227
22176625
22176269
22176572
22176619
22176251
22176865
22176621
22176434
22176784
22176774
22176299
22176213
22176594
22176353
22176755
22176880
22176309
22176706
22176564
22176239
22176712
22176208
22176593
22176857
22176427
22176846
22176220
22176732
22176568
22176889
22176439
22176131
22176417
22176882
22176816
22176382
22176798
22176343
22176487
22176747
22176285
22176887
22176476
22176338
22176760
22176749
22176460
22176448
22176374
22176648
22176765
22176210
22176528
22176225
22176701
22176825
22176277
22176604
22176393
22176325
22176748
22176381
22176598
22176729
22176727
22176336
22176696
22176628
22176725
22176523
22176322
22176401
22176261
22176423
22176134
22176237
22176449
22176373
22176810
22176654
22176713
22176278
22176635
22176631
22176514
22176807
22176398
22176649
22176875
22176433
22176252
22176262
22176216
22176315
22176390
22176897
22176664
22176209
22176879
22176574
22176342
22176223
22176726
22176676
22176773
22176775
22176466
22176762
22176260
22176629
22176411
22176632
22176519
22176661
22176893
22176668
22176569
22176626
22176266
22176410
22176853
22176254
22176538
22176321
22176547
22176663
22176287
22176812
22176571
22176361
22176406
22176607
22176407
22176717
22176402
22176554
22176388
22176231
22176806
22176675
22176282
22176224
22176463
22176413
22176895
22176839
22176645
22176799
22176728
22176226
22176324
22176256
22176376
22176561
22176509
22176844
22176365
22176345
22176655
22176551
22176493
22176544
22176281
22176753
22176303
22176467
22176133
22176590
22176531
22176758
22176429
22176557
22176783
22176793
22176871
22176396
22176584
22176653
22176637
22176845
22176681
22176473
22176414
22176785
22176781
22176588
22176468
22176861
22176362
22176293
22176479
22176855
22176412
22176899
22176474
22176379
22176581
22176847
22176442
22176498
22176836
22176215
22176206
22176805
22176490
22176250
22176204
22176878
22176491
22176724
22176350
22176665
22176486
22176686
22176276
22176549
22176751
22176859
22176469
22176779
22176400
22176693
22176691
22176772
22176818
22176659
22176506
22176685
22176335
22176290
22176530
22176422
22176533
22176207
22176615
22176425
22176892
22176873
22176739
22176333
22176428
22176763
22176688
22176761
22176858
22176596
22176359
22176351
22176471
22176743
22176522
22176694
22176790
22176349
22176355
22176258
22176435
22176704
22176789
22176221
22176888
22176238
22176214
22176291
22176317
22176420
22176328
22176217
22176205
22176634
22176854
22176279
22176898
22176639
22176885
22176457
22176576
22176863
22176505
22176813
22176478
22176864
22176558
22176274
22176682
22176259
22176389
22176461
22176720
22176677
22176667
22176212
22176592
22176608
22176201
22176883
22176326
22176670
22176330
22176620
22176630
22176601
22176797
22176764
22176658
22176733
22176311
22176482
22176375
22176559
22176535
22176796
22176354
22176585
22176500
22176840
22176824
22176229
22176539
22176819
22176363
22176445
22176454
22176346
22176257
22176657
22176877
22176711
22176699
22176370
22176356
22176372
22176777
22176597
22176833
22176246
22176280
22176570
22176323
22176352
22176245
22176541
22176582
22176236
22176242
22176344
22176456
22176700
22176678
22176327
22176852
22176275
22176823
22176730
22176636
22176722
22176511
22176612
22176710
22176495
22176329
22176537
22176778
22176294
22176441
22176529
22176432
22176586
22176689
22176546
22176692
22176802
