22177689
22177137
22177294
22177789
22177244
22177549
22177848
22177478
22177909
22177432
22177299
22177305
22177705
22177303
22177904
22177686
22177938
22177830
22177131
22177250
22177420
22177167
22177204
22177526
22177781
22177441
22177943
22177769
22177791
22177947
22177293
22177146
22177634
22177156
22177838
22177620
22177149
22177685
22177177
22177513
22177524
22177763
22177784
22177410
22177489
22177277
22177401
22177253
22177895
22177817
22177262
22177573
22177514
22177777
22177932
22177922
22177126
22177870
22177200
22177378
22177741
22177552
22177733
22177289
22177546
22177735
22177238
22177332
22177335
22177392
22177995
22177512
22177191
22177662
22177899
22177298
22177643
22177187
22177270
22177934
22177320
22177448
22177829
22177718
22177768
22177633
22177382
22177780
22177566
22177692
22177997
22177371
22177653
22177604
22177911
22177673
22177893
22177492
22177805
22177407
22177198
22177892
22177416
22177327
22177503
22177853
22177723
22177991
22177595
22177405
22177145
22177490
22177762
22177982
22177849
22177500
22177563
22177109
22177667
22177564
22177903
22177740
22177473
22177617
22177547
22177678
22177349
22177581
22177824
22177417
22177619
22177510
22177614
22177321
22177154
22177628
22177425
22177839
22177475
22177119
22177786
22177295
22177799
22177894
22177720
22177804
22177986
22177748
22177128
22177989
22177577
22177571
22177638
22177443
22177433
22177712
22177385
22177715
22177123
22177249
22177843
22177237
22177168
22177220
22177339
22177481
22177384
22177950
22177157
22177104
22177651
22177130
22177543
22177389
22177969
22177275
22177941
22177329
22177722
22177565
22177394
22177655
22177599
22177297
22177355
22177202
22177436
22177770
22177818
22177397
22177278
22177509
22177520
22177257
22177374
22177822
22177231
22177868
22177300
22177465
22177434
22177898
22177527
22177582
22177910
22177669
22177215
22177778
22177774
22177181
22177319
22177586
22177597
22177871
22177656
22177459
22177290
22177522
22177102
22177454
22177693
22177447
22177706
22177393
22177823
22177316
22177570
22177271
22177306
22177171
22177827
22177847
22177674
22177811
22177172
22177984
22177874
22177857
22177404
22177214
22177627
22177199
22177626
22177483
22177444
22177185
22177502
22177377
22177836
22177793
22177342
22177356
22177807
22177532
22177359
22177314
22177415
22177687
22177736
22177716
22177236
22177540
22177888
22177474
22177596
22177916
22177158
22177954
22177987
22177752
22177537
22177507
22177125
22177636
22177978
22177554
22177193
22177747
22177251
22177914
22177900
22177165
22177556
22177960
22177970
22177879
22177815
22177485
22177284
22177713
22177180
22177622
22177383
22177835
22177379
22177246
22177134
22177153
22177189
22177387
22177207
22177562
22177726
22177717
22177499
22177334
22177116
22177607
22177114
22177846
22177699
22177856
22177609
22177587
22177464
22177190
22177531
22177470
22177150
22177734
22177624
22177621
22177274
22177426
22177704
22177694
22177855
22177259
22177865
22177891
22177309
22177419
22177816
22177927
22177463
22177170
22177196
22177288
22177400
22177358
22177518
22177112
22177460
22177681
22177471
22177323
22177826
22177882
22177908
22177346
22177645
22177647
22177677
22177107
22177395
22177800
22177885
22177467
22177210
22177755
22177701
22177453
22177709
22177739
22177482
22177727
22177890
22177232
22177240
22177239
22177381
22177629
22177808
22177423
22177976
22177610
22177458
22177583
22177530
22177176
22177139
22177690
22177792
22177935
22177345
22177812
22177539
22177488
22177506
22177203
22177632
22177494
22177946
22177695
22177918
22177731
22177746
22177559
22177757
22177876
22177854
22177660
22177925
22177845
22177280
22177245
22177247
22177937
22177279
22177403
22177516
22177578
22177594
22177732
22177493
22177646
22177858
22177528
22177759
22177226
22177182
22177173
22177828
22177797
22177192
22177671
22177457
22177766
22177985
22177897
22177679
22177637
22177703
22177880
22177344
22177956
22177523
22177266
22177724
22177884
22177106
22177841
22177867
22177330
22177449
22177809
22177175
22177504
22177462
22177700
22177350
22177480
22177592
22177439
22177276
22177872
22177472
22177122
22177887
22177580
22177866
22177907
22177584
22177495
22177923
22177430
22177265
22177603
22177612
22177208
22177132
22177618
22177548
22177304
22177680
22177981
22177883
22177360
22177691
22177308
22177974
22177373
22177590
22177370
22177650
22177411
22177148
22177654
22177311
22177424
22177243
22177353
22177142
22177233
22177365
22177602
22177821
22177795
22177163
22177292
22177863
22177218
22177931
22177354
22177558
22177340
22177889
22177479
22177711
22177861
22177357
22177837
22177906
22177958
22177372
22177337
22177538
22177639
22177967
22177999
22177143
22177144
22177402
22177287
22177648
22177860
22177120
22177980
22177951
22177519
22177928
22177644
22177721
22177440
22177105
22177575
22177491
22177767
22177560
22177864
22177902
22177569
22177263
22177588
22177121
22177431
22177206
22177567
22177574
22177413
22177515
22177406
22177386
22177369
22177794
22177605
22177511
22177162
22177640
22177775
22177174
22177783
22177437
22177461
22177975
22177183
22177468
22177942
22177652
22177630
22177412
22177787
22177363
22177282
22177310
22177456
22177164
22177749
22177301
22177862
22177683
22177209
22177788
22177957
22177521
22177896
22177442
22177971
22177184
22177844
22177535
22177141
22177269
22177343
22177832
22177859
22177452
22177534
22177743
22177555
22177315
22177533
22177919
22177926
22177760
22177254
22177347
22177688
22177469
22177994
22177965
22177869
22177222
22177959
22177966
22177988
22177682
22177313
22177955
22177833
22177487
22177435
22177248
22177742
22177445
22177905
22177710
22177264
22177455
22177616
22177719
22177990
22177160
22177368
22177333
22177241
22177258
22177140
22177108
22177260
22177772
22177551
22177765
22177963
22177380
22177367
22177810
22177127
22177217
22177541
22177666
22177338
22177113
22177944
22177973
22177953
22177814
22177161
22177912
22177267
22177317
22177606
22177229
22177186
22177352
22177771
22177840
22177212
22177964
22177676
22177790
22177542
22177929
22177785
22177133
22177221
22177983
22177364
22177877
22177361
22177801
22177261
22177635
22177782
22177194
22177230
22177325
22177572
22177850
22177451
22177216
22177242
22177228
22177268
22177536
22177188
22177930
22177745
22177179
22177111
22177414
22177326
22177664
22177399
22177658
22177422
22177707
22177714
22177138
22177255
22177178
22177708
22177129
22177169
22177398
22177227
22177283
22177418
22177147
22177428
22177948
22177593
22177375
22177756
22177921
22177336
22177466
22177939
22177665
22177427
22177625
22177803
22177972
22177913
22177195
22177429
22177702
22177764
22177152
22177933
22177917
22177611
22177553
22177952
22177225
22177324
22177738
22177328
22177477
22177525
22177977
22177545
22177751
22177936
22177318
22177351
22177631
22177773
22177391
22177408
22177390
22177529
22177497
22177819
22177601
22177252
22177761
22177307
22177878
22177962
22177875
22177754
22177901
22177675
22177696
22177600
22177501
22177659
22177211
22177663
22177802
22177852
22177476
22177642
22177945
22177568
22177201
22177591
22177992
22177151
22177585
22177698
22177508
22177979
22177166
22177450
22177744
22177998
22177256
22177118
22177798
22177615
22177550
22177576
22177842
22177348
22177496
22177446
22177697
22177135
22177136
22177949
22177806
22177302
22177657
22177281
22177924
22177758
22177312
22177750
22177728
22177438
22177725
22177388
22177557
22177421
22177219
22177110
22177272
22177796
22177613
22177668
22177820
22177341
22177159
22177672
22177517
22177100
22177649
22177623
22177223
22177881
22177101
22177753
22177322
22177117
22177834
22177825
22177205
22177296
22177224
22177915
22177376
22177961
22177670
22177737
22177396
22177362
22177729
22177197
22177968
22177730
22177813
22177851
22177873
22177641
22177366
22177776
22177285
22177273
22177291
22177886
22177920
22177234
22177661
22177486
22177579
22177498
22177484
22177103
22177831
22177996
22177598
22177155
22177940
22177993
22177409
22177589
22177779
22177213
22177544
22177505
22177561
22177115
22177331
22177235
22177286
22177608
22177124
22177684
