22176944
22177023
22177016
22176946
22176167
22176192
22176907
22176147
22177090
22176029
22176184
22176190
22176926
22177097
22177046
22177067
22177042
22177062
22176166
22176153
22177086
22177058
22176011
22176168
22177072
22176947
22177040
22176155
22177014
22176176
22177022
22177013
22176908
22177080
22176927
22177095
22176170
22177038
22177049
22176178
22176148
22176941
22177010
22176193
22177019
22176145
22177077
22176195
22177064
22177012
22176901
22176191
22176024
22176023
22176196
22177053
22176189
22176943
22177088
22177057
22177017
22177020
22176156
22177078
22177081
22177084
22176903
22176921
22177085
22177030
22177031
22177060
22177093
22177028
22176028
22177055
22176016
22177047
22176904
22176026
22177025
22177037
22176172
22176163
22176141
22176021
22177073
22176920
22176177
22177068
22177094
22177056
22177041
22177048
22176179
22177027
22176169
22176923
22176173
22177098
22177021
22176015
22177045
22176020
22176187
22177075
22176199
22176012
22177079
22176948
22177091
22176159
22177039
22176940
22176162
22176157
22176144
22177069
22176154
22176164
22176152
22176158
22177074
22176171
22177099
22177089
22176017
22177050
22176022
22177054
22176188
22176186
22176197
22176906
22177029
22177096
22176180
22176019
22176013
22176025
22176185
22176925
22177026
22176027
22176902
22176194
22177032
22177063
22176014
22177065
22177034
22177082
22176909
22176924
22176151
22177071
22177035
22176922
22176929
22177011
22176165
22177076
22176949
22176146
22177024
22176160
22177083
22176018
22176143
22176149
22176161
22177033
22177087
22176945
22177044
22177043
22176140
22177036
22176183
22176174
22177015
22177092
22176182
22177052
22177051
22176928
22177059
22176150
22176900
22177061
22176142
22176181
22176905
22176942
22176198
22176175
22177070
22177066
22177018
22176010
