3670348
3670577
3670443
3670218
3670429
3670634
3670267
3670590
3670794
3670221
3670314
3670625
3670654
3670610
3670749
3670242
3670540
3670364
3670514
3670509
3670662
3670283
3670533
3670626
3670206
3670414
3670455
3670522
3670652
3670645
3670782
3670620
3670503
3670479
3670734
3670198
3670353
3670402
3670555
3670632
3670670
3670587
3670492
3670334
3670427
3670660
3670638
3670317
3670663
3670284
3670248
3670273
3670757
3670651
3670337
3670369
3670518
3670420
3670770
3670515
3670553
3670378
3670430
3670872
3670521
3670393
3670786
3670741
3670561
3670405
3670627
3670679
3670419
3670381
3670385
3670582
3670667
3670296
3670707
3670773
3670204
3670726
3670903
3670475
3670725
3670235
3670615
3670279
3670217
3670452
3670792
3670428
3670743
3670390
3670945
3670508
3670406
3670229
3670313
3670641
3670373
3670649
3670361
3670575
3670746
3670289
3670941
3670457
3670459
3670408
3670619
3670270
3670469
3670517
3670371
3670708
3670643
3670388
3670368
3670440
3670661
3670527
3670295
3670659
3670702
3670310
3670528
3670681
3670000
3670454
3670797
3670355
3670686
3670609
3670756
3670736
3670422
3670426
3670370
3670560
3670318
3670292
3670374
3670382
3670938
3670591
3670260
3670595
3670861
3670612
3670520
3670576
3670207
3670395
3670850
3670409
3670647
3670365
3670225
3670500
3670354
3670280
3670571
3670400
3670733
3670949
3670341
3670255
3670781
3670336
3670789
3670523
3670566
3670510
3670557
3670293
3670226
3670948
3670418
3670367
3670611
3670506
3670775
3670259
3670930
3670771
3670450
3670606
3670307
3670303
3670559
3670389
3670350
3670548
3670216
3670543
3670323
3670258
3670476
3670501
3670431
3670569
3670684
3670600
3670525
3670701
3670347
3670407
3670232
3670376
3670640
3670282
3670456
3670466
3670745
3670581
3670277
3670436
3670629
3670349
3670220
3670212
3670434
3670286
3670417
3670685
3670377
3670234
3670219
3670669
3670908
3670656
3670425
3670199
3670753
3670346
3670984
3670453
3670882
3670946
3670200
3670332
3670309
3670507
3670210
3670322
3670398
3670944
3670579
3670798
3670247
3670563
3670881
3670261
3670951
3670397
3670538
3670272
3670572
3670202
3670584
3670403
3670326
3670668
3670854
3670266
3670683
3670565
3670437
3670602
3670312
3670564
3670618
3670774
3670554
3670630
3670720
3670416
3670624
3670597
3670245
3670719
3670308
3670383
3670682
3670432
3670778
3670358
3670636
3670325
3670866
3670947
3670360
3670001
3670240
3670608
3670943
3670411
3670320
3670732
3670539
3670562
3670263
3670724
3670433
3670594
3670223
3670536
3670730
3670379
3670410
3670345
3670505
3670224
3670244
3670886
3670330
3670772
3670698
3670529
3670752
3670392
3670550
3670384
3670239
3670709
3670655
3670201
3670250
3670596
3670324
3670541
3670241
3670605
3670573
3670598
3670932
3670783
3670784
3670243
3670297
3670706
3670319
3670795
3670699
3670268
3670237
3670252
3670477
3670351
3670776
3670883
3670451
3670339
3670622
3670504
3670285
3670530
3670735
3670424
3670300
3670396
3670301
3670394
3670512
3670642
3670623
3670502
3670546
3670329
3670570
3670650
3670535
3670356
3670604
3670413
3670275
3670646
3670744
3670586
3670274
3670790
3670617
3670703
3670931
3670665
3670672
3670633
3670585
3670723
3670621
3670387
3670671
3670653
3670658
3670524
3670491
3670977
3670544
3670799
3670331
3670205
3670380
3670458
3670386
3670637
3670777
3670599
3670269
3670302
3670613
3670421
3670793
3670588
3670727
3670967
3670534
3670978
3670607
3670574
3670399
3670299
3670214
3670291
3670321
3670375
3670306
3670233
3670236
3670227
3670933
3670197
3670580
3670664
3670787
3670478
3670342
3670315
3670542
3670731
3670357
3670628
3670251
3670531
3670222
3670934
3670755
3670246
3670547
3670904
3670740
3670343
3670738
3670704
3670257
3670578
3670526
3670288
3670513
3670340
3670537
3670298
3670511
3670256
3670754
3670552
3670907
3670519
3670489
3670287
3670942
3670532
3670718
3670366
3670264
3670545
3670294
3670705
3670231
3670675
3670666
3670363
3670439
3670328
3670885
3670935
3670953
3670305
3670592
3670208
3670271
3670583
3670674
3670639
3670601
3670249
3670884
3670213
3670549
3670567
3670276
3670442
3670327
3670940
3670238
3670209
3670779
3670677
3670423
3670262
3670253
3670445
3670338
3670742
3670678
3670631
3670230
3670676
3670362
3670311
3670589
3670603
3670254
3670281
3670644
3670359
3670556
3670265
3670616
3670614
3670290
3670593
3670391
3670316
3670211
3670905
3670415
3670335
3670228
3670758
3670739
3670344
3670203
3670215
3670568
3670412
3670278
3670304
3670673
3670635
3670372
3670558
3670551
3670333
3670516
3670352
3670657
