5024709
5024711
5024725
5024763
5024718
5024735
5024772
5024738
5024742
5024758
5024737
5024764
5024704
5024757
5024759
5024748
5024721
5024754
5024733
5024720
5024765
5024743
5024722
5024740
5024767
5024732
5024730
5024724
5024770
5024701
5024708
5024762
5024745
5024739
5024728
5024731
5024753
5024705
5024726
5024700
5024751
5024750
5024761
5024741
5024723
5024756
5024734
5024714
5024736
5024713
5024766
5024747
5024716
5024710
5024729
5024702
5024715
5024706
5024744
5024703
5024749
5024712
5024717
5024727
5024719
5024707
5024769
5024752
5024755
5024760
5024771
5024746
5024768
