5024477
5024785
5024779
5024780
5024888
5023161
5023121
5024846
5023137
5024894
5024859
5024782
5023100
5024868
5023193
5024869
5024812
5024832
5024815
5023116
5024822
5024494
5023156
5023135
5023136
5024492
5023119
5024843
5023132
5023181
5024788
5024824
5023109
5023149
5023157
5024497
5023168
5024864
5024776
5024834
5023148
5023120
5023127
5024799
5024889
5024796
5024857
5024897
5023173
5024775
5024840
5024851
5024861
5024877
5023111
5024821
5023195
5023162
5023169
5023142
5023183
5023178
5024774
5024806
5024789
5023164
5023114
5024842
5024487
5024850
5023184
5023190
5023139
5024887
5023118
5024485
5024875
5024836
5024476
5024807
5024873
5023128
5024483
5023188
5024858
5024786
5023123
5024872
5023101
5024801
5023134
5024880
5023113
5023177
5024830
5024899
5023172
5023130
5023102
5024484
5024898
5024841
5024856
5024883
5023138
5024778
5024862
5024480
5024829
5023140
5023141
5023106
5023108
5024828
5024814
5024860
5024809
5024867
5024879
5023129
5024893
5023176
5024891
5024792
5024885
5024773
5023159
5024881
5024848
5024486
5023191
5024849
5023160
5024866
5023124
5023151
5023165
5024831
5023163
5024795
5023122
5024491
5024496
5024817
5024870
5024784
5023146
5024890
5023115
5024804
5024798
5024844
5024892
5023153
5024777
5023154
5023198
5024845
5024482
5024493
5024816
5023110
5024865
5024481
5024793
5024490
5023179
5024781
5024498
5024823
5024826
5024835
5024839
5024495
5023185
5024489
5023167
5024847
5023150
5024479
5024791
5024882
5023155
5023187
5023175
5023152
5023143
5023144
5024838
5024874
5023196
5023158
5023186
5024813
5023131
5023125
5024488
5024854
5023189
5024499
5024811
5024802
5024896
5024820
5024876
5024800
5023112
5024478
5023174
5024852
5024878
5023133
5024805
5023171
5024863
5023126
5023170
5024818
5024825
5023103
5023147
5023104
5024790
5024833
5024853
5024895
5023117
5023107
5024810
5024783
5024797
5023197
5023199
5023182
5023180
5023105
5024886
5023145
5024827
5024837
5024884
5024808
5024787
5024855
5024803
5023192
5023166
5023194
5024794
