5024403
5024420
5024402
5024444
5024412
5024434
5024409
5024400
5024410
5024422
5024439
5024441
5024423
5024426
5024469
5024459
5024467
5024440
5024430
5024437
5024416
5024464
5024451
5024460
5024452
5024401
5024449
5024463
5024431
5024466
5024468
5024442
5024427
5024411
5024418
5024438
5024445
5024462
5024413
5024421
5024435
5024448
5024406
5024425
5024450
5024405
5024457
5024408
5024446
5024458
5024414
5024419
5024461
5024447
5024429
5024428
5024455
5024415
5024433
5024417
5024404
5024456
5024443
5024407
5024436
5024454
5024424
5024453
5024465
5024432
