880140590
880140505
880140167
880140188
880140984
880140953
880141412
880192079
880190646
880140159
880140658
880140613
880140594
880140542
880140465
880140291
880196881
880141052
880140230
880140469
880141755
880199761
880140801
880140373
880140467
880140414
880193478
880191177
880140647
880140079
880140304
880140564
880195183
880140510
880140088
880140412
880140329
880140676
880140734
880140962
880140869
880140880
880140075
880140026
880145772
880193046
880140160
880140223
880190405
880199156
880140496
880140486
880140592
880140950
880140678
880140548
880140153
880140402
880140354
880140569
880140577
880140156
880140526
880140212
880195992
880140028
880140460
880140417
880144016
880193660
880140314
880140392
880140945
880140140
880140784
880191605
880199717
880140752
880140310
880140463
880141409
880140881
880140688
880140870
880145960
880140856
880140182
880140272
880140495
880140440
880145157
880140649
880140754
880140868
880140841
880191412
880140321
880192228
880140769
880196572
880140461
880191113
880140456
880140894
880140803
880192348
880140901
880140942
880140862
880140327
880140969
880197301
880140516
880140273
880140157
880140748
880140723
880193784
880192955
880140056
880140749
880140248
880140572
880140357
880140065
880140494
880140522
880140253
880196221
880140010
880140849
880140018
880140547
880140017
880194150
880142070
880140048
880142286
880140915
880140355
880140520
880147665
880197641
880140067
880191120
880140576
880193477
880140023
880140800
880140012
880140922
880140301
880140133
880140259
880140411
880140047
880140071
880140420
880191119
880140074
880140039
880140811
880140371
880140912
880146408
880191569
880198402
880140472
880140233
880145734
880140847
880140937
880140211
880145783
880140349
880194344
880144047
880140652
880140269
880140683
880140910
880140309
880144759
880140459
880140793
880140815
880140351
880140177
880140878
880140932
880148710
880140930
880149234
880147272
880140541
880142013
880140225
880140580
880140560
880192629
880140007
880140195
880192073
880140529
880148220
880140500
880192165
880140672
880140607
880140771
880142501
880140311
880140249
880191181
880193226
880140164
880140970
880195121
880140664
880140879
880140944
880199445
880140246
880140181
880194878
880199456
880140493
880140040
880140099
880192968
880140976
880140842
880142292
880140032
880196973
880140318
880140850
880140296
880140093
880140100
880193856
880140981
880191146
880140451
880140729
880140125
880145845
880191152
880140774
880140627
880140316
880140353
880140477
880140631
880191237
880140178
880140024
880143631
880140740
880140624
880140637
880140907
880140480
880199811
880140218
880140095
880140926
880140575
880191236
880140025
880197469
880140019
880140050
880197656
880140971
880140000
880190167
880140254
880140978
880140087
880140924
880140762
880140718
880140904
880142763
880192935
880191140
880140555
880140504
880140687
880140030
880140152
880140015
880194978
880140820
880140317
880140715
880194737
880140341
880191760
880140640
880140299
880140565
880140860
880140053
880190560
880190449
880140875
880140300
880140104
880140163
880191342
880192981
880140673
880141959
880140436
880140361
880193044
880140656
880140544
880149144
880140790
880141561
880196742
880140471
880140814
880191633
880140222
880143621
880140838
880197729
880194073
880191511
880140859
880140733
880145173
880140381
880140043
880140897
880140663
880140789
880140185
880140238
880140322
880193689
880140488
880140205
880190220
880140581
880140917
880140183
880140549
880140022
880140484
880147412
880140695
880140080
880140055
880140131
880195414
880140082
880140483
880140525
880195500
880140013
880140861
880140260
880140198
880140165
880140732
880140597
880140714
880144677
880140885
880190224
880140490
880140384
880140562
880199696
880140979
880140524
880140919
880140563
880140557
880140892
880140728
880147264
880140144
880140466
880140871
880140413
880145492
880148065
880195048
880140033
880195937
880140358
880140390
880140468
880195781
880143716
880147162
880140949
880140150
880140011
880145478
880140611
880140610
880146092
880140452
880140162
880140760
880140206
880140550
880146294
880140636
880196025
880191117
880140462
880140454
880190338
880140612
880140207
880140602
880140650
880141908
880140338
880140983
880149024
880193866
880140098
880193301
880140788
880140621
880140584
880140710
880140601
880140416
880198537
880140512
880140951
880140768
880149641
880140281
880140642
880140097
880191103
880140284
880140137
880140791
880140940
880140882
880191687
880140245
880140375
880140210
880140661
880141395
880149663
880140698
880140591
880140905
880140974
880140865
880140037
880195653
880140439
880140169
880140250
880140941
880140866
880145705
880140977
880140628
880140858
880140867
880140770
880140589
880140980
880148115
880140042
880140166
880140503
880196210
880140473
880148979
880140920
880140054
880196079
880193800
880140539
880140595
880147974
880140724
880140337
880140305
880195755
880140450
880140389
880196548
880140755
880140154
880140323
880191111
880140848
880147026
880140021
880140476
880140816
880140089
880140884
880140202
880140711
880140720
880140864
880140061
880140638
880140426
880140731
880140854
880140208
880140158
880140232
880140758
880140045
880140625
880140091
880192191
880140289
880140796
880140527
880140582
880199608
880193485
880140643
880140832
880191182
880193101
880140757
880146645
880140632
880140265
880140876
880140171
880147724
880140684
880140200
880191247
880140954
880147995
880140330
880140776
880140288
880140209
880140068
880140719
880140948
880140196
880140266
880140437
880196687
880140872
880148260
880140455
880191487
880147801
880190139
880140646
880191291
880140006
880140090
880140334
880140391
880140044
880191376
880140873
880140517
880140174
880191192
880140433
880140385
880144987
880141526
880198486
880140343
880196270
880140096
880147574
880140261
880140667
880146270
880141743
880140593
880140573
880140008
880140799
880140531
880140168
880140906
880140821
880140066
880140780
880193519
880190543
880140027
880148084
880140331
880140909
880140767
880143534
880140787
880142006
880140620
880140735
880140705
880140961
880140386
880140599
880194067
880140312
880199603
880192099
880140215
880148129
880140545
880140077
880197800
880191139
880190149
880195766
880147557
880193430
880147969
880140511
880140335
880191699
880142821
880140938
880140955
880149338
880140686
880140908
880193323
880145079
880140543
880140675
880140781
880140737
880140271
880197374
880143153
880140003
880197501
880140418
880140258
880193428
880197397
880140058
880140274
880191444
880140532
880140180
880141776
880140694
880140397
880140534
880140005
880140973
880140438
880196040
880140614
880192372
880140855
880140551
880147657
880142646
880140491
880140453
880145326
880140606
880140193
880140293
880140345
880140669
880149468
880140782
880140679
880140035
880146377
880140839
880140689
880140699
880140822
880140586
880140191
880140002
880194853
880140648
880140419
880194530
880140863
880199956
880140570
880140982
880140959
880192131
880147362
880140747
880191440
880140890
880140883
880193491
880140148
880140287
880140819
880144157
880147087
880140921
880191812
880196097
880140049
880140753
880140379
880140746
880140666
880197377
880194722
880140194
880143441
880140235
880145703
880140651
880140057
880140143
880140823
880140972
880140623
880149666
880192760
880191259
880140778
880190781
880140172
880140513
880140481
880193575
880196192
880140546
880140475
880140964
880191521
880140561
880140975
880140619
880140785
880140192
880193457
880140893
880146624
880140431
880140187
880140727
880192575
880140965
880140834
880140670
880140968
880140457
880140295
880140081
880140763
880140383
880140898
880140084
880140482
880140485
880140267
880199694
880140756
880144576
880140020
880140809
880140795
880140956
880199710
880143758
880140836
880140041
880140696
880140203
880199331
880193441
880143132
880196679
880140935
880140499
880140034
880140428
880140777
880140571
880140161
880144255
880140427
880140659
880140697
880140340
880192966
880140001
880140236
880140052
880198719
880140603
880192538
880198575
880140509
880140063
880148100
880149112
880198834
880192263
880194498
880140538
880140029
880192712
880140891
880140966
880191050
880140268
880140257
880147630
880197756
880140004
880140877
880195793
880143166
880140967
880190596
880140722
880140630
880197744
880192691
880140736
880144131
880140046
880147190
880191607
880140507
880140031
880140362
880140622
880193813
880140889
880191979
880140070
880195779
880149763
880140717
880147542
880140645
880140123
880140508
880140069
880140359
880197783
880144250
880140745
880140853
880140587
880140523
880140328
880140828
880140934
880140900
880140807
880140213
880140888
880140247
880198459
880140783
880140766
880199789
880140036
880140363
880140556
880192633
880140376
880192349
880192555
880140078
880143939
880140324
880140276
880140773
880140279
880191303
880148028
880140221
880140014
880191330
880142803
880140038
880197290
880140173
880140395
880140713
