880182516
880189365
880184501
880168767
880161113
880181876
880161200
880183522
880162232
880164300
880183321
880188587
880182901
880184355
880182966
880168228
880183706
880187629
880182416
880161198
880162496
880162830
880167396
880167885
880181254
880183816
880186613
880160953
880162138
880160976
880161308
880165104
880161023
880186070
880181567
880184202
880161269
880161116
880162415
880164070
880187777
880181520
880181915
880181949
880181537
880161190
880162887
880182974
880162656
880184072
880181950
880186678
880160026
880184480
880161118
880162458
880184084
880160819
880189083
880166670
880181963
880164701
880163626
880160797
880162494
880162245
880187566
880180827
880167621
880185702
880161061
880161070
880185029
880182953
880180991
880167620
880161296
880161098
880161022
880188795
880160101
880163507
880160984
880163860
880182152
880164594
880164558
880180111
880184482
880184066
880166856
880186497
880181643
880181660
880181560
880163229
880161622
880161035
880164744
880161182
880168893
880186690
880181657
880162826
880164665
880183917
880165698
880189009
880164429
880162782
880160395
880181725
880186275
880161274
880161233
880167233
880167269
880181920
880181995
880167207
880169003
880160999
880160977
880188020
880186525
880160408
880163963
880161139
880163014
880187456
880185141
880188282
880181604
880187672
880162296
880181323
880161049
880185961
880162529
880181933
880163982
880161502
880182448
880185933
880181845
880168907
880167619
880181153
880184353
880164232
880184753
880160955
880181550
880186595
880187654
880160015
880181403
880161091
880162728
880167548
880164002
880163806
880167643
880164418
880162631
880181553
880163957
880189068
880181001
880183583
880160014
880181962
880180616
880168046
880181711
880186623
880162787
880181120
880169213
880181117
880181817
880163814
880161164
880161240
880186566
880188031
880167556
880186946
880187679
880182322
880187837
880161203
880162444
880164895
880162707
880188949
880188047
880189835
880181445
880181881
880166103
880162714
880164753
880162306
880189727
880185098
880161227
880161141
880188366
880161332
880181605
880162324
880188024
880165004
880161229
880185194
880182371
880186363
880184839
880184490
880188036
880185182
880161402
880181793
880189265
880182773
880182334
880162738
880167610
880163618
880167185
880166837
880169455
880187686
880181431
880181209
880181683
880162558
880181591
880181941
880161012
880183188
880167680
880181999
880163076
880161217
880160900
880162618
880161206
880181595
880185851
880161155
880160019
880188141
880181043
880161073
880161179
880182945
880162613
880189051
880182560
880181207
880167852
880181965
880184065
880161165
880181115
880164743
880169012
880181439
880168707
880182003
880182579
880161092
880184778
880160851
880161056
880187152
880181570
880168126
880167655
880184466
880188068
880184469
880161201
880183340
880182934
880186494
880182277
880162044
880181557
880181465
880167871
880161482
880182847
880167591
880168878
880167648
880164338
880162333
880163887
880168552
880167360
880160820
880183478
880189295
880184377
880189072
880182215
880181588
880161000
880188090
880181442
880160041
880182728
880161150
880162971
880184446
880182108
880187768
880184988
880161362
880189047
880161076
880183412
880162500
880183520
880181816
880187925
880184014
880182296
880182429
880161209
880162124
880186991
880186441
880162988
880167692
880161293
880160801
880188930
880168858
880188497
880160033
880188973
880181088
880161133
880181936
880184021
880160859
880167679
880184940
880168602
880165826
880181662
880163673
880161314
880160134
880160978
880181494
880164700
880161033
880164606
880162692
880161064
880189909
880181499
880184255
880181903
880189121
880164882
880181986
880165912
880162623
880160809
880183842
880168239
880160944
880185938
880161158
880181913
880166795
880181770
880184481
880184515
880166849
880182261
880185671
880161069
880161205
880182605
880182592
880185394
880163911
880163521
880181123
880187886
880183609
880181373
880162973
880166709
880185860
880161025
880181251
880160111
880161584
880184298
880161040
880162697
880182528
880183744
880186354
880169778
880182169
880160860
880183787
880182286
880189074
880164003
880160806
880161458
880160950
880166211
880167820
880164605
880184456
880181432
880162517
880168329
880161435
880160840
880181438
880161495
880186845
880181983
880185232
880162741
880181706
880167463
880186076
880161137
880183001
880161094
880162681
880169337
880183853
880161119
880166018
880161304
880181268
880163284
880160924
880181481
880162570
880167317
880160905
880181945
880161016
880183495
880184483
880160921
880167579
880162966
880184136
880181533
880186633
880188301
880182743
880161170
880187830
880181551
880181775
880189011
880183408
880162794
880188928
880181351
880183182
880164817
880162479
880169013
880160152
880184059
880181039
880182299
880163879
880161130
880181853
880161123
880162732
880185620
880186343
880163208
880167538
880185272
880161414
880181790
880186152
880181180
880185737
880164463
880160638
880168975
880163685
880161382
880185242
880162343
880167034
880182132
880162621
880184460
880181901
880184802
880161303
880165166
880186394
880161216
880161877
880182524
880166915
880184349
880189674
880189790
880186681
880161097
880161194
880160929
880161503
880181126
880162835
880186684
880162633
880184467
880160936
880181961
880187525
880168653
880161057
880161104
880160998
880185530
880167582
880182541
880163709
880183519
880164598
880164710
880182243
880184936
880181956
880164234
880161183
880181223
880167399
880181224
880163047
880189028
880186338
880163822
880163087
880183785
880181690
880160022
880189082
880185217
880162477
880181866
880161068
880187983
880181974
880160823
880184340
880164424
880164766
880182484
880187915
880168807
880181628
880181525
880189046
880187682
880186937
880161261
880181614
880186303
880164267
880184087
880181412
880160943
880186325
880181338
880184608
880182224
880181946
880161247
880189681
880181712
880187859
880189219
880181740
880166788
880163574
880181317
880169011
880162776
880182355
880182128
880189937
880163421
880182118
880184605
880186673
880168714
880164874
880181810
880181851
880180477
880182873
880181125
880167673
880161005
880163522
880180815
880162099
880180535
880186639
880189824
880181159
880166503
880182474
880162666
880161103
880187466
880181112
880161063
880188904
880161013
880164231
880160947
880183627
880181773
880181529
880181419
880161235
880186589
880181555
880162969
880182377
880164469
880181777
880187670
880186790
880181215
880167518
880181408
880169268
880181556
880161065
880168708
880188927
880161241
880188506
880181597
880160706
880167647
880161181
880184107
880162661
880181058
880181844
880185794
880184304
880181029
880163934
880160010
880164838
880181238
880163779
880182960
880187951
880181856
880184425
880181928
880186918
880187796
880182702
880163082
880187035
880161058
880167397
880181198
880181191
880162351
880160121
880162712
880167807
880188926
880182314
880161988
880162607
880163506
880189519
880183145
880181345
880181055
880162132
880184443
880161212
880161403
880184133
880167588
880186646
880165256
880161544
880181772
880182491
880167451
880160893
880162761
880181333
880186571
880167870
880180648
880185974
880167141
880164760
880187767
880161111
880160028
880160826
880168526
880161014
880161172
880162659
880165426
880161101
880182546
880189200
880181523
880181394
880162816
880186135
880168889
880187995
880183621
