8526224
8529580
8529799
8529602
8529518
8526916
8526709
8526583
8526358
8529585
8526215
8525100
8526211
8529581
8529711
8525177
8526068
8526878
8529601
8526354
8526847
8529207
8525164
8526739
8526439
8526580
8529589
8526701
8525103
8526705
8525105
8525346
8526158
8526648
8525121
8526239
8526854
8529717
8526061
8526066
8529714
8525311
8526647
8529069
8529510
8526152
8525304
8529209
8526436
8526151
8526676
8526765
8526745
8526582
8526227
8526874
8525308
8526584
8526233
8526733
8529064
8525341
8526931
8526993
8526741
8525120
8526159
8526355
8526841
8526870
8526093
8529148
8526849
8525305
8526679
8525106
8526229
8526706
8529140
8526674
8526856
8525309
8529341
8526998
8529718
8526069
8529147
8526764
8526482
8525374
8526091
8526858
8526760
8529349
8526214
8525160
8529062
8525318
8526155
8526232
8529582
8526749
8525316
8525131
8526643
8525307
8525313
8526999
8526577
8526936
8526700
8525344
8526587
8526932
8529513
8529067
8529066
8526220
8526235
8526673
8529587
8529346
8526095
8529061
8526096
8526225
8529716
8526736
8526060
8526734
8529200
8525347
8526589
8526912
8526213
8526871
8525174
8529605
8525130
8526154
8526915
8525122
8529068
8525165
8525370
8526228
8526672
8525172
8526237
8526642
8526434
8529344
8526649
8529345
8526644
8525166
8526848
8525396
8525129
8526875
8526996
8526585
8529793
8526646
8525317
8526730
8525102
8529608
8526156
8526432
8526064
8525161
8526678
8526350
8526097
8526708
8526430
8525175
8526092
8526573
8525342
8526707
8529798
8529791
8526352
8526763
8526572
8525108
8526851
8525306
8526995
8526768
8526238
8529607
8525171
8526153
8529343
8529203
8526735
8526099
8526438
8525139
8526992
8526769
8525349
8529342
8529519
8526212
8529142
8529514
8526226
8526879
8526670
8526872
8525398
8526740
8525377
8526575
8526353
8529202
8525179
8525372
8529206
8526486
8525170
8526703
8529143
8525314
8529063
8525136
8529712
8526990
8529719
8526236
8526150
8526351
8526850
8526489
8526732
8525128
8526766
8529713
8526588
8525373
8529348
8525138
8529511
8526767
8526570
8526581
8526579
8525315
8526731
8526062
8526487
8526913
8526217
8526483
8525348
8529060
8526930
8529145
8525376
8529606
8529796
8529144
8526762
8526671
8526937
8525101
8525340
8526219
8525168
8526910
8525399
8529516
8526857
8529515
8526216
8526738
8529795
8525173
8526090
8526157
8525107
8525104
8526098
8525163
8529604
8529797
8525109
8525169
8525371
8529603
8529584
8526677
8525378
8526873
8525345
8525343
8526917
8529204
8526935
8526359
8525127
8526846
8526431
8526994
8526437
8529340
8526939
8526704
8526571
8525126
8526938
8526840
8526855
8526218
8525390
8525178
8525301
8529794
8526221
8526859
8526918
8526675
8525319
8525133
8529201
8525123
8525125
8526933
8526919
8529347
8526234
8526433
8529065
8526640
8526578
8525393
8526063
8529149
8526842
8526747
8525394
8526876
8525300
8526356
8525132
8529208
8526435
8529517
8526641
8526481
8526484
8526761
8526843
8526094
8529710
8525137
8526845
8526702
8526067
8529141
8529586
8525375
8529205
8526586
8526645
8525162
8526488
8529609
8526742
8529790
8529600
8526911
8526991
8526576
8526065
8529588
8526844
8529715
8525124
8529583
8525167
8525395
8526222
8526997
8526737
8526746
8529792
8526231
8526480
8526485
8529512
8526748
8526934
8526744
8526357
8525303
8529146
8525135
8525392
8526223
8525134
8526743
8526230
8525379
8526574
8526210
