8529784
8529533
8526028
8526031
8526051
8529261
8526396
8526299
8529550
8529336
8529026
8526974
8526283
8529654
8526544
8526825
8529101
8526821
8529405
8526421
8526140
8526538
8529888
8526039
8529305
8529535
8529092
8526178
8529464
8529876
8526416
8526027
8526892
8529625
8526893
8529889
8529187
8526138
8526161
8529559
8526536
8529195
8526411
8529089
8529107
8529655
8529091
8529258
8526282
8529332
8529198
8526776
8526977
8529088
8526176
8526650
8526654
8526590
8529532
8529629
8529308
8526894
8529615
8526056
8526035
8526771
8526715
8526424
8526137
8529032
8529302
8529087
8529086
8526298
8526032
8526826
8526164
8526021
8529768
8529031
8526777
8526759
8529870
8526053
8526287
8529154
8529267
8529095
8526899
8529620
8529022
8529465
8529304
8529338
8526655
8529767
8529080
8526149
8526971
8529652
8529109
8526160
8529210
8526428
8526531
8529556
8529331
8529259
8529262
8526284
8529623
8529269
8526391
8529263
8526033
8526530
8526753
8526052
8529873
8529106
8526897
8529158
8526539
8526133
8526652
8526594
8526372
8529264
8529039
8526770
8526898
8529769
8526390
8526370
8529100
8529879
8529105
8526289
8529782
8529659
8526593
8526167
8529027
8529883
8529023
8526281
8529251
8526280
8529530
8529763
8526750
8526293
8526425
8529038
8526135
8529628
8529082
8529030
8529787
8526147
8529403
8529881
8526772
8529108
8529552
8526139
8529035
8526020
8529780
8529185
8526414
8526132
8529219
8529539
8526413
8526170
8529153
8529301
8529616
8529624
8529408
8526658
8526392
8529404
8526426
8529103
8529254
8529193
8529184
8526591
8526978
8526537
8529765
8529469
8526896
8526651
8526134
8529885
8526166
8526718
8526534
8526976
8529307
8529333
8526824
8526375
8526775
8529182
8526773
8529878
8526162
8529537
8526034
8526136
8526417
8529028
8529196
8526972
8529764
8526379
8526592
8526418
8526055
8529786
8526822
8529468
8529402
8529214
8529882
8526713
8526597
8529099
8526290
8529098
8529084
8526779
8529467
8529151
8526395
8526397
8529029
8529407
8526895
8526545
8526541
8529461
8529090
8529536
8529627
8526548
8529150
8529306
8529085
8526890
8529192
8529252
8529783
8526029
8529020
8526025
8529335
8526026
8526774
8529555
8526376
8529531
8529037
8526532
8526163
8529766
8526036
8529309
8526142
8526778
8526542
8526399
8529614
8529875
8526755
8529409
8526714
8526979
8529256
8526546
8526022
8526547
8529159
8529255
8529611
8526423
8529612
8526657
8526422
8529330
8526711
8529021
8529884
8526038
8529024
8529789
8526057
8529300
8529558
8529871
8526169
8529097
8526174
8526973
8526659
8529250
8526427
8526754
8529211
8529462
8526141
8529257
8526131
8526420
8529033
8529617
8529190
8526377
8526171
8526394
8529188
8529197
8529650
8529619
8529653
8529621
8529266
8529036
8526757
8529260
8526373
8526172
8529887
8526415
8529401
8526286
8526296
8526829
8526393
8526173
8526145
8529886
8526030
8529557
8529265
8529155
8529880
8526716
8529199
8526050
8526756
8529191
8529156
8526023
8529253
8529194
8529762
8526143
8526595
8526535
8529186
8529551
8526398
8526297
8529104
8526168
8529217
8529657
8526975
8526712
8529553
8526144
8529534
8529180
8529083
8526828
8529785
8529339
8526371
8529538
8526378
8526717
8529760
8526165
8526412
8529656
8526543
8526292
8526540
8526177
8529877
8529034
8529651
8529094
8529213
8526288
8526291
8529460
8529096
8526175
8529152
8526598
8529081
8526719
8526148
8526823
8529622
8529102
8526037
8526419
8529337
8526970
8526653
8529466
8529781
8529181
8526758
8526710
8529406
8526533
8526549
8529334
8529216
8526656
8529874
8526374
8529463
8526054
8529268
8526295
8529183
8526410
8526429
8529610
8526058
8529613
8526752
8526891
8526146
8529218
8526827
8529157
8526596
8529215
8526130
8529788
8529554
8526751
8529872
8529189
8526059
8529303
8529093
8526599
8529025
8529400
8529626
8529618
8526179
8529761
8529212
8526285
8529658
8526024
