8526690
8525320
8526627
8526254
8526124
8526384
8526446
8526626
8526448
8526445
8526123
8526302
8525325
8526804
8525364
8529802
8526258
8529809
8529074
8526186
8529237
8526805
8526120
8525368
8526250
8526927
8529234
8525362
8529239
8526697
8529270
8526257
8525188
8526809
8526624
8529645
8526629
8526490
8529529
8526607
8526604
8526185
8529279
8526184
8525187
8526623
8525367
8529648
8526121
8526449
8529777
8526929
8529071
8529800
8526928
8526601
8526494
8525180
8529524
8526807
8526251
8526385
8526447
8529775
8525327
8529231
8529804
8529238
8525181
8529277
8526625
8526183
8529643
8526189
8526388
8526380
8526622
8525184
8529077
8529235
8526608
8525322
8529523
8529771
8525185
8526925
8529520
8526441
8525326
8529232
8526921
8526188
8529640
8526442
8525182
8526603
8529646
8526808
8529278
8526605
8526308
8526696
8529779
8526693
8529647
8526924
8529642
8526496
8526443
8525366
8526800
8526699
8526126
8526497
8526256
8529271
8529644
8526691
8526382
8526498
8526493
8526303
8529075
8529803
8526387
8529528
8529236
8529233
8526252
8526125
8525324
8526492
8526255
8526694
8526309
8529076
8526128
8526306
8526300
8529641
8529522
8526301
8525183
8526621
8526182
8529274
8525186
8525323
8529276
8526609
8529072
8526803
8529527
8529808
8529801
8529525
8526806
8526920
8525328
8526923
8526801
8529079
8526491
8529772
8529273
8526381
8525369
8526389
8526129
8526127
8529272
8525361
8526444
8525363
8526305
8529526
8529521
8525189
8526307
8529073
8526695
8526628
8526602
8526802
8526383
8526304
8526187
8526386
8529773
8526698
8526600
8529078
8526181
8529806
8526499
8529649
8525360
8529275
8525365
8529807
8526180
8529770
8526922
8526253
8526620
8525329
8526259
8529778
8526926
8529805
8526606
8526692
8526440
8529776
8525321
8529230
8526122
8526495
8529774
8529070
