8529815
8526474
8526195
8526070
8529830
8526275
8529125
8529496
8529479
8526339
8529829
8529635
8529491
8526109
8526335
8526047
8529709
8526337
8529485
8529747
8529361
8529707
8529679
8529120
8529420
8526341
8529129
8526043
8529838
8529744
8526311
8529836
8529821
8529740
8529355
8529700
8526191
8526405
8526072
8526087
8529487
8526403
8529571
8529755
8529742
8526046
8526089
8526500
8526273
8526107
8526475
8529630
8526470
8529674
8529702
8526903
8526083
8529377
8529476
8529834
8529128
8526048
8526104
8529475
8526102
8526401
8529285
8526204
8529411
8529280
8529818
8529421
8526906
8526349
8529573
8529579
8529753
8526346
8529497
8526684
8525192
8529481
8526400
8529678
8526506
8529282
8526190
8529041
8529362
8526342
8526689
8526686
8529825
8529122
8529477
8526045
8525195
8529324
8529353
8525190
8529639
8529827
8526199
8529822
8529350
8526901
8526316
8529376
8525193
8526503
8529757
8529328
8529676
8529046
8526076
8529126
8526205
8529354
8526505
8529329
8529745
8526347
8529756
8526318
8529478
8529370
8529493
8526044
8529504
8529835
8526502
8526088
8529812
8526404
8526332
8525191
8529424
8529826
8529284
8526345
8529379
8529418
8526278
8526905
8526041
8529043
8526274
8529505
8525199
8526202
8529049
8526472
8529490
8526271
8529484
8529472
8529326
8526042
8526909
8529327
8529839
8529751
8526209
8529578
8526208
8529492
8529372
8529823
8526333
8526073
8526276
8526194
8526798
8526687
8526685
8529577
8526471
8529425
8529044
8525196
8529364
8526908
8526795
8526796
8526794
8526272
8526900
8529749
8529375
8526479
8526683
8526680
8526407
8526408
8529042
8529359
8529508
8529415
8526077
8526277
8529675
8529828
8529677
8529509
8526340
8529498
8526100
8529741
8526792
8529672
8529323
8526682
8529743
8529811
8529704
8529670
8529358
8526344
8529368
8529832
8526312
8526478
8529482
8529414
8525194
8529471
8525197
8529746
8526681
8526192
8529708
8529506
8529706
8529820
8529499
8529495
8529474
8529378
8529123
8526082
8529412
8526197
8526085
8526040
8529365
8526103
8529819
8529371
8529810
8529367
8529633
8529428
8526508
8526203
8529494
8529483
8529047
8529705
8526079
8526207
8529351
8526075
8526330
8529363
8529817
8526193
8529637
8529288
8529352
8529748
8529486
8526331
8529489
8526791
8526106
8529281
8529321
8526080
8526198
8529283
8529422
8529816
8529410
8526108
8529575
8529574
8529638
8526078
8529502
8529369
8529419
8526315
8529759
8526334
8526101
8529045
8526402
8526904
8529634
8529426
8526319
8529488
8529287
8526206
8529417
8526501
8526409
8529286
8529416
8529673
8529703
8529752
8529289
8526336
8529501
8526338
8526071
8529356
8529366
8529507
8529576
8526081
8529040
8529831
8529813
8526313
8529470
8529632
8529570
8529824
8526314
8529121
8529374
8529758
8526105
8525198
8526200
8526343
8526902
8529320
8526086
8529833
8529322
8526317
8529127
8526348
8526476
8529360
8526196
8529701
8526504
8529427
8529480
8526688
8529503
8526797
8529325
8529473
8526907
8529671
8526477
8526279
8526201
8526793
8529500
8529750
8526473
8526799
8529357
8526507
8529124
8526049
8529373
8529814
8529636
8526406
8529837
8529429
8526790
8526310
8529413
8526084
8529572
8526074
8529423
8529754
8526509
8529631
8526270
8529048
