8525720
8524683
8528481
8526366
8525546
8525743
8526263
8525419
8525246
8526267
8525509
8525635
8525914
8524673
8525400
8525511
8525606
8525618
8525245
8525412
8525667
8525425
8526953
8524633
8525995
8525208
8525409
8524627
8525992
8525687
8526988
8525998
8525902
8525415
8525530
8524663
8526364
8525791
8525935
8525917
8525936
8525482
8525642
8525498
8525761
8526247
8525429
8525615
8525430
8527072
8525477
8524625
8526985
8525996
8525407
8525986
8525920
8524642
8525414
8529299
8525569
8525476
8525701
8525463
8529296
8525269
8525499
8525574
8525481
8525598
8526989
8525143
8525279
8526246
8525723
8525581
8525232
8525589
8525148
8525933
8524636
8525636
8525925
8525278
8524660
8525243
8524681
8525541
8525713
8524685
8525275
8525336
8525290
8525698
8528203
8525468
8525796
8525446
8525535
8525587
8524648
8525431
8525983
8525977
8525449
8525421
8525502
8525662
8525538
8526266
8525260
8525741
8525466
8525247
8525218
8525573
8525630
8525600
8525280
8524620
8525384
8526243
8525644
8525490
8525616
8524638
8525524
8525767
8525528
8525436
8525294
8525686
8525442
8525286
8526943
8525494
8527071
8525663
8525381
8525432
8525690
8525448
8525740
8525702
8525916
8526986
8525680
8525985
8526240
8526241
8525915
8529298
8525517
8525227
8525298
8525724
8525491
8525382
8525462
8527073
8525330
8526940
8525613
8527075
8524649
8526453
8525746
8525721
8525444
8525383
8525296
8524661
8525763
8524682
8525461
8525560
8525438
8525206
8526969
8525729
8528489
8526984
8525623
8525532
8525500
8525971
8525910
8525760
8525978
8525794
8525493
8525602
8525249
8525207
8525460
8525470
8525423
8525543
8525147
8525501
8525666
8525238
8525467
8525233
8525441
8526980
8525610
8525665
8524671
8525696
8525744
8525596
8525947
8525214
8525223
8525661
8525231
8525972
8525244
8525648
8525647
8525989
8525513
8526362
8525579
8525489
8525485
8526242
8525526
8525200
8525588
8525205
8525531
8524672
8525637
8526946
8526944
8525641
8525604
8526662
8525766
8525248
8525913
8525645
8525921
8529294
8525611
8525506
8525445
8524628
8525968
8525999
8525486
8525966
8525410
8525621
8526942
8524676
8525901
8524605
8525695
8526365
8525533
8525614
8525145
8529290
8525903
8524601
8526964
8525691
8525335
8526958
8525217
8524623
8525982
8524652
8525981
8525715
8525594
8525547
8525508
8525544
8525504
8525204
8525624
8525534
8525605
8525465
8525628
8525747
8526962
8525926
8525940
8525975
8524639
8525939
8526941
8525527
8525607
8525993
8526961
8525567
8525146
8525548
8524650
8525542
8525292
8525742
8526987
8525274
8525749
8526949
8525295
8525447
8525434
8526264
8525417
8525646
8526249
8524622
8524675
8525293
8525599
8525918
8525478
8525590
8525299
8525638
8525974
8525277
8525241
8525943
8525640
8525228
8526361
8525566
8526966
8526456
8525263
8525692
8525411
8525428
8525707
8525660
8526450
8526245
8525682
8525479
8525237
8525694
8526968
8525211
8525580
8525402
8525911
8525969
8525626
8526455
8525669
8526368
8526452
8524629
8525790
8524630
8525240
8525963
8525941
8525443
8525464
8525964
8525980
8524643
8525473
8525216
8525268
8525515
8525283
8525919
8525572
8524640
8525922
8525492
8525525
8525332
8525948
8525970
8525643
8525539
8525282
8525201
8525700
8525689
8525536
8524634
8525722
8525519
8525961
8525620
8524624
8524688
8525514
8527074
8525712
8524610
8525585
8525592
8524645
8525570
8525266
8525990
8525510
8525209
8525512
8524641
8525331
8525946
8526955
8525471
8525912
8524644
8525439
8525338
8525586
8525334
8525540
8525930
8525703
8525962
8525976
8525433
8525714
8525960
8524612
8525271
8525389
8525545
8525483
8525716
8525973
8525224
8526965
8525281
8525576
8525215
8525612
8525475
8525219
8524606
8525900
8525210
8525668
8525495
8525727
8525728
8524651
8525440
8525622
8525337
8525571
8526248
8524653
8525792
8525405
8525938
8525945
8524632
8525704
8525406
8525408
8525629
8525239
8526983
8525934
8525518
8525563
8525488
8525503
8525987
8526952
8525474
8524680
8525991
8525601
8525608
8525584
8525603
8525575
8529297
8525401
8525988
8525617
8525416
8529293
8525565
8525583
8525435
8525413
8526960
8525270
8525634
8525633
8525262
8525965
8525386
8525222
8526954
8526458
8525684
8525267
8526967
8524689
8525685
8525537
8524670
8526660
8529295
8525997
8525287
8525927
8525333
8525745
8526360
8525484
8525705
8524637
8525627
8525480
8525708
8524684
8525929
8525529
8525664
8526454
8525380
8525578
8525203
8525905
8525748
8525472
8525697
8525213
8525285
8525291
8524615
8524607
8525437
8525764
8525923
8526244
8525236
8525520
8525273
8525564
8525711
8524674
8525944
8525226
8525649
8525426
8526367
8525725
8525516
8525427
8525505
8525949
8525582
8525496
8525765
8525202
8526957
8525561
8525388
8525242
8525639
8526948
8525937
8525272
8525523
8525507
8525264
8525717
8525693
8525387
8525220
8525487
8524664
8525994
8525404
8525418
8525681
8525469
8525288
8524647
8525726
8525261
8525924
8525420
8526265
8525265
8525793
8525339
8525229
8525595
8525562
8525422
8524677
8524621
8525632
8525904
8525577
8525225
8526945
8525931
8525795
8526956
8525984
8525710
8525149
8524635
8525928
8525688
8525497
8525424
8525619
8525591
8525385
8524626
8525597
8525625
8524611
8525762
8525967
8525699
8525631
8525932
8525683
8525403
8525593
8525212
