5058403
5058353
5058545
5058224
5058667
5058209
5058649
5058558
5058960
5058852
5058786
5058383
5058542
5058688
5058818
5058520
5058548
5058841
5058984
5058878
5058969
5058988
5058410
5058648
5058808
5058140
5058584
5058212
5058399
5058225
5058142
5058258
5058546
5058628
5058676
5058721
5058427
5058811
5058630
5058161
5058277
5058294
5058430
5058982
5058791
5058455
5058598
5058443
5058747
5058387
5058653
5058185
5058717
5058192
5058281
5058229
5058924
5058797
5058917
5058824
5058681
5058390
5058612
5058381
5058722
5058166
5058635
5058164
5058155
5058453
5058497
5058772
5058527
5058151
5058509
5058763
5058358
5058977
5058708
5058839
5058276
5058451
5058733
5058411
5058601
5058115
5058742
5058903
5058492
5058364
5058444
5058535
5058241
5058496
5058360
5058592
5058533
5058838
5058124
5058354
5058629
5058748
5058449
5058946
5058882
5058132
5058632
5058762
5058865
5058673
5058260
5058947
5058163
5058222
5058154
5058325
5058248
5058751
5058622
5058986
5058481
5058961
5058827
5058189
5058138
5058431
5058330
5058586
5058953
5058219
5058654
5058530
5058888
5058867
5058141
5058508
5058437
5058823
5058400
5058825
5058392
5058156
5058245
5058728
5058118
5058176
5058603
5058477
5058446
5058894
5058650
5058954
5058922
5058218
5058817
5058757
5058705
5058438
5058513
5058470
5058380
5058933
5058616
5058396
5058483
5058464
5058859
5058646
5058495
5058973
5058489
5058128
5058968
5058393
5058194
5058395
5058284
5058282
5058771
5058942
5058564
5058668
5058816
5058180
5058697
5058339
5058831
5058877
5058862
5058418
5058153
5058991
5058990
5058467
5058256
5058233
5058796
5058639
5058937
5058885
5058286
5058985
5058822
5058645
5058379
5058366
5058295
5058288
5058205
5058929
5058910
5058964
5058854
5058987
5058712
5058567
5058398
5058610
5058970
5058299
5058687
5058498
5058576
5058569
5058999
5058239
5058805
5058633
5058501
5058746
5058550
5058246
5058792
5058884
5058274
5058700
5058983
5058834
5058196
5058368
5058220
5058190
5058158
5058744
5058404
5058879
5058647
5058232
5058162
5058137
5058677
5058502
5058474
5058273
5058425
5058767
5058919
5058989
5058512
5058659
5058157
5058846
5058223
5058997
5058397
5058525
5058297
5058265
5058675
5058774
5058469
5058725
5058939
5058932
5058980
5058844
5058768
5058491
5058830
5058447
5058454
5058679
5058181
5058298
5058228
5058812
5058293
5058544
5058663
5058143
5058116
5058883
5058642
5058175
5058257
5058490
5058516
5058187
5058377
5058674
5058858
5058207
5058549
5058197
5058819
5058402
5058652
5058109
5058352
5058967
5058905
5058761
5058908
5058724
5058262
5058637
5058656
5058259
5058995
5058793
5058382
5058504
5058160
5058401
5058619
5058828
5058775
5058845
5058996
5058231
5058122
5058621
5058326
5058662
5058184
5058506
5058268
5058408
5058963
5058813
5058853
5058574
5058847
5058488
5058271
5058465
5058419
5058370
5058665
5058952
5058191
5058111
5058643
5058921
5058802
5058745
5058578
5058421
5058719
5058361
5058432
5058291
5058171
5058144
5058731
5058736
5058837
5058881
5058371
5058226
5058472
5058909
5058730
5058384
5058957
5058211
5058376
5058692
5058113
5058356
5058363
5058624
5058597
5058770
5058606
5058680
5058215
5058754
5058462
5058505
5058357
5058388
5058359
5058926
5058484
5058702
5058511
5058335
5058589
5058145
5058843
5058729
5058735
5058414
5058689
5058134
5058478
5058177
5058769
5058807
5058869
5058283
5058266
5058743
5058803
5058261
5058150
5058230
5058466
5058296
5058671
5058426
5058355
5058941
5058706
5058913
5058842
5058626
5058726
5058634
5058199
5058406
5058781
5058539
5058285
5058713
5058714
5058907
5058966
5058897
5058851
5058945
5058519
5058627
5058173
5058604
5058242
5058794
5058798
5058146
5058925
5058415
5058928
5058238
5058829
5058521
5058208
5058485
5058737
5058895
5058956
5058456
5058958
5058573
5058740
5058560
5058849
5058210
5058678
5058559
5058886
5058832
5058599
5058915
5058537
5058949
5058108
5058787
5058152
5058686
5058526
5058696
5058169
5058756
5058670
5058741
5058979
5058165
5058168
5058672
5058503
5058590
5058439
5058480
5058270
5058389
5058267
5058690
5058912
5058125
5058278
5058644
5058127
5058994
5058254
5058782
5058532
5058131
5058779
5058198
5058981
5058413
5058693
5058541
5058836
5058856
5058373
5058106
5058178
5058572
5058605
5058429
5058540
5058783
5058499
5058523
5058887
5058290
5058493
5058365
5058170
5058723
5058683
5058709
5058547
5058992
5058362
5058386
5058412
5058435
5058789
5058476
5058914
5058459
5058940
5058615
5058703
5058333
5058101
5058868
5058759
5058214
5058334
5058221
5058123
5058440
5058174
5058850
5058103
5058965
5058327
5058799
5058518
5058552
5058457
5058614
5058962
5058350
5058790
5058323
5058651
5058167
5058595
5058129
5058126
5058240
5058930
5058873
5058587
5058943
5058529
5058750
5058336
5058172
5058575
5058935
5058948
5058755
5058487
5058119
5058102
5058551
5058433
5058378
5058585
5058866
5058204
5058804
5058531
5058133
5058971
5058445
5058332
5058664
5058243
5058280
5058255
5058732
5058234
5058739
5058253
5058860
5058600
5058978
5058955
5058375
5058936
5058331
5058840
5058918
5058863
5058661
5058699
5058715
5058959
5058691
5058247
5058655
5058618
5058442
5058911
5058292
5058405
5058494
5058566
5058835
5058591
5058206
5058117
5058833
5058607
5058579
5058473
5058738
5058279
5058147
5058814
5058608
5058136
5058588
5058249
5058938
5058458
5058565
5058120
5058666
5058554
5058460
5058826
5058820
5058417
5058734
5058582
5058135
5058329
5058631
5058951
5058707
5058148
5058694
5058778
5058244
5058764
5058510
5058216
5058993
5058553
5058669
5058269
5058602
5058773
5058718
5058896
5058950
5058369
5058893
5058617
5058596
5058623
5058263
5058235
5058486
5058428
5058475
5058998
5058321
5058788
5058876
5058272
5058416
5058391
5058434
5058780
5058698
5058463
5058188
5058580
5058407
5058479
5058871
5058420
5058524
5058251
5058815
5058517
5058848
5058776
5058809
5058441
5058203
5058620
5058482
5058864
5058641
5058287
5058250
5058593
5058704
5058436
5058806
5058385
5058880
5058821
5058931
5058107
5058328
5058640
5058338
5058423
5058975
5058536
5058920
5058701
5058711
5058515
5058110
5058522
5058570
5058450
5058855
5058695
5058237
5058923
5058193
5058471
5058201
5058784
5058424
5058613
5058934
5058710
5058594
5058186
5058227
5058785
5058337
5058684
5058872
5058904
5058289
5058534
5058795
5058583
5058760
5058114
5058638
5058374
5058874
5058217
5058889
5058716
5058902
5058448
5058195
5058916
5058264
5058561
5058563
5058861
5058765
5058507
5058468
5058275
5058753
5058727
5058367
5058320
5058252
5058571
5058777
5058528
5058104
5058555
5058568
5058324
5058422
5058562
5058972
5058577
5058372
5058752
5058611
5058901
5058685
5058974
5058351
5058183
5058461
5058658
5058112
5058857
5058538
5058900
5058121
5058657
5058636
5058159
5058452
5058927
5058179
5058322
5058906
5058236
5058556
5058875
5058581
5058810
5058976
5058758
5058139
5058100
5058543
5058899
5058409
5058200
5058898
5058514
5058130
5058682
5058394
5058202
5058149
5058720
5058766
5058625
5058213
5058557
5058182
5058944
5058660
