90535931
90532628
90539879
90536581
90532380
90539703
90532399
90537565
90539348
90534568
90533123
90539913
90533497
90538639
90530641
90538932
90534912
90532303
90536915
90532454
90538712
90535976
90532564
90530420
90535896
90534828
90534880
90531015
90538607
90534618
90539445
90536664
90537863
90531250
90536605
90536509
90530913
90530580
90536673
90539522
90538081
90534380
90536449
90538416
90534641
90530966
90537294
90535767
90535822
90532504
90534414
90535609
90539912
90536557
90531603
90530413
90538367
90537430
90531264
90531671
90536553
90538226
90530970
90531276
90530223
90532552
90530860
90531593
90535740
90539844
90530722
90534384
90539828
90533866
90538055
90534358
90533225
90530389
90534040
90538011
90531688
90534309
90539967
90533715
90537442
90531254
90539315
90538458
90537338
90536222
90539698
90538637
90538735
90531984
90535597
90538701
90538419
90534554
90534523
90533026
90533823
90534474
90533213
90533644
90533470
90533069
90539979
90537563
90538277
90531774
90538721
90533232
90536727
90530726
90535209
90534214
90531651
90533814
90535365
90537544
90532238
90531421
90535275
90538058
90531327
90536789
90536286
90539810
90538542
90530352
90532275
90538283
90538057
90530094
90536022
90531926
90539254
90538567
90530423
90535420
90533601
90534390
90531218
90538517
90534706
90536796
90536946
90538849
90532201
90535428
90532278
90537880
90536362
90539304
90538471
90533794
90534377
90539683
90535223
90530273
90534010
90535350
90537921
90534359
90531963
90539411
90535683
90534611
90531216
90539925
90536379
90534722
90531279
90533966
90539425
90536489
90534229
90533375
90530915
90533349
90534353
90531775
90531629
90532625
90535295
90537263
90539745
90533623
90531507
90533711
90531992
90531496
90532255
90531201
90536524
90536794
90536933
90539733
90533684
90533460
90539940
90533889
90535897
90534596
90538706
90538824
90531450
90532668
90532273
90534381
90532216
90539486
90532415
90537522
90538399
90537393
90532632
90532291
90535015
90535246
90532555
90530163
90533446
90539911
90533351
90536707
90538347
90533459
90532215
90536457
90535969
90530799
90531101
90531678
90536368
90535841
90532067
90537840
90538032
90532665
90539598
90532260
90539574
90536393
90530932
90535323
90537876
90534678
90532051
90531237
90533412
90534931
90532569
90533559
90532722
90535392
90539325
90539266
90535391
90535284
90538886
90534354
90533414
90537744
90535423
90538479
90538320
90539709
90539483
90536679
90538879
90534487
90533390
90533762
90531955
90531934
90532744
90533499
90538064
90537916
90533590
90539551
90531604
90533747
90539509
90534222
90531227
90530790
90535257
90533580
90534374
90537279
90534975
90538207
90536604
90531387
90537854
90531896
90539544
90533682
90535378
90531617
90534890
90530924
90534988
90532748
90530505
90539671
90537942
90531889
90533144
90532641
90536200
90532741
90536860
90533481
90537322
90535688
90534456
90539298
90537817
90538704
90530798
90531089
90536228
90531810
90537725
90539781
90531828
90537489
90538020
90531506
90538934
90538687
90534373
90531373
90537546
90536542
90531957
90535520
90538315
90538028
90535450
90539720
90536864
90536984
90535872
90536822
90535287
90535429
90535042
90538023
90539229
90539950
90530042
90530401
90533295
90530317
90538641
90537291
90530607
90536721
90532212
90539413
90535225
90531257
90532590
90535634
90532231
90538372
90535770
90538029
90532378
90530857
90537626
90530736
90535781
90539620
90532151
90530953
90535587
90533021
90539849
90533974
90532411
90531930
90534850
90533035
90534709
90533687
90533413
90531964
90530265
90538676
90533485
90538551
90537494
90530239
90534886
90538017
90539839
90538986
90538375
90530941
90538966
90533840
90538472
90538506
90532397
90537271
90536660
90539376
90536332
90536867
90534066
90536894
90530073
90533867
90535833
90539568
90530280
90539607
90534231
90530028
90538065
90537610
90535663
90536977
90530884
90533479
90533039
90530049
90534679
90533928
90531207
90532669
90539687
90535201
90539318
90533958
90536699
90534054
90530879
90537946
90533685
90534555
90533842
90534038
90530864
90538769
90537937
90539792
90536586
90533134
90534685
90535978
90533245
90532061
90534958
90534424
90537630
90534037
90539602
90534768
90533230
90539403
90530211
90533769
90530667
90539894
90537867
90533969
90539854
90531610
90534286
90538286
90537764
90530224
90530516
90535517
90537836
90532157
90539386
90536863
90533164
90530540
90533045
90531461
90536292
90535273
90533563
90538409
90534698
90530624
90534488
90537016
90533207
90537883
90538782
90533488
90537339
90531462
90531490
90531337
90531792
90536287
90530961
90531853
90534292
90536824
90535708
90536947
90537951
90538685
90535786
90537340
90532796
90532644
90536896
90531988
90536215
90539465
90534656
90539814
90535252
90535077
90530882
90538478
90531495
90532306
90538883
90534741
90532771
90530079
90534742
90537488
90537434
90539780
90538939
90534288
90536911
90537375
90534939
90531353
90532725
90531833
90531222
90534243
90530642
90537512
90534375
90533275
90539275
90535260
90533495
90530873
90530582
90532511
90530877
90532572
90535358
90536550
90533480
90536294
90538357
90535231
90530596
90535462
90531388
90537254
90539776
90534665
90537241
90533047
90536585
90535594
90539265
90536275
90531558
90536761
90535315
90530135
90530936
90532432
90536025
90533761
90534365
90530890
90534668
90538928
90530955
90534467
90537939
90539422
90537231
90536453
90537781
90538254
90539929
90535211
90536693
90539426
90530098
90538442
90530071
90535932
90530146
90535215
90534811
90532636
90533926
90531827
90538638
90534781
90537629
90539499
90539717
90532578
90535309
90536611
90534726
90539948
90538251
90534775
90533032
90539968
90534491
90538736
90537689
90532600
90537835
90537228
90533221
90531936
90538363
90533169
90530968
90530862
90532677
90538972
90539976
90535355
90537597
90534077
90537591
90530060
90535440
90534591
90535402
90530134
90531464
90533439
90539355
90534731
90539457
90531103
90530025
90538799
90536389
90531730
90534977
90537336
90537739
90533509
90531012
90533028
90534483
90539251
90537349
90532266
90538085
90535416
90533957
90536654
90535716
90532615
90533037
90535039
90534884
90538795
90534978
90537816
90536875
90531375
90534036
90538297
90534043
90532207
90532174
90531345
90539590
90531840
90531910
90531711
90530673
90534916
90539505
90536975
90534401
90532492
90533634
90532478
90537935
90534372
90535052
90535567
90536859
90535017
90535253
90535585
90534484
90532353
90531579
90538666
90530874
90535560
90530637
90539608
90535696
90536880
90530301
90535297
90531627
90538576
90539439
90531717
90537686
90536418
90538979
90537860
90539283
90538876
90533206
90532603
90533595
90537782
90534287
90533748
90531241
90534314
90532257
90536745
90531251
90531962
90536829
90538377
90536277
90535304
90539930
90539281
90531786
90535293
90534762
90536278
90535256
90530700
90536430
90532766
90538068
90539617
90538578
90535354
90536251
90535649
90538252
90536246
90533058
90533493
90530707
90532463
90531830
90535084
90538852
90532396
90530791
90535942
90534079
90535832
90537316
90538305
90536743
90531460
90537327
90536982
90530682
90537058
90537974
90536560
90532738
90538427
90536957
90538764
90531713
90531615
90533203
90532605
90533263
90539677
90537930
90536799
90537019
90530717
90535636
90535570
90533031
90537230
90537594
90530366
90533353
90534492
90530397
90531034
90533309
90537605
90538039
90532453
90538662
90536035
90534031
90537657
90530519
90538776
90530663
90538488
90535662
90530876
90537061
90533726
90530972
90532316
90536996
90536952
90531393
90535216
90531377
90534485
90531916
90535948
90533810
90536678
90539971
90539392
90534845
90531200
90538397
90533449
90532731
90531956
90534617
90537516
90532657
90531649
90532352
90536298
90534840
90538439
90537059
90535815
90533631
90531839
90537273
90530459
90535573
90533168
90533467
90534686
90534247
90534865
90531779
90539337
90535205
90533324
90536736
90532136
90537244
90533510
90531904
90539246
90534964
90531683
90535556
90536348
90531344
90536050
90537337
90535769
90533469
90539243
90537380
90539249
90537391
90536366
90530602
90530022
90532374
90538365
90537658
90536935
90535471
90532457
90534920
90532475
90538354
90538431
90539338
90536973
90534461
90536839
90535233
90538829
90537586
90536655
90531487
90531601
90537222
90531989
90535724
90538208
90538700
90539550
90532609
90533280
90538810
90535504
90530665
90534663
90536032
90532775
90532321
90530414
90536285
90534582
90531287
90538896
90535037
90531882
90537979
90530266
90536778
90539559
90535270
90539288
90531634
90537304
90538705
90537839
90536941
90530942
90539384
90535482
90531022
90532557
90536376
90539405
90537221
90538728
90531484
90537711
90533159
90538440
90531367
90539394
90538221
90530288
90533461
90533846
90539503
90538655
90536399
90532471
90539352
90531977
90536783
90532526
90534452
90537333
90530627
90535652
90534331
90530674
90530687
90537879
90531480
90533462
90531881
90533396
90531862
90539525
90535483
90534891
90536247
90538343
90531294
90532666
90531922
90532294
90537828
90538930
90539553
90530921
90539735
90535512
90537964
90534639
90536981
90536686
90535854
90535704
90534089
90535555
90538258
90533522
90537466
90531268
90535700
90536704
90534032
90537966
90536060
90537954
90535351
90536971
90535851
90532218
90530570
90530568
90533578
90539563
90537490
90532292
90535459
90533431
90535540
90532408
90537270
90535067
90534367
90537425
90534517
90537032
90534688
90532161
90535638
90538250
90530960
90538269
90531694
90536490
90539701
90533408
90539637
90531228
90532135
90530777
90539487
90539540
90533843
90535935
90536837
90530334
90530087
90530303
90531301
90531669
90533354
90534316
90531780
90534233
90537748
90539724
90538836
90535361
90532563
90535399
90531300
90532726
90535366
90535862
90536731
90537790
90539853
90536726
90538686
90531952
90536723
90538322
90535055
90537246
90534356
90536225
90539702
90532446
90536555
90533165
90532406
90537604
90532281
90536519
90531556
90539718
90533638
90531385
90539480
90535069
90532326
90534735
90533968
90531612
90538985
90537841
90537513
90537351
90530143
90534712
90538352
90536612
90534598
90530824
90539319
90535486
90538969
90533513
90537818
90533151
90530396
90533301
90539985
90536626
90533243
90530072
90532728
90537308
90539823
90539458
90531525
90539890
90537266
90539726
90538652
90530075
90532585
90532373
90534767
90538225
90531665
90534792
90532720
90531589
90533095
90539799
90535836
90534734
90538061
90533312
90530293
90539939
90532712
90539822
90530547
90537845
90532710
90537853
90538381
90535419
90537897
90536224
90534340
90535764
90534821
90537292
90539421
90539388
90530381
90533087
90536930
90534493
90533094
90534335
90537829
90530207
90530720
90535884
90537862
90537702
90537924
90535288
90532697
90535376
90539523
90530796
90535842
90538860
90535952
90536619
90538466
90535303
90539869
90538342
90533734
90533205
90533831
90534987
90536473
90531258
90536351
90537443
90535445
90534080
90532640
90538334
90539495
90534813
90535047
90536659
90538848
90534302
90539494
90533746
90530465
90539383
90537886
90535102
90531024
90531398
90535346
90532228
90539350
90538093
90535586
90538215
90535446
90531560
90533385
90535283
90532487
90538601
90537440
90538202
90536766
90539984
90534616
90538796
90538931
90535986
90536017
90533294
90539103
90535485
90531565
90538096
90530671
90533865
90530875
90531519
90530340
90539672
90538234
90538520
90532289
90530274
90535957
90535701
90537616
90530546
90539696
90536636
90536487
90535317
90537823
90532664
90539872
90537660
90539969
90537225
90531379
90535411
90533703
90538618
90531529
90532427
90535265
90533780
90530962
90534559
90535675
90531318
90534945
90531721
90536281
90533430
90531815
90534524
90539427
90533092
90538889
90533042
90536058
90539581
90535604
90535816
90533287
90530470
90536235
90530589
90533332
90534391
90530931
90531083
90536327
90533633
90532661
90530893
90530794
90533236
90534608
90538749
90532687
90534460
90538722
90534238
90533924
90535258
90537695
90531799
90539303
90539631
90533347
90530186
90532069
90532678
90534412
90532433
90530766
90536921
90534341
90537913
90534716
90537411
90531871
90536918
90539450
90536358
90531655
90530826
90535632
90536428
90531233
90538079
90537210
90538261
90538661
90530370
90531844
90538785
90530867
90534392
90530074
90530010
90533135
90531824
90533680
90536576
90534304
90534794
90533218
90538658
90533735
90537578
90538063
90535374
90534202
90535718
90532418
90532494
90530290
90537475
90536819
90538600
90536369
90538740
90536647
90534614
90534226
90530951
90538555
90537772
90534404
90536410
90533775
90533884
90539280
90530017
90531902
90537257
90533130
90539953
90530670
90535543
90539688
90538855
90537734
90535888
90532407
90532261
90531346
90532381
90538525
90530635
90531783
90539970
90534642
90530140
90533593
90536871
90530263
90539370
90535600
90535878
90535615
90535617
90532376
90535518
90539226
90530603
90537558
90534962
90539647
90538565
90539588
90539713
90531457
90530354
90533163
90535058
90534703
90539364
90534225
90533566
90535946
90535264
90536236
90539242
90538387
90530592
90534689
90535045
90533046
90536336
90539868
90532637
90530443
90538385
90538827
90531356
90536775
90538982
90534563
90531596
90530611
90536227
90536851
90533519
90535967
90538447
90532597
90536436
90538557
90535221
90533260
90532323
90539344
90532448
90539549
90531161
90531431
90536597
90530930
90538616
90532440
90538400
90537911
90538450
90537426
90530406
90531358
90532594
90533091
90538968
90533212
90534480
90531699
90537844
90530449
90535661
90536665
90536565
90539587
90535475
90531663
90534369
90530498
90536252
90538838
90535936
90539526
90535372
90537623
90531010
90539859
90539669
90536304
90535893
90530541
90538594
90530613
90535491
90535417
90534934
90534937
90538327
90536861
90532248
90530427
90537464
90535268
90535793
90533057
90535262
90536746
90538516
90531404
90536869
90539842
90536833
90530691
90534798
90536866
90534989
90538235
90538965
90530724
90535984
90533737
90538973
90537055
90531778
90534651
90536594
90538768
90532217
90533929
90535213
90539456
90532131
90536575
90537936
90537600
90535869
90535650
90539958
90536372
90537252
90539582
90530398
90532633
90535463
90536354
90532400
90534489
90532660
90539899
90531636
90538329
90536238
90539668
90535254
90530086
90535728
90533216
90538924
90534228
90537399
90538411
90538568
90535775
90536234
90530646
90533676
90537326
90535989
90534682
90531553
90534213
90536317
90533226
90530376
90534740
90531829
90533286
90530868
90534771
90536709
90539811
90535847
90536319
90536255
90533975
90538980
90534281
90532690
90532060
90536916
90531569
90535066
90534257
90539678
90531341
90535613
90530271
90533379
90533400
90532456
90537882
90537062
90531277
90530327
90537945
90532343
90535965
90532297
90539484
90534681
90535278
90538837
90539960
90537743
90539936
90537552
90533704
90537643
90534780
90537667
90539215
90532412
90536972
90534672
90530164
90538049
90530504
90533475
90535549
90533051
90530130
90534398
90535330
90537334
90531898
90534068
90538448
90539955
90539707
90531242
90534605
90530497
90532409
90535628
90534339
90532635
90534204
90534609
90535651
90531646
90537289
90539867
90539684
90531945
90533727
90534053
90534981
90531290
90533569
90530325
90539333
90537884
90530923
90537919
90536564
90535054
90536426
90537611
90533044
90533677
90536985
90536353
90538435
90532561
90533147
90531914
90538646
90532256
90535290
90530552
90535519
90530521
90536521
90535345
90533899
90531590
90535960
90533637
90534324
90539740
90536965
90537794
90531606
90536966
90535431
90534063
90539965
90534637
90530784
90536979
90539613
90538242
90538628
90532556
90538797
90539228
90532263
90530520
90530069
90537670
90531897
90539893
90533442
90535277
90535484
90537653
90535760
90538847
90535327
90535870
90535703
90537826
90532525
90535559
90530850
90530638
90530051
90538414
90539552
90535678
90531782
90534628
90539782
90535640
90539866
90535490
90539311
90533692
90535464
90534774
90539211
90538725
90536232
90533700
90534042
90538233
90537313
90537765
90531673
90533673
90532700
90533705
90532790
90539312
90534730
90533360
90533857
90533083
90531597
90538560
90537524
90534746
90535547
90536671
90532763
90533393
90539261
90535218
90531403
90531281
90537528
90537588
90537971
90534629
90534501
90531692
90535783
90536440
90533122
90537792
90533386
90538209
90530785
90530648
90538945
90533611
90536770
90537868
90530037
90535983
90532558
90534979
90536820
90530886
90538791
90536928
90539498
90536613
90533394
90537278
90531743
90539357
90536207
90532393
90537928
90537776
90530854
90530346
90535860
90536989
90537926
90536879
90539460
90538714
90535521
90530748
90538231
90539451
90534416
90539381
90535973
90531514
90535022
90538611
90532587
90533476
90538429
90533725
90531573
90532507
90534506
90538498
90531599
90537692
90534575
90533392
90539645
90531883
90535334
90538549
90532787
90533023
90530404
90534791
90533463
90537479
90534576
90536491
90531524
90539589
90536646
90535937
90533067
90534897
90538284
90533096
90531335
90532481
90533894
90539826
90538671
90536720
90535542
90537580
90538813
90530897
90538465
90538584
90535595
90534297
90539297
90530181
90535458
90534578
90537219
90536231
90539961
90536687
90532714
90531950
90534738
90539429
90535868
90533138
90533890
90538891
90537018
90533246
90539915
90538348
90535762
90535855
90531458
90535934
90530070
90536677
90539820
90539646
90532510
90538227
90533582
90538241
90536306
90534254
90535021
90537446
90532617
90537668
90536910
90531405
90539922
90530358
90534585
90535494
90536513
90537562
90530092
90533202
90536552
90535035
90531667
90536787
90538592
90535333
90530880
90537675
90536249
90537710
90538317
90533445
90531286
90537218
90539887
90530697
90530230
90539847
90538477
90538389
90536422
90536469
90533242
90537284
90532547
90535709
90531357
90532717
90533050
90539729
90530212
90533960
90530021
90539928
90534418
90538382
90534438
90531383
90539653
90534394
90539594
90535602
90537718
90533378
90537822
90537970
90533767
90538911
90534440
90531960
90533374
90532340
90530556
90537209
90535469
90531455
90534352
90533639
90538095
90538976
90535768
90530500
90531681
90536461
90538027
90531026
90534268
90533482
90530566
90531501
90535749
90534273
90536423
90538817
90531288
90532598
90531857
90536768
90534940
90536899
90534482
90534547
90530384
90534379
90539625
90531342
90532730
90532163
90531814
90539469
90539343
90536488
90534395
90534919
90531278
90530992
90534322
90535397
90535732
90538247
90532403
90539638
90539773
90530018
90538499
90539699
90530145
90531368
90536414
90538366
90535362
90534351
90536734
90530474
90539448
90539446
90532737
90535673
90537980
90531847
90533250
90537469
90539387
90537030
90532100
90538656
90535566
90533516
90538260
90532426
90538899
90534602
90533688
90535456
90530478
90535864
90534498
90537540
90532458
90536034
90533656
90535244
90532430
90532056
90538263
90530517
90539221
90535105
90532312
90534272
90535642
90532581
90533303
90530929
90538558
90536021
90536203
90537345
90530258
90530450
90533557
90539443
90533609
90534878
90533086
90537824
90535247
90533501
90534653
90537915
90538842
90539766
90533695
90534285
90533841
90537777
90533573
90535811
90536020
90537877
90534388
90534267
90535627
90539342
90538625
90539714
90533371
90530480
90539660
90530147
90534325
90534262
90538732
90535335
90535525
90532568
90534765
90537873
90534636
90539690
90535308
90536953
90538910
90536506
90531305
90535363
90538467
90534700
90532550
90537301
90533335
90537499
90533252
90535442
90536913
90538037
90530679
90536688
90535565
90530160
90537698
90537290
90530699
90530774
90531787
90532570
90538356
90536439
90539320
90536365
90534521
90531213
90535200
90539643
90537220
90537827
90532658
90532743
90532779
90539235
90535575
90532764
90530250
90539488
90533973
90531643
90538364
90530083
90532653
90538078
90536528
90537570
90537799
90530156
90538351
90536685
90531510
90535590
90533435
90539561
90532650
90530096
90534018
90539300
90536061
90538047
90530889
90533419
90534263
90536447
90538332
90538643
90533856
90530871
90533290
90539619
90536262
90534597
90535658
90532219
90539475
90533489
90531819
90535465
90531226
90536675
90532773
90534284
90536378
90535478
90538936
90531843
90531944
90538683
90537356
90532375
90535578
90534056
90535384
90537229
90534690
90533406
90538635
90531647
90530259
90538556
90537922
90532158
90534347
90533953
90530137
90536253
90539223
90537891
90536991
90533048
90538692
90539633
90532713
90535338
90538345
90535101
90530640
90530912
90538867
90533192
90535516
90533053
90531887
90530865
90538844
90536522
90535250
90532496
90538708
90534312
90533388
90536853
90531333
90538583
90535794
90536683
90539964
90537350
90538654
90532631
90533398
90534662
90537795
90536958
90534586
90533554
90538212
90536765
90534861
90534896
90536601
90535619
90536345
90532138
90538282
90539528
90538783
90536738
90535601
90537376
90539632
90533543
90534707
90530062
90537467
90534050
90532419
90538651
90539770
90530064
90539774
90537493
90538071
90537486
90530896
90533121
90536308
90535867
90539880
90533247
90531298
90533306
90534885
90537661
90535497
90534393
90539612
90538636
90530283
90534710
90538858
90536923
90537912
90534315
90532512
90537650
90538821
90537871
90530688
90531739
90535057
90533436
90535561
90530567
90535075
90530792
90530323
90536667
90530095
90533619
90539557
90532651
90538316
90534330
90537678
90531374
90532626
90537523
90538220
90533649
90534655
90539575
90536578
90531981
90536815
90536441
90536471
90534081
90535438
90531550
90533860
90535930
90537549
90532770
90536945
90538627
90533844
90535061
90539744
90536413
90534627
90539630
90530144
90537518
90533407
90538500
90534546
90537495
90530304
90539402
90535789
90535289
90531485
90539764
90537017
90537825
90537848
90534930
90538407
90532474
90537704
90539875
90538353
90538344
90535030
90530911
90531275
90533137
90532367
90535089
90537965
90535690
90537956
90536681
90531965
90537683
90532166
90538291
90536970
90539777
90539473
90532179
90536504
90532506
90532784
90537331
90536272
90537969
90535782
90530202
90536607
90539294
90537693
90531773
90536559
90538490
90530995
90535879
90530127
90537476
90530561
90539506
90534577
90534270
90536648
90531105
90537435
90532499
90537233
90530456
90530558
90530703
90536029
90535447
90535687
90537258
90530632
90538379
90537505
90539547
90530471
90530996
90534827
90533084
90536267
90531854
90535817
90538090
90530307
90532349
90539346
90534785
90534343
90532577
90530696
90532417
90533714
90535865
90530461
90539442
90531734
90535412
90537972
90535858
90530844
90537510
90531261
90535036
90536849
90533443
90539579
90533259
90535943
90531451
90530797
90536254
90537996
90538333
90532429
90530549
90533483
90531666
90537767
90536744
90534747
90536959
90530650
90531855
90535730
90530559
90535591
90538893
90535653
90538293
90536571
90537697
90538483
90532676
90535081
90537033
90538697
90538541
90538865
90531942
90535885
90530976
90535062
90537298
90533316
90533651
90531609
90534363
90539200
90536583
90532783
90530349
90535774
90536992
90533665
90535623
90539308
90530935
90536507
90534917
90537635
90536697
90532646
90535788
90530445
90531203
90536898
90530614
90537557
90537346
90534914
90535682
90538663
90535249
90539889
90537321
90535336
90538621
90537779
90530020
90536840
90538248
90531348
90538042
90536818
90535279
90530846
90536260
90533473
90539323
90530435
90534836
90537383
90533027
90534564
90535736
90532727
90532227
90534871
90530117
90533660
90537203
90534967
90538577
90531436
90534405
90532540
90538492
90532314
90530118
90538406
90534289
90536498
90539447
90535432
90538744
90537421
90538613
90537324
90538080
90539467
90537550
90533641
90532548
90538461
90536331
90532165
90530591
90530940
90535441
90539379
90530524
90535580
90537358
90532746
90536739
90530831
90532307
90531874
90537682
90533972
90538739
90538280
90532560
90533965
90534935
90537898
90531900
90536052
90538570
90536388
90536505
90536848
90537787
90530183
90539496
90531206
90530251
90537990
90537400
90535968
90531861
90535743
90531848
90539250
90530704
90538059
90534770
90539917
90538956
90530343
90537025
90537372
90537687
90530359
90531986
90532159
90538952
90533950
90537569
90533850
90537261
90530125
90534621
90537515
90533387
90535020
90531493
90539916
90533155
90537730
90533355
90530082
90535926
90533421
90538631
90531972
90531966
90534516
90535544
90539239
90535742
90539328
90532509
90535369
90536217
90536209
90534823
90535031
90532315
90538559
90531600
90532735
90530515
90531946
90537679
90531211
90530525
90533195
90532521
90538369
90539299
90537819
90531856
90537593
90538779
90539420
90538060
90536912
90531793
90536462
90530306
90538812
90537057
90530787
90538835
90533571
90531661
90534748
90537405
90530657
90537373
90530595
90534776
90536881
90536223
90534051
90539417
90539833
90537735
90537655
90531545
90539978
90534737
90530544
90536663
90536943
90536835
90531521
90533940
90531570
90536934
90538895
90539966
90538792
90537414
90530918
90530712
90536886
90531437
90539287
90534219
90534528
90536339
90531272
90534205
90539742
90530738
90535610
90538970
90536922
90536465
90532425
90537026
90537984
90537236
90539721
90537526
90539765
90536023
90536627
90539340
90530887
90532559
90536874
90539541
90539213
90533661
90534279
90533728
90536284
90533264
90534810
90531432
90530680
90539567
90535302
90535956
90530832
90535569
90537330
90538948
90535523
90539334
90533156
90532053
90531384
90536938
90530606
90539377
90539711
90536256
90530462
90538569
90538787
90538850
90531219
90535403
90534918
90531031
90539982
90535259
90539790
90532168
90536569
90535553
90530622
90539611
90535024
90536562
90535798
90530206
90530238
90530161
90530031
90535434
90538675
90538298
90533861
90537044
90539332
90536788
90539881
90534638
90535453
90537056
90539437
90537771
90536563
90531644
90530706
90537664
90533738
90531982
90536892
90533664
90537250
90533276
90533141
90533617
90531561
90531676
90535060
90531791
90538766
90537680
90538084
90539927
90539546
90533152
90537051
90533625
90538468
90533730
90536618
90537612
90539569
90537344
90539727
90533690
90535025
90539712
90536682
90534061
90530133
90537846
90532684
90534581
90536312
90534892
90533150
90536719
90530403
90536299
90535945
90533251
90539921
90538713
90535489
90538073
90539895
90530848
90534965
90538933
90539654
90539599
90536494
90538632
90538684
90537584
90533818
90532468
90538772
90534658
90531976
90535699
90535460
90539279
90536381
90539423
90538460
90534772
90537872
90536302
90536432
90539983
90533610
90539278
90534224
90536055
90532709
90534615
90533882
90535824
90535515
90535883
90535940
90531232
90536630
90535679
90539302
90535261
90534684
90534515
90539670
90538716
90533020
90537740
90536920
90530387
90532334
90534425
90533342
90539583
90538310
90535866
90539474
90539989
90533978
90535712
90531776
90532553
90539621
90535371
90532113
90534846
90537259
90530560
90532310
90532776
90536424
90536282
90536629
90538092
90539466
90534203
90538421
90532683
90539501
90538784
90533410
90538962
90534216
90537525
90530630
90530441
90539835
90538822
90539700
90532268
90530390
90532302
90535435
90535886
90534852
90534236
90535863
90530155
90538311
90537865
90536893
90537362
90531104
90536621
90532778
90536407
90536442
90539732
90535207
90537646
90531905
90533258
90538430
90535877
90535925
90534788
90533732
90537978
90534276
90531497
90534245
90534235
90533836
90535583
90539438
90536350
90539397
90530828
90535818
90537470
90537691
90536030
90533133
90530767
90534980
90537991
90539651
90531820
90535228
90534022
90531297
90538609
90538775
90538864
90534913
90538273
90537992
90531635
90536936
90535433
90536364
90535509
90538024
90531347
90539201
90532214
90539767
90538036
90537932
90533080
90537037
90531884
90535571
90537211
90539591
90535697
90538794
90535958
90530694
90533915
90537431
90537821
90532424
90532156
90532566
90533498
90535204
90534626
90535527
90533211
90539517
90534242
90530977
90531867
90533131
90534645
90532599
90537962
90530043
90534670
90534572
90536870
90539105
90534448
90532350
90537700
90531339
90531831
90532749
90534851
90530029
90530693
90536398
90534399
90534333
90532287
90530554
90533920
90535038
90531912
90530457
90530917
90531086
90531851
90530038
90533194
90534560
90533492
90534321
90536361
90539656
90531322
90537982
90530903
90534217
90535875
90534587
90534307
90531426
90536742
90530840
90530600
90536897
90534790
90533710
90533770
90530242
90536516
90530765
90530373
90535974
90537762
90536749
90537938
90539695
90531315
90531585
90534338
90530326
90537701
90536018
90534305
90535765
90533361
90537975
90530171
90538493
90536028
90536310
90530157
90537216
90532213
90535605
90536384
90537387
90531381
90531915
90533881
90537575
90532514
90531234
90535589
90534473
90538229
90530411
90531850
90536315
90539871
90539366
90538811
90539836
90532695
90538088
90535975
90536429
90531328
90533372
90539791
90539731
90537598
90539354
90532659
90539628
90538417
90530067
90533018
90536689
90534253
90538816
90533717
90532172
90532252
90535212
90531323
90535669
90533820
90530328
90538545
90538243
90530881
90537452
90532576
90538457
90538840
90539341
90537303
90535044
90538013
90531263
90535733
90537914
90534604
90539641
90537458
90536873
90534246
90530297
90535274
90534017
90532361
90537390
90536797
90536548
90537887
90539490
90530763
90530447
90537866
90535961
90537063
90531564
90538501
90530066
90530312
90530039
90539258
90539658
90531215
90535352
90537028
90531722
90534348
90537627
90537857
90536037
90538971
90539415
90536641
90533363
90537451
90532120
90537917
90531408
90533030
90532604
90530061
90537318
90532062
90536496
90533254
90537858
90538371
90530690
90539463
90536556
90534936
90537460
90534976
90532461
90533740
90531619
90535217
90538688
90533621
90537329
90533712
90537994
90532176
90535987
90530430
90532451
90532421
90532162
90531698
90535514
90530260
90530412
90532394
90539667
90536512
90537953
90539385
90537049
90535670
90530841
90536438
90535313
90539704
90537048
90538679
90539715
90536777
90533518
90532392
90538368
90537463
90532567
90537413
90531837
90535016
90538648
90537869
90537381
90537587
90535780
90538475
90534863
90536220
90536661
90535294
90531349
90539760
90538963
90533273
90536071
90539382
90535389
90531740
90533012
90535988
90534583
90533812
90539359
90534951
90530361
90536609
90531494
90533034
90539562
90539558
90536062
90534725
90536024
90534383
90533527
90532132
90531927
90534648
90537462
90533627
90539932
90539209
90538300
90538929
90531595
90533277
90531747
90535681
90533583
90533870
90537603
90539257
90535380
90536825
90532235
90539260
90533362
90539244
90536478
90536477
90537065
90534858
90533266
90530835
90532012
90532354
90539322
90533248
90536771
90535528
90530615
90532571
90531361
90537267
90537895
90538076
90538585
90535041
90537694
90530914
90535028
90532497
90538026
90532652
90530292
90534084
90537234
90535779
90539739
90531502
90538521
90530110
90538418
90539642
90530506
90533383
90534873
90536634
90538523
90538033
90535639
90531204
90534868
90535738
90532672
90536395
90532322
90537663
90538402
90531611
90537708
90539850
90535766
90539577
90537774
90535748
90531720
90538989
90530494
90539306
90539974
90530090
90532505
90531371
90531427
90535979
90536834
90530377
90531011
90534445
90530166
90535603
90539896
90537388
90535922
90535643
90534732
90534223
90539586
90539874
90534955
90537775
90531307
90535551
90530382
90532211
90535480
90538089
90534069
90534593
90539959
90530702
90536409
90536695
90539789
90539815
90537645
90535680
90530963
90537207
90538825
90531696
90530344
90539208
90533871
90536526
90534550
90533511
90531456
90534705
90530203
90530502
90531885
90538314
90535723
90535040
90539472
90534882
90533868
90539923
90533791
90537013
90537943
90532686
90539957
90533776
90530723
90534558
90534397
90537288
90535582
90535785
90534745
90535426
90535026
90538964
90534567
90532701
90537717
90537967
90530114
90530339
90535385
90537367
90530228
90533196
90539817
90531363
90538544
90533369
90534787
90533568
90530311
90537398
90533278
90538887
90538340
90535810
90539358
90535890
90530952
90531512
90534744
90537040
90536620
90537043
90534610
90538449
90530653
90536714
90533655
90539845
90531648
90531085
90539471
90539416
90532383
90539738
90534451
90531868
90535581
90533313
90539937
90538649
90538943
90534743
90535606
90534898
90539891
90539468
90536450
90537560
90532610
90530863
90535053
90537348
90536717
90536360
90539676
90531577
90530926
90534590
90538236
90538718
90532324
90532280
90532667
90534073
90531691
90534761
90532691
90533314
90531029
90535064
90530557
90537959
90534212
90530701
90534789
90536633
90531858
90531292
90535235
90534075
90534060
90532493
90531021
90534783
90536558
90535645
90538504
90530030
90531014
90536986
90536795
90535107
90539747
90538760
90538591
90531587
90538761
90533556
90538200
90537389
90531282
90538869
90533129
90538690
90535267
90534431
90535616
90533197
90532462
90532573
90538083
90531662
90531959
90534650
90534825
90539395
90536201
90537481
90534551
90534607
90538872
90535959
90538433
90538238
90531202
90535087
90535655
90532527
90536728
90533760
90534929
90534857
90537931
90537471
90531736
90537255
90537719
90536838
90536924
90530485
90539946
90535421
90531425
90537392
90530355
90530415
90532250
90534985
90536577
90537264
90530946
90534427
90533667
90534835
90537960
90532422
90535078
90538066
90531675
90534271
90535819
90530122
90537590
90538403
90536631
90532202
90532264
90539636
90536237
90532618
90533945
90535621
90530473
90532740
90538359
90537053
90530902
90539434
90535899
90531993
90534494
90537830
90536408
90538246
90534966
90530254
90536817
90538048
90537737
90533956
90539362
90534724
90530281
90532296
90533323
90538526
90530949
90530583
90534974
90532404
90538854
90537579
90534366
90533477
90538599
90532623
90533019
90534695
90533967
90537923
90538554
90531705
90531685
90531943
90536868
90534059
90538923
90530011
90531825
90535056
90539479
90539615
90537842
90533540
90534736
90533503
90534463
90533607
90533403
90530123
90539515
90538025
90534496
90539837
90533308
90538890
90533713
90531845
90539497
90534647
90531260
90539454
90533515
90536433
90530275
90539459
90532528
90537651
90532155
90530333
90533282
90538404
90535950
90534888
90538944
90537721
90531707
90532271
90530825
90539829
90538285
90532267
90539977
90537370
90537986
90536446
90536622
90535499
90530668
90533708
90536939
90539212
90530329
90534313
90531033
90534295
90533036
90531376
90533281
90537791
90537041
90535033
90534504
90531312
90533234
90530469
90539478
90532620
90537253
90530795
90538874
90530108
90536485
90538204
90536338
90534941
90530464
90538230
90537947
90538598
90539470
90538790
90535612
90534833
90536458
90534640
90532386
90530604
90537780
90530350
90538262
90535941
90536244
90531938
90531880
90532254
90536460
90539741
90537038
90532356
90537401
90532225
90535063
90530407
90530285
90533315
90535695
90537833
90530830
90533464
90530408
90538781
90539650
90536075
90530855
90539207
90537492
90538328
90539296
90534408
90539307
90533434
90532270
90530728
90538515
90537295
90530255
90538386
90536798
90537733
90530434
90533935
90535013
90533231
90537746
90530442
90537247
90533201
90530322
90538014
90538393
90533961
90530656
90532647
90537240
90530101
90537427
90534708
90531728
90539857
90530215
90531616
90532643
90530529
90532452
90533875
90539603
90530612
90532208
90532305
90534035
90532344
90531256
90532177
90539605
90537745
90535677
90533149
90538960
90532589
90530771
90531407
90535692
90539518
90536385
90536588
90538974
90536785
90534875
90536823
90537811
90533954
90530948
90537889
90538370
90532414
90536890
90538299
90533697
90534435
90533070
90534927
90532627
90532262
90533849
90536218
90539218
90530664
90535360
90535674
90537293
90531997
90534039
90535106
90538513
90534402
90533502
90536573
90533774
90537418
90539345
90535982
90530683
90532685
90536606
90531817
90531918
90536729
90532524
90537214
90534782
90536644
90531859
90531365
90531974
90539324
90532517
90530036
90538527
90534815
90535307
90538828
90537299
90534566
90534021
90532221
90534490
90530131
90530236
90537248
90539945
90538868
90539856
90539290
90531823
90538288
90539627
90532789
90534434
90532671
90535552
90530492
90535230
90538894
90535059
90537504
90535882
90536288
90538337
90537890
90538294
90533640
90534041
90534769
90531852
90538548
90535202
90530152
90534200
90534926
90531607
90534439
90537574
90534258
90538287
90533382
90539734
90530954
90531614
90531360
90537281
90534512
90536514
90535405
90537407
90539412
90538678
90532337
90538644
90539882
90533320
90531811
90538763
90533326
90531284
90534911
90531888
90533343
90534514
90535850
90530425
90533591
90533244
90533565
90536240
90531517
90538564
90531574
90533567
90533847
90535227
90535298
90536300
90530132
90538339
90537024
90530793
90534201
90536337
90533768
90532795
90534574
90533663
90535481
90537212
90536540
90533350
90539368
90530945
90534476
90536216
90532484
90536301
90534250
90535648
90537778
90532203
90533466
90531354
90533872
90530661
90538834
90533079
90530467
90537420
90538857
90531372
90533448
90530513
90531364
90537999
90530345
90537500
90535689
90533630
90532325
90532050
90530974
90538438
90537379
90538681
90537276
90533317
90537459
90538630
90531968
90535396
90537409
90530542
90531618
90533743
90539640
90531454
90537773
90539224
90531224
90536919
90531576
90539746
90539406
90535349
90535821
90539335
90537993
90534692
90533401
90534360
90534817
90535966
90536813
90533724
90536705
90535014
90536374
90537592
90537433
90532320
90537507
90534470
90531764
90530856
90535476
90532401
90535341
90534970
90534793
90538019
90530162
90530226
90531551
90538665
90538496
90534057
90536774
90535614
90530861
90533490
90538703
90536703
90531668
90533931
90535398
90531508
90533921
90534714
90539210
90536784
90534497
90534933
90533816
90538408
90536497
90535795
90535829
90539812
90532791
90531252
90531482
90533694
90531865
90536468
90535659
90534953
90535705
90532388
90535626
90536221
90537023
90535813
90538232
90533517
90539885
90533145
90534624
90531420
90535248
90539863
90533526
90537438
90535579
90538650
90534957
90538731
90530493
90530479
90539892
90535827
90539204
90538975
90532593
90532282
90530335
90538312
90537622
90534872
90538482
90539931
90532670
90533120
90531563
90536472
90530112
90539527
90532785
90534519
90538977
90539404
90533946
90536226
90532729
90533366
90533081
90537875
90538434
90537511
90537497
90533716
90530847
90536335
90534711
90535698
90534344
90538983
90539722
90539624
90535011
90537410
90537335
90537406
90536639
90536421
90537639
90535593
90538289
90537386
90536445
90536878
90536656
90534070
90538266
90535838
90535505
90532366
90536812
90536230
90537641
90535891
90530391
90538937
90530666
90536290
90537662
90535618
90536698
90536340
90536764
90537445
90536917
90533736
90538050
90536523
90538325
90538070
90537501
90532447
90534982
90532694
90535914
90532283
90534854
90531511
90539548
90534938
90537477
90531947
90536543
90535018
90535657
90533784
90535951
90535340
90533191
90535474
90530124
90534215
90536375
90534403
90536990
90536069
90533577
90536463
90530338
90534956
90530368
90537245
90533167
90532586
90531430
90531953
90530379
90531633
90539723
90534509
90531978
90538392
90532200
90537831
90534866
90536291
90530588
90538410
90539580
90531230
90531362
90537449
90536443
90530129
90539593
90531470
90530843
90536961
90536239
90537671
90533296
90531832
90538767
90538022
90535955
90538552
90535470
90539797
90537342
90538307
90530287
90530012
90536341
90536740
90535557
90531677
90537786
90535472
90535068
90531821
90531296
90536722
90532693
90537715
90533224
90531330
90535452
90531608
90531935
90538604
90532680
90538271
90533964
90537474
90534660
90534696
90536482
90530872
90532689
90530956
90531520
90535299
90538833
90536614
90530895
90534841
90530219
90537478
90534644
90535823
90531429
90533166
90533132
90531392
90538660
90535281
90533334
90534507
90534594
90537760
90534406
90535676
90535280
90531948
90532698
90538861
90536257
90537416
90538940
90536773
90537788
90530369
90533720
90539414
90530235
90539500
90534842
90533862
90533249
90536567
90530511
90533478
90533352
90537763
90533426
90538259
90538338
90536643
90530732
90536329
90530142
90534371
90539876
90533257
90532171
90539519
90537374
90537613
90535312
90533384
90539578
90538590
90536481
90531221
90538610
90532137
90538694
90533579
90535558
90532359
90532642
90531866
90535845
90537766
90531816
90534481
90533465
90530994
90533691
90532596
90535239
90535607
90537553
90536213
90537243
90535010
90533193
90537060
90534252
90536549
90533520
90536067
90530246
90536763
90537789
90535611
90536464
90534209
90530710
90531396
90534244
90538715
90535364
90533233
90535923
90539831
90537052
90533239
90537957
90532747
90534283
90538453
90538913
90537503
90536486
90538741
90531473
90538540
90535599
90532362
90539963
90534311
90539956
90536978
90536712
90538745
90537484
90539375
90535741
90537283
90533402
90538481
90530065
90531766
90531863
90530939
90539898
90534471
90536700
90539476
90538550
90533052
90531958
90538820
90531559
90531027
90536456
90530579
90535977
90538831
90539864
90532288
90531438
90536499
90533652
90535377
90532210
90537796
90533742
90531869
90535928
90530177
90536599
90534327
90536956
90532245
90531566
90537940
90531697
90536635
90533014
90530372
90532772
90531400
90530644
90538695
90531726
90530760
90535545
90537417
90536382
90535513
90533733
90535633
90538249
90530681
90539951
90538331
90538509
90536767
90533158
90530422
90537814
90538951
90530321
90539524
90534355
90532733
90533484
90535386
90538892
90536015
90530126
90534320
90531797
90537874
90536012
90538253
90534652
90532242
90538620
90530920
90530993
90536772
90530964
90532313
90535034
90533471
90535939
90532472
90534844
90536725
90538257
90536960
90538587
90532606
90532384
90530746
90531291
90539109
90536274
90534013
90539313
90536554
90532434
90537237
90535322
90535721
90536762
90538606
90539231
90531311
90530772
90532602
90532442
90534733
90532233
90535506
90535108
90534428
90531704
90537305
90530289
90535501
90539601
90533553
90533671
90530695
90539220
90534443
90533433
90531293
90539502
90531894
90530233
90532614
90536590
90538056
90538069
90537619
90532272
90532167
90532175
90534675
90539374
90530454
90536265
90536769
90535641
90531872
90533458
90538018
90539987
90531581
90538670
90539883
90533330
90533674
90534603
90539107
90532372
90535962
90537618
90536672
90539693
90531249
90533913
90533853
90532423
90532232
90536895
90534549
90537690
90535310
90537554
90534630
90539818
90537948
90530111
90533925
90534278
90533437
90530261
90538378
90537509
90531967
90539616
90537815
90539428
90530747
90538044
90538696
90537468
90538205
90539309
90532345
90535667
90536033
90533024
90531540
90535342
90532133
90534264
90532774
90539485
90536547
90532205
90537396
90536492
90531214
90530564
90534588
90534556
90539418
90537448
90536676
90537834
90538605
90536016
90538075
90530026
90537870
90533744
90534699
90535972
90532285
90538491
90536417
90531812
90530944
90537941
90531732
90539855
90531994
90530978
90537564
90532708
90531928
90536826
90537419
90530458
90536828
90535328
90532154
90531771
90530324
90530231
90539100
90531283
90535319
90537640
90538206
90539838
90532437
90537456
90531658
90530859
90532178
90530305
90531895
90539763
90532781
90530085
90535772
90539784
90531890
90537415
90536616
90533025
90536642
90538927
90534552
90535414
90537066
90538495
90533614
90533496
90535576
90538010
90534820
90538309
90538035
90530208
90530900
90537454
90536962
90532588
90530733
90533325
90537944
90534249
90536882
90534464
90535647
90538724
90534671
90536846
90530241
90533777
90533447
90534301
90539554
90536582
90531748
90533500
90530035
90530426
90538086
90538877
90532503
90533237
90530363
90537428
90537843
90538031
90536927
90530264
90535232
90534447
90536988
90537688
90533262
90536782
90534952
90537726
90536948
90530433
90536283
90537021
90536792
90531703
90533643
90532645
90532455
90535861
90538949
90531259
90532348
90537453
90537238
90539271
90530178
90538275
90536810
90531582
90535684
90532333
90538653
90536419
90539513
90538201
90537200
90530601
90536711
90533514
90537439
90539938
90534715
90532591
90534218
90531772
90536737
90534221
90533854
90533059
90538580
90538091
90536964
90533741
90534260
90539981
90537050
90533038
90539327
90532241
90531979
90531402
90535282
90531674
90538486
90532209
90536779
90531267
90537647
90537437
90531472
90533364
90536730
90531526
90538707
90534613
90536615
90538336
90537837
90534290
90538245
90533271
90536832
90535072
90537343
90531555
90539771
90537366
90530866
90530878
90539884
90539629
90538941
90531406
90534786
90536954
90534342
90530044
90533367
90534925
90532565
90536411
90532486
90538870
90538669
90530545
90539293
90537011
90538454
90536724
90531826
90535598
90530491
90533327
90536412
90530262
90536551
90539407
90535404
90535830
90531940
90532466
90539263
90535761
90533472
90532543
90538884
90539858
90533441
90537483
90532360
90534729
90536205
90530647
90539798
90531390
90530892
90536692
90536974
90535881
90538335
90538321
90538699
90537217
90539571
90536233
90539360
90533772
90538880
90533624
90539424
90531626
90534634
90539685
90539440
90537213
90536841
90530225
90534361
90539542
90539270
90537968
90536064
90534479
90535859
90538302
90535353
90538413
90537652
90534469
90534495
90530076
90538961
90535524
90538967
90534697
90537465
90530488
90531498
90535763
90534299
90532293
90537357
90533613
90535381
90536776
90538469
90539317
90530309
90538832
90536598
90530388
90533653
90539234
90538214
90534561
90536891
90530176
90538424
90537265
90535383
90530482
90535083
90532220
90538391
90532480
90536435
90531710
90538677
90533040
90536271
90539682
90530734
90537555
90536545
90539206
90535348
90534525
90536392
90531269
90537985
90534601
90538575
90534410
90535887
90534062
90536786
90531321
90531991
90535301
90539455
90536401
90530916
90530643
90534087
90536241
90533541
90530136
90533268
90537480
90537633
90537983
90539272
90532541
90530048
90538730
90539947
90537896
90533542
90539694
90533512
90533265
90532355
90539655
90530421
90538350
90537561
90539331
90537297
90534853
90537927
90537364
90538914
90532542
90531761
90539666
90534659
90537933
90538045
90533897
90533672
90532707
90530446
90533701
90538709
90536591
90537394
90530468
90530721
90538619
90532502
90537729
90531925
90536065
90533618
90536431
90535375
90537520
90539566
90534300
90533570
90537260
90537202
90538239
90536584
90534837
90539609
90539708
90539772
90536658
90534894
90530730
90539635
90539336
90531745
90538290
90538524
90533142
90536448
90532612
90531995
90537716
90532318
90531724
90533054
90532562
90531541
90537606
90536993
90531725
90535792
90533056
90534015
90530234
90538507
90531790
90538237
90531513
90534822
90533267
90534968
90538484
90537878
90538270
90536980
90535241
90532607
90537709
90532342
90533269
90537713
90536592
90533798
90535086
90537997
90535685
90534411
90535686
90530279
90536690
90533602
90532413
90534889
90535574
90530113
90532575
90538051
90531864
90539367
90538456
90535220
90537566
90537577
90531695
90537015
90536268
90538856
90535436
90536036
90532583
90534430
90532327
90533608
90534728
90537669
90533773
90539681
90537576
90538395
90531557
90539203
90531424
90537382
90530440
90533833
90533564
90535082
90534584
90537582
90534543
90531522
90539349
90534240
90530315
90530770
90538623
90535359
90539657
90534454
90537602
90531266
90533597
90531586
90535073
90539504
90531765
90533729
90535848
90533078
90532015
90539943
90531602
90533452
90536053
90532613
90531486
90531223
90530053
90539972
90533356
90533922
90531389
90530684
90536031
90539827
90539941
90539626
90534693
90530925
90530128
90534368
90533411
90538710
90539461
90537450
90539378
90539914
90531741
90532230
90532460
90537976
90531238
90530448
90534631
90533883
90534928
90536229
90530853
90538746
90539256
90531434
90536617
90536546
90536568
90533895
90534256
90534058
90538394
90536377
90534078
90531932
90535305
90534261
90539361
90537311
90531842
90530174
90534433
90536887
90535892
90537720
90533022
90539846
90533646
90537722
90530041
90532465
90533666
90535844
90539585
90536324
90538667
90536321
90532500
90530685
90532395
90536574
90537312
90538633
90537673
90537621
90539926
90535656
90533128
90536295
90538015
90534874
90530501
90539686
90530475
90531973
90536511
90536467
90532516
90531684
90535461
90532611
90539622
90539573
90535051
90531499
90539398
90534266
90532768
90535466
90535357
90538574
90531435
90531742
90531500
90533127
90532057
90539560
90536502
90539663
90538306
90536208
90534960
90531013
90531302
90535425
90539664
90532529
90534055
90532798
90532445
90535921
90530957
90537849
90535407
90537517
90534942
90532435
90538489
90533331
90532786
90532732
90536415
90537955
90535660
90536544
90534664
90539520
90538875
90536850
90533718
90537620
90537262
90532390
90539743
90533963
90533409
90531359
90530364
90536998
90530158
90532777
90539674
90538659
90534499
90532706
90536311
90530958
90531623
90537894
90536264
90539371
90533813
90532330
90532520
90539543
90530633
90530937
90531212
90536733
90533061
90535387
90534033
90536844
90539493
90530523
90539949
90536212
90537317
90530300
90537615
90537472
90539862
90534024
90530885
90538642
90536343
90535876
90536580
90532501
90537436
90533839
90536811
90532265
90532788
90531951
90536400
90536926
90533049
90533706
90539665
90537508
90530827
90530943
90539652
90530555
90534294
90533572
90535344
90532574
90538505
90530660
90530286
90535665
90536258
90533658
90536470
90539216
90537223
90537666
90538319
90535343
90537461
90532702
90534676
90535856
90530789
90539419
90539706
90535393
90532515
90534500
90530205
90539841
90539511
90532387
90534571
90531920
90538597
90531588
90537251
90532204
90533845
90538281
90535747
90538595
90530979
90538987
90533669
90539692
90531969
90531970
90539393
90530179
90532173
90535500
90538330
90538043
90535049
90538324
90535924
90531280
90538955
90537856
90531081
90538034
90538255
90534832
90536570
90539284
90537402
90530731
90530063
90539441
90533146
90531481
90532601
90535889
90535286
90535424
90535332
90537596
90538432
90537365
90530739
90536014
90539347
90535668
90535584
90539824
90537363
90531355
90536579
90537227
90530910
90534595
90533507
90538295
90530466
90536666
90537674
90538474
90539435
90537929
90535065
90536814
90535390
90538579
90539514
90535620
90536334
90537201
90530476
90536054
90539673
90539705
90532284
90533551
90531274
90536391
90538244
90534508
90532243
90535276
90537457
90537286
90536944
90537685
90535400
90534973
90534713
90539217
90530594
90532703
90533013
90533681
90539512
90539545
90537242
90531554
90536925
90534511
90533696
90534280
90536716
90531380
90537783
90537864
90537543
90530507
90536748
90533454
90536344
90531340
90533397
90531737
90534413
90534417
90537054
90536373
90531240
90535382
90533876
90530386
90538276
90531309
90539924
90539241
90537989
90531715
90530139
90533600
90535873
90534067
90531483
90539920
90530477
90533916
90531682
90538912
90536595
90535326
90539289
90539840
90535508
90533626
90531777
90535443
90537310
90532169
90530100
90530081
90530313
90534797
90539555
90531248
90530091
90534600
90536836
90538571
90531386
90534921
90533887
90531818
90534718
90530015
90538388
90532134
90531343
90535496
90533722
90530150
90537215
90532765
90533693
90537371
90537568
90533365
90535702
90536932
90530975
90536273
90533598
90534881
90538917
90537950
90532467
90538698
90533698
90534293
90533338
90531210
90534915
90533391
90539933
90534983
90531949
90532584
90530553
90537548
90536038
90538021
90539401
90530380
90530823
90530432
90533795
90535238
90532240
90531088
90535790
90532638
90531475
90533689
90534362
90533855
90534014
90532347
90531246
90536326
90539786
90539730
90533763
90538264
90534071
90539556
90536670
90530698
90533422
90530571
90539248
90530901
90532152
90537360
90534269
90534749
90533603
90533647
90530428
90531769
90538691
90538596
90531523
90537665
90532662
90539106
90537644
90536963
90538240
90536495
90538863
90535074
90536845
90531899
90535729
90530927
90538682
90531630
90535498
90533825
90539618
90534518
90539481
90532428
90535577
90531701
90536640
90534562
90531798
90533344
90534370
90532477
90532544
90533826
90533550
90533683
90537395
90538916
90534814
90533220
90537958
90536855
90534420
90535744
90531709
90532013
90539830
90536266
90535630
90532630
90537731
90534364
90537277
90531401
90532482
90532734
90533654
90533474
90533764
90537506
90539852
90537482
90536566
90534864
90535208
90534924
90539400
90538562
90535796
90534210
90533835
90535564
90530608
90537422
90536479
90532688
90538446
90533863
90534719
90537397
90531906
90534847
90536269
90536827
90531781
90531841
90534553
90533745
90534625
90530775
90535563
90532160
90530922
90535100
90539986
90536623
90531746
90533093
90532696
90530154
90537545
90533650
90539291
90536525
90536454
90533429
90537820
90538405
90539614
90538308
90535654
90537268
90538617
90538922
90531452
90539205
90538762
90534030
90537306
90539508
90534950
90534816
90539725
90534436
90533140
90530314
90539848
90539639
90532470
90536955
90538077
90537723
90537732
90537296
90538765
90535339
90533297
90534513
90539813
90533648
90533209
90538770
90536702
90535839
90539861
90531919
90533240
90539431
90531650
90534345
90535240
90536967
90537918
90532153
90533848
90537987
90534415
90533425
90533886
90535715
90539396
90539564
90536455
90535849
90537812
90531621
90536931
90539834
90530416
90535745
90538734
90538622
90537514
90538355
90536066
90539301
90534329
90531987
90537642
90538588
90536652
90535734
90538815
90535492
90538748
90533337
90534442
90537607
90538921
90538561
90535071
90534076
90535251
90533629
90536651
90537813
90531605
90536821
90537628
90534838
90530689
90538798
90537810
90535210
90537798
90533491
90538445
90530252
90532295
90531265
90533322
90535314
90535731
90536270
90538053
90539409
90530116
90539697
90537838
90534646
90531834
90538503
90531528
90539600
90534241
90534839
90530088
90532052
90531933
90530780
90533293
90539606
90539832
90538626
90535219
90537034
90530294
90535717
90539432
90538938
90531324
90538726
90537361
90534306
90530562
90538954
90534544
90533547
90536325
90535455
90536263
90535347
90531583
90533632
90532769
90535880
90536027
90539230
90533562
90534834
90534635
90535325
90536914
90534606
90536068
90537684
90536657
90535027
90530047
90534065
90537036
90535234
90533927
90533438
90530180
90535292
90530649
90532065
90539779
90537892
90531846
90530385
90534446
90530310
90530247
90535596
90536793
90539240
90538624
90538566
90530463
90536747
90534723
90536261
90536951
90535503
90536320
90531331
90539222
90537239
90530971
90536602
90534669
90533340
90531870
90537696
90539245
90531032
90532370
90537206
90534573
90537851
90534963
90537769
90531990
90538274
90537624
90530898
90531645
90538882
90538778
90532780
90531527
90535263
90530495
90536204
90533782
90533368
90538780
90536276
90535933
90531892
90539453
90533341
90539369
90533348
90538211
90537793
90536847
90538267
90533487
90535320
90535834
90532792
90537352
90530645
90531731
90538773
90536856
90530842
90539268
90536280
90537328
90536852
90539464
90535572
90531255
90536396
90530172
90536248
90530749
90537654
90532438
90533373
90536437
90530575
90539227
90537287
90531664
90530378
90538742
90535714
90530232
90532449
90537676
90530891
90535784
90537280
90538771
90531727
90532410
90535079
90530119
90538380
90530024
90533077
90537595
90534083
90537064
90537027
90530168
90531239
90533947
90536357
90539237
90534475
90539276
90531714
90530393
90536735
90531505
90536527
90538443
90534680
90535324
90536202
90533837
90535843
90532311
90530237
90535666
90538436
90530330
90530586
90535043
90538529
90534459
90538514
90530220
90538793
90538462
90537742
90539232
90537859
90533270
90534011
90537527
90537589
90530032
90536877
90535949
90531552
90532488
90532718
90535629
90530014
90532490
90530590
90536997
90531971
90533210
90537359
90530120
90530182
90536386
90532592
90534569
90536026
90539592
90535588
90530543
90534465
90532346
90533339
90538673
90530934
90531459
90534739
90536691
90533723
90537747
90538398
90530845
90537714
90531835
90539728
90532616
90538603
90531394
90538373
90534622
90538452
90537893
90530628
90533085
90538859
90536367
90533143
90534971
90536696
90537020
90537039
90530626
90537432
90535954
90539365
90536342
90537429
90536370
90530605
90531209
90539796
90536279
90539452
90530870
90535735
90531571
90530967
90534565
90538615
90530762
90534455
90538958
90532364
90531546
90534579
90536056
90536710
90535457
90533261
90534336
90539952
90536474
90537547
90537274
90533043
90537042
90534796
90533208
90536653
90535394
90532656
90539843
90533838
90539391
90531285
90530597
90532236
90539736
90532286
90530302
90536645
90532483
90530141
90538841
90532170
90533451
90538915
90536211
90536674
90539737
90534923
90534248
90539761
90533455
90530569
90539610
90531084
90533604
90533016
90537424
90531886
90534274
90533215
90533792
90535510
90533824
90531738
90532546
90532476
90534237
90536466
90535493
90533766
90537341
90538878
90534691
90534557
90531231
90538586
90533834
90538451
90535368
90531749
90535316
90531913
90533199
90537728
90538510
90533238
90538819
90536010
90532317
90535707
90531917
90535019
90536309
90536830
90532059
90534760
90532402
90534947
90530725
90532223
90537502
90539910
90537035
90536816
90536250
90539292
90531020
90535857
90535874
90532420
90536518
90537046
90532595
90533811
90535814
90531543
90535895
90539661
90531640
90538437
90535894
90536684
90530418
90536517
90532742
90534654
90538072
90533256
90535050
90538738
90537681
90538384
90533346
90533796
90535222
90530745
90534986
90537403
90535487
90533055
90533395
90532382
90533204
90539282
90531465
90539634
90530788
90533642
90532391
90532068
90538614
90538272
90533549
90532663
90534592
90530834
90533858
90535546
90535963
90530969
90537659
90533255
90539295
90532054
90539277
90533284
90539988
90537881
90535203
90533521
90532782
90533066
90536328
90536206
90533305
90537998
90532673
90531028
90534462
90530200
90533190
90536999
90531578
90534542
90539269
90537226
90537521
90530833
90531923
90538528
90531350
90536713
90534946
90534773
90534856
90536380
90531708
90535511
90533359
90535947
90539595
90539565
90532523
90534541
90530089
90533357
90531637
90531271
90535379
90537910
90531768
90533574
90533291
90533686
90530185
90539363
90538777
90531767
90534326
90536969
90532224
90532485
90535746
90537977
90533241
90539649
90536289
90538674
90533457
90536314
90531306
90533911
90535771
90539310
90532762
90532715
90537353
90532164
90530675
90533783
90537768
90530167
90535214
90531788
90538038
90533153
90530353
90534984
90536316
90539572
90530990
90533253
90538897
90538845
90538067
90539597
90531763
90531631
90537632
90534829
90537559
90538866
90535337
90534239
90533292
90533506
90536760
90539691
90530906
90530201
90537724
90533612
90538862
90538303
90535285
90533749
90537855
90537770
90535726
90537571
90536330
90539825
90532336
90538401
90536976
90531937
90537404
90536715
90532580
90531382
90533561
90536070
90530965
90536403
90538362
90533376
90532519
90536346
90539274
90530705
90533214
90534477
90534282
90532473
90537031
90531253
90537232
90533771
90533955
90537256
90534599
90532308
90536940
90530512
90534545
90530905
90537925
90538553
90530229
90537377
90536259
90531320
90538888
90530399
90539775
90531326
90536397
90533090
90530221
90530097
90533307
90530786
90531080
90532716
90538612
90532304
90536603
90533310
90535664
90537741
90531317
90537282
90537315
90537952
90534526
90533456
90534350
90536484
90535418
90533508
90531639
90534717
90539975
90534019
90538224
90535840
90532405
90538502
90534318
90532357
90538511
90532654
90535526
90537496
90534389
90531672
90531332
90531700
90530783
90533830
90535479
90537045
90538978
90538747
90535410
90535773
90535085
90530040
90533319
90533415
90539944
90530735
90531370
90538054
90537636
90537541
90539980
90538360
90532385
90537208
90531584
90532554
90534357
90537973
90537332
90534337
90531733
90538981
90533719
90536383
90533304
90531729
90534023
90530033
90537325
90534777
90534649
90532371
90531391
90535395
90534074
90537487
90531789
90536402
90530655
90538702
90530099
90533423
90537369
90532441
90536883
90533962
90537847
90534457
90535473
90535964
90531289
90538485
90531334
90533596
90532274
90535401
90536242
90538602
90531873
90536214
90535046
90530548
90539897
90534277
90535437
90533404
90538508
90531516
90538711
90530460
90533864
90538657
90538390
90537572
90530812
90531723
90535944
90531594
90539778
90533154
90536662
90534064
90530431
90531463
90535269
90535529
90530581
90538313
90530677
90535693
90536452
90538563
90539576
90537736
90538581
90533033
90536862
90532206
90536390
90536610
90531518
90532634
90538223
90532760
90537727
90535242
90535719
90532226
90533699
90535635
90536416
90531719
90532237
90533505
90538464
90530573
90531620
90531838
90535671
90531313
90532450
90530243
90533399
90533620
90535296
90530487
90532681
90536493
90539516
90530394
90535739
90536561
90534421
90538012
90533949
90539935
90533575
90530451
90536668
90530121
90537012
90535929
90530244
90537412
90534387
90530822
90536063
90534385
90537408
90535971
90531907
90530405
90531784
90531901
90539262
90531030
90531975
90536872
90533558
90535300
90530522
90537601
90534432
90536857
90534954
90537473
90533635
90537963
90538341
90536297
90538743
90531225
90533523
90536791
90531628
90533923
90532736
90537029
90536628
90530894
90539748
90538296
90535224
90532377
90531492
90539436
90534683
90533852
90537249
90535913
90533453
90536637
90535502
90539433
90533731
90534265
90539267
90531625
90534687
90532436
90531613
90532655
90530308
90538217
90531236
90537384
90536500
90531770
90536885
90531622
90538301
90533161
90537656
90534721
90536638
90537269
90539934
90536057
90538415
90535331
90534944
90537205
90537354
90532739
90534206
90535370
90533486
90533136
90533790
90537347
90539749
90533229
90534211
90538522
90539389
90535915
90534232
90535646
90539710
90531304
90533427
90530357
90533139
90534310
90534012
90536843
90533283
90537355
90538213
90539644
90533300
90534382
90536515
90531939
90530678
90535799
90530576
90530159
90535109
90536349
90535468
90539873
90537047
90539819
90534701
90534843
90538326
90537852
90531295
90536950
90532794
90530209
90533885
90534818
90537797
90536371
90535271
90539860
90533815
90530084
90536968
90537583
90539878
90535787
90539785
90539679
90536587
90532063
90532055
90534349
90530362
90531319
90537423
90537320
90538476
90539477
90539316
90538839
90530253
90533817
90531598
90535852
90535938
90530184
90535825
90539491
90534400
90532622
90536669
90533594
90531693
90534879
90537519
90535711
90538572
90536347
90532249
90534426
90535291
90535608
90534674
90531822
90537498
90533416
90530148
90530151
90539104
90536790
90533370
90530318
90538608
90537934
90538774
90539570
90534766
90533788
90534961
90535451
90533930
90530950
90536318
90535427
90537385
90538094
90537705
90535637
90538925
90530676
90531474
90536434
90537542
90539314
90530222
90533657
90535422
90533822
90532368
90530218
90531660
90534870
90530773
90535920
90535012
90531572
90534259
90533428
90536708
90534085
90531985
90535725
90531422
90538323
90533615
90535477
90535828
90532582
90535706
90537567
90534763
90531591
90533468
90535409
90538052
90537204
90531310
90535226
90536732
90532431
90535625
90534082
90537309
90530245
90532064
90536572
90538629
90538717
90538984
90537529
90531686
90537314
90537491
90538074
90538494
90539253
90530933
90531941
90539390
90537631
90530068
90531961
90533227
90530938
90530669
90533778
90539659
90530503
90533739
90530367
90538349
90538729
90538441
90533879
90535694
90538727
90535835
90530490
90539492
90535826
90538593
90539236
90532058
90533552
90531687
90535448
90538788
90533779
90538016
90533707
90532608
90536701
90538358
90530621
90534812
90533874
90533336
90534072
90537706
90533170
90538957
90535430
90535911
90535837
90530527
90531996
90535367
90538383
90538519
90532244
90532513
90531466
90533432
90538988
90532253
90535985
90536994
90537441
90530257
90539214
90534694
90539330
90534778
90536876
90537703
90531690
90538376
90538318
90534704
90531397
90530651
90531580
90535727
90536510
90536995
90536356
90538720
90533576
90534943
90530851
90530429
90531544
90539888
90532724
90536394
90532130
90532719
90533219
90535541
90535076
90533198
90536406
90530320
90530153
90535554
90536313
90539507
90535507
90536593
90535871
90534893
90536865
90538455
90534502
90535454
90539584
90531592
90538046
90539351
90539623
90538268
90535029
90534396
90531542
90538935
90536303
90530821
90530652
90532495
90539380
90531632
90534450
90532464
90535406
90530054
90536296
90535048
90533318
90539259
90530173
90538428
90534230
90539247
90537455
90534020
90539255
90530050
90537302
90539816
90531679
90532797
90532332
90538374
90536780
90531338
90536451
90537617
90538422
90537672
90530402
90537981
90535255
90532351
90538830
90536355
90538546
90533235
90538640
90534407
90536741
90536600
90534208
90536475
90531624
90532704
90536529
90530761
90538634
90532723
90535548
90533440
90531303
90537785
90534580
90531670
90530080
90533938
90533592
90531680
90530776
90539954
90531716
90536305
90537581
90533819
90536632
90533851
90534468
90530291
90536243
90536694
90534255
90533622
90536987
90536842
90530662
90536541
90539238
90531689
90533721
90536520
90536219
90533544
90532648
90534251
90539962
90530817
90539851
90532761
90534478
90532443
90532621
90537022
90533424
90537319
90534466
90538647
90534016
90536508
90530417
90531983
90534633
90530686
90536333
90533793
90539942
90531082
90530356
90533934
90538425
90537961
90535622
90537447
90532066
90539329
90538846
90530781
90534088
90531423
90533345
90533560
90539410
90534830
90534795
90539449
90531409
90537300
90538942
90535229
90532545
90531795
90533162
90538361
90533328
90534520
90538818
90534510
90535970
90538898
90533659
90533524
90537378
90536854
90534702
90530565
90534720
90538823
90531433
90532247
90532799
90535980
90535820
90534922
90539529
90536245
90530023
90531702
90539604
90531503
90538881
90532508
90538582
90536476
90532365
90536501
90531760
90530947
90532258
90538950
90530716
90534910
90538547
90536420
90530175
90535356
90530472
90531954
90536649
90535927
90532522
90539719
90534826
90530991
90532328
90531453
90531638
90531245
90532692
90536307
90530341
90539870
90534612
90534317
90530518
90531471
90530496
90534643
90530883
90538719
90538693
90539489
90536427
90530737
90532335
90534044
90530169
90534972
90531378
90535236
90530409
90535329
90537573
90534453
90531308
90531706
90536888
90535550
90530115
90530138
90532341
90532338
90538040
90534234
90535898
90533939
90534328
90534667
90539399
90530348
90533405
90538737
90537699
90532491
90531654
90531352
90532705
90534570
90538920
90536983
90539795
90537638
90534522
90539356
90532331
90538304
90538459
90533217
90535592
90533358
90530248
90538497
90538030
90531744
90537010
90532246
90538423
90533880
90531208
90538082
90539865
90533948
90537307
90531491
90531262
90538589
90532745
90537949
90530013
90531439
90531921
90533545
90530849
90536706
90533581
90536483
90538689
90533494
90530170
90535562
90535722
90534346
90532674
90539225
90536072
90530419
90533157
90533223
90534899
90530227
90531351
90534969
90533380
90534883
90531656
90535206
90534859
90530284
90530510
90530375
90530109
90535778
90531087
90530374
90533873
90533321
90538487
90530711
90530165
90538853
90538278
90533765
90530526
90530782
90539793
90532300
90530973
90537899
90539675
90533200
90538573
90531299
90537556
90538041
90535846
90538097
90532675
90538279
90534308
90536293
90539430
90534661
90531891
90539877
90537738
90531220
90530204
90531567
90535070
90536929
90530959
90530392
90535321
90534895
90531911
90535080
90531217
90533877
90531205
90536937
90535449
90535306
90534207
90536680
90537707
90530383
90535088
90531762
90530240
90535032
90538668
90539596
90539408
90535237
90534784
90538871
90538645
90538480
90534296
90534727
90530928
90538062
90534666
90538396
90533546
90539285
90534824
90531102
90538265
90530551
90536323
90539482
90536073
90533088
90532721
90538346
90530268
90534779
90533160
90539326
90535495
90538873
90530400
90535272
90536831
90535408
90531336
90533662
90535797
90539768
90539321
90539794
90536942
90531515
90531860
90534227
90534086
90532150
90531836
90539264
90531893
90530528
90535691
90535415
90535568
90538219
90539108
90535439
90537608
90533821
90537235
90531244
90534334
90537272
90534657
90532518
90538518
90538733
90531025
90530282
90532301
90532629
90535373
90535266
90538826
90532234
90537014
90535737
90537888
90534623
90535644
90535388
90533548
90535831
90531735
90531247
90539769
90536404
90538543
90539680
90530395
90530371
90537995
90532358
90535522
90537275
90532551
90533015
90532793
90537614
90537712
90534332
90534548
90536624
90533417
90538412
90530514
90533418
90538473
90539648
90537920
90537677
90534319
90530093
90534034
90537224
90532682
90531712
90537625
90534764
90535624
90533859
90536889
90535953
90538814
90533919
90534291
90532276
90536352
90536596
90530820
90536059
90536608
90535776
90532549
90536650
90536480
90532139
90538947
90535672
90536949
90536781
90532679
90536322
90534323
90531504
90538926
90537861
90532369
90534677
90537749
90537648
90537832
90531316
90531813
90533616
90533869
90531270
90537850
90537485
90531329
90532767
90537761
90538228
90531796
90536503
90537637
90533709
90531366
90539305
90531468
90537551
90536051
90530692
90536625
90536363
90538087
90530347
90539662
90538789
90539339
90531229
90539521
90533450
90539219
90538216
90533098
90538470
90532416
90532711
90534458
90539821
90537885
90534529
90537323
90539252
90535791
90537988
90534423
90534862
90534303
90535631
90536589
90530102
90532498
90533525
90538946
90536074
90534620
90535413
90536884
90538463
90539462
90535023
90537634
90538680
90537285
90536718
90535245
90538292
90530829
90534527
90533668
90539353
90531509
90533832
90530631
90530499
90538851
90535488
90533377
90531399
90534673
90532251
90532624
90536425
90535311
90538256
90533504
90533381
90535777
90538953
90532363
90533302
90534589
90539510
90533311
90534220
90538203
90530077
90535243
90532277
90533888
90535103
90539886
90530816
90534298
90531273
90531235
90530814
90538512
90530610
90539788
90531243
90531369
90530852
90530342
90533420
90539202
90538885
90539233
