90555483
90507370
90552016
90554129
90505857
90554288
90555882
90554691
90507347
90554585
90507125
90507541
90553034
90552597
90506763
90507480
90506165
90506907
90552945
90552219
90552861
90555000
90507091
90505637
90552253
90554177
90505068
90555169
90507283
90551160
90507498
90553161
90505668
90552393
90555646
90553977
90552570
90505974
90507663
90553417
90506619
90505072
90505316
90555859
90507901
90554569
90554972
90507113
90507410
90551168
90551438
90552309
90552929
90551426
90506779
90506680
90555630
90505293
90506714
90506367
90554125
90505645
90554214
90555894
90505063
90551600
90507858
90551106
90507910
90554856
90554138
90554740
90505217
90551241
90553423
90554347
90553142
90505570
90552862
90505235
90551042
90551702
90553471
90553294
90554699
90507379
90552591
90554292
90505534
90555212
90505682
90505193
90553313
90506124
90552543
90553672
90552811
90506908
90555270
90507219
90552262
90506761
90553720
90554251
90505847
90551036
90552460
90553747
90554445
90554330
90555684
90552394
90507999
90505532
90507443
90507085
90551195
90507682
90506665
90551056
90505247
90552610
90506912
90507296
90552371
90506965
90506956
90506904
90505628
90552788
90553699
90553692
90553124
90506643
90553550
90552504
90505464
90506099
90506490
90507714
90507777
90554938
90555726
90555753
90551232
90505210
90553584
90505622
90505563
90507019
90555515
90551237
90505176
90555698
90554550
90506581
90507707
90505488
90552952
90555278
90507255
90553656
90505893
90554944
90552950
90552560
90505773
90501330
90551198
90555065
90554769
90505139
90555049
90505340
90505796
90554672
90505403
90507685
90506735
90552692
90507514
90554400
90555255
90506751
90507116
90553845
90553860
90552505
90507991
90552083
90553621
90553466
90554170
90554899
90553183
90552927
90551136
90553878
90552856
90552347
90552943
90552795
90507470
90553527
90552593
90552736
90507216
90506536
90506845
90551010
90506064
90553687
90555208
90555623
90507868
90552553
90554906
90507438
90551698
90507486
90552202
90506244
90555329
90505483
90507909
90554160
90505597
90507450
90507005
90552589
90507174
90551455
90553008
90553987
90551962
90553671
90554368
90553492
90554365
90554281
90507562
90552316
90506445
90554195
90505698
90551428
90554529
90505135
90507057
90507354
90554199
90553093
90505648
90551736
90507380
90552848
90552386
90507933
90507366
90554522
90553441
90505478
90507408
90554738
90507279
90505292
90507546
90507419
90554179
90552328
90553679
90555622
90553573
90552656
90554985
90552303
90506369
90553017
90553205
90507303
90506436
90555888
90553632
90505263
90505346
90551076
90553432
90505982
90506975
90505861
90554668
90507769
90507440
90507930
90506706
90554335
90553892
90551027
90505591
90553036
90552665
90551960
90555044
90506962
90505652
90505295
90553535
90506974
90506924
90507533
90553808
90505511
90552078
90552003
90505466
90505468
90551604
90553330
90554782
90553182
90553580
90507266
90554157
90551662
90551799
90553555
90551132
90551937
90551140
90505859
90555564
90555441
90507716
90553099
90554185
90507351
90553874
90554598
90552413
90552522
90555210
90552264
90507545
90554588
90555359
90505058
90506324
90507353
90551390
90553477
90505099
90553283
90507733
90507587
90551014
90506294
90554746
90507923
90552625
90506240
90507140
90552686
90507976
90507175
90505576
90555552
90505120
90507959
90554962
90552462
90506567
90507871
90551204
90551440
90554325
90551081
90554868
90553457
90505096
90553085
90507385
90507020
90553261
90552675
90553875
90552936
90555056
90506504
90552028
90553549
90506558
90505763
90506056
90507363
90507669
90555186
90552000
90505583
90507658
90507469
90505883
90554399
90553086
90551215
90553572
90554518
90553121
90552709
90506863
90505594
90506090
90554151
90552293
90553810
90552695
90553250
90554925
90553030
90553066
90507234
90554815
90555743
90507597
90506848
90506817
90505077
90554465
90554766
90554901
90506518
90553500
90553739
90552955
90506475
90506913
90506060
90553787
90552661
90505646
90501369
90554162
90554219
90501222
90505491
90505662
90506428
90555004
90507456
90554636
90507911
90553851
90552722
90553530
90553553
90506022
90553663
90553926
90552876
90552748
90506753
90507341
90505170
90507302
90505525
90505520
90505941
90507054
90553660
90552227
90506856
90551254
90552745
90552022
90507179
90554354
90506190
90507230
90552892
90552269
90555084
90553745
90552450
90507908
90506787
90505522
90555172
90555673
90553919
90505014
90554707
90552492
90553187
90551966
90554751
90551656
90505810
90553392
90507362
90505944
90553022
90506621
90507701
90553753
90553976
90554447
90505253
90506514
90554592
90552940
90553239
90553982
90505938
90506287
90507720
90552585
90553852
90507411
90505993
90551973
90553705
90507356
90507852
90506733
90505047
90552463
90505535
90553631
90554654
90506659
90554312
90506768
90552636
90553155
90552649
90507731
90553925
90553576
90552996
90506783
90552784
90553730
90506535
90507493
90555611
90555051
90555288
90555474
90551421
90553455
90552797
90507604
90551058
90552426
90554862
90501334
90554915
90555063
90505891
90554546
90507710
90555874
90506791
90555886
90505370
90506442
90506978
90506775
90505927
90551170
90505722
90552964
90507377
90553386
90554332
90506898
90553387
90553257
90505629
90507403
90501324
90555756
90555883
90554946
90505688
90507747
90555554
90505550
90551082
90505312
90555462
90506730
90551191
90507970
90553069
90553109
90506365
90507394
90507148
90507105
90553681
90553682
90553922
90553654
90553238
90553127
90552324
90552443
90506326
90553088
90552201
90507143
90552280
90506827
90552733
90551907
90553165
90554121
90555183
90552707
90552754
90552874
90507165
90552920
90506771
90554680
90507454
90554163
90553559
90505997
90552822
90553698
90505752
90507442
90553538
90553552
90506096
90554130
90506134
90555989
90551978
90507998
90552855
90505331
90553829
90555081
90551944
90505354
90553308
90553280
90552512
90552020
90507307
90554334
90551192
90505873
90555338
90555086
90552743
90507832
90553095
90553299
90554414
90506871
90553137
90507142
90507472
90506478
90505040
90554263
90552248
90551414
90507112
90506988
90505565
90553979
90506585
90554268
90554653
90505147
90507320
90505981
90506464
90506098
90554351
90551453
90507505
90552455
90505352
90506058
90552369
90506366
90505267
90505079
90552896
90507475
90507846
90552372
90553053
90506815
90505415
90507579
90506745
90506582
90552564
90507360
90554543
90501322
90553968
90505327
90552742
90555058
90553869
90554700
90553805
90507817
90507894
90505107
90505356
90551135
90507252
90505661
90505332
90555596
90552320
90505411
90552836
90552281
90552698
90553364
90507007
90553843
90552886
90506986
90553915
90507207
90553834
90506983
90553019
90555384
90554490
90554256
90505262
90507783
90552699
90553213
90554999
90553848
90505371
90553021
90505674
90552383
90507854
90505899
90506588
90553341
90551187
90554632
90505127
90552624
90506709
90505076
90553764
90501321
90553561
90555154
90553889
90506731
90506645
90506601
90555769
90506433
90551712
90554647
90553579
90507237
90507748
90554660
90552566
90554789
90553464
90507452
90506020
90505489
90506729
90551138
90507600
90553145
90552807
90552211
90551163
90552947
90552838
90505968
90505387
90553949
90506292
90555733
90505150
90552727
90507123
90552339
90506770
90506989
90553119
90555189
90506214
90505405
90552849
90552747
90554753
90552310
90505769
90507102
90507681
90552428
90506203
90507558
90505980
90507392
90507879
90552474
90505291
90506295
90506407
90551073
90553880
90553646
90552002
90552261
90553728
90555668
90553494
90507164
90506052
90506106
90552232
90551635
90551105
90555609
90552400
90552006
90552439
90554382
90553641
90554913
90507712
90506140
90553657
90507847
90553916
90507781
90552645
90555427
90506669
90505061
90501251
90552823
90505036
90554260
90505240
90505091
90555040
90551122
90505106
90552569
90552621
90553151
90506938
90553048
90507711
90507551
90554599
90553462
90507150
90553103
90555969
90507144
90553473
90553721
90507744
90553723
90505699
90505424
90507899
90552344
90506354
90506966
90507544
90507698
90552562
90553390
90553966
90553564
90551074
90506929
90506109
90553429
90506798
90551653
90505751
90553389
90505728
90552691
90506937
90505472
90552256
90553883
90507157
90507860
90555143
90507754
90505983
90507119
90555052
90553351
90551941
90507176
90553768
90553731
90553011
90552818
90505743
90553147
90553590
90551078
90506460
90506406
90507599
90555043
90506716
90553426
90507306
90554662
90553272
90506687
90506129
90555101
90505384
90506767
90552587
90555690
90505087
90553065
90555217
90555560
90553290
90505571
90506062
90507826
90553056
90507592
90505746
90554127
90551107
90506420
90554688
90552486
90555107
90506861
90507028
90505784
90506524
90553862
90555321
90507771
90554139
90505718
90555280
90554372
90552362
90505684
90552694
90553531
90505260
90553358
90506379
90554245
90552516
90505156
90506463
90505556
90554875
90506841
90505679
90501250
90505421
90506374
90507038
90555305
90552890
90505540
90506689
90552395
90507056
90507024
90551275
90553474
90552498
90553367
90551419
90506670
90507407
90555149
90552247
90553453
90551980
90555995
90554690
90553914
90553691
90551385
90551086
90553847
90505204
90554918
90554374
90551274
90505801
90554346
90506600
90506785
90505766
90552424
90552422
90506834
90505654
90553259
90552715
90505894
90507332
90505320
90552778
90552826
90507391
90551152
90552782
90507988
90555559
90553209
90555141
90551171
90555179
90553936
90551399
90552507
90555712
90505009
90553970
90505078
90555696
90507348
90555062
90507225
90506808
90551459
90555606
90553513
90507786
90505714
90507855
90555015
90553609
90555196
90551408
90554958
90554726
90554171
90555834
90507650
90552829
90505261
90507676
90554994
90553981
90552495
90553510
90552951
90554966
90552899
90554773
90507152
90551159
90555618
90553310
90506302
90552623
90506253
90507699
90507950
90554496
90553952
90507915
90555025
90552066
90551024
90506953
90553002
90507126
90554269
90507627
90555185
90551420
90551957
90507161
90554818
90553754
90506432
90551095
90555342
90555741
90552430
90507127
90555536
90507188
90506111
90505948
90505361
90506688
90506492
90554495
90506447
90507560
90505071
90553872
90505745
90505125
90552353
90552820
90501256
90507082
90505054
90554290
90555055
90552735
90507473
90505504
90505148
90507136
90506541
90553941
90554115
90507118
90553716
90552029
90507413
90507010
90554128
90551131
90507318
90551956
90555598
90507313
90554945
90553004
90551144
90507525
90552357
90506323
90551169
90505564
90506516
90507762
90505045
90553459
90505700
90555857
90552803
90554370
90554920
90553266
90507160
90555158
90555104
90555324
90553724
90506875
90507372
90551389
90551452
90553275
90552705
90507251
90552084
90551397
90507421
90506831
90552366
90554544
90552702
90507004
90553856
90552887
90552798
90553973
90507067
90505869
90551146
90505817
90552246
90506620
90505937
90554993
90555649
90554191
90505237
90554192
90552526
90554386
90505191
90555088
90505289
90553186
90551264
90551238
90505104
90552678
90555768
90505401
90555031
90552714
90555140
90501370
90507922
90505610
90506899
90551148
90505438
90555607
90507111
90555007
90553853
90553051
90552292
90553450
90507344
90507740
90506828
90505537
90555057
90553948
90505269
90552234
90505398
90553867
90506309
90555142
90506024
90505487
90553577
90505208
90505192
90506878
90552576
90551186
90553776
90555092
90551047
90507187
90551445
90505409
90551128
90553067
90505510
90555717
90507822
90505082
90553068
90553975
90553366
90555417
90507508
90507335
90553504
90553532
90553784
90552655
90506371
90555721
90551620
90505559
90553405
90506840
90505920
90505616
90555388
90554320
90501259
90507236
90506121
90505925
90555173
90555095
90505800
90553442
90553653
90555085
90507088
90555585
90507939
90507384
90551981
90554502
90551985
90555862
90507582
90505638
90555477
90551591
90553539
90554847
90553288
90553318
90551606
90507075
90555098
90505918
90553306
90555982
90554172
90505130
90555159
90551649
90552411
90553077
90506874
90553081
90505426
90555887
90552480
90554510
90555362
90552734
90506629
90506028
90507253
90506209
90506726
90552602
90506061
90552263
90506169
90506548
90507902
90505901
90552069
90555096
90552342
90553411
90505811
90554189
90505589
90554534
90553898
90505726
90506059
90551176
90506883
90554427
90552789
90505759
90507202
90552620
90553930
90553959
90553381
90552889
90552276
90507538
90552992
90506702
90501367
90507870
90554122
90552881
90507036
90506867
90553980
90505824
90553016
90505129
90507378
90506306
90505470
90553156
90506674
90505258
90551068
90553241
90507013
90554692
90555243
90555872
90553506
90552230
90505495
90552628
90505985
90555237
90505242
90507863
90551644
90553927
90552845
90553635
90506816
90554272
90505979
90506542
90554775
90506305
90507580
90505975
90507820
90553830
90505884
90552572
90505313
90554131
90506862
90505377
90506606
90552603
90507954
90553232
90555503
90506607
90552534
90505446
90506788
90505326
90506969
90552671
90505942
90552944
90552666
90507552
90552235
90551409
90555829
90507785
90506449
90555094
90553783
90554143
90552638
90554148
90551230
90507218
90553256
90506877
90505162
90552204
90552759
90554563
90552208
90553312
90507027
90507424
90554837
90554908
90552520
90555021
90505399
90552259
90505017
90507485
90505806
90555881
90555723
90507364
90555035
90554649
90553597
90507679
90553380
90506248
90505760
90506155
90507865
90506586
90554431
90505108
90551172
90506401
90552396
90554802
90554437
90553252
90507034
90554695
90506533
90553189
90551631
90507617
90555461
90505635
90505315
90552013
90555174
90552327
90506866
90555582
90555204
90507281
90505100
90551046
90505322
90552674
90553570
90554180
90554684
90551598
90507425
90553322
90506148
90554681
90554193
90554352
90506794
90553244
90506097
90553565
90505724
90507037
90553262
90505923
90506611
90554737
90505277
90552496
90506102
90552821
90505379
90506160
90507099
90551449
90507339
90552711
90552931
90553470
90506694
90552272
90555839
90552644
90505453
90507542
90551020
90505386
90555878
90553435
90505070
90555692
90555971
90505093
90552577
90507823
90555109
90555453
90551189
90507523
90505881
90507032
90505771
90554481
90505572
90505318
90553503
90552799
90554648
90552319
90505640
90507208
90555824
90506849
90554998
90554659
90553873
90505152
90553989
90554264
90505493
90552677
90506300
90551210
90553620
90505335
90552213
90552529
90553342
90554931
90507719
90507684
90551055
90554922
90507629
90554215
90553401
90553446
90553965
90506311
90507213
90507132
90507333
90553010
90505131
90554358
90552515
90554987
90554457
90505916
90505128
90552631
90505041
90552601
90506122
90555820
90554384
90507857
90554184
90554178
90552206
90507206
90552223
90553942
90507446
90506176
90551946
90554187
90554756
90507633
90552487
90506749
90552279
90552436
90554188
90507895
90507042
90553444
90505994
90552812
90553332
90551061
90507620
90552363
90553896
90507649
90552724
90555190
90554625
90506595
90552883
90506118
90507340
90552837
90555316
90551995
90552554
90552719
90507827
90551555
90506127
90555168
90555165
90506456
90553963
90505932
90552919
90552249
90551949
90555234
90507536
90554720
90506383
90554233
90551188
90507775
90506732
90506178
90507453
90506591
90551009
90555008
90552221
90506668
90507678
90506408
90551179
90507876
90554383
90552776
90505222
90552667
90507940
90507730
90552023
90505375
90507836
90552245
90555097
90551233
90505385
90553371
90507709
90507471
90555763
90507245
90506399
90552314
90506576
90553138
90554391
90551028
90506870
90507810
90507467
90505623
90506158
90505065
90555312
90507269
90505154
90505625
90553480
90507227
90506457
90552933
90552793
90555678
90505224
90507598
90552517
90506855
90553385
90554697
90554266
90554951
90551658
90505095
90553404
90552533
90507727
90506030
90555575
90554852
90507647
90551277
90553222
90553501
90553857
90506370
90506940
90555636
90506437
90552385
90507729
90507912
90551964
90506480
90555561
90507603
90553243
90553683
90507607
90555054
90506624
90554929
90553106
90555484
90506168
90552713
90506392
90506235
90506137
90553369
90505837
90505641
90507904
90505051
90505010
90505844
90505351
90552260
90507675
90553507
90555811
90552984
90505053
90555014
90552851
90551654
90555631
90505454
90505903
90553789
90551650
90554403
90507994
90552948
90506648
90505012
90505926
90553475
90553652
90554430
90507149
90506773
90552349
90551731
90505101
90506981
90553424
90507072
90505085
90505627
90507120
90506653
90553216
90555298
90505673
90552475
90552315
90553697
90506895
90552866
90553393
90553788
90552723
90552683
90552935
90507203
90505471
90506242
90505846
90552300
90552792
90553172
90553777
90552064
90553409
90553146
90505913
90551190
90505369
90505548
90506738
90507357
90553537
90507200
90507885
90507928
90505834
90506284
90555553
90505266
90554545
90554970
90505680
90551199
90506990
90506555
90552468
90552402
90553844
90507567
90553684
90553924
90555494
90551994
90551953
90507610
90555865
90554236
90507859
90552018
90554849
90552806
90506281
90553522
90553055
90507389
90506911
90554321
90506068
90555170
90505187
90555896
90553839
90551185
90554527
90552662
90553544
90552730
90552412
90554930
90554867
90505789
90506964
90505768
90505939
90507060
90507772
90506850
90506947
90507609
90553696
90501211
90553497
90555285
90551214
90505255
90507977
90505828
90507433
90552009
90553907
90505389
90555701
90553594
90552074
90507358
90552864
90554949
90555893
90552438
90554480
90506495
90555810
90552007
90555193
90553123
90553879
90555625
90506617
90506673
90554203
90554637
90505089
90507929
90505297
90553676
90553130
90552244
90552217
90555105
90553440
90507811
90553108
90505579
90505257
90506569
90505119
90505653
90506551
90553596
90507866
90501371
90505775
90505388
90507361
90552345
90506486
90553938
90553962
90506881
90551102
90505687
90555710
90551402
90551229
90553882
90507648
90554557
90507842
90505031
90553850
90553090
90505296
90555729
90505143
90551431
90507087
90505809
90553321
90554736
90554254
90551053
90552880
90554531
90507017
90553738
90507529
90507436
90552467
90551059
90506508
90554464
90506362
90505598
90506112
90554390
90555307
90554262
90505380
90507623
90507932
90507724
90555146
90552239
90555821
90551276
90505736
90505695
90553114
90507934
90552465
90507481
90507272
90506566
90552268
90553619
90506351
90554638
90505298
90552361
90507464
90554267
90554507
90506901
90554291
90553076
90507824
90552834
90506530
90505026
90552596
90505270
90507813
90555498
90552257
90505794
90506603
90553735
90507117
90553479
90505952
90553891
90505228
90551634
90552537
90507621
90553645
90507905
90552877
90506272
90553944
90505791
90505310
90555198
90507886
90507878
90555410
90551206
90552427
90555187
90551023
90506891
90507163
90552401
90552374
90552756
90555870
90506628
90555765
90555089
90506342
90553838
90507242
90552946
90507186
90553476
90553866
90506660
90506163
90506166
90553413
90554912
90552417
90552559
90507755
90553756
90505137
90554348
90555297
90553463
90553101
90505929
90505022
90552334
90506422
90507492
90507016
90505325
90554479
90553741
90553854
90507097
90553225
90554133
90552491
90552218
90507996
90552323
90554406
90552901
90551384
90505814
90553305
90553673
90506327
90551590
90551394
90553825
90505282
90555890
90551174
90507917
90505518
90552525
90506837
90553111
90551101
90507715
90506448
90553578
90506239
90552326
90505991
90505141
90554870
90553964
90554158
90505533
90506223
90552830
90555006
90553798
90555053
90554275
90506571
90555827
90551407
90507086
90506349
90506921
90555160
90552017
90507081
90507784
90553072
90553211
90551127
90506145
90552857
90554261
90553602
90505657
90553468
90552622
90506917
90553498
90552278
90553639
90552612
90505209
90507962
90555153
90554141
90552243
90554670
90507576
90506820
90555207
90507887
90505585
90505151
90553626
90551060
90554117
90554984
90554871
90507958
90506161
90553163
90505541
90553063
90553775
90506717
90507601
90505780
90551961
90505549
90555032
90506532
90507049
90507504
90553031
90505023
90555892
90506795
90553615
90505355
90506241
90506421
90554153
90552532
90552926
90501257
90505950
90554846
90554594
90555709
90551648
90505717
90554441
90551441
90552440
90552488
90552497
90553349
90554521
90553359
90505561
90555181
90552614
90505486
90554724
90505265
90506705
90505644
90505755
90505815
90507891
90507284
90554805
90506301
90553725
90552075
90553958
90505474
90554413
90555996
90505912
90506152
90553234
90554813
90552858
90507656
90553502
90505696
90505519
90507137
90553781
90505338
90553846
90552390
90552403
90507061
90505037
90551433
90553396
90553746
90554123
90505733
90507665
90506543
90507502
90552380
90506347
90552423
90553610
90505976
90555176
90555261
90552010
90555520
90507246
90505544
90506718
90554226
90507935
90552082
90506695
90554616
90553265
90553726
90553752
90555746
90507388
90553633
90507162
90505374
90506304
90552470
90507661
90507595
90505030
90552489
90507382
90553361
90555180
90551119
90506157
90505930
90506810
90506886
90507090
90554974
90507945
90551096
90554239
90552453
90552846
90551553
90501210
90505965
90507169
90552295
90555218
90507398
90506215
90553128
90552447
90505665
90505833
90552312
90552930
90552425
90554729
90553118
90505580
90507182
90505044
90554553
90505219
90553352
90506226
90553711
90506960
90507689
90507606
90553408
90506107
90551248
90555012
90553005
90552738
90505092
90552815
90501260
90552071
90506946
90552850
90506830
90555638
90553347
90505391
90553727
90501304
90552250
90506264
90553493
90506610
90506029
90507790
90555225
90552808
90551959
90505507
90555033
90505707
90553923
90505013
90551109
90551958
90506531
90506358
90554328
90507556
90505704
90553278
90551194
90506133
90552819
90552932
90552011
90551989
90552544
90552786
90507106
90505034
90507321
90554969
90555284
90505185
90507495
90501319
90555639
90555042
90501374
90555620
90505428
90507849
90507759
90507924
90551711
90505573
90553437
90505309
90553571
90506843
90501327
90555854
90553786
90553795
90505934
90507432
90505215
90554876
90554778
90505803
90553766
90551939
90553089
90554921
90506954
90506568
90554429
90507585
90507415
90505029
90554135
90554116
90553618
90506747
90555070
90553206
90507066
90505735
90505015
90553832
90554978
90507639
90507630
90551137
90505484
90555764
90505558
90554126
90507796
90505441
90507960
90507839
90553314
90552406
90551988
90552787
90552077
90552026
90506935
90552637
90553226
90507015
90505917
90553295
90555513
90505419
90555524
90552389
90507637
90555005
90555027
90506458
90505870
90507264
90506893
90552651
90506431
90555805
90551197
90505448
90555992
90555408
90552937
90507301
90553902
90552579
90554113
90505376
90555075
90553664
90505783
90552209
90551124
90506540
90505799
90553814
90506807
90552717
90505081
90554828
90551015
90553490
90555833
90554173
90553855
90555488
90554658
90552839
90553708
90506363
90501264
90505195
90506712
90505924
90554152
90553911
90554423
90507993
90506609
90553141
90553837
90551594
90507194
90505477
90506509
90507955
90507845
90506485
90505767
90553448
90552021
90553384
90553823
90555968
90553117
90553774
90555970
90507573
90553587
90555017
90553199
90507718
90506759
90552878
90505858
90507243
90506819
90501241
90505904
90507570
90555188
90551632
90554689
90506378
90506818
90552882
90555593
90506686
90554886
90507409
90552581
90505807
90553614
90553622
90506737
90552627
90552573
90555490
90507021
90551219
90551118
90551436
90507012
90501317
90506936
90506443
90553338
90555286
90552304
90555162
90506398
90554494
90552407
90553214
90506799
90554826
90553418
90553812
90554198
90555751
90552490
90507008
90506113
90552228
90506544
90507927
90554941
90552081
90507484
90552001
90554165
90507191
90506440
90505481
90506641
90553024
90506479
90507890
90553903
90506146
90507198
90552643
90552894
90505734
90505757
90554132
90552679
90506318
90506466
90552493
90552865
90552535
90506961
90507888
90551011
90552561
90507938
90505620
90553110
90507135
90553276
90507873
90553604
90506498
90552647
90552457
90553899
90551057
90505992
90551071
90507355
90555315
90553799
90506177
90555722
90505998
90506482
90552578
90554578
90552659
90553377
90506126
90501373
90553895
90506054
90554615
90554555
90506941
90551108
90506104
90505144
90554280
90506339
90554448
90506423
90505703
90555557
90505505
90507931
90552434
90555879
90551413
90551121
90507721
90506357
90552737
90554285
90505705
90505521
90506661
90552528
90551034
90501248
90507509
90506430
90552590
90505915
90554567
90555152
90506100
90551976
90554643
90507429
90553953
90551141
90505663
90507035
90554308
90553877
90553707
90555048
90506796
90552690
90505874
90554493
90552524
90551708
90554961
90553070
90552203
90553235
90555984
90553296
90506494
90506627
90554505
90507770
90552897
90506251
90552871
90505155
90554827
90551411
90506814
90553326
90552065
90507926
90553685
90555979
90505251
90506130
90553383
90552448
90551991
90553910
90507229
90553710
90506707
90552449
90553073
90554277
90551052
90554890
90552360
90505569
90553509
90501326
90553796
90553521
90553047
90505169
90506418
90555876
90506916
90506487
90553909
90507238
90554934
90507524
90506196
90552842
90505856
90554896
90507756
90551947
90555986
90555737
90553956
90505708
90553131
90551134
90552673
90506638
90505294
90553841
90506164
90507376
90553526
90505116
90554816
90555191
90505852
90552549
90507666
90505220
90507848
90551552
90553900
90552376
90505166
90505875
90555613
90554371
90552288
90554124
90505908
90505001
90505515
90552545
90553835
90552749
90555175
90505634
90555502
90507258
90552825
90506560
90553419
90553217
90553378
90555239
90554780
90551093
90507753
90506188
90501246
90505947
90506594
90506245
90552381
90552884
90553269
90552485
90505412
90552308
90552629
90551405
90551418
90507261
90505060
90505216
90551125
90553908
90553943
90552922
90506506
90505501
90553410
90551412
90554950
90554549
90507468
90553289
90505134
90552473
90552640
90553167
90552005
90506823
90507975
90553094
90554823
90505933
90505175
90507831
90553279
90507766
90555047
90554488
90506888
90506142
90506273
90552405
90552236
90552502
90507336
90554591
90507646
90506026
90551196
90507414
90505813
90505995
90554136
90506380
90553988
90553148
90505008
90553945
90507048
90554357
90553323
90552225
90507259
90554197
90553957
90552294
90507257
90505073
90507840
90553749
90506982
90507084
90506266
90506149
90552646
90551593
90507749
90506932
90551049
90551396
90507690
90555452
90553974
90506330
90553188
90553585
90553438
90505425
90551130
90554971
90505842
90555071
90507862
90507964
90555229
90507946
90507153
90551629
90552461
90505241
90507477
90505691
90506053
90506748
90507626
90505324
90507984
90507572
90554825
90554298
90551067
90552827
90555442
90507494
90552452
90553864
90507992
90506721
90554176
90553300
90505560
90553327
90551145
90552538
90553695
90505509
90505782
90506027
90505508
90507844
90507488
90507677
90505456
90555686
90505231
90552210
90552391
90501208
90552938
90552509
90507818
90505207
90554665
90555491
90507023
90506094
90552925
90505284
90552685
90553316
90553755
90553370
90552277
90506920
90552330
90505300
90505557
90553461
90507000
90555583
90505018
90507215
90555463
90506473
90551703
90552921
90505907
90507189
90507881
90553534
90555178
90506268
90554388
90555161
90555029
90505889
90507853
90552860
90507095
90551030
90505853
90552265
90505122
90554458
90553458
90505252
90507989
90507063
90505276
90505050
90552635
90506194
90505742
90505547
90555998
90507793
90507638
90505279
90505660
90552863
90555157
90552343
90506389
90553422
90505593
90505955
90551410
90505236
90507893
90554207
90553790
90553894
90551103
90506612
90507581
90505895
90507974
90551952
90507642
90555899
90553064
90506698
90506602
90552547
90552872
90552067
90555197
90505647
90554257
90505414
90554186
90553097
90552329
90551636
90555145
90507375
90506979
90555669
90501372
90553840
90552813
90507427
90507031
90554786
90507697
90552231
90554933
90507618
90552835
90501240
90507513
90554190
90505914
90552501
90552240
90554798
90507078
90551442
90554300
90505651
90553394
90552068
90505434
90505019
90506578
90554628
90553629
90505984
90553937
90505084
90553505
90551120
90552351
90552514
90506742
90554134
90506353
90506622
90507575
90551643
90552706
90555010
90553763
90552841
90505860
90505823
90507588
90506755
90553180
90552604
90507338
90507856
90505566
90554279
90505713
90505729
90553255
90507961
90505394
90507457
90553139
90506724
90555050
90551123
90505049
90505035
90555682
90553328
90552575
90552616
90507594
90554168
90554155
90553331
90553107
90554154
90506664
90505512
90552753
90554247
90507079
90555438
90505633
90552633
90553003
90507590
90506512
90552416
90507653
90505098
90505115
90553921
90553719
90506503
90552780
90553651
90552305
90551234
90553588
90505264
90507386
90553508
90507564
90552588
90551550
90555039
90507397
90551089
90505971
90552550
90507268
90506171
90555889
90507131
90505341
90552701
90555615
90505349
90505278
90554183
90506023
90552441
90553277
90551655
90553702
90506262
90551031
90553616
90551272
90554903
90553589
90552289
90501329
90552513
90554377
90507177
90551556
90551637
90552356
90507611
90554166
90506547
90552693
90554830
90554111
90551982
90505685
90551158
90505692
90507287
90551398
90554613
90505048
90505502
90555167
90555718
90553865
90507445
90553136
90554146
90507526
90554120
90506265
90553157
90554889
90507947
90506067
90553281
90552446
90553782
90501332
90507286
90553134
90505171
90555076
90505064
90554696
90551456
90553164
90553934
90506095
90507439
90554584
90554433
90507401
90507763
90507288
90551075
90507919
90555587
90505007
90506679
90505931
90507299
90507557
90555093
90553648
90555519
90553248
90507921
90552062
90506860
90553049
90506950
90505656
90507327
90554866
90506675
90553815
90552689
90555024
90552523
90552341
90507571
90551094
90552080
90501258
90553428
90505416
90505057
90505643
90505476
90555072
90552437
90505032
90505062
90555482
90505230
90555068
90505436
90552605
90552350
90554194
90507114
90553373
90555171
90553960
90554110
90505785
90507942
90507664
90553220
90555586
90551611
90555301
90505936
90554655
90507025
90507596
90551062
90554887
90551972
90507668
90505765
90553014
90552254
90505615
90554702
90506438
90551091
90505086
90553028
90553885
90551258
90554621
90506063
90553893
90505596
90554449
90505118
90555740
90551166
90505246
90505887
90552270
90551182
90555608
90552885
90554149
90552266
90505636
90553465
90552557
90553718
90555013
90553543
90554784
90555985
90507797
90507614
90553488
90505028
90553554
90553772
90554623
90506175
90552796
90553765
90505140
90552215
90555522
90554683
90553346
90555259
90506110
90506500
90552233
90507717
90505577
90551203
90505888
90554734
90553329
90506903
90507233
90507966
90552325
90505364
90506156
90555440
90555565
90552934
90555845
90554246
90553007
90505442
90501242
90553388
90554150
90505288
90551628
90553414
90505142
90554795
90501218
90505631
90506260
90554911
90506790
90506715
90552580
90554822
90507423
90507156
90553658
90552688
90555468
90552015
90505105
90505795
90506515
90505020
90552658
90506625
90551178
90555016
90555851
90551064
90554597
90553271
90507918
90554270
90506202
90555061
90507972
90506851
90554909
90506887
90555873
90505114
90507655
90551231
90554571
90507145
90553171
90507643
90507520
90552648
90507184
90507948
90507708
90505701
90553797
90552291
90552469
90553897
90507779
90505988
90551940
90506385
90506386
90555517
90507487
90505954
90507688
90553416
90505043
90507830
90553315
90553456
90554535
90505451
90507987
90505776
90505348
90554834
90506998
90507154
90506876
90552527
90553233
90554274
90554624
90552481
90555655
90552419
90552306
90554324
90555296
90554145
90552271
90505970
90505897
90552076
90554980
90505397
90506604
90507507
90554345
90501336
90552779
90555426
90505250
90553354
90506424
90506135
90505467
90505524
90506355
90553678
90551200
90554558
90506341
90552283
90552332
90554869
90553268
90506143
90505469
90507906
90551080
90553601
90506944
90551621
90552641
90551065
90506955
90552274
90551220
90505124
90507197
90555853
90507741
90506101
90554820
90507330
90505004
90507535
90506136
90553722
90555347
90554657
90553558
90505910
90551651
90506277
90553859
90553270
90551955
90501255
90501209
90506897
90554142
90552531
90505145
90551173
90551942
90507350
90551732
90554877
90553986
90554916
90553258
90507636
90506992
90555455
90553688
90555813
90551255
90551039
90555767
90553811
90554380
90555880
90553833
90551212
90555543
90552728
90506186
90507622
90553284
90507482
90552476
90551633
90507124
90553548
90505123
90552216
90555030
90507652
90553831
90553460
90555222
90555011
90551022
90505531
90555045
90553940
90554948
90505946
90507295
90552746
90553743
90507828
90505025
90506180
90553771
90552923
90505973
90505273
90552471
90553849
90505347
90552466
90553208
90555182
90552791
90553761
90553581
90505272
90552725
90507155
90505945
90553443
90507138
90507515
90553336
90507183
90553551
90554791
90506025
90554919
90553084
90552337
90507077
90554282
90501249
90506336
90505121
90554812
90507743
90507083
90554606
90555080
90552237
90553759
90507009
90552618
90554832
90507329
90555446
90554232
90552697
90506587
90553659
90553951
90552548
90552355
90553080
90553742
90507778
90506994
90507728
90555981
90553954
90553184
90552833
90552802
90552801
90505059
90554678
90553129
90553100
90554979
90507555
90553736
90553599
90551860
90551589
90553972
90505642
90506922
90505254
90505447
90507829
90505951
90554892
90553607
90553791
90553071
90554420
90553158
90551239
90554477
90551969
90553670
90553120
90506192
90553984
90555499
90507706
90552870
90555997
90552607
90505274
90506667
90552540
90553780
90507624
90505393
90507241
90552220
90554319
90555689
90554556
90551588
90551406
90553762
90505359
90505905
90553292
90552273
90553282
90554576
90506722
90507738
90505832
90506488
90505046
90551948
90555864
90553514
90552398
90507328
90555590
90554443
90554605
90505226
90552317
90553750
90505848
90554118
90555023
90506372
90505562
90507211
90553920
90553595
90552307
90505149
90553427
90553961
90555577
90507030
90555817
90507696
90505697
90507914
90506224
90505227
90505737
90555897
90505496
90505987
90507463
90555562
90507496
90506484
90555385
90507383
90506172
90552668
90506663
90553628
90555840
90553967
90552563
90552301
90551013
90505067
90555458
90554747
90553803
90552652
90551045
90552377
90552541
90553890
90506191
90505819
90551638
90505543
90505238
90551084
90507703
90553484
90506131
90553870
90553713
90507973
90507053
90552483
90552606
90551963
90506116
90552703
90507185
90553826
90553221
90554338
90553886
90506584
90507003
90555714
90554968
90552832
90505658
90553339
90552740
90553006
90554501
90553144
90554959
90505546
90555110
90553062
90555706
90552868
90552275
90555699
90553013
90553734
90507006
90507889
90553887
90501318
90507166
90553868
90507100
90507310
90507565
90552511
90553050
90554728
90506283
90507444
90506534
90505604
90552387
90553078
90505372
90552828
90506852
90553547
90507499
90552555
90506890
90553525
90507044
90505367
90555079
90507787
90553135
90552843
90553032
90506057
90507971
90554225
90505024
90555993
90555967
90507645
90501368
90554144
90554935
90507554
90507297
90551388
90552586
90505290
90553215
90552311
90552840
90552290
90505958
90555295
90507334
90553690
90507217
90554838
90554241
90554943
90552499
90506151
90555363
90505299
90555036
90553343
90505749
90552867
90553009
90505485
90552716
90505460
90553928
90552459
90553263
90555707
90553627
90507047
90552518
90552494
90507548
90552785
90507795
90551129
90553520
90552726
90501323
90501254
90551386
90552004
90506289
90552445
90551070
90505396
90506119
90554309
90552472
90552608
90552079
90555521
90506505
90554410
90552619
90554322
90505492
90507657
90506662
90505606
90505133
90505972
90552222
90555001
90555573
90553190
90507130
90551184
90553260
90555106
90554209
90506334
90554114
90551250
90555866
90552704
90506279
90506331
90505498
90555978
90554512
90505305
90553704
90506634
90554548
90506132
90552582
90552506
90507589
90553074
90552085
90553640
90554317
90553087
90555828
90506139
90555815
90505621
90506838
90553153
90506884
90506282
90506637
90507506
90552335
90506549
90555164
90507107
90551154
90551968
90507058
90555380
90553567
90552435
90555037
90552336
90552816
90507767
90553714
90505225
90507293
90555304
90507451
90553729
90554939
90507527
90506632
90551427
90553223
90505027
90554398
90505038
90501266
90553689
90552654
90553149
90506577
90507250
90507750
90552072
90554817
90553647
90555506
90553669
90507808
90505499
90505816
90505366
90551244
90553395
90552063
90552420
90507228
90551180
90551217
90507982
90553362
90507121
90555002
90551261
90553918
90554161
90507479
90552595
90505234
90505212
90506299
90501328
90507913
90501325
90553297
90552672
90507181
90551236
90551104
90507193
90553357
90555060
90506117
90552073
90507393
90553317
90507222
90553368
90553715
90507367
90506217
90553630
90551630
90553197
90505798
90505786
90552594
90553126
90506335
90551265
90553325
90554804
90505758
90555642
90552409
90505825
90507428
90553541
90507569
90553365
90553150
90552399
90506050
90506467
90506170
90507851
90551965
90552744
90505243
90507239
90554297
90553113
90552482
90507235
90552718
90506905
90505055
90553871
90555299
90505935
90551202
90554831
90554530
90555074
90553947
90505588
90553665
90505793
90505614
90553863
90505802
90505112
90554532
90552392
90506343
90505439
90506626
90505582
90554401
90552284
90506308
90554385
90553179
90505516
90552684
90506307
90555059
90551050
90507512
90553403
90551019
90505223
90553574
90505400
90553611
90552297
90505871
90506957
90507396
90507752
90552859
90554560
90552365
90505422
90506256
90555103
90507390
90501204
90552615
90551150
90553662
90507050
90553983
90505390
90505039
90552781
90554426
90555877
90552824
90505702
90507270
90505526
90552331
90555761
90507563
90506187
90551586
90555066
90553301
90507011
90552741
90506684
90505268
90552755
90505706
90507882
90506615
90505311
90553769
90507543
90555694
90506230
90555009
90505342
90551652
90552869
90505781
90554175
90507864
90505458
90554698
90554167
90507577
90507210
90553649
90507104
90507605
90553613
90555581
90554483
90505747
90505473
90552070
90506813
90554565
90552879
90552348
90507761
90553140
90555099
90553661
90507896
90554644
90553694
90505542
90552565
90506150
90553712
90552650
90505111
90553778
90506141
90505601
90506672
90553096
90506337
90507816
90554940
90507794
90507196
90553737
90552750
90507897
90553382
90554137
90553499
90505787
90553828
90552418
90552617
90507300
90554227
90507628
90507737
90554119
90552598
90507073
90555069
90505928
90555336
90505957
90505006
90552322
90555166
90551033
90507641
90506564
90553104
90505000
90552739
90505896
90553971
90506991
90507240
90507799
90552942
90507833
90551051
90507002
90553807
90507406
90505649
90552508
90507874
90553748
90554858
90506065
90555547
90554731
90505953
90554396
90507094
90555556
90552731
90551066
90552433
90553709
90507880
90552853
90507801
90554694
90506583
90552024
90505146
90552367
90505074
90553372
90507260
90555481
90553562
90505675
90506021
90555177
90505750
90553012
90553770
90553274
90506207
90505052
90551945
90555569
90505590
90507837
90553431
90505103
90505455
90553876
90553674
90553677
90507040
90507850
90505805
90554182
90553703
90551432
90506474
90553177
90554542
90552669
90505850
90507768
90552584
90551165
90505417
90551387
90507995
90552924
90554880
90553637
90506537
90553598
90506760
90554836
90507141
90553421
90551087
90505450
90506179
90553801
90554562
90553533
90505818
90553143
90505838
90506769
90506069
90507305
90553057
90507033
90554478
90506316
90552008
90552680
90506728
90554666
90552847
90552432
90506472
90555895
90551149
90505517
90554238
90551100
90554405
90506210
90551012
90552939
90555759
90555610
90552551
90552708
90505996
90551025
90551038
90506092
90505741
90551218
90552732
90506243
90553946
90552251
90555067
90501335
90507417
90507373
90505650
90501337
90507474
90552415
90552639
90553196
90551085
90553174
90505440
90553542
90506469
90505854
90506066
90553420
90507997
90553253
90554467
90505978
90553592
90553591
90507199
90507978
90507267
90552364
90551147
90505529
90554340
90553304
90552503
90551083
90505586
90552783
90552991
90553606
90505378
90507173
90552382
90554476
90507979
90555436
90553219
90507282
90554595
90507809
90507387
90505719
90505575
90553324
90507819
90505866
90505655
90552352
90554580
90506872
90555485
90507965
90553178
90505539
90507147
90505239
90555898
90553122
90552657
90507418
90505530
90552542
90505630
90552751
90505002
90507226
90505617
90555728
90554713
90505097
90507491
90551032
90553132
90551245
90505863
90554977
90507071
90553060
90552025
90552238
90553026
90507953
90552720
90555209
90507519
90553415
90553800
90507201
90551724
90507956
90551112
90506596
90553824
90554744
90555685
90506976
90555818
90505686
90507692
90505075
90505820
90552226
90554364
90553912
90505213
90506315
90552205
90553686
90553162
90551048
90554442
90553644
90551450
90501239
90505005
90507776
90507659
90551021
90505618
90505986
90506125
90505523
90554412
90551938
90554865
90507613
90505778
90555739
90505808
90507029
90507458
90555148
90553001
90506697
90507791
90553185
90506832
90505214
90554258
90551077
90507925
90552451
90555510
90552653
90554181
90555156
90507578
90552019
90553545
90507224
90551079
90553472
90552949
90505855
90552558
90553345
90506608
90555549
90554893
90553767
90551745
90554561
90505033
90506319
90506592
90506356
90552571
90555283
90554661
90506700
90552458
90555082
90555974
90505368
90506599
90507018
90553593
90551984
90555837
90553168
90554273
90555314
90506864
90505011
90552296
90551029
90553467
90554156
90551017
90554803
90553563
90507537
90507736
90552712
90554604
90551979
90507345
90551090
90506298
90505221
90553858
90552410
90551063
90555213
90505482
90555034
90505280
90506093
90554438
90507574
90507359
90553176
90506189
90551193
90507503
90555018
90553804
90552663
90554492
90507096
90552340
90505413
90552521
90554208
90553655
90507103
90552318
90553166
90552988
90506782
90507170
90555963
90551113
90506764
90553881
90554988
90507695
90552928
90555848
90507500
90554463
90555626
90553904
90507586
90553436
90551714
90553624
90552373
90507337
90501253
90507584
90505205
90555962
90555466
90554229
90505314
90552552
90551659
90555465
90553273
90551016
90506051
90507660
90507616
90505671
90553603
90505919
90552388
90505826
90553285
90553950
90552613
90506338
90507412
90507640
90554797
90553091
90552229
90506556
90553170
90507635
90552804
90552854
90553990
90501244
90505669
90555369
90506939
90552408
90507612
90507448
90507968
90555147
90505761
90553207
90555803
90551439
90507561
90554369
90507983
90507265
90506711
90554973
90552831
90552681
90554112
90554917
90505179
90554159
90505740
90554829
90554206
90506154
90506844
90505408
90506900
90553116
90507055
90507722
90552895
90506290
90506854
90505180
90553495
90507528
90555991
90507774
90506744
90506468
90553125
90505088
90507276
90553159
90505373
90506377
90554755
90552414
90507317
90505271
90554676
90552676
90555705
90552809
90505275
90553112
90552214
90553360
90506693
90552454
90505206
90505956
90506105
90553052
90505600
90553311
90554169
90555020
90506557
90555352
90553701
90506320
90505056
90507404
90553802
90553020
90507632
90555003
90505429
90507122
90507963
90505202
90552556
90554722
90507898
90552286
90505876
90554989
90507521
90552384
90554754
90507838
90552255
90552479
90506384
90552814
90555988
90507426
90553319
90507760
90555026
90553634
90553454
90507437
90507204
90506252
90554234
90551205
90505153
90507723
90555511
90551975
90552568
90554164
90554982
90555041
90505790
90553625
90551167
90551139
90505568
90507619
90507583
90506510
90505868
90553792
90553605
90555090
90553515
90555022
90505109
90507949
90505792
90506671
90505232
90507739
90505949
90506416
90553546
90552626
90551043
90506470
90507133
90551111
90505172
90506880
90553434
90505678
90505503
90506958
90505080
90554147
90555319
90552642
90553827
90551110
90554884
90552404
90551161
90553569
90551092
90507051
90555825
90505249
90554573
90505233
90505016
90505538
90553412
90555691
90553617
90553061
90555192
90506868
90553309
90551641
90553027
90505218
90552431
90552941
90552012
90506471
90551018
90505990
90552611
90505827
90552313
90505626
90554583
90505021
90555046
90555537
90555087
90501265
90505797
90552224
90505003
90553212
90551044
90507365
90505383
90506801
90553245
90554589
90555806
90552752
90552456
90507062
90554739
90554593
90555274
90553583
90553638
90506185
90552687
90506159
90551133
90507951
90553794
90505083
90551663
90553102
90506173
90552358
90553082
90507773
90553175
90505764
90553433
90505430
90554845
90555064
90505922
90507212
90551162
90505608
90552477
90505632
90507045
90554525
90505479
90553210
90555251
90507834
90553740
90506147
90553524
90505452
90507190
90552258
90507209
90555355
90507841
90553523
90507080
90552844
90551041
90555077
90507343
90505494
90555100
90553717
90553348
90552599
90506598
90507214
90505527
90506144
90506174
90555816
90552893
90553025
90555083
90505211
90553842
90553733
90507952
90552696
90553955
90554564
90506123
90552852
90507331
90551126
90552375
90552252
90553612
90506501
90507151
90553760
90505283
90555102
90553092
90552536
90505420
90552421
90555800
90553913
90553779
90555195
90553773
90553932
90552805
90552378
90507369
90505670
90505712
90506120
90506812
90551597
90554895
90555019
90506329
90555752
90506657
90551971
90554517
90505337
90554552
90506346
90552519
90551943
90555108
90554174
90505851
90554514
90505445
90507134
90506441
90553933
90553298
90505689
90505395
90554468
90552298
90551088
90553133
90507447
90507435
90507455
90553516
90552592
90554359
90506103
90554579
90554937
90553363
90507907
90506972
90555420
90507957
90551970
90554566
90552027
90507746
90505774
90553785
90505602
90552285
90506234
90551207
90505497
90551175
90553098
90505831
90505804
90555588
90552429
90507884
90506942
90553905
90552299
90555973
90506720
90506483
90507402
90506649
90552464
90553806
90553105
90551599
90507867
90505343
90505989
90553822
90551707
90506804
90507465
90507291
90506713
90505892
90554861
90551596
90554289
90551595
90507792
90552567
90506285
90507263
90552630
90505178
90506639
90554864
90551730
90553861
90506545
90507683
90505812
90506197
90552370
90553425
90551164
90552634
90551035
90507192
90551072
90554373
90505711
90506332
90505611
90554540
90505830
90507342
90551026
90507510
90553732
90505977
90507098
90553667
90553820
90552212
90552790
90552898
90552660
90553333
90507835
90505317
90555223
90552478
90551554
90505418
90506221
90551587
90553693
90554777
90555754
90552875
90506128
90551151
90506692
90553600
90507249
90555194
90507195
90555478
90555401
90505536
90553675
90555826
90507431
90506824
90506167
90507221
90505770
90505595
90555309
90505090
90505727
90555151
90555253
90507416
90555480
90552530
90506293
90506502
90551208
90505969
90552338
90552682
90505567
90505402
90553744
90506951
90553482
90552442
90507478
90505443
90505921
90551069
90505287
90552632
90555276
90554991
90507990
90507315
90553650
90507861
90505822
90505042
90553568
90505672
90553230
90554669
90554854
90554350
90553075
90554960
90507634
90505069
90553350
90553033
90554140
90505357
90552609
90551181
90506388
90552670
90554936
90505066
90507346
90505777
90553929
90552346
90553023
90507022
90552664
90507593
90551551
90552817
90555078
90553079
90552574
90505126
90553939
90552359
90507735
90551040
90553901
90507159
90551660
90552014
90506259
90506915
90505845
90551037
90553083
90505094
90554446
90555867
90501333
90506114
90553478
90553054
90553181
90505821
90555831
90554526
90505229
90555435
90553836
90554879
90552302
90506809
90551430
90507168
90555708
90551153
90553430
90553264
90552354
90507128
90552379
90555144
90505677
90555875
90507101
90552721
90554926
90555038
90553985
90554393
90501320
90507092
90555184
90506325
90552242
90551639
90505578
90505748
90506752
90553819
90506691
90506858
90507146
90552546
90506340
90506115
90506496
90553059
90552368
90507625
90501245
90555028
90555836
90501234
90552710
90506835
90555855
90506181
90554652
90506481
90506633
90505350
90506138
90507943
90505732
90505878
90554538
90507843
90505581
90506381
90551395
90507517
90552891
90505584
90505168
90554402
90553496
90553809
90553287
90554596
90553406
90553917
90505693
90552397
90553452
90551954
90505259
90505715
90507115
90507178
90507815
90552282
90553058
