38167725
38167730
38167710
38167714
38167758
38167752
38167771
38167745
38167794
38167712
38167777
38167706
38167744
38167721
38167707
38167769
38167781
38167726
38167760
38167773
38167759
38167718
38167753
38167756
38167762
38167799
38167731
38167785
38167703
38167701
38167700
38167723
38167779
38167733
38167728
38167709
38167767
38167711
38167741
38167705
38167768
38167754
38167782
38167770
38167749
38167748
38167739
38167750
38167729
38167761
38167743
38167738
38167719
38167732
38167778
38167747
38167788
