88696669
88696079
88696550
88696626
88696621
88696564
88696391
88696367
88696235
88696742
88696663
88696639
88696664
88696154
88696641
88696573
88696665
88696375
88696098
88696698
88696543
88696538
88696232
88696511
88696381
88696075
88696556
88696250
88696274
88696659
88696649
88696093
88696572
88696720
88696670
88696638
88696724
88696706
88696520
88696253
88696729
88696507
88696726
88696628
88696585
88696675
88696349
88696350
88696087
88696503
88696233
88696265
88696382
88696673
88696559
88696369
88696231
88696577
88696682
88696619
88696522
88696737
88696201
88696672
88696070
88696238
88696690
88696537
88696648
88696077
88696789
88696204
88696500
88696360
88696234
88696203
88696612
88696583
88696155
88696378
88696552
88696608
88696666
88696655
88696734
88696252
88696601
88696584
88696531
88696397
88696379
88696256
88696090
88696359
88696645
88696541
88696528
88696613
88696568
88696562
88696213
88696785
88696540
88696644
88696080
88696523
88696727
88696580
88696356
88696346
88696586
88696715
88696689
88696152
88696208
88696374
88696600
88696345
88696530
88696072
88696395
88696542
88696074
88696693
88696582
88696225
88696096
88696383
88696712
88696361
88696797
88696610
88696781
88696630
88696566
88696347
88696539
88696362
88696546
88696677
88696097
88696636
88696705
88696617
88696276
88696396
88696713
88696545
88696535
88696526
88696202
88696393
88696615
88696502
88696366
88696390
88696692
88696623
88696563
88696581
88696255
88696259
88696501
88696211
88696598
88696283
88696603
88696205
88696718
88696629
88696701
88696517
88696514
88696083
88696614
88696258
88696574
88696674
88696696
88696371
88696652
88696245
88696699
88696596
88696691
88696094
88696575
88696214
88696723
88696151
88696221
88696364
88696548
88696616
88696637
88696764
88696257
88696633
88696553
88696358
88696793
88696357
88696385
88696609
88696554
88696558
88696736
88696754
88696632
88696285
88696544
88696071
88696662
88696588
88696565
88696387
88696150
88696624
88696607
88696534
88696660
88696351
88696516
88696363
88696372
88696073
88696343
88696717
88696095
88696384
88696354
88696667
88696352
88696392
88696569
88696702
88696651
88696200
88696344
88696694
88696506
88696515
88696254
88696611
88696721
88696512
88696708
88696625
88696587
88696353
88696605
88696589
88696711
88696380
88696602
88696658
88696561
88696590
88696631
88696687
88696731
88696555
88696527
88696247
88696739
88696656
88696707
88696618
88696685
88696784
88696549
88696704
88696547
88696753
88696533
88696654
88696678
88696657
88696206
88696241
88696634
88696627
88696368
88696525
88696388
88696551
88696640
88696688
88696513
88696373
88696158
88696215
88696376
88696695
88696646
88696676
88696681
88696560
88696536
88696714
88696532
88696684
88696342
88696092
88696686
88696365
88696524
88696728
88696653
88696216
88696635
88696521
88696091
88696099
88696761
88696622
88696076
88696510
88696650
88696078
88696606
88696518
88696082
88696355
88696668
88696156
88696703
88696377
88696679
88696153
88696578
88696775
88696710
88696348
88696620
88696341
88696398
88696248
88696519
88696557
88696671
