88698387
88690922
88691406
88698051
88698456
88690913
88690336
88690573
88698593
88698547
88690003
88690500
88690067
88698095
88698325
88698583
88691493
88696176
88690901
88690825
88690853
88698507
88690886
88691485
88698594
88690350
88690356
88690673
88698334
88696171
88698505
88690968
88698358
88698552
88690851
88690737
88698076
88690366
88698129
88690535
88692488
88690305
88690346
88690054
88690896
88698182
88690542
88690794
88691424
88698149
88698360
88690353
88690902
88692438
88690062
88690873
88698073
88690850
88690026
88698123
88692417
88690847
88690650
88692408
88698158
88690829
88690011
88690991
88698416
88690950
88692421
88698101
88690329
88698438
88698375
88690835
88698541
88691407
88690811
88690617
88698109
88698017
88692478
88690925
88690993
88692425
88698431
88690308
88690527
88698372
88690966
88690633
88690865
88690576
88698328
88690669
88690916
88691435
88691446
88698329
88690824
88690597
88698543
88690381
88690551
88690528
88698403
88690960
88690358
88690892
88690672
88690516
88690578
88690330
88698392
88698131
88698405
88690506
88690306
88698529
88690607
88690887
88690507
88690908
88690539
88698374
88698309
88698069
88690990
88698461
88690301
88690810
88698562
88690574
88698554
88698413
88698573
88690534
88690549
88698335
88698018
88690682
88690502
88691404
88698175
88690627
88690969
88698508
88698321
88690978
88698170
88698401
88691423
88690562
88690579
88690878
88692465
88698160
88690628
88698074
88698528
88698422
88690686
88698112
88692409
88690871
88698596
88690860
88698190
88698100
88698553
88698388
88698195
88691478
88698011
88690377
88698382
88698549
88692456
88698364
88698341
88698576
88690618
88690392
88698509
88698169
88690819
88698091
88698126
88690640
88698184
88698040
88698303
88698457
88698012
88690888
88690533
88690340
88690525
88690630
88698377
88690396
88690367
88690957
88698165
88698544
88690015
88698597
88698163
88692457
88698009
88698302
88698156
88698474
88698093
88690060
88698420
88696144
88698119
88690025
88691421
88690075
88690389
88698482
88698519
88690632
88698113
88691475
88691432
88690323
88690859
88690559
88698314
88698066
88698003
88696044
88690816
88690580
88698557
88690861
88690602
88698503
88698128
88690885
88698327
88690879
88696187
88690827
88696024
88698502
88698194
88690809
88690979
88698575
88698357
88698454
88690014
88690334
88698168
88698136
88690553
88698588
88690600
88698568
88690393
88690000
88690680
88698473
88698036
88690828
88690688
88690337
88690343
88698157
88690510
88698365
88690875
88690624
88698058
88690509
88698307
88698324
88698181
88696026
88690869
88690614
88690009
88690956
88698105
88690826
88690074
88690368
88698589
88698014
88698174
88698514
88690024
88692484
88691411
88698172
88698425
88696190
88690317
88698071
88698560
88690316
88698421
88691477
88692423
88690938
88690311
88698578
88691425
88690361
88690668
88690027
88698065
88698518
88698524
88690061
88698326
88690692
88690774
88698114
88690565
88690326
88698141
88698034
88690996
88690608
88698532
88698167
88698500
88690629
88690328
88690782
88690899
88690341
88690331
88690905
88698353
88698368
88691474
88698015
88698417
88691408
88690586
88690113
88692475
88690309
88690928
88698530
88692435
88698320
88690935
88698304
88698118
88690651
88690556
88690967
88691414
88690894
88698347
88698310
88690963
88690610
88698340
88690332
88698318
88690930
88698581
88698447
88698305
88698331
88690958
88690884
88698151
88698367
88690351
88690893
88690681
88698103
88698441
88690689
88690662
88698059
88690303
88698428
88690849
88698352
88698117
88690339
88698054
88690837
88698120
88690658
88691473
88690866
88698587
88690955
88690932
88690845
88690558
88690532
88691442
88698020
88698452
88690590
88690806
88690365
88698154
88690903
88698344
88690040
88692455
88696145
88692411
88692401
88698504
88698526
88698582
88698521
88690041
88690042
88690517
88696020
88690537
88690838
88690611
88698130
88690880
88690594
88698004
88690820
88690012
88698171
88698082
88698044
88698180
88698185
88698531
88698512
88698548
88690338
88690665
88692459
88698029
88690520
88698198
88690363
88698558
88690807
88690613
88698569
88690376
88690538
88690830
88691468
88690622
88690352
88690663
88690391
88690045
88698132
88690327
88690387
88698300
88698013
88692419
88690863
88690818
88698574
88698077
88690310
88690881
88698434
88690823
88698378
88691405
88690657
88690395
88698042
88690867
88698031
88698006
88691400
88698176
88690388
88691401
88698442
88690503
88698125
88690637
88690655
88698127
88691458
88690953
88692462
88698173
88690612
88698191
88690606
88698043
88690508
88698376
88690722
88698189
88690001
88698345
88690620
88698540
88698394
88690699
88690763
88690883
88690585
88698057
88698002
88698551
88690982
88690988
88690980
88698090
88690951
88690975
88690511
88691416
88698019
88698139
88698192
88698523
88690530
88690601
88698402
88696043
88698380
88690002
88698419
88698579
88698085
88691449
88696040
88698135
88696042
88690917
88690749
88690378
88698177
88696143
88698408
88698138
88690915
88698038
88698183
88690852
88690120
88690105
88698371
88690568
88690870
88698161
88690016
88698379
88692414
88692437
88690357
88690674
88698598
88690584
88698410
88690921
88698535
88698007
88690700
88690821
88690079
88690382
88690569
88690036
88690052
88690909
88698005
88698590
88691403
88690868
88698098
88698150
88690385
88690693
88692410
88698412
88690526
88691486
88690031
88690595
88690911
88698061
88698346
88690008
88698565
88690623
88698355
88690007
88698301
88696041
88698397
88690635
88698389
88690833
88690965
88692469
88690560
88698179
88690017
88690076
88698391
88690398
88698383
88692415
88690855
88690933
88690604
88690047
88698510
88690314
88698511
88690224
88698323
88698342
88690724
88692476
88690919
88691412
88690814
88690004
88690557
88692400
88698339
88698137
88690985
88690972
88698381
88698399
88690639
88690572
88690666
88692439
88690313
88690335
88690822
88698026
88690567
88692418
88698045
88690307
88698451
88690504
88690977
88698536
88698049
88690691
88690864
88698436
88690380
88698533
88698317
88690561
88698193
88690912
88698153
88698550
88698319
88696183
88690906
88690952
88698513
88698145
88690550
88698033
88698516
88690656
88698537
88698450
88690598
88696028
88690028
88698000
88698096
88690078
88698396
88698108
88691456
88690874
88698188
88690018
88698196
88698111
88698094
88698053
88698538
88690518
88690563
88690020
88690813
88698520
88690890
88698458
88690882
88698567
88690570
88690846
88691410
88698092
88698393
88698025
88692497
88692406
88690390
88696022
88698330
88698437
88690697
88690773
88698187
88690836
88698423
88698385
88690970
88690312
88698159
88698087
88698471
88698072
88698386
88698338
88691402
88698445
88690652
88696029
88690145
88698448
88698147
88696045
88698146
88698080
88698063
88698409
88692416
88698312
88690514
88698411
88698099
88690812
88698104
88692402
88698021
88690515
88692412
88690801
88698591
88698390
88690854
88690505
88698465
88698577
88698075
88696027
88690862
88690591
88698336
88690920
88698039
88698515
88698055
88690676
88698476
88698083
88698546
88690729
88690501
88698001
88698349
88690904
88691460
88690531
88696021
88698566
88692496
88698052
88690936
88690971
88690355
88698556
88696141
88690321
88698010
88690752
88692463
88690616
88698459
88690566
88690931
88698585
88698561
88690144
88690677
88698350
88696023
88690653
88690939
88698037
88698148
88698152
88691466
88691444
88698041
88690687
88690754
88690959
88692436
88698363
88690832
88698144
88698311
88698322
88690690
88698097
88690596
88690842
88691452
88690320
88690399
88698030
88698110
88692468
88698162
88690512
88698046
88690641
88690999
88698351
88698337
88692432
88690848
88692407
88698462
88690605
88698166
88690998
88698308
88698525
88690817
88698316
88690536
88698122
88698475
88690555
88698086
88690815
88690043
88698555
88692442
88698022
88690910
88690713
88696184
88698545
88690342
88698115
88696025
88698199
88698348
88690571
88690022
88698435
88690708
88690895
88698016
88690300
88690831
88698143
88690112
88698008
88690035
88690324
88698370
88690049
88698564
88690544
88690143
88690325
88698121
88698415
88698035
88690302
88690564
88698186
88698595
88690304
88690961
88698563
88690519
88698527
88690907
88690615
88690048
88698432
88698343
88698028
88690954
88698116
88698542
88698164
88698306
88690541
88690918
88690625
88698078
88698426
88690891
88698023
88690010
88698056
88690349
88690362
88690513
88690077
88698106
88690033
88690995
88690522
88698398
88698406
88698366
88698369
88690013
88690360
88698315
88690575
88698570
88690898
88691415
88698134
88690529
88690636
88698062
88698070
88698373
88690063
88690359
88692413
88698586
88690524
88690900
88698400
88698362
88692405
88690709
88690318
88698501
88690619
88698361
88690369
88698332
88696147
88690333
88690678
88698142
88690315
88698102
88698395
88690962
88698359
88698155
88698313
88698107
88690924
88698430
88690877
88690660
88698418
88690732
88698333
88698356
88698522
88698178
88698197
88690582
88690523
88692458
88690808
88698032
88690973
88692452
88690748
88691498
88698133
88690543
88698124
88692453
88698027
88690889
88690554
