88691289
88697222
88692188
88693334
88691977
88698814
88691207
88691125
88691019
88693386
88691099
88691043
88692833
88693481
88693204
88691121
88693401
88693715
88692819
88696338
88691200
88693760
88693238
88691033
88697238
88692121
88692179
88693355
88691292
88693348
88693286
88693206
88691010
88691951
88696309
88691958
88698895
88691254
88691082
88691022
88693772
88697227
88693792
88697245
88692828
88691140
88691058
88692869
88692832
88693446
88698822
88691055
88691100
88693332
88691110
88691196
88692168
88691286
88691066
88691053
88692110
88692151
88697249
88691042
88692857
88691228
88696322
88693702
88691976
88692116
88691030
88693318
88693396
88698859
88693422
88692158
88693703
88691142
88693274
88691909
88692844
88692899
88693739
88691166
88691192
88697207
88691035
88693426
88693330
88691185
88693717
88692803
88696320
88691060
88693405
88692146
88698891
88692884
88691009
88696305
88693264
88691080
88691918
88698893
88692883
88691226
88693284
88693775
88692856
88697218
88693278
88691255
88692824
88697243
88693306
88693372
88693232
88691024
88698857
88691182
88691101
88696318
88693357
88698894
88692850
88692891
88692814
88692847
88691232
88691202
88692805
88697201
88691284
88692196
88693351
88693435
88691147
88691267
88692804
88693250
88691218
88698800
88691011
88691266
88693701
88691098
88693335
88691993
88691146
88693735
88691081
88691193
88693421
88698882
88693791
88692131
88691947
88693429
88691243
88692186
88698866
88693746
88692862
88693229
88693325
88692801
88693260
88691975
88693736
88693271
88693233
88697248
88693356
88691154
88692864
88693468
88698864
88693314
88693436
88698880
88693777
88698850
88692128
88691145
88692834
88691905
88693442
88692866
88692150
88691208
88693296
88696316
88698860
88693265
88693219
88693700
88693363
88693718
88693287
88691225
88693752
88691939
88698809
88691923
88693205
88693379
88693309
88696333
88691230
88693328
88691047
88693711
88693782
88691259
88691187
88691985
88691261
88693790
88698890
88691124
88693255
88698813
88692108
88692880
88698897
88693353
88691291
88698888
88693339
88691219
88697229
88693215
88693763
88692109
88691090
88697212
88691922
88696302
88692181
88693776
88693361
88691116
88691018
88691220
88691091
88691252
88691277
88691117
88691138
88693360
88692187
88693212
88691963
88692114
88692821
88693390
88693431
88691959
88691036
88692897
88693432
88693773
88693708
88693225
88692190
88697223
88693282
88692155
88691950
88691189
88693414
88691941
88697226
88691268
88692848
88693728
88698812
88692192
88693373
88693378
88693726
88691084
88691141
88693451
88691209
88691957
88692871
88691113
88698819
88693247
88691085
88698824
88693719
88693720
88691164
88693465
88697211
88691031
88691181
88693774
88693795
88693785
88691221
88696331
88693374
88691176
88693329
88691281
88692156
88693424
88693417
88693261
88692166
88693469
88692896
88692174
88691960
88692171
88692889
88693419
88692159
88693447
88691050
88697234
88693425
88693445
88698847
88692800
88691197
88691005
88691119
88692115
88693391
88691223
88696308
88692143
88691986
88692132
88693793
88691032
88698837
88691153
88691934
88691222
88691135
88691214
88691155
88691008
88691106
88692195
88691931
88691262
88691904
88692831
88691952
88693706
88693236
88692105
88693759
88691167
88693317
88693397
88691988
88691948
88691157
88692815
88692817
88693221
88691122
88693273
88692144
88693742
88691921
88693324
88698867
88698848
88693750
88693234
88693731
88693723
88691926
88693362
88691087
88693441
88691206
88693758
88697242
88692106
88691069
88691924
88692157
88698861
88693331
88692140
88693344
88693240
88692154
88691029
88693467
88691298
88691274
88698811
88691272
88691910
88693434
88691914
88691978
88691168
88691919
88691972
88697216
88693747
88691065
88692802
88697205
88691257
88693228
88691968
88691990
88696304
88696326
88691998
88698853
88693381
88693364
88698877
88693456
88691152
88691293
88693457
88693305
88692822
88697224
88693784
88693295
88696317
88691994
88693733
88693327
88693778
88693427
88691130
88698869
88693769
88693754
88693413
88693743
88691111
88697210
88698862
88693383
88692875
88691920
88692874
88693751
88691190
88691062
88691991
88691160
88693281
88692172
88692149
88692178
88696307
88691103
88691906
88691235
88692199
88691108
88691995
88698828
88698803
88693315
88692138
88692117
88691925
88693257
88693214
88693749
88697206
88691094
88691964
88693430
88692118
88693766
88691077
88693350
88698898
88691102
88691936
88691064
88691034
88692102
88693202
88691279
88691287
88692846
88693308
88693740
88691971
88691073
88693388
88692184
88691183
88691933
88691133
88691002
88691013
88693377
88693227
88698892
88693787
88693762
88693403
88693771
88692135
88693408
88693761
88691123
88698854
88691915
88693707
88691161
88696335
88691132
88691143
88691000
88693223
88692825
88693797
88691916
88691997
88693455
88692163
88693346
88698802
88693368
88696312
88693210
88693290
88691996
88693254
88691295
88691149
88691188
88693745
88693452
88691901
88691929
88692145
88691112
88691150
88693757
88691158
88691026
88696324
88693304
88697237
88693765
88697209
88693738
88691107
88691068
88693224
88693262
88698872
88692890
88692160
88691063
88698808
88692882
88691966
88692183
88696339
88691900
88691088
88691238
88691049
88697225
88692854
88691283
88693337
88691269
88693487
88691139
88693326
88693786
88698889
88692830
88691001
88692125
88691126
88693291
88692855
88691127
88698806
88693358
88691911
88693323
88691195
88692176
88691109
88692197
88693375
88693394
88691285
88691051
88698825
88691156
88691074
88691902
88693252
88691072
88691071
88693418
88693387
88693266
88691076
88693798
88692120
88691056
88691210
88692865
88698886
88691057
88691229
88691942
88693783
88691275
88692148
88693395
88691093
88698832
88693399
88692887
88693307
88692123
88697204
88692812
88696332
88698815
88693433
88692876
88693316
88691961
88698863
88693780
88698805
88691297
88698855
88691177
88691105
88693336
88691198
88691211
88693203
88693249
88696330
88693392
88697236
88692177
88698801
88691203
88692808
88693448
88691129
88692845
88692101
88697235
88692881
88692165
88692818
88693333
88698871
88693253
88692182
88692843
88691118
88698885
88691930
88696315
88693475
88693230
88698804
88693438
88693402
88691913
88696303
88691114
88693217
88691231
88691917
88691089
88692894
88693794
88692860
88691282
88691037
88691054
88692130
88692835
88693385
88693222
88697219
88696319
88692162
88696314
88691048
88691937
88692873
88693299
88691178
88693756
88693488
88693406
88696300
88692112
88691184
88697215
88692806
88692840
88691907
88691953
88691216
88693294
88691204
88698829
88691288
88691928
88691159
88691075
88692103
88693272
88696336
88698833
88693301
88697233
88693732
88691247
88692879
88693369
88691186
88692809
88692870
88691191
88696327
88691989
88691248
88698817
88691983
88691253
88692152
88693321
88698838
88696313
88693277
88693345
88693201
88691172
88691260
88691169
88691061
88693213
88693237
88691280
88691027
88698820
88698879
88691241
88691006
88693354
88691194
88698831
88693320
88691104
88692164
88696328
88691233
88693270
88693359
88691136
88693302
88698878
88692839
88693404
88698839
88693393
88696329
88698874
88692868
88692867
88693268
88691201
88693730
88698875
88698816
88693428
88691912
88691987
88691017
88691163
88691023
88691981
88693714
88692842
88691215
88693239
88696325
88691059
88693712
88693753
88693398
88691249
88693343
88698843
88693246
88691092
88692853
88691097
88696334
88698807
88691258
88692885
88691038
88693724
88698835
88693322
88693289
88693245
88697241
88693218
88693352
88691965
88691052
88693799
88691165
88693310
88691265
88698881
88692191
88691199
88692807
88698883
88691079
88692129
88691938
88691935
88697217
88691014
88693298
88697244
88693796
88691294
88692104
88693267
88691979
88692861
88691999
88692829
88693276
88691128
88693416
88698836
88693231
88692858
88692175
88693340
88691970
88698830
88693367
88692859
88693705
88698818
88692811
88696321
88691955
88693376
88693389
88696311
88692111
88693789
88692872
88693382
88691246
88692189
88691015
88697221
88692837
88691944
88692107
88698834
88691095
88693737
88693415
88691273
88691227
88693226
88692813
88693704
88693258
88697200
88693259
88697214
88693770
88691263
88693767
88693370
88691276
88691236
88692816
88691980
88691212
88693292
88698865
88693734
88692878
88693275
88697246
88691021
88697232
88693384
88697230
88696323
88692169
88692886
88691144
88691982
88691096
88691234
88691025
88693781
88698868
88693779
88698858
88692198
88698887
88697202
88693725
88693319
88691046
88691903
88697228
88696301
88693407
88693313
88693208
88692185
88693279
88693285
88691299
88698896
88693251
88698873
88693341
88693300
88691003
88691012
88693283
88692139
88693371
88692888
88691969
88692113
88697208
88693440
88696310
88691174
88691131
88692895
88692141
88692193
88691908
88692810
88693499
88693768
88693716
88692133
88691083
88698810
88692851
88693713
88691967
88698842
88697203
88691992
88691932
88698821
88692153
88692892
88693366
88698851
88692127
88691244
88693380
88697220
88691956
88692849
88692147
88691290
88698827
88698845
88693788
88693220
88691256
88692126
88692838
88693200
88691041
88692124
88693722
88698826
88693297
88693338
88691067
88691078
88691086
88693347
88691250
88693209
88692827
88691180
88691028
88692134
88692142
88691270
88692136
88693710
88691170
88693744
88692173
88693412
88693764
88693280
88691240
88693729
88696306
88692898
88692180
88697213
88691171
88693727
88691179
88693748
88691020
88691213
88691962
88693211
88691242
88691946
88691040
88692137
88697239
88693741
88691237
88691271
88693485
88691239
88691251
88698876
88693312
88693216
88692863
88691984
88698846
88692823
88691245
88691943
88693709
88691148
88693256
88691949
88691278
88698884
88697231
88692170
88693466
88692194
88691264
88691940
88691120
88692167
88693365
88693349
88693243
88693464
88691173
88693269
88691016
88692161
88691205
88691974
88691070
88698823
88693293
88691954
88691175
88693303
88692820
88691162
88691296
88691004
88692841
88691039
88692836
88693235
88692100
88691115
88692119
88691945
88693263
88691007
88693311
88691137
88698852
88691973
88698856
88693400
88693721
88698870
88693288
88693461
88692826
88691044
88691045
88696337
88693755
88698849
88693207
88692877
88693342
88692852
88692122
88692893
88693420
88691217
88691927
88691224
