88697986
88695386
88695242
88693530
88695357
88697602
88697716
88697689
88698755
88697994
88695885
88697179
88695304
88693949
88697417
88698786
88697903
88692071
88693527
88695208
88695820
88693982
88697913
88695332
88697327
88696133
88695804
88695323
88697871
88697017
88692027
88697082
88695356
88697575
88693976
88691877
88691837
88697874
88697587
88693996
88695234
88697503
88697618
88697679
88693931
88691884
88697852
88697038
88695886
88697589
88693929
88691880
88697833
88692293
88693560
88693939
88692270
88697878
88697027
88692025
88693936
88697995
88697658
88697739
88693970
88693571
88697912
88695392
88693919
88697621
88697588
88692287
88692055
88695245
88697861
88697412
88695232
88692286
88697346
88697831
88697041
88696130
88695216
88696126
88697606
88697922
88697902
88697880
88692063
88697282
88693932
88697342
88696122
88697641
88693960
88695865
88697859
88698754
88698794
88697010
88693528
88697753
88695853
88691893
88692283
88693935
88691851
88691858
88693555
88695814
88698756
88692088
88695327
88697707
88697604
88697616
88691865
88695251
88695340
88695396
88695866
88693563
88693576
88697160
88695380
88693966
88697545
88697574
88697542
88695825
88695240
88693962
88692274
88698763
88697369
88695284
88698783
88692046
88693911
88692203
88697307
88697429
88697823
88696132
88697434
88695363
88691878
88693934
88695803
88695369
88695205
88697935
88695303
88692212
88697341
88692285
88697894
88697538
88698789
88695832
88697130
88697516
88695891
88695360
88695879
88697259
88697168
88691862
88697934
88697289
88697680
88695349
88692298
88692004
88696106
88697681
88695329
88692266
88692238
88691897
88697653
88695268
88697144
88698703
88698768
88691816
88697338
88697582
88693511
88693973
88693585
88692217
88697835
88697555
88692069
88697436
88692090
88692005
88692082
88692271
88697004
88698778
88695838
88695283
88697076
88698749
88698738
88691840
88697173
88697333
88697414
88695353
88691842
88692223
88697081
88695348
88695338
88695367
88697391
88692262
88697404
88692290
88693998
88697591
88691819
88695898
88695857
88697507
88692065
88697059
88698751
88695855
88697475
88698767
88693941
88698765
88691814
88697540
88693526
88697274
88695246
88698720
88695379
88695822
88697515
88697846
88695237
88697682
88697858
88697092
88697098
88695301
88695316
88697030
88692062
88695271
88697700
88692056
88697020
88697738
88695212
88697585
88692247
88691850
88697536
88695373
88695325
88693586
88692002
88697817
88695215
88691888
88697812
88695830
88697509
88697347
88691800
88697661
88695263
88697075
88691881
88691805
88697277
88695310
88693597
88692232
88693596
88697131
88695860
88697147
88692043
88697380
88697021
88697377
88697529
88697643
88693995
88692297
88692202
88695399
88695884
88697808
88695211
88697316
88696107
88695218
88695852
88695839
88697632
88697825
88696113
88691870
88697856
88697567
88695808
88693904
88693592
88693943
88695874
88691874
88697998
88697918
88693923
88695322
88692267
88693902
88692081
88697534
88697514
88695297
88693953
88693580
88697251
88698734
88692215
88697563
88695339
88692012
88693971
88697015
88697795
88692078
88695896
88691803
88692067
88697336
88697401
88693537
88697381
88693546
88692073
88695277
88697571
88693989
88697630
88693538
88697439
88697335
88697321
88692255
88693547
88697311
88697003
88697068
88697801
88697065
88697684
88697096
88695280
88697609
88697547
88695314
88692251
88692009
88695213
88697061
88697169
88692241
88695335
88692054
88697876
88693574
88695876
88695210
88693504
88692031
88697176
88695869
88697340
88697532
88697531
88697064
88692068
88697363
88692221
88696135
88697022
88693598
88691807
88695354
88693969
88697600
88697722
88698773
88697556
88698741
88692093
88691833
88693922
88697814
88697927
88692053
88693952
88697432
88695817
88697614
88692264
88695257
88692248
88692289
88697049
88697734
88693554
88695306
88695334
88693984
88693548
88697580
88691804
88696101
88691891
88697060
88695374
88698731
88697832
88695342
88691813
88698707
88697285
88695388
88698748
88695344
88697821
88693926
88695821
88695398
88693505
88695833
88692032
88697928
88692051
88697820
88693524
88697930
88697568
88698777
88697706
88697963
88693509
88698776
88697267
88697050
88697543
88697055
88697373
88697320
88697253
88695870
88698760
88691843
88697802
88697842
88692014
88692033
88693507
88695837
88697505
88698781
88696136
88692253
88695828
88695351
88697456
88695835
88692201
88693520
88697426
88693521
88697954
88696121
88697018
88695890
88698713
88698796
88695281
88691841
88695328
88691867
88697353
88692059
88697890
88697189
88697655
88695226
88697787
88693566
88693993
88691887
88695849
88693584
88693991
88693954
88697936
88697597
88697813
88695811
88692044
88693539
88697310
88697501
88692080
88691889
88698712
88692218
88697715
88695274
88697712
88697550
88697261
88691894
88698700
88697891
88695843
88697094
88697072
88693590
88697042
88697762
88697287
88697025
88697091
88695217
88697735
88697896
88693956
88697603
88697615
88697579
88691823
88697526
88692242
88697172
88697334
88695800
88697329
88691829
88691853
88695265
88692275
88695824
88691879
88697997
88697066
88697266
88697520
88697522
88695345
88698764
88698711
88693529
88697926
88697719
88693974
88697885
88692007
88695372
88697063
88697313
88695862
88695882
88693955
88695336
88691825
88691811
88691848
88697863
88697128
88695868
88697345
88697170
88692074
88695315
88697870
88693568
88692260
88695859
88692018
88698717
88697867
88697088
88692210
88693567
88697339
88693964
88692205
88693573
88692273
88695370
88697523
88693550
88695387
88696105
88697740
88697133
88697263
88695352
88695235
88696128
88698744
88697376
88697328
88697295
88692010
88697626
88697683
88698769
88697882
88695291
88693992
88695389
88693599
88695273
88697698
88697007
88698729
88698742
88695864
88697403
88697660
88692254
88697725
88695840
88695384
88693536
88691815
88698752
88692099
88698770
88697002
88697915
88697982
88697704
88697154
88695364
88697648
88697788
88698721
88695393
88697308
88697272
88697946
88698761
88695266
88695294
88697420
88698727
88693968
88697039
88692295
88691822
88693578
88697608
88698798
88698753
88692083
88698701
88697012
88697184
88697668
88691872
88692049
88697810
88695333
88695812
88695299
88697312
88697752
88697554
88692282
88697558
88695206
88697280
88695365
88697084
88697070
88692052
88695347
88698704
88695260
88693559
88697851
88691846
88697690
88697745
88697077
88697818
88697036
88695383
88693905
88692061
88695880
88691898
88697674
88698788
88698725
88698762
88697360
88697354
88692097
88692280
88693997
88697325
88696109
88692023
88697019
88697125
88693595
88691859
88697324
88698774
88697011
88695847
88692035
88697699
88697145
88695236
88698705
88693945
88697811
88692085
88697006
88692224
88697553
88697054
88698733
88697629
88697636
88697468
88697552
88695863
88691896
88697905
88697840
88697943
88697370
88697949
88697402
88693912
88695810
88693948
88692261
88693901
88695201
88697828
88697562
88692066
88697273
88697713
88697057
88697521
88697032
88693543
88697527
88695311
88697383
88697281
88695819
88697150
88697428
88691839
88697001
88697557
88695219
88697466
88697697
88692219
88697252
88696137
88697079
88693556
88692230
88697425
88693589
88696116
88695343
88697351
88692029
88697910
88697564
88696110
88692276
88697744
88697517
88693958
88697264
88692256
88692095
88695851
88697843
88697692
88697465
88695262
88692288
88697664
88697965
88693983
88693914
88697365
88697895
88695275
88693920
88697389
88697071
88697410
88697165
88697279
88697670
88697625
88693961
88697149
88693570
88692220
88697845
88693582
88697162
88693553
88695309
88695887
88695394
88697431
88697023
88693575
88695823
88697834
88697578
88693561
88692277
88695204
88698772
88693975
88695326
88691818
88697560
88697569
88697291
88697766
88692039
88695238
88697728
88697576
88697816
88697573
88691866
88698759
88695255
88697361
88697067
88693988
88697900
88697413
88697546
88693541
88692015
88692091
88697622
88692006
88691852
88697640
88697330
88698722
88695382
88697884
88698795
88697577
88697508
88695834
88697121
88695878
88693501
88698771
88697129
88697656
88695282
88697853
88698791
88697286
88696100
88693980
88698797
88697566
88697419
88695317
88693593
88693978
88698706
88693940
88697047
88691812
88692237
88697909
88692038
88695230
88693951
88692019
88695254
88693552
88692231
88695359
88693531
88697086
88697388
88697097
88695385
88697275
88697276
88697605
88692094
88698779
88695861
88692269
88697323
88695889
88697945
88697865
88693907
88693564
88691836
88693533
88692058
88693512
88698757
88698793
88697530
88691890
88693510
88696115
88697396
88695844
88691847
88697669
88697087
88697062
88695308
88697058
88697920
88693588
88697502
88696123
88697637
88698728
88693916
88697500
88697183
88692233
88692279
88697143
88697166
88695247
88692227
88697824
88696125
88695836
88697349
88697862
88695873
88697777
88697916
88692092
88693562
88692003
88693963
88697596
88697839
88693522
88691868
88695375
88692087
88697405
88697126
88697083
88692240
88693508
88691817
88697541
88697343
88698702
88697435
88697000
88697306
88697898
88698766
88691869
88691821
88696131
88695350
88698726
88697043
88697518
88697040
88697028
88697337
88697570
88693594
88697634
88697672
88697385
88695397
88696124
88697525
88697045
88697612
88697350
88696118
88691830
88697305
88691845
88695252
88695888
88693519
88692245
88693516
88697565
88691873
88692207
88697826
88697511
88691806
88697647
88697888
88695224
88695267
88692268
88697056
88697854
88695366
88697037
88697955
88697535
88691871
88695321
88692236
88695276
88697933
88693994
88698719
88693525
88697950
88697537
88695816
88693938
88695899
88697593
88697904
88697506
88692076
88692249
88691882
88693900
88697095
88692042
88692244
88697539
88693534
88697085
88692072
88691827
88695872
88692263
88695300
88697652
88697581
88692250
88692222
88695331
88692084
88697078
88697033
88692272
88697607
88692213
88693906
88697283
88695806
88692036
88693515
88697406
88693913
88696102
88697583
88693946
88698790
88691854
88697908
88697510
88697864
88695289
88697595
88697654
88693544
88691892
88693517
88697628
88695829
88693985
88697970
88691802
88697841
88691826
88697907
88697533
88697671
88697294
88691857
88693924
88695293
88695278
88697424
88697642
88697617
88695261
88697624
88697651
88695202
88697601
88691820
88698747
88697844
88695318
88691899
88695259
88692229
88695854
88695249
88695244
88697073
88697924
88697746
88695809
88698787
88693518
88692079
88697008
88692216
88697171
88691883
88697992
88697855
88692235
88693930
88695877
88693572
88692045
88691834
88697418
88692257
88692048
88697024
88697809
88692047
88695270
88691875
88695298
88693979
88697317
88698758
88695391
88693523
88697315
88697374
88697278
88695897
88691835
88697879
88693927
88693967
88697702
88693986
88691844
88693545
88697584
88692246
88695858
88697921
88692292
88695381
88692060
88697016
88691801
88697729
88695288
88697048
88692030
88691824
88697415
88697892
88695220
88695248
88698780
88693957
88692077
88695221
88698735
88692026
88695831
88697188
88693581
88697132
88697899
88695225
88693933
88696111
88693977
88695376
88692228
88696127
88695894
88697513
88695805
88693944
88693981
88691809
88692011
88695292
88693990
88695358
88697551
88692294
88692200
88691864
88692057
88697161
88697528
88692070
88695378
88697869
88697152
88695395
88691832
88697271
88697931
88697881
88693549
88697948
88692204
88695264
88697586
88695290
88697836
88697014
88692021
88697815
88697411
88697572
88697524
88695279
88697644
88695856
88691860
88698792
88697733
88692265
88695371
88693577
88697120
88697549
88697635
88697691
88692281
88698785
88695324
88695207
88695341
88695214
88695241
88695895
88697299
88697726
88697416
88693514
88698724
88693551
88697906
88697123
88691849
88697952
88692239
88693928
88698716
88697751
88697182
88693535
88697181
88697026
88697822
88693540
88696108
88695355
88697951
88697069
88697331
88693950
88697610
88692024
88693558
88697685
88698708
88692037
88697914
88697917
88697052
88693965
88693502
88695875
88698714
88697748
88695846
88693532
88697956
88697013
88695368
88693915
88697009
88695269
88696112
88697877
88697260
88697357
88697292
88697034
88697657
88697901
88695256
88691831
88697167
88697438
88698730
88697159
88693959
88697074
88695841
88697985
88692013
88697559
88692089
88697838
88697255
88691828
88697613
88695305
88693918
88697732
88697269
88697180
88693587
88697051
88697973
88693503
88697687
88697348
88693583
88697031
88697093
88697708
88697187
88692211
88692086
88695272
88697141
88698746
88695807
88691838
88695881
88691886
88692098
88698740
88695361
88692278
88692243
88695233
88697800
88697631
88697270
88697290
88698732
88695243
88697262
88697174
88693910
88698743
88695845
88693999
88695390
88691863
88697186
88692096
88691885
88697044
88695319
88698715
88697301
88692017
88692020
88697731
88698709
88697803
88695312
88693972
88691895
88697185
88697134
88695231
88697620
88695337
88697124
88693909
88697827
88697611
88698718
88693921
88697623
88691855
88695362
88697923
88695228
88692226
88698745
88697829
88697005
88693591
88695842
88693557
88692209
88691856
88693500
88695253
88693908
88697743
88692225
88692040
88697961
88695818
88697868
88698799
88697519
88692252
88697288
88692284
88697807
88695377
88695871
88697046
88698775
88695892
88692299
88693579
88692296
88697136
88697693
88697090
88693937
88692001
88691808
88695222
88697309
88698784
88697925
88697646
88697256
88691861
88693506
88697638
88698750
88697298
88692259
88697035
88692034
88697148
88692208
88692008
88697957
88692214
88697659
88692028
88697650
88697709
88693925
88692022
88692258
88695330
88695801
88693917
88697080
88697932
88697293
88697999
88695227
88695229
88697887
88692291
88692041
88697437
88697785
88697548
88697258
88695815
88693947
88695827
88695209
88695295
88697146
88697352
88697053
88695826
88693513
88692075
88697805
88695850
88698739
88693565
88695200
88698710
88697639
88697254
88695287
88697296
88697594
88695223
88697099
88695813
88693987
88695296
88692016
88695346
88697089
88697701
88698782
88691810
88697911
88697850
88697029
88695883
88695286
88692234
88695203
88697592
88695893
88697512
88696119
88698737
88692064
88697837
88695313
88697919
88695802
88691876
88697250
88695867
88695320
88693903
88697619
88697409
88698723
88695285
88697977
88692050
88695258
88695307
88692206
88695250
88695848
88697633
88695239
88693942
88692000
88697122
88693542
88697627
88693569
88698736
88696117
88695302
88697387
