88691377
88692764
88691387
88691305
88691366
88691368
88693829
88693834
88693899
88692542
88691363
88692753
88692755
88691528
88693885
88691543
88691573
88692577
88691515
88691583
88693815
88693871
88693831
88692567
88692766
88691367
88693819
88691559
88691500
88691351
88692793
88691321
88693800
88693868
88693828
88692545
88692556
88691551
88692540
88692541
88693896
88693822
88691578
88691355
88691558
88692504
88691564
88693864
88692590
88691549
88693880
88691346
88692761
88693851
88693830
88692704
88692710
88692762
88692559
88693807
88693848
88692779
88692719
88693805
88692716
88691358
88691508
88693886
88691337
88692773
88693897
88692708
88691588
88692539
88692705
88692569
88692597
88693852
88692712
88692573
88691345
88691373
88692500
88692743
88691376
88692519
88693857
88691580
88692531
88693890
88691388
88691503
88691354
88692754
88693878
88691315
88691313
88692723
88693877
88692560
88691581
88692796
88691385
88693856
88692726
88691540
88691535
88692787
88693892
88693873
88692752
88691576
88692748
88692595
88691541
88692706
88692566
88691359
88692534
88693881
88691599
88691357
88691590
88691375
88691332
88691395
88691353
88692528
88691384
88692742
88691396
88691329
88691539
88692553
88691579
88691505
88691530
88692543
88692591
88691327
88693872
88693817
88692563
88692757
88692744
88692783
88693866
88692581
88691561
88691560
88692513
88691522
88693895
88693894
88692576
88691546
88691571
88692546
88691334
88691343
88693888
88691328
88691591
88693861
88691314
88693891
88692784
88691510
88691301
88691519
88692557
88693860
88692738
88691369
88691550
88691547
88693804
88692794
88692777
88691501
88692517
88692529
88692565
88691569
88692583
88692506
88691586
88691338
88692527
88692507
88692778
88691504
88692564
88691557
88691544
88692521
88691516
88692725
88692570
88692598
88693844
88691392
88691336
88691306
88693803
88691587
88693855
88692503
88691326
88691511
88691527
88693854
88692795
88691339
88693812
88691567
88692535
88691517
88691378
88691572
88691352
88692522
88691382
88692799
88692727
88691317
88691598
88691333
88692572
88692536
88692707
88693826
88692740
88693802
88691594
88691526
88692549
88692717
88692532
88692734
88692552
88693839
88691379
88691330
88691595
88691319
88692585
88691335
88691555
88691574
88691349
88693847
88693835
88692562
88692736
88692575
88692731
88692518
88692792
88692501
88691371
88691374
88692776
88691534
88691308
88691593
88692733
88691312
88691350
88691383
88692538
88693870
88691318
88691356
88691529
88692587
88692525
88692770
88693841
88692509
88691381
88692548
88691360
88692758
88691340
88691514
88692537
88691325
88693884
88691592
88693850
88693813
88692558
88691309
88691322
88691372
88692561
88691302
88693809
88692596
88691545
88692512
88692510
88693882
88691324
88693827
88692592
88693816
88691553
88691563
88691525
88693843
88691397
88691399
88691521
88691307
88692722
88692550
88693883
88691391
88691562
88692730
88692571
88691532
88693840
88693853
88692547
88691531
88692737
88692760
88692700
88693876
88691507
88691570
88692729
88691389
88692703
88693823
88692780
88692711
88692771
88693808
88692765
88693836
88692588
88692759
88691542
88693814
88693833
88692508
88693875
88692594
88692579
88692586
88691596
88691331
88692718
88691398
88692772
88692520
88692791
88691310
88692767
88692715
88692774
88692785
88692782
88691597
88692775
88692747
88692739
88692551
88692721
88691512
88691577
88692724
88692580
88692781
88692714
88693825
88693869
88691509
88692797
88692533
88692728
88691502
88693811
88691316
88691566
88691370
88691347
88692514
88691538
88693865
88693842
88691589
88692746
88691320
88692751
88692578
88691323
88691364
88692526
88692515
88691341
88692713
88692769
88693898
88691556
88693845
88692502
88691537
88692584
88692530
88691536
88693824
88693879
88691303
88691393
88693862
88692516
88691554
88691300
88691520
88693820
88691506
88693810
88692709
88691380
88692555
88693889
88691575
88692735
88691582
88693801
88693849
88691518
88691361
88691344
88692750
88693846
88692763
88691565
88691342
88692720
88692511
88691390
88692745
88691552
88692756
88693806
88693832
88691585
88692523
88693858
88693867
88692599
88693837
88692589
88692749
88692593
88692701
88692554
88692732
88691533
88692505
88691524
88692798
88693818
88692568
88692544
88692702
88693887
88692790
88691513
88693863
88691348
88692574
88691548
88693821
88693859
88692582
88693874
88691568
88692768
88693893
88691365
88692789
88691584
88693838
88691523
88692788
88692786
88691311
88691362
88691386
88692741
