88696896
88696861
88696869
88696886
88696838
88696897
88696875
88696829
88696832
88696846
88696823
88696819
88696899
88696857
88696887
88696837
88696841
88696821
88696820
88696822
88696843
88696878
88696877
88696871
88696825
88696855
88696884
88696831
88696804
88696800
88696864
88696818
88696830
88696827
88696839
88696814
88696802
88696880
88696849
88696890
88696811
88696895
88696894
88696882
88696845
88696862
88696803
88696852
88696826
88696867
88696856
88696858
88696842
88696888
88696876
88696833
88696809
88696851
88696889
88696863
88696850
88696883
88696893
88696808
88696870
88696885
88696853
88696828
88696860
88696812
88696815
88696874
88696840
88696801
88696844
88696868
88696854
88696847
88696824
88696881
88696813
88696879
88696891
88696810
88696805
88696817
88696866
88696859
88696834
88696836
88696898
88696816
88696873
88696892
88696872
88696807
88696806
88696835
88696865
88696848
