88695694
88692959
88692950
88693181
88693176
88692968
88692922
88693198
88692973
88695620
88693171
88697100
88695627
88695683
88693195
88692939
88695657
88695674
88695696
88696002
88696007
88692951
88692935
88695625
88692972
88696001
88693190
88695641
88692945
88696006
88692919
88692969
88692983
88692900
88696036
88693197
88695654
88697110
88692991
88695649
88692963
88696003
88692925
88696013
88695624
88695623
88692998
88695651
88692971
88695688
88696005
88692928
88695613
88692946
88693183
88695644
88693186
88695665
88692955
88693172
88692926
88692917
88692977
88695699
88692999
88693193
88695622
88692987
88695638
88692913
88693199
88693188
88696010
88692984
88692985
88695646
88692931
88695606
88692993
88695640
88693191
88692902
88695612
88695671
88697103
88696000
88692980
88692966
88695645
88693177
88692938
88695605
88692982
88695629
88695617
88695658
88695639
88692975
88695693
88695698
88692962
88697101
88693187
88692957
88696008
88695656
88692996
88692956
88695621
88693170
88695666
88695684
88692986
88692954
88692970
88695615
88695691
88692965
88692914
88695652
88692960
88692944
88696011
88695650
88695682
88693192
88697113
88695661
88692915
88692947
88696016
88692921
88695633
88692901
88695628
88692918
88695636
88695659
88695663
88695647
88692974
88693179
88695626
88695610
88696035
88695697
88695686
88692995
88692979
88692953
88695648
88695600
88693178
88695616
88695607
88692994
88695672
88695679
88692932
88695655
88695614
88692967
88697112
88692930
88696031
88695695
88696039
88695681
88695668
88696014
88692929
88692927
88692906
88692936
88696032
88695676
88692920
88696017
88695660
88692989
88693175
88693182
88692908
88692949
88695643
88692952
88696015
88695680
88695602
88695653
88696018
88695678
88693196
88693174
88695685
88696037
88692981
88693189
88695608
88695662
88693173
88692912
88697108
88692978
88692948
88695689
88693185
88695603
88692992
88695619
88692964
88695618
88696004
88695601
88697117
88695669
88693194
88692961
88696038
88692923
88695667
88695677
88697102
88697115
88693180
88697109
88695631
88696019
88692910
88692911
88696012
88695642
88697111
88695664
88692976
88695604
88695690
88697107
88695634
88695632
88692943
88696033
88695637
88692933
88692916
88696030
88692905
88692997
88692937
88693184
88695630
88692958
88692904
88695673
88695609
88692988
88692907
88692903
88695611
88692924
88692934
88695675
88695635
88697114
88695687
88695670
88696034
88695692
88692909
88692941
88692942
88692940
