88698601
88698679
88698667
88698630
88698648
88698677
88698698
88698605
88698673
88698641
88698691
88698674
88698682
88698668
88698681
88698653
88698628
88698690
88698631
88698618
88698694
88698610
88698678
88698650
88698675
88698652
88698637
88698611
88698695
88698629
88698651
88698657
88698609
88698689
88698602
88698619
88698676
88698672
88698617
88698699
88698623
88698635
88698655
88698680
88698663
88698669
88698656
88698607
88698646
88698632
88698684
88698664
88698697
88698686
88698613
88698692
88698626
88698666
88698620
88698638
88698625
88698696
88698665
88698604
88698660
88698640
88698645
88698636
88698642
88698633
88698627
88698603
88698616
88698687
88698643
88698670
88698685
88698614
88698639
88698659
88698608
88698634
88698658
88698624
88698661
88698649
88698612
88698654
88698615
88698693
88698662
88698600
88698647
88698621
88698683
88698622
88698644
88698671
88698688
88698606
