88693094
88695423
88692693
88693605
88692642
88691646
88691629
88691726
88695478
88693135
88695566
88695485
88693003
88695510
88691688
88692634
88692632
88695554
88691698
88695428
88693664
88695462
88691695
88693651
88691786
88693024
88691703
88691728
88695401
88691682
88695539
88693110
88695467
88693697
88691611
88693655
88695555
88695541
88692615
88693085
88693129
88691795
88693650
88695481
88695451
88693052
88691724
88695551
88693691
88693030
88695500
88695415
88695457
88695528
88696067
88693621
88695568
88696061
88695456
88695468
88692658
88693063
88696056
88692620
88691620
88693113
88695522
88695570
88691658
88691621
88695407
88691783
88695548
88691767
88693095
88693065
88691797
88693119
88691640
88691690
88696051
88695598
88691732
88695567
88695542
88695496
88691654
88693118
88693107
88691625
88695547
88695521
88692677
88695505
88691792
88692691
88691702
88691667
88693015
88696063
88693627
88695502
88696062
88693096
88695408
88691653
88691624
88693087
88696059
88691748
88691736
88693021
88693066
88695489
88691645
88692608
88695435
88695545
88691651
88691669
88691639
88693082
88695422
88692610
88695553
88696065
88691762
88691716
88693658
88691672
88691768
88693073
88695583
88692602
88691787
88693076
88693600
88691656
88693631
88693686
88693105
88693629
88695504
88692671
88691684
88693681
88691665
88692606
88691715
88695536
88695599
88693042
88693012
88692659
88691770
88691796
88693092
88692613
88695508
88693115
88693078
88692680
88692687
88695515
88696066
88692622
88693131
88693685
88695584
88692626
88691737
88693619
88691761
88691707
88691649
88693618
88693687
88692609
88695487
88693641
88693057
88693656
88695546
88695411
88693653
88695526
88693084
88692682
88693027
88691693
88693640
88693054
88691718
88692651
88695416
88691780
88693058
88695591
88691782
88695587
88691681
88692683
88691626
88693611
88691635
88691738
88692612
88693075
88695571
88691691
88692662
88691785
88696050
88691619
88691634
88693637
88691606
88693138
88692618
88692661
88691687
88692600
88695475
88691714
88693136
88692665
88695557
88692628
88692640
88691756
88693130
88691772
88692624
88693127
88693628
88692685
88691775
88692604
88695588
88691758
88693100
88693053
88695560
88691790
88695577
88695516
88691636
88693659
88695589
88695520
88691610
88693019
88695503
88691733
88693097
88696069
88693646
88691623
88693036
88691740
88695432
88693604
88691685
88696064
88692669
88695402
88693029
88691661
88695441
88691600
88693023
88692639
88691735
88691644
88693022
88693615
88693067
88693028
88691603
88693643
88693613
88692678
88695433
88695465
88695590
88691683
88691776
88693137
88695438
88692607
88691744
88692675
88693124
88693069
88695575
88696068
88691755
88691602
88695535
88691743
88692660
88691622
88691710
88692694
88691721
88693071
88695442
88693088
88695596
88691723
88693696
88693004
88693111
88692654
88691668
88693692
88691774
88695537
88695517
88693008
88693139
88691671
88691729
88693689
88692670
88692657
88691708
88695514
88691641
88691717
88691696
88692692
88691662
88696054
88691677
88691760
88693041
88693623
88692695
88692635
88692611
88693006
88693694
88693695
88692643
88693654
88692667
88693682
88692698
88693007
88695562
88693616
88693016
88693080
88695454
88691631
88693114
88692673
88693669
88693677
88695501
88695413
88691689
88692697
88691799
88692656
88695469
88693017
88692679
88695463
88691751
88691734
88693048
88695409
88693673
88695552
88693034
88691638
88695421
88691794
88693051
88691754
88693679
88695529
88693649
88693049
88695581
88691727
88693663
88692652
88695403
88695511
88695466
88693666
88692696
88695556
88693103
88691675
88693638
88691700
88693670
88692653
88691607
88696055
88695471
88695578
88691612
88693106
88692681
88695592
88693089
88693128
88692641
88693010
88695569
88693018
88693086
88691616
88691628
88695579
88692614
88693635
88693121
88691664
88693039
88691605
88695595
88691720
88691749
88691678
88692676
88695519
88695473
88695558
88692605
88693061
88691764
88695431
88691757
88691652
88693693
88693126
88693617
88691648
88693068
88691778
88691647
88693025
88693011
88695527
88693625
88691793
88691752
88691692
88691617
88691719
88693081
88693132
88691643
88691769
88693000
88691789
88693661
88695586
88695550
88691614
88693684
88693031
88691701
88692684
88693134
88692690
88691766
88692636
88691632
88695509
88693620
88695559
88692644
88691627
88692616
88693046
88691674
88693608
88695507
88693059
88692663
88693123
88693665
88692621
88693645
88692649
88695538
88691704
88691747
88691712
88693678
88692688
88693112
88691771
88693648
88693001
88691753
88691666
88691630
88695418
88695563
88695406
88691608
88693630
88692617
88695458
88693634
88691601
88693099
88693056
88695482
88691779
88695426
88691694
88691680
88695400
88693043
88691670
88693109
88693683
88691604
88693074
88695498
88691765
88693667
88695506
88695576
88692619
88691637
88691613
88693064
88695483
88693117
88692627
88695452
88693642
88695574
88693020
88695561
88693032
88693033
88692647
88692645
88693668
88693662
88691660
88693083
88692666
88693040
88691777
88693035
88691713
88693610
88692638
88695544
88691791
88692686
88691655
88695549
88695565
88693133
88692646
88693644
88693633
88695597
88693612
88695530
88693009
88693609
88693690
88691663
88696060
88695525
88693603
88693639
88692650
88695580
88691741
88693013
88695585
88693005
88693026
88692674
88695594
88695534
88695518
88693079
88695445
88693626
88695523
88693047
88693675
88691746
88693606
88693652
88693120
88693055
88693044
88693122
88691673
88693093
88693671
88691722
88691781
88696058
88693060
88693090
88693636
88691750
88692603
88691711
88692668
88693660
88693062
88695532
88691633
88691650
88691759
88692655
88695564
88691642
88691742
88693622
88691618
88692633
88693091
88696052
88691679
88692689
88693072
88692637
88691609
88693045
88692631
88695531
88693632
88693624
88693680
88691686
88691745
88695436
88691659
88695404
88691731
88695412
88693050
88691657
88693098
88693002
88695582
88695572
88691784
88695593
88691706
88695455
88691739
88695461
88692629
88695484
88695444
88691709
88693607
88692648
88691798
88693077
88691763
88693688
88695486
88695533
88695573
88692664
88693672
88696053
88691697
88693070
88692630
88692623
88693657
88693108
88691788
88695405
88695479
88691705
88693125
88695424
88695540
88692601
88691730
88692625
88695512
88693698
88695425
88691725
88695414
88695543
88693614
88693038
88693104
88691676
88693647
88692672
88691773
88693014
88692699
88695524
88693676
88691699
88693674
88691615
88693116
88695513
88693699
88693037
88696057
