1809915
1829214
1809325
1809736
1809963
1829275
1829208
1809443
1829873
1809284
1809281
1809361
1849861
1809934
1829549
1849285
1809451
1849855
1829814
1809291
1809216
1809713
1809434
1849555
1829570
1849754
1829396
1849287
1829550
1829530
1809920
1809930
1829971
1829724
1809733
1829222
1809233
1849816
1809789
1829807
1809424
1829894
1809900
1809467
1829249
1809493
1829877
1829247
1809207
1829857
1829808
1829216
1829226
1829251
1809931
1829245
1829767
1829376
1849256
1829557
1809740
1809973
1829832
1829882
1809331
1829722
1809217
1849752
1829791
1829926
1829278
1829796
1829799
1809231
1809348
1809328
1809466
1809326
1829265
1849656
1829803
1809314
1849624
1829844
1849857
1809950
1809239
1829778
1829836
1829769
1809905
1829323
1849867
1809272
1829526
1829390
1809349
1809786
1829967
1809373
1829942
1849651
1809449
1849255
1829779
1829281
1809705
1809280
1849243
1829382
1829532
1829804
1829766
1829905
1849650
1829999
1829835
1809724
1829981
1829897
1809996
1829937
1829923
1809337
1829739
1809494
1829859
1849655
1829988
1829221
1809492
1809729
1829569
1809346
1829300
1809308
1809992
1809442
1829811
1849878
1829553
1809979
1809253
1849847
1829777
1849634
1849228
1829761
1829395
1809256
1809475
1809765
1809327
1829528
1849213
1829520
1849224
1829738
1829820
1809298
1829235
1829277
1829358
1829993
1809353
1849267
1829261
1809422
1829309
1809226
1829304
1809378
1849753
1809719
1829945
1849259
1809402
1809490
1829913
1809472
1829881
1849216
1809479
1829514
1829588
1809333
1829849
1829510
1829378
1829813
1829780
1809701
1809278
1849637
1849261
1829940
1849631
1809421
1809923
1829366
1809760
1849270
1829212
1809304
1809727
1809928
1829754
1809763
1829355
1829576
1829865
1829800
1809436
1809279
1809232
1809754
1809961
1829521
1809962
1829318
1829845
1809330
1809799
1849206
1829725
1829587
1829751
1809982
1849630
1809420
1829276
1809757
1809305
1809306
1829946
1809939
1849785
1829883
1829241
1809340
1829984
1849875
1829217
1829207
1809927
1809206
1809372
1829266
1829886
1809386
1829233
1809336
1809425
1849257
1829559
1849881
1829288
1829321
1809975
1809209
1829272
1829345
1829397
1809497
1809269
1829861
1829821
1829567
1809277
1829211
1829537
1829806
1849215
1829809
1829887
1849210
1809778
1829547
1829303
1809454
1829788
1809721
1829524
1809395
1829760
1829991
1829753
1809329
1829853
1809411
1809405
1849205
1829998
1829387
1829580
1829229
1809484
1809282
1809768
1809720
1829368
1829947
1809234
1809417
1829703
1809903
1809704
1809473
1829801
1809949
1829823
1809791
1809242
1809904
1809303
1829546
1829232
1809430
1829279
1849227
1849751
1829888
1829992
1849873
1809965
1829516
1829344
1809289
1809774
1829710
1849283
1829858
1849653
1849859
1829392
1829527
1829512
1809914
1809439
1809300
1829223
1829372
1809943
1809450
1849278
1829581
1829713
1809459
1809922
1809391
1809287
1809259
1809212
1829705
1829334
1809744
1829242
1829326
1829941
1809798
1829379
1809731
1809352
1829890
1849654
1829540
1809752
1829960
1809794
1829319
1809902
1809247
1829506
1809793
1849862
1829876
1849750
1809750
1809334
1829742
1809953
1809261
1809271
1829961
1809228
1809435
1849200
1829717
1829979
1849846
1829709
1809441
1849917
1849620
1829847
1809312
1829842
1809933
1809398
1829714
1809790
1809987
1809918
1829975
1849815
1849707
1809912
1809374
1849876
1809995
1809275
1829948
1809224
1829598
1829812
1849274
1809994
1829748
1849214
1829704
1809380
1829228
1809370
1809447
1829201
1829997
1829956
1849223
1809971
1809980
1849268
1809745
1829591
1809966
1829793
1829291
1809985
1849248
1809335
1809796
1809383
1849638
1809762
1809344
1809448
1809477
1849912
1809241
1829292
1829989
1809204
1829354
1829596
1829342
1809461
1829708
1849254
1809235
1829274
1829533
1849925
1849250
1829932
1829314
1829554
1829864
1829267
1829312
1829347
1829365
1829543
1809295
1829789
1829236
1829719
1829513
1809201
1809264
1809360
1829338
1809981
1849209
1809951
1829356
1829974
1829792
1809978
1829862
1809379
1809283
1829909
1829928
1849851
1809743
1809710
1809703
1829879
1829925
1809974
1829298
1829202
1829328
1849265
1829590
1829983
1809947
1809989
1829294
1849273
1829712
1809324
1829322
1809926
1809438
1829374
1809485
1829215
1829564
1829508
1829935
1849885
1809263
1809276
1849276
1809990
1829955
1829544
1809498
1829246
1829375
1829339
1829263
1829733
1829555
1829965
1829595
1829902
1809780
1829866
1809399
1829571
1809270
1829931
1829898
1829511
1809249
1829874
1809426
1829361
1829234
1829977
1829912
1829787
1809759
1809214
1809432
1829551
1829505
1829254
1849806
1809748
1829578
1829773
1829943
1829976
1809967
1849220
1809925
1809901
1829238
1829327
1809723
1849219
1829285
1809223
1809427
1829502
1809783
1829908
1829765
1809251
1809288
1849817
1829282
1809453
1829892
1809964
1829509
1829255
1829258
1829399
1829720
1809954
1809310
1809416
1829586
1809309
1829529
1829757
1809401
1809753
1809311
1829701
1829259
1829860
1849632
1829260
1809268
1829707
1809742
1829839
1829730
1829798
1829895
1809205
1849856
1849621
1829351
1809764
1849915
1809948
1829830
1829963
1829218
1829907
1809478
1829209
1809423
1829996
1849658
1809236
1809946
1809787
1829781
1809407
1829763
1829389
1829582
1829205
1829921
1809938
1849225
1809777
1829745
1849266
1809319
1809338
1829320
1829954
1829270
1849202
1809364
1829964
1849623
1829325
1809916
1809285
1809317
1829936
1849880
1829829
1829951
1809489
1809202
1829737
1829906
1829534
1809354
1829301
1849607
1849889
1849864
1809415
1809456
1829302
1829949
1829944
1809959
1829910
1809313
1829517
1829535
1809775
1809722
1829350
1829264
1809945
1809952
1809769
1829563
1829388
1829585
1849869
1829364
1829938
1809468
1809369
1809755
1829219
1829756
1849284
1829519
1809937
1809273
1829819
1809495
1809341
1849853
1809749
1829889
1809394
1829755
1829239
1809351
1809998
1829869
1829525
1809955
1809408
1849850
1849627
1829782
1829310
1809433
1809717
1809747
1849858
1829972
1829293
1829762
1809265
1809437
1829200
1809970
1829920
1829875
1829213
1809375
1809718
1849804
1809238
1809944
1849262
1809917
1849293
1849222
1829833
1829985
1849247
1809470
1829398
1829385
1809469
1809788
1829986
1849626
1829575
1829771
1809318
1809358
1829930
1829330
1829359
1809476
1809781
1829922
1829231
1809404
1849211
1809257
1829574
1809707
1829822
1809785
1829904
1829841
1829805
1829750
1809414
1829306
1829589
1829911
1829369
1849272
1809714
1809254
1829371
1809488
1809385
1829933
1829827
1809702
1809735
1829360
1809732
1829507
1809297
1809487
1809299
1849919
1829341
1829332
1809491
1809293
1829867
1829711
1809910
1809480
1829784
1809499
1809482
1809296
1809771
1809266
1829734
1809726
1849639
1809262
1809316
1809464
1829959
1829283
1849802
1829237
1809486
1809712
1809248
1809956
1849252
1809225
1829573
1809761
1809211
1809709
1809907
1809343
1829728
1829204
1809357
1829353
1809446
1809440
1829896
1849642
1829290
1829871
1809758
1829872
1829299
1809909
1829541
1809377
1829855
1809389
1829335
1829790
1849277
1829349
1809766
1829315
1829262
1829736
1829380
1849275
1809767
1849635
1829572
1809222
1849269
1829893
1829225
1829307
1829305
1829776
1829953
1829824
1829256
1809368
1829203
1829268
1829743
1829929
1809725
1809932
1849280
1809716
1809984
1809250
1809940
1849628
1829817
1849249
1849633
1829870
1829747
1829599
1809208
1829878
1849244
1829848
1809220
1809290
1829716
1809999
1829969
1809779
1829758
1809935
1829386
1829583
1829381
1809255
1809429
1829828
1829317
1829594
1849863
1829815
1829915
1849263
1829295
1809387
1809972
1829518
1809267
1809700
1829826
1829331
1809444
1829384
1809258
1829802
1829934
1809419
1809406
1849282
1829838
1809359
1809977
1809243
1829568
1829336
1809936
1809782
1829749
1809906
1849860
1809388
1809286
1829536
1829273
1829759
1809739
1809237
1849271
1829732
1809929
1829846
1809957
1829768
1849260
1829206
1809213
1809240
1829287
1829297
1809968
1809795
1849916
1829565
1829523
1829252
1829346
1829885
1849569
1849226
1809390
1829592
1809921
1809412
1829702
1849258
1809397
1829840
1849207
1809384
1849217
1829958
1829982
1829579
1829706
1829918
1809988
1809991
1809942
1829775
1829950
1829363
1829280
1849253
1809997
1809797
1809908
1809708
1809462
1829880
1849797
1829727
1809706
1809362
1829313
1809418
1829311
1829566
1809410
1829818
1829968
1809356
1829253
1829952
1809741
1849884
1849879
1809986
1809770
1829284
1829774
1829515
1829715
1849720
1809315
1809403
1829962
1809474
1829210
1809210
1809302
1809457
1829837
1829785
1829224
1829230
1829891
1849203
1829990
1829296
1809219
1829746
1829500
1829556
1849868
1809347
1809483
1809366
1809229
1809350
1809371
1829831
1809734
1849208
1829367
1829504
1849739
1849229
1809203
1829850
1849883
1829370
1849636
1809363
1829560
1829729
1829795
1829593
1829786
1809342
1829244
1849882
1829531
1829248
1829562
1829597
1829289
1829854
1829868
1849852
1829340
1809252
1809332
1849629
1809245
1829995
1829257
1809365
1809274
1809941
1829348
1829501
1829752
1829337
1809969
1829980
1809924
1809339
1809400
1809392
1809367
1849803
1829772
1829901
1849918
1809737
1809307
1829741
1829316
1809381
1809496
1829794
1829721
1809452
1809409
1849865
1829851
1849886
1829783
1809460
1829243
1829726
1809481
1809322
1809728
1829834
1829825
1829740
1809773
1829797
1849245
1829884
1809983
1809221
1829966
1809960
1829764
1809230
1809911
1809396
1829542
1849652
1829810
1849201
1829919
1829240
1849279
1809294
1809382
1829916
1849848
1809345
1829700
1829863
1829362
1809958
1809292
1829914
1829552
1829383
1809458
1829357
1809321
1829391
1829735
1809913
1829545
1809772
1809756
1829539
1849212
1809465
1809428
1809376
1809738
1849657
1829308
1809746
1829917
1829393
1829770
1829373
1829394
1849221
1809227
1849763
1829973
1809976
1829852
1809445
1829538
1809301
1829978
1809393
1829924
1809784
1829577
1829503
1829927
1849246
1829903
1809355
1829227
1809919
1829329
1829970
1829723
1809200
1809792
1809751
1829856
1829843
1849854
1829816
1809246
1829561
1829286
1809215
1829987
1809320
1829558
1829957
1849701
1829269
1829899
1829548
1849264
1829900
1849281
1809218
1829220
1809323
1829522
1829324
1809260
1849230
1849828
1809431
1829584
1849286
1849251
1849204
1809463
1829271
1809715
1829731
1829718
1809711
1829250
1809413
1829744
1829939
1809730
1829343
1809471
1829333
1829994
1829352
1809455
1809776
1809244
1829377
1849218
1809993
