491511142
491514217
491516615
491515071
491515003
491517294
491515326
491512176
491516764
491512222
491512171
491609161
491609227
491609359
491516469
491517443
491515637
491609180
491514522
491512073
491515208
491515679
491512760
491515802
491514358
491511672
491516724
491512236
491511094
491512846
491514614
491512723
491511256
491511819
491512909
491609950
491609903
491514623
491514557
491609855
491512572
491514660
491511938
491515312
491516191
491511116
491515561
491609875
491511587
491609823
491514310
491515739
491517214
491517447
491517283
491511447
491511725
491511831
491609023
491517206
491511171
491516404
491517120
491511764
491511690
491515995
491515596
491511216
491511514
491511200
491514695
491512374
491609446
491511276
491515895
491517506
491516794
491515572
491516861
491609201
491511727
491511530
491515212
491609331
491609668
491515068
491517008
491512308
491609345
491512891
491516551
491511485
491609468
491512612
491516341
491517579
491511477
491512764
491515728
491515614
491514122
491512079
491609962
491512873
491516462
491515800
491511774
491514619
491515584
491511564
491609235
491609071
491512371
491516111
491515215
491511113
491512124
491515902
491515657
491511020
491512663
491512606
491511515
491516517
491516360
491609215
491514675
491511555
491511036
491609650
491512164
491515484
491511275
491512398
491515072
491512892
491511572
491609927
491515225
491516607
491609960
491511674
491512837
491511504
491512438
491512135
491511662
491515076
491512514
491511126
491515243
491512507
491512322
491516376
491514364
491516408
491515431
491609942
491609265
491609739
491516243
491511420
491512237
491512825
491514160
491515824
491512562
491512945
491515850
491514223
491512033
491515469
491515056
491512509
491512589
491511671
491511708
491511415
491609805
491515293
491609689
491517054
491609181
491512041
491512017
491515791
491511782
491516611
491517599
491511076
491512216
491512272
491609086
491511664
491516600
491512585
491512669
491512377
491515810
491609030
491511035
491514547
491517164
491512056
491511872
491511588
491512062
491511257
491511524
491516759
491515726
491512981
491515699
491512220
491609743
491514204
491609578
491512183
491609589
491515180
491515201
491512205
491516197
491512671
491609243
491609782
491609353
491609245
491609572
491609965
491515126
491511557
491609865
491609024
491511592
491511473
491609063
491511798
491516418
491511107
491515574
491517271
491609505
491516342
491512763
491514166
491512384
491609026
491511059
491512641
491511033
491512523
491514402
491609869
491515214
491514527
491515229
491511065
491515332
491517308
491609540
491609102
491516022
491512168
491516153
491609052
491515912
491514764
491512566
491517525
491514628
491515282
491514262
491609541
491515760
491515715
491609561
491511954
491516717
491609806
491609335
491512961
491511490
491514324
491516334
491512703
491609770
491609111
491514125
491511411
491515415
491512300
491609755
491517584
491514452
491511428
491515151
491512958
491515222
491512234
491515114
491512019
491515460
491515910
491515656
491511898
491511946
491516407
491609321
491609392
491609901
491609666
491516619
491609896
491512717
491514009
491609913
491512561
491515231
491511670
491514516
491511251
491512498
491512071
491514654
491609312
491512152
491515250
491511467
491515300
491514416
491516601
491609041
491511484
491514313
491512105
491511259
491609155
491516795
491517150
491512157
491512309
491517507
491517450
491515127
491609028
491514526
491516468
491515179
491609761
491516636
491511210
491609022
491609166
491511900
491515023
491516859
491515787
491511187
491515576
491514636
491609985
491514225
491511966
491515360
491511960
491512853
491514667
491511691
491511962
491515483
491512261
491609790
491609674
491517013
491514026
491511495
491515031
491516409
491515767
491515122
491511688
491516454
491514598
491609702
491511778
491511668
491512888
491512601
491511161
491516250
491515439
491511558
491516691
491516277
491516672
491511268
491609692
491512388
491512994
491512254
491517437
491609387
491516677
491517453
491512602
491515819
491516763
491514635
491514359
491511056
491516107
491515815
491516591
491511654
491512672
491515244
491512697
491517103
491609330
491515471
491512688
491515037
491512980
491515362
491516160
491609971
491609386
491511650
491516547
491511683
491511869
491517528
491512695
491517544
491609565
491514707
491609867
491511196
491512448
491609724
491512024
491515838
491517540
491516147
491515100
491514622
491512754
491515632
491609152
491515087
491514534
491516544
491514746
491511726
491514357
491515015
491514352
491515983
491516180
491511702
491609864
491609091
491515082
491517119
491609933
491512882
491516158
491517420
491511083
491515236
491512619
491609390
491511521
491515496
491515148
491516567
491609106
491515700
491512824
491515445
491511491
491511102
491516120
491514778
491514266
491512682
491515121
491515358
491512232
491609456
491512247
491514246
491511906
491514000
491609189
491609637
491609465
491512533
491514169
491511757
491515408
491511412
491512283
491511279
491516773
491512596
491609060
491511195
491511006
491516352
491517061
491517446
491511790
491514211
491515940
491511262
491517118
491516514
491511434
491609800
491609759
491515049
491515476
491511023
491515655
491609500
491512670
491515356
491512636
491512230
491511184
491514413
491512274
491514626
491609571
491515078
491515922
491517411
491516344
491512583
491609744
491511131
491517185
491511740
491515386
491511498
491516526
491512365
491516633
491512213
491609740
491609535
491609412
491514254
491512661
491515921
491514515
491512801
491514717
491516145
491609842
491514559
491512380
491511426
491515391
491511098
491516146
491511721
491516497
491609382
491516106
491512141
491609728
491609608
491516199
491609316
491517431
491609323
491515875
491512372
491512858
491609337
491511820
491512083
491516783
491517457
491516817
491609232
491512025
491514466
491515573
491512675
491609672
491516128
491515686
491512055
491517547
491516356
491515805
491512872
491511783
491609254
491515782
491511781
491512294
491512301
491515713
491609522
491515249
491609204
491517151
491512090
491514796
491512327
491515477
491515725
491514572
491511214
491515065
491512776
491514332
491515424
491512979
491512110
491516013
491512342
491609499
491515057
491511535
491512962
491512279
491511730
491512540
491515206
491514688
491515909
491609213
491512348
491609542
491512883
491517552
491516319
491609979
491516732
491512600
491515630
491512378
491609828
491514144
491511299
491512822
491511747
491515111
491514312
491511236
491515615
491517300
491511247
491512894
491514366
491515880
491609443
491511732
491515292
491512708
491511934
491512159
491514631
491512218
491512658
491517559
491516674
491516846
491609049
491609784
491609547
491512410
491512429
491514161
491609018
491512245
491514071
491516603
491609594
491511646
491511239
491517251
491516779
491516626
491514502
491514500
491609058
491517213
491515152
491514043
491512412
491609952
491517019
491511711
491516380
491514757
491514010
491511940
491517231
491514045
491516730
491515892
491512406
491512391
491609549
491511204
491515887
491512588
491512122
491512151
491511835
491514540
491609750
491609737
491512450
491515119
491512841
491511433
491515692
491511141
491514140
491609917
491512284
491511887
491609978
491609694
491517190
491515812
491517592
491516372
491516702
491609620
491512905
491511086
491515945
491609455
491511761
491517159
491609536
491511538
491512571
491609034
491514422
491511486
491511731
491517260
491516440
491609020
491515808
491515333
491511724
491511655
491609665
491609396
491512848
491512333
491512136
491609452
491515070
491515235
491609772
491514672
491511749
491516523
491609061
491609494
491514633
491609048
491512638
491511506
491511769
491609051
491609133
491512902
491511762
491516262
491511164
491609039
491515060
491511813
491516515
491512002
491511085
491512178
491516761
491511269
491511873
491516296
491514737
491609783
491609014
491609053
491512537
491609904
491515625
491609868
491511789
491515771
491517541
491609470
491512082
491512815
491516880
491512422
491609835
491515795
491609473
491514335
491515296
491515843
491516716
491609838
491517176
491516624
491511579
491515609
491517160
491609495
491517015
491609720
491609113
491515220
491511866
491514073
491515497
491512396
491511617
491609698
491517060
491512712
491514363
491514328
491514339
491512401
491511961
491609670
491511919
491511408
491517569
491514548
491514014
491517188
491514571
491512010
491516300
491515759
491512051
491511792
491609089
491517306
491609080
491516245
491511736
491609306
491517132
491516104
491609128
491515427
491511054
491516631
491514230
491514214
491515232
491609677
491514286
491511028
491609940
491511004
491516627
491511211
491512701
491512651
491514537
491512871
491515002
491609598
491517085
491516133
491516772
491514509
491512710
491511402
491512654
491511274
491511425
491512153
491512550
491609625
491515620
491511452
491609690
491514552
491515440
491511536
491515395
491516433
491514656
491512901
491609015
491512043
491517221
491517201
491515665
491514722
491516347
491516782
491609082
491511084
491511429
491512092
491511483
491515092
491516699
491512362
491516582
491609217
491515443
491511174
491514147
491511563
491512008
491511021
491515883
491517537
491515617
491512911
491515316
491514078
491514042
491512359
491512413
491511121
491515833
491514355
491515263
491609498
491516185
491609294
491514035
491511883
491511544
491609553
491609279
491511022
491515901
491515310
491515018
491517163
491514146
491512655
491517410
491512834
491511007
491609662
491516750
491515461
491511267
491514539
491511562
491516351
491512032
491512576
491511110
491515765
491609360
491515555
491512969
491512445
491515611
491609908
491515417
491515881
491517173
491511123
491609954
491516011
491511531
491515357
491609647
491512186
491511723
491511019
491515059
491511100
491512020
491511800
491516483
491511082
491609781
491609210
491512200
491511540
491514719
491516411
491514063
491517581
491515746
491512023
491515522
491515336
491516506
491512155
491512623
491517265
491609349
491515546
491512370
491514194
491609930
491512987
491517461
491515571
491514124
491514455
491516192
491515653
491609255
491512078
491515857
491609797
491609073
491515260
491514647
491515052
491514184
491512673
491512802
491517006
491609857
491609766
491512625
491515558
491609141
491516377
491514599
491609687
491511038
491516637
491511635
491515680
491512332
491609142
491609564
491515627
491512269
491512870
491512897
491609291
491514284
491515631
491514289
491515628
491511283
491514570
491515116
491609469
491515361
491512752
491511260
491511071
491517501
491516452
491515872
491515784
491511802
491609708
491609977
491516865
491511821
491514790
491609105
491512506
491511115
491609259
491609136
491511454
491515162
491511291
491515108
491514011
491515517
491511078
491516753
491511232
491609521
491511432
491516141
491515671
491511422
491517146
491511612
491512004
491515295
491609707
491515191
491512755
491514318
491511472
491517509
491511042
491512668
491515806
491511734
491512674
491511519
491511063
491609064
491516481
491609442
491516604
491609375
491517293
491511580
491512699
491609918
491517535
491514201
491609218
491609137
491514128
491512918
491514617
491514743
491515720
491512469
491512101
491515085
491511817
491514362
491511812
491609833
491511793
491512483
491512528
491515616
491514287
491511582
491609447
491511752
491609144
491511052
491515513
491516280
491511417
491514589
491609576
491511133
491514168
491512120
491609557
491512885
491609376
491517216
491517412
491515654
491512769
491511945
491515915
491512217
491514627
491511431
491609911
491609449
491517282
491609653
491512285
491511057
491511206
491516486
491517023
491511265
491511541
491515501
491515779
491515996
491512913
491516819
491517166
491516512
491514556
491515054
491517017
491609655
491511026
491609831
491512836
491512555
491517203
491516844
491515590
491512919
491517524
491516606
491512181
491511218
491515674
491511605
491512594
491609922
491514025
491609622
491516363
491512113
491516649
491609047
491512666
491512827
491517136
491511837
491512517
491512877
491609462
491512363
491517211
491512472
491512012
491511292
491516113
491512355
491511070
491512954
491515323
491515382
491609054
491511439
491511651
491515570
491516358
491511890
491512156
491515402
491516241
491517131
491512985
491512880
491512357
491609287
491511072
491609277
491512639
491609343
491512751
491609220
491515900
491512215
491512077
491512849
491609472
491514148
491512307
491517198
491511947
491517080
491511156
491516488
491515075
491517553
491514498
491609114
491516521
491512595
491511280
491514744
491515029
491511796
491515048
491511446
491609815
491512444
491515470
491511964
491515338
491511573
491516754
491609891
491514716
491515799
491515600
491517042
491609285
491609629
491516231
491515723
491609955
491512049
491609395
491609075
491609208
491511150
491515506
491609627
491512949
491515554
491511410
491515064
491515585
491514004
491514141
491517158
491515055
491517053
491609336
491516467
491517035
491517152
491514665
491516840
491512632
491514131
491609029
491609459
491514629
491515781
491514019
491515774
491515663
491511679
491512424
491512154
491609487
491514543
491516320
491511220
491517005
491511526
491516639
491511915
491609169
491512558
491511543
491514126
491511212
491515392
491515033
491514322
491516171
491609803
491609175
491512808
491514405
491515994
491516713
491515019
491512859
491517169
491515062
491511849
491514075
491512108
491512373
491516816
491511958
491514508
491511414
491517504
491511645
491515131
491516345
491609966
491511911
491516632
491515855
491514611
491512819
491609703
491512196
491512689
491516640
491515873
491609115
491512477
491609055
491511249
491512839
491609038
491514265
491511144
491511400
491514076
491609202
491515237
491511278
491514138
491609457
491609816
491517556
491515042
491511698
491515847
491514326
491511066
491514587
491515487
491511910
491515020
491515943
491609497
491609314
491515160
491515183
491515941
491609533
491512535
491514664
491515088
491609554
491515288
491515621
491515117
491515291
491517212
491512356
491511621
491517038
491516654
491512615
491511162
491514186
491514182
491516137
491514720
491517285
491515990
491514070
491514424
491512208
491514489
491516237
491517186
491512662
491511753
491515711
491515639
491516714
491512026
491514235
491517162
491512706
491609907
491609099
491516297
491512404
491516014
491516747
491609799
491511252
491515307
491512813
491514562
491516520
491609709
491511787
491511912
491517502
491515904
491516851
491515397
491609233
491512496
491516397
491514753
491512683
491609802
491514480
491517577
491515635
491609317
491609088
491516883
491511178
491511905
491512179
491609238
491515792
491609107
491517012
491517134
491511631
491512138
491511435
491515314
491609738
491517217
491511759
491609967
491514248
491512145
491515450
491512522
491515766
491515422
491609843
491516595
491512634
491517560
491514346
491511500
491511223
491609283
491516755
491514390
491609044
491515551
491609686
491515695
491517433
491516695
491516623
491516780
491515772
491512667
491514164
491515185
491515486
491609543
491517421
491515670
491512142
491512621
491512265
491609485
491514451
491515120
491511277
491609212
491609944
491514127
491515859
491514226
491514583
491516263
491514544
491515435
491517451
491511794
491515321
491511955
491512816
491515834
491515211
491511097
491515468
491512896
491511282
491512277
491514006
491514145
491514315
491517452
491512126
491515022
491609745
491514427
491512207
491517432
491512229
491516281
491517438
491511203
491511409
491511625
491609935
491511877
491517462
491515560
491511040
491511623
491511064
491516186
491515948
491609303
491511576
491516242
491515622
491515523
491516693
491515061
491511167
491514677
491511271
491511527
491517205
491516156
491609899
491515110
491512338
491515712
491515730
491515040
491514163
491515112
491514426
491512170
491511797
491512103
491515317
491516264
491511861
491609652
491517574
491517573
491511965
491515832
491516388
491516455
491517034
491514198
491512975
491609057
491511154
491517125
491512691
491515906
491514461
491516543
491512368
491516331
491609467
491515240
491511512
491511589
491515192
491511804
491515849
491516103
491515482
491514052
491512001
491515595
491515545
491514060
491514032
491515916
491514196
491609043
491609093
491517218
491515853
491609389
491512228
491514038
491512167
491512084
491512876
491516325
491609663
491609187
491512239
491512759
491515462
491512704
491515886
491609065
491514613
491511407
491516518
491514772
491517526
491516287
491515223
491516461
491609516
491517243
491515437
491512575
491609492
491609252
491512015
491515115
491512590
491512860
491512886
491514616
491609174
491514535
491515905
491609123
491517089
491517303
491609791
491512140
491512499
491515907
491511005
491511168
491511511
491514142
491609295
491514536
491609726
491512538
491511529
491516863
491515835
491609580
491609461
491511242
491516405
491514072
491517284
491515259
491516399
491516162
491512711
491515510
491511254
491511215
491514632
491511234
491609747
491609184
491511166
491515142
491516148
491515998
491512432
491517258
491517031
491514615
491609854
491511814
491516450
491514053
491511288
491609460
491516643
491514748
491514634
491515984
491515266
491514679
491515755
491515184
491516451
491511145
491516778
491511590
491512000
491609417
491517156
491514012
491609097
491511918
491512794
491512489
491512690
491515242
491514024
491609483
491511611
491609203
491609475
491515659
491515146
491516154
491516130
491515530
491516261
491516294
491609830
491516622
491515677
491514724
491511633
491609385
491515796
491515816
491515013
491512009
491609416
491512977
491515097
491511209
491516592
491514750
491517215
491511464
491511840
491609958
491515914
491514549
491512761
491609742
491512529
491517014
491515394
491609010
491512061
491515516
491511108
491511729
491514281
491516572
491609545
491512233
491512950
491511836
491511695
491515714
491516856
491609399
491511656
491517562
491609981
491515685
491609087
491512536
491512806
491516886
491514218
491512165
491517520
491609319
491512180
491517596
491512202
491514511
491609593
491515217
491609866
491516464
491514612
491515140
491511760
491515608
491609374
491515432
491512252
491609016
491609878
491515079
491511709
491511445
491515690
491512068
491609534
491511596
491511803
491512209
491512400
491515559
491511948
491511770
491512046
491515205
491516460
491511738
491514037
491512887
491515272
491609696
491609789
491512351
491609311
491515050
491609193
491609730
491512804
491512618
491609209
491514582
491511537
491511601
491515511
491515155
491515607
491514240
491512224
491609383
491514323
491609821
491515254
491516771
491512324
491609134
491512875
491514213
491514435
491516812
491511125
491515581
491517424
491609948
491512195
491516741
491609490
491511560
491516390
491512480
491512605
491512352
491516338
491515882
491511675
491514314
491512021
491514680
491511120
491515186
491511416
491514283
491511951
491511699
491511766
491609413
491511501
491515878
491516760
491512486
491609723
491517267
491515036
491517030
491515337
491516848
491516745
491511197
491609641
491609338
491516731
491515524
491514495
491512174
491514224
491515353
491516818
491609441
491515128
491515193
491512770
491515577
491516710
491512302
491511140
491514618
491515515
491511931
491517180
491512016
491609229
491609751
491512358
491514021
491609673
491511404
491609122
491512599
491511132
491511713
491515251
491517291
491515991
491512280
491514638
491609332
491516244
491511577
491512437
491515874
491511077
491514525
491511941
491516267
491512643
491515920
491512878
491512676
491515752
491609118
491511667
491512022
491517500
491609170
491517050
491609246
491609197
491516362
491512476
491511213
491515499
491514242
491511170
491514518
491512266
491609584
491514079
491609669
491515547
491512534
491511253
491514505
491517087
491512493
491516157
491515908
491511298
491514663
491512246
491609273
491515442
491516770
491512241
491514337
491516124
491512385
491511401
491515080
491517440
491511502
491609503
491511146
491609354
491512700
491516255
491511838
491515612
491516375
491514008
491515525
491514023
491517261
491511806
491609544
491516378
491609601
491511714
491511750
491514245
491515414
491511755
491609583
491514047
491511229
491514456
491511574
491515798
491512150
491609507
491511119
491511423
491511238
491609164
491516374
491516149
491511860
491514234
491515988
491511255
491512339
491517550
491516337
491515053
491609777
491515041
491517274
491511159
491514741
491514769
491516673
491515776
491515542
491514721
491511051
491516617
491516112
491511549
491609179
491517101
491515946
491515329
491515722
491517250
491609656
491609894
491517153
491515986
491512793
491609768
491512289
491511058
491515885
491609736
491512405
491609501
491609921
491517519
491514237
491514268
491514738
491609292
491514551
491515016
491514591
491511763
491517133
491609648
491514745
491512211
491515228
491609635
491516400
491516552
491511117
491516743
491514621
491515758
491512635
491609916
491512653
491511867
491609925
491609785
491609860
491609786
491517230
491514637
491609548
491511771
491514167
491511827
491609980
491609968
491515673
491609196
491515818
491514624
491515030
491515773
491609537
491517189
491516402
491609198
491512271
491511533
491512288
491609834
491515783
491516505
491515987
491512657
491609526
491515842
491609154
491516233
491511296
491609463
491512990
491515732
491514519
491516871
491512121
491515603
491514181
491511853
491609727
491511487
491512828
491511895
491609700
491514143
491515888
491515125
491609813
491514642
491511583
491514056
491514728
491515548
491511493
491609602
491515255
491512818
491512959
491515368
491609646
491609644
491515434
491609638
491514120
491609986
491514165
491516864
491515400
491609267
491511295
491609684
491515383
491517264
491516751
491517458
491512709
491515747
491609444
491511707
491512526
491515091
491511055
491517083
491514529
491515473
491511494
491609624
491514415
491517428
491609158
491511227
491515538
491512367
491512436
491516774
491609076
491511852
491514007
491512926
491516312
491515252
491514758
491512642
491511284
491609758
491609513
491515410
491609851
491512917
491512940
491516101
491609482
491609905
491609036
491609915
491512243
491516843
491609032
491516340
491512262
491515633
491516278
491515604
491609989
491516720
491514353
491514512
491512408
491512719
491515557
491511160
491609640
491609923
491609649
491512610
491515903
491514482
491609861
491512573
491516719
491609125
491516785
491515696
491517111
491609705
491512993
491609296
491517154
491516685
491516134
491517172
491511963
491609623
491514036
491609112
491516123
491514643
491516311
491514463
491511785
491515894
491516869
491609642
491516549
491512960
491511893
491609480
491512826
491511424
491511756
491512724
491515891
491515789
491515463
491515877
491515073
491514581
491609325
491512395
491514596
491609870
491515836
491516688
491511841
491514285
491511456
491515438
491512312
491511297
491514030
491511737
491516189
491609348
491514202
491514671
491511663
491516473
491515565
491512893
491512227
491514732
491517304
491511897
491515754
491515911
491512264
491511868
491515421
491609528
491516355
491512898
491511294
491609511
491514016
491517570
491609570
491609445
491515668
491609987
491515233
491609741
491609754
491512345
491511235
491512916
491511199
491511482
491609239
491511742
491609454
491512900
491514662
491511449
491511270
491516597
491512184
491515275
491514403
491515489
491512616
491609148
491516353
491516762
491609819
491512123
491517454
491609496
491511479
491517302
491511474
491515385
491511765
491609092
491511879
491512268
491516161
491512162
491609172
491609206
491515311
491512231
491512904
491609792
491515276
491512097
491516155
491515578
491514187
491609877
491512257
491515163
491516777
491514039
491511571
491511231
491515026
491511882
491516605
491516881
491609688
491609825
491511863
491515764
491609520
491514780
491517546
491512161
491609510
491516578
491514553
491515753
491512417
491511463
491609778
491515038
491517182
491609050
491516749
491512810
491512328
491512052
491517549
491511791
491516470
491609559
491511822
491516142
491514561
491514051
491515583
491515474
491512098
491609771
491515081
491512879
491516562
491512125
491511968
491517514
491512984
491609110
491515917
491511551
491512647
491609827
491512713
491512006
491511878
491515594
491515697
491609236
491515176
491515103
491511913
491517202
491514520
491511481
491512640
491512593
491514586
491514356
491511779
491514121
491512490
491515605
491515848
491512620
491514691
491511453
491512194
491609585
491512048
491609626
491512970
491517105
491512293
491609596
491511045
491514232
491609178
491609651
491609281
491515636
491515304
491516138
491515821
491511208
491609200
491514149
491515284
491512172
491609156
491512914
491609681
491514319
491517268
491514385
491609138
491511952
491512175
491514221
491515854
491511190
491512775
491512058
491515825
491609453
491512070
491512427
491515404
491512790
491511286
491511505
491514676
491511811
491515797
491512253
491516367
491511111
491515733
491516317
491517505
491516854
491515862
491511261
491609290
491514760
491514782
491512130
491609767
491512637
491609588
491511722
491515623
491514236
491512707
491515661
491511240
491609529
491512756
491512291
491512282
491512814
491511808
491609307
491515788
491511896
491515650
491515407
491512817
491517275
491514241
491515139
491514256
491609040
491512442
491512520
491512031
491609756
491512714
491512505
491515411
491516190
491512354
491512946
491516692
491514723
491512128
491515035
491511457
491514203
491515751
491609373
491514696
491516891
491515860
491512609
491515688
491511652
491511606
491511843
491514655
491515359
491609579
491514190
491514703
491515465
491609733
491511745
491516100
491609340
491609936
491609633
491609892
491516694
491517016
491511520
491514761
491512127
491511443
491511546
491516594
491514347
491609095
491514404
491517463
491512725
491609621
491516495
491511047
491511647
491514002
491512029
491609302
491511079
491511237
491512884
491516587
491609357
491517455
491512988
491515118
491515676
491515642
491511180
491517241
491512360
491511936
491512664
491512173
491514261
491515428
491516459
491512389
491512757
491515694
491514247
491514243
491516852
491512811
491515051
491514423
491516448
491511470
491511678
491515822
491516570
491517009
491609807
491516884
491514776
491511748
491517086
491609934
491516465
491511436
491511112
491609721
491512494
491517174
491515157
491515811
491512094
491512772
491609597
491515209
491512340
491512275
491515224
491609207
491516894
491512972
491515691
491516850
491511202
491512392
491514625
491609898
491512369
491515675
491515724
491512803
491511851
491514033
491512383
491512102
491512570
491609924
491514573
491511969
491516458
491514783
491515165
491516315
491609346
491516135
491516188
491609667
491516814
491517040
491609299
491515519
491514564
491609804
491609872
491609577
491517181
491517273
491515858
491511002
491517266
491511266
491516453
491515330
491514670
491511008
491609074
491609033
491515378
491609019
491514263
491516266
491511658
491516366
491514414
491515527
491515058
491517011
491517523
491517032
491515043
491609774
491511768
491512443
491512833
491515273
491511874
491517001
491512028
491512968
491514788
491512586
491512263
491515285
491512278
491515814
491515084
491512677
491515261
491517107
491511559
491609491
491609691
491515586
491516507
491516757
491511465
491515884
491511000
491517220
491516140
491515256
491512397
491512512
491515660
491609920
491512270
491514249
491609484
491514510
491516466
491515942
491515046
491514400
491515807
491517297
491516701
491609787
491514542
491511290
491609042
491516563
491516712
491511158
491609776
491511657
491516306
491515354
491515258
491609912
491512527
491512910
491511626
491609746
491609514
491512518
491514044
491609732
491514195
491517195
491511681
491511461
491515325
491512563
491515014
491515099
491514460
491516246
491515563
491512329
491609244
491609556
491511245
491516102
491609056
491516885
491515536
491609961
491512346
491512260
491516715
491511163
491609873
491609384
491512286
491514013
491511599
491609388
491609085
491512840
491515102
491512190
491514368
491512326
491515194
491514046
491609147
491515423
491511676
491516195
491516849
491511776
491609012
491516711
491514255
491514003
491609371
491515045
491609045
491609893
491515870
491512915
491515638
491511891
491516125
491515540
491516474
491609380
491511834
491515514
491511847
491517586
491512579
491512177
491511496
491512624
491515409
491511700
491514678
491515682
491512702
491511889
491511833
491511862
491511430
491512350
491515851
491609251
491609679
491515104
491512139
491515777
491511848
491515579
491515406
491514454
491515780
491511712
491512255
491516387
491516516
491512831
491512418
491609532
491514031
491516271
491609568
491515949
491511680
491512925
491515418
491511673
491516733
491609982
491511134
491515775
491515837
491515245
491511553
491514714
491517010
491516522
491516722
491514579
491609569
491515534
491511226
491512376
491516752
491516432
491511114
491512226
491515619
491609951
491516868
491516511
491514005
491516251
491515262
491609398
491516169
491609250
491511421
491516653
491512792
491515672
491516299
491511155
491515492
491514252
491512240
491609795
491511600
491511517
491515556
491514733
491515265
491512942
491516328
491609919
491512626
491511716
491514193
491517082
491514755
491515159
491514496
491609796
491511041
491609685
491514725
491511616
491515393
491517200
491609298
491514592
491516108
491609268
491511009
491514771
491512832
491517588
491516548
491511659
491512481
491512532
491511917
491514425
491511177
491516545
491511263
491511217
491512501
491512687
491511143
491609282
491514781
491515204
491515067
491511881
491511222
491515817
491515550
491515683
491511788
491517115
491609841
491516346
491515997
491517434
491512503
491512617
491511816
491516494
491609879
491511832
491515845
491512631
491516365
491515478
491516472
491516339
491511614
491517242
491609120
491609562
491517122
491511176
491514730
491511049
491511205
491609479
491514731
491515047
491515318
491609969
491511497
491514018
491514493
491609675
491512065
491516272
491609926
491515567
491515757
491516335
491512779
491609448
491511710
491515918
491512185
491514048
491514191
491512003
491511092
491609748
491511586
491609186
491512129
491609947
491517442
491609163
491512169
491517292
491512045
491512439
491609964
491515494
491511118
491512069
491517175
491515505
491514497
491514759
491515313
491515827
491514215
491516309
491511061
491514666
491609363
491609081
491609810
491516800
491517004
491609025
491511767
491514668
491511715
491512715
491512895
491517210
491609793
491516857
491609079
491515999
491516288
491511221
491512349
491609876
491512574
491517430
491609523
491515552
491515479
491512646
491516122
491514231
491512492
491516645
491609972
491516742
491514022
491517529
491515105
491512303
491609762
491609699
491512420
491512694
491515355
491515876
491511744
491515248
491515840
491516166
491511067
491516519
491516187
491517170
491609304
491609135
491511273
491517037
491609538
491517595
491512556
491512812
491512386
491512075
491609575
491517002
491609230
491516482
491516576
491512698
491516813
491515335
491511285
491515069
491515011
491511899
491516406
491514260
491511518
491511503
491512524
491514055
491515106
491516657
491516114
491511157
491515230
491511824
491511854
491512659
491512018
491515351
491609223
491514123
491609108
491516273
491515500
491609070
491512411
491512799
491609840
491511613
491609628
491511043
491516628
491514020
491609322
491512107
491515324
491514555
491511741
491516877
491511219
491511137
491517290
491609214
491609139
491517168
491514135
491516348
491516493
491516842
491609794
491517135
491516810
491511575
491512244
491514050
491515044
491511427
491515801
491515294
491516291
491511561
491511728
491511185
491515529
491515735
491515913
491512421
491511780
491515247
491512982
491516105
491516811
491511462
491609943
491511870
491511207
491609582
491609150
491511444
491512313
491515218
491609560
491512013
491512258
491511844
491515740
491609779
491609676
491511228
491511545
491511950
491512060
491512652
491512644
491517022
491515298
491514320
491516143
491516682
491511272
491511754
491515375
491609515
491517545
491511815
491516151
491511653
491609132
491516684
491609333
491517036
491609293
491512375
491515944
491515503
491512890
491516879
491515601
491512611
491515241
491511062
491511634
491516279
491609237
491515396
491512415
491516286
491515161
491515480
491515985
491512531
491515748
491609949
491609418
491609253
491515643
491512298
491515074
491609476
491515107
491511547
491516110
491511967
491515219
491514541
491514408
491609658
491516164
491514641
491511795
491516295
491516655
491512393
491516484
491609725
491512306
491512290
491609344
491512109
491512995
491515328
491516683
491512604
491514065
491511460
491515446
491511830
491511751
491512361
491514689
491511050
491511566
491511773
491511660
491515175
491609863
491515327
491517024
491515528
491512100
491514017
491512330
491512131
491515738
491512800
491609757
491514740
491516841
491514652
491514317
491609600
491516815
491515066
491515512
491515553
491512040
491609219
491511550
491511565
491609931
491511169
491515380
491515472
491512027
491511510
491511244
491609604
491609850
491511772
491515533
491511865
491609471
491511598
491516675
491515170
491609814
491514222
491512582
491511595
491515762
491514499
491609231
491609697
491514797
491515507
491609216
491512530
491514183
491515475
491517148
491516324
491609104
491514251
491511689
491514490
491516330
491511413
491517178
491512281
491511542
491511784
491517204
491516546
491512344
491512679
491517445
491609809
491511106
491511095
491511570
491512553
491515947
491609101
491512403
491516274
491514062
491512347
491517572
491515844
491515721
491515367
491517112
491514321
491609678
491512607
491512645
491516590
491609194
491517219
491512488
491514015
491516700
491511610
491512414
491514041
491515495
491514090
491515154
491609477
491512622
491515618
491609286
491609566
491511293
491515701
491512665
491609397
491609682
491512193
491511578
491516845
491609358
491609035
491512337
491515098
491516392
491609671
491512705
491511522
491514074
491511230
491609221
491514468
491514197
491609021
491609817
491609634
491514786
491511014
491511939
491515841
491609798
491515025
491511937
491517591
491514258
491516480
491517144
491512805
491515315
491609130
491517003
491517538
491516510
491511039
491516431
491609722
491512276
491516882
491609862
491516249
491516252
491516290
491512005
491515331
491609013
491516874
491515270
491516152
491515350
491515485
491514367
491512203
491516690
491511243
491609775
491511523
491512727
491511568
491515234
491512242
491512758
491514253
491517441
491512508
491517018
491517435
491512629
491517167
491514697
491514593
491516332
491512912
491515582
491514244
491609131
491609734
491514282
491516384
491516687
491512267
491516635
491516681
491514238
491515982
491515504
491515803
491515167
491609129
491511246
491511438
491511101
491609735
491517000
491514134
491609301
491517534
491609645
491511469
491515363
491512099
491514457
491609222
491516359
491514661
491609240
491609706
491512766
491609352
491517305
491517033
491512795
491511624
491511030
491515134
491609826
491609391
491609151
491516248
491512076
491609664
491514569
491517578
491514752
491517503
491609680
491512881
491609660
491511692
491516403
491609486
491609902
491515610
491609661
491609339
491511632
491609824
491515227
491517240
491511418
491515889
491515187
491512379
491511569
491511943
491511011
491512693
491511597
491511875
491511525
491512331
491609464
491516542
491512134
491609315
491511193
491515925
491511944
491512204
491512441
491515101
491516577
491516304
491514188
491516308
491516444
491609753
491609632
491517557
491516878
491515624
491511829
491511406
491515750
491512874
491609011
491511746
491609550
491514129
491609094
491512336
491512907
491609910
491609551
491515518
491515413
491516748
491514739
491512091
491511128
491512416
491517100
491511492
491514546
491514684
491512525
491515761
491609693
491515021
491512402
491516445
491609929
491512468
491511556
491515823
491516641
491609820
491516596
491515481
491609103
491516181
491609539
491514185
491609937
491512335
491514450
491609704
491514433
491515096
491511554
491516740
491514653
491515464
491609530
491516610
491609493
491515564
491514406
491515813
491511075
491515756
491517116
491512044
491515770
491516765
491512299
491511682
491511093
491516265
491517263
491516298
491514162
491514453
491515173
491517191
491516443
491511475
491517301
491517062
491516441
491517110
491511153
491512011
491609451
491512920
491512116
491516561
491511437
491512146
491516847
491515010
491517052
491511977
491516784
491515153
491516721
491515602
491516393
491516614
491609957
491515613
491516593
491609563
491517558
491609121
491609512
491511264
491511894
491609191
491515164
491517531
491512343
491511201
491512838
491609341
491511513
491516247
491516121
491511194
491512973
491609636
491515136
491511152
491515305
491609765
491516659
491512111
491609788
491517422
491512189
491516588
491609126
491512581
491515993
491516723
491514651
491512407
491516525
491512684
491517568
491609242
491512223
491512225
491514645
491515226
491511885
491516896
491516524
491515804
491514351
491515373
491609567
491515213
491512072
491511480
491514507
491517575
491609859
491511720
491609945
491516651
491514220
491609059
491514610
491511567
491516513
491514686
491514001
491512591
491515606
491609171
491516126
491512539
491517081
491515430
491512430
491609188
491609983
491609773
491512495
491512565
491515419
491514533
491512587
491514558
491609780
491609731
491514311
491517117
491511281
491511584
491511871
491511585
491515923
491609411
491512014
491515246
491515129
491517088
491609440
491511786
491515989
491517307
491511758
491514674
491609914
491609381
491515257
491514795
491609643
491512603
491515786
491516430
491609590
491516734
491511528
491516389
491511455
491514288
491517109
491517517
491512889
491609261
491515599
491517436
491511499
491609313
491514064
491609072
491517084
491515687
491514646
491514066
491515381
491515871
491517444
491517508
491511183
491516442
491517269
491517194
491517007
491514747
491514381
491511916
491512394
491609763
491514640
491515451
491516382
491514709
491515150
491609328
491514077
491609450
491515693
491511073
491516457
491516496
491512353
491512381
491515793
491609098
491514034
491516571
491514054
491516746
491511902
491516386
491516182
491512692
491514685
491514192
491514040
491514793
491609657
491515171
491512106
491609177
491511516
491515399
491515666
491609077
491511552
491511241
491516490
491516602
491517209
491511165
491511060
491514080
491514702
491514233
491514701
491516349
491511532
491515498
491516492
491512419
491514316
491609275
491515634
491512696
491515588
491515744
491609848
491511665
491514331
491609701
491515441
491511233
491516796
491515156
491512320
491511842
491512716
491512074
491512633
491609481
491609808
491609631
491512678
491609318
491515123
491515681
491609941
491515063
491514644
491515778
491516132
491511846
491515135
491512050
491609394
491511942
491511046
491515626
491512219
491609552
491516744
491516240
491515488
491511884
491609558
491517448
491512899
491511135
491516144
491515077
491512440
491609466
