491521017
491521522
491521561
491522672
491520644
491525533
491522887
491523402
491520674
491525219
491525816
491520598
491522708
491522986
491523193
491520789
491520535
491522598
491525296
491520473
491522622
491523192
491520310
491522829
491520750
491520900
491522289
491521184
491525285
491520719
491521498
491522333
491523190
491522741
491525493
491520460
491520193
491525131
491521421
491521740
491522911
491525952
491522447
491521402
491520968
491522330
491520389
491522566
491522712
491520825
491520915
491522872
491520984
491522280
491525877
491522177
491520775
491522586
491523792
491525729
491521465
491525827
491525379
491520154
491522621
491522606
491523826
491520602
491525933
491525626
491523857
491520966
491520465
491522415
491520716
491523750
491520761
491525673
491525425
491522194
491525696
491522719
491520381
491520398
491522652
491525844
491525998
491521289
491523404
491520864
491520359
491525134
491522798
491522301
491525287
491520529
491520843
491522211
491522870
491525722
491522145
491525512
491523274
491525944
491525649
491522435
491522370
491522231
491523637
491521781
491521679
491523103
491522992
491521840
491525526
491525543
491522772
491520487
491525191
491525660
491525487
491520659
491522669
491521359
491522738
491522218
491525367
491521320
491523841
491521399
491522102
491522206
491520981
491521098
491523105
491523686
491520534
491521578
491523196
491525628
491525678
491522618
491520378
491525374
491525993
491522101
491525742
491525178
491522962
491522959
491520738
491521717
491525727
491521524
491521302
491520770
491520769
491525891
491520418
491520616
491521030
491520947
491521016
491520318
491525695
491520923
491520445
491525658
491522347
491521601
491521447
491525141
491521170
491522894
491522191
491522949
491522422
491522999
491522282
491525586
491520875
491520655
491522632
491521768
491521766
491520569
491522483
491525577
491522866
491520493
491525845
491522787
491525853
491520240
491523200
491520622
491520172
491521020
491522749
491521131
491522884
491520413
491521321
491520417
491523351
491522906
491525330
491523807
491522583
491520824
491522635
491520926
491525320
491520762
491520393
491520177
491523895
491523710
491522650
491523394
491525633
491520928
491520934
491522197
491520587
491520137
491525712
491525338
491522688
491522466
491521014
491520478
491522760
491525532
491522476
491520835
491522923
491520354
491521337
491520134
491520341
491520422
491520131
491520431
491523685
491522285
491525341
491520416
491522895
491525991
491525566
491520155
491521904
491520258
491525206
491522263
491522183
491523712
491521141
491520400
491520880
491523707
491520635
491523825
491520145
491522308
491522494
491520514
491525364
491522389
491520208
491521919
491520747
491521056
491525183
491522574
491523276
491520199
491525687
491525286
491522924
491520513
491520407
491520100
491521146
491521821
491520494
491520160
491522484
491522419
491520893
491520249
491520379
491525876
491522456
491525643
491520607
491525513
491523713
491522969
491522797
491520348
491520401
491523270
491525782
491520836
491520365
491520461
491520684
491525496
491522631
491525613
491523706
491523673
491522680
491520405
491520326
491521833
491520527
491521361
491525734
491520363
491522543
491525479
491522931
491522934
491520102
491525841
491521813
491525528
491521341
491525951
491520980
491522404
491523373
491523419
491521703
491521452
491520987
491521686
491520776
491520827
491520794
491523678
491525918
491523821
491521756
491522185
491521664
491520592
491525387
491525812
491523425
491522298
491522683
491523379
491523424
491521188
491522782
491523897
491520936
491523850
491522196
491525620
491520949
491525609
491522205
491522208
491523641
491521525
491525635
491525149
491522518
491523765
491520156
491523652
491525964
491520610
491523628
491525588
491525689
491523372
491522437
491520708
491520231
491522279
491525327
491522407
491525299
491525893
491523709
491525333
491522572
491520182
491522675
491520202
491520360
491525390
491522485
491522983
491522358
491520325
491521545
491523891
491521384
491520336
491522293
491522134
491525645
491522273
491521750
491522700
491520234
491522567
491520457
491522764
491522277
491523697
491520462
491521486
491525280
491522990
491525892
491522914
491522533
491520935
491522396
491522955
491523722
491522532
491521482
491522697
491520281
491520645
491522926
491521502
491522944
491525376
491522657
491521449
491521812
491522766
491520546
491522597
491525965
491521927
491525563
491520178
491525340
491520745
491525819
491522781
491525314
491525656
491525305
491521227
491522269
491523382
491521124
491520374
491522348
491525675
491521408
491525268
491521704
491521135
491522711
491521144
491525464
491525272
491521340
491522157
491522210
491521741
491520924
491525266
491520328
491525388
491522960
491520944
491522462
491520670
491522257
491521028
491521920
491520440
491523387
491520412
491522256
491525682
491523780
491522695
491521699
491521136
491521126
491520194
491521521
491523725
491520185
491520728
491523723
491521259
491522499
491522292
491521343
491522320
491521160
491521386
491521368
491522432
491521928
491521480
491523682
491520734
491525360
491523680
491522746
491523625
491520106
491525930
491525600
491520396
491520329
491522246
491523856
491522473
491525342
491523662
491522917
491520701
491522901
491522604
491521417
491522188
491522186
491525894
491522474
491525474
491520992
491522853
491522342
491522561
491522685
491520296
491522723
491521382
491523629
491522721
491525589
491522324
491523413
491520167
491520742
491525176
491525100
491525771
491520851
491522313
491525297
491523203
491520858
491522309
491522176
491522757
491525450
491520707
491525591
491521774
491520564
491522266
491522641
491520277
491525382
491522806
491520187
491523855
491522625
491522374
491523201
491522139
491521436
491521084
491525405
491522788
491522696
491525517
491525720
491520792
491522405
491522167
491522189
491525716
491525161
491522403
491523271
491520335
491521420
491522985
491525353
491521010
491520760
491525473
491520717
491523785
491520433
491520764
491521847
491525701
491522520
491522174
491520538
491520593
491525306
491520925
491520268
491523720
491520522
491520948
491522445
491525519
491522353
491525842
491521097
491522371
491520686
491525793
491525404
491520437
491522164
491522165
491520213
491522454
491523737
491522236
491521045
491525686
491521801
491520648
491520196
491521442
491525524
491523350
491522384
491520320
491525917
491525869
491522510
491520278
491521303
491522994
491522623
491525271
491521133
491520772
491521929
491520265
491525470
491520982
491522612
491521050
491520315
491522883
491520174
491523726
491522953
491520430
491525335
491525653
491523742
491521866
491525486
491521541
491525194
491523416
491522720
491525794
491522808
491522155
491525200
491521410
491522545
491525736
491520662
491525436
491521742
491520877
491521019
491520439
491521497
491521803
491522433
491525760
491522970
491520292
491525461
491523848
491520879
491525761
491523740
491521567
491523752
491521934
491525973
491525605
491520887
491522978
491525451
491520349
491520605
491520567
491522202
491525610
491520402
491520702
491521207
491525640
491522368
491525158
491520711
491523422
491522948
491521156
491520907
491521933
491520673
491522860
491522813
491522163
491520549
491520783
491522491
491522591
491520833
491522158
491522899
491525616
491520560
491520767
491520782
491522323
491525745
491525954
491520264
491520239
491522424
491522477
491522304
491525595
491521305
491522943
491520568
491520830
491523471
491520870
491525427
491520566
491522350
491522951
491520312
491521722
491521542
491525407
491522438
491525430
491525409
491521416
491521060
491523417
491521609
491525703
491522216
491520247
491520969
491522569
491521782
491521314
491520470
491525317
491520540
491523849
491522707
491525707
491525565
491525180
491525972
491525366
491522667
491522639
491522613
491522705
491520303
491520309
491522684
491525536
491520545
491525934
491520532
491520865
491525378
491520251
491523771
491521381
491525336
491522936
491522779
491521346
491522326
491525674
491521328
491521496
491522527
491521155
491520730
491522198
491522375
491521672
491522217
491521163
491523751
491520162
491520357
491522776
491525763
491525811
491522993
491523173
491521120
491523397
491522648
491520669
491522898
491523899
491525349
491522664
491523414
491525403
491521902
491522240
491520871
491520588
491522575
491523198
491525455
491521213
491525611
491520967
491522276
491525214
491521409
491522756
491523205
491521671
491522998
491523358
491523371
491520350
491523735
491521107
491525655
491523871
491521078
491522874
491520376
491525738
491521366
491522212
491525402
491522406
491521485
491522329
491520613
491520582
491522879
491522195
491525969
491525516
491522271
491525870
491522400
491522436
491521883
491522352
491522482
491521665
491525475
491525615
491523420
491522882
491525632
491521469
491525849
491525711
491520403
491525670
491525460
491520908
491521701
491523773
491520743
491520322
491522713
491520785
491525909
491522305
491520132
491525754
491522169
491522701
491520452
491523617
491522865
491522663
491522858
491520453
491521335
491520744
491520853
491525210
491522332
491525974
491521037
491521566
491520841
491523716
491523216
491523618
491522654
491521903
491523847
491522465
491520696
491520297
491522253
491520163
491523793
491521500
491521015
491520489
491525377
491521638
491520157
491520758
491520834
491522380
491523748
491521072
491520367
491520941
491522303
491522274
491522856
491525630
491522327
491523632
491522956
491520332
491522950
491520828
491520355
491525478
491521534
491521896
491525523
491521511
491521440
491520299
491525413
491522737
491521886
491520263
491520715
491521810
491522715
491523953
491525592
491525431
491521697
491525421
491520197
491522104
491520492
491520525
491521071
491521890
491520867
491525510
491525590
491522190
491525719
491522207
491522434
491525755
491520866
491522392
491522349
491523195
491521398
491525167
491520351
491520661
491521404
491523172
491520637
491523884
491522490
491520680
491521941
491520903
491521387
491522793
491523455
491521771
491520548
491521674
491525890
491520515
491521316
491520547
491520302
491525702
491520666
491525328
491525361
491520562
491522666
491523375
491522971
491525466
491525564
491520920
491521355
491522444
491525373
491520107
491523667
491522247
491523408
491525420
491522921
491520927
491522665
491522278
491525855
491525584
491520710
491520373
491521675
491523775
491522378
491522306
491520590
491520585
491521849
491522671
491523189
491521389
491525612
491521696
491521780
491525325
491525990
491525155
491520860
491521689
491525683
491525780
491522636
491523381
491523727
491525175
491522488
491521397
491525298
491525534
491520324
491525312
491525217
491525195
491520358
491521814
491522967
491521066
491525177
491525499
491523104
491522365
491525350
491525542
491522245
491523359
491521364
491520291
491523184
491520216
491525106
491521908
491522168
491522607
491523779
491522430
491523805
491521333
491521778
491523852
491520428
491525797
491522517
491522294
491520951
491522972
491522968
491523705
491525914
491522800
491521894
491520911
491520543
491520671
491525705
491522892
491525642
491522732
491525230
491522425
491520973
491522686
491523389
491525846
491522270
491521731
491523176
491525710
491520740
491522182
491525920
491523432
491520343
491522585
491522441
491522940
491523898
491525456
491520252
491525197
491523108
491520450
491522634
491522579
491523668
491525319
491521483
491522982
491522192
491525919
491520632
491520280
491521322
491520209
491520634
491520206
491520983
491525578
491522286
491525241
491523215
491520286
491525604
491520931
491525463
491521851
491523950
491522633
491521695
491521046
491522178
491521462
491525400
491520362
491523437
491520523
491522105
491520168
491525357
491520384
491520826
491522674
491525935
491525929
491520475
491522644
491522100
491522295
491522209
491525910
491521197
491525982
491522877
491523357
491520148
491521223
491525580
491522363
491520873
491520327
491521835
491525172
491521783
491522922
491520333
491520399
491523279
491521201
491523822
491525685
491521506
491521570
491520242
491525709
491520778
491522748
491520874
491525518
491520771
491521898
491520746
491525751
491522244
491522739
491520571
491525147
491520753
491520815
491523433
491525429
491522896
491523477
491520642
491525275
491523715
491525859
491523734
491520233
491522791
491521032
491522889
491525414
491522411
491522945
491520215
491525237
491523376
491523452
491525691
491525359
491520638
491520939
491523202
491523788
491521457
491523721
491520164
491523676
491523390
491521362
491523171
491521198
491520105
491520443
491525346
491521513
491520945
491522886
491522459
491525629
491522340
491525348
491522590
491521477
491525989
491525758
491521564
491523892
491520146
491522995
491523663
491522230
491523353
491525857
491520822
491525426
491522156
491520765
491522770
491523845
491525872
491521349
491525873
491520849
491525750
491521212
491521365
491520901
491521325
491520518
491525380
491523185
491525231
491525625
491521186
491523438
491522802
491520756
491520149
491521123
491521433
491522629
491525181
491525324
491521804
491522318
491521684
491522284
491523374
491522265
491522540
491521205
491521888
491525171
491520279
491520619
491525947
491520847
491520490
491525394
491520290
491521367
491522599
491525240
491522725
491520481
491525355
491525248
491520574
491522390
491520988
491525209
491523755
491522103
491523666
491522391
491525288
491520914
491522512
491525968
491521724
491522682
491523409
491520916
491520820
491520198
491522249
491521293
491522987
491525984
491523354
491525295
491522755
491522316
491525681
491520334
491521304
491525956
491522369
491520796
491525316
491525201
491522795
491520274
491525618
491522908
491522731
491522656
491522496
491523626
491522952
491523631
491520317
491521051
491522184
491523197
491521862
491525259
491522261
491522481
491520141
491522401
491521743
491521758
491521616
491525435
491523362
491523784
491525410
491525570
491522576
491525698
491522580
491525866
491520366
491523388
491525415
491521598
491521678
491525941
491520495
491520436
491523214
491522147
491523696
491521152
491520660
491523395
491522219
491525714
491523363
491525465
491522909
491521606
491521725
491525395
491523273
491523199
491521481
491522752
491520913
491520933
491522773
491520885
491523952
491523355
491523383
491520308
491525276
491525137
491523352
491520672
491523644
491520321
491520714
491520179
491520653
491525477
491522281
491525740
491523398
491525243
491522600
491521918
491522486
491525730
491525189
491523378
491520955
491521865
491521503
491521451
491520173
491520883
491525458
491522587
491525717
491525887
491525601
491522643
491522258
491522596
491522698
491520623
491522467
491520266
491522761
491525839
491520191
491520601
491523739
491525284
491521127
491520881
491525962
491520276
491520922
491520254
491520424
491520176
491521626
491525817
491520262
491522238
491520380
491522601
491523403
491522904
491520741
491522947
491521822
491520654
491525242
491525596
491523434
491525192
491520192
491521204
491520410
491525854
491520136
491523798
491521825
491520720
491521690
491525602
491525150
491522343
491520243
491520152
491520210
491522679
491520313
491521858
491521602
491525406
491520150
491522745
491521239
491522997
491525260
491525274
491523741
491525960
491525165
491522954
491522423
491520946
491525130
491521445
491522451
491522487
491523782
491521708
491525765
491525529
491522549
491523206
491520536
491520294
491522525
491525896
491521105
491525267
491520175
491523687
491525560
491520729
491522521
491520372
491521754
491520311
491520786
491523472
491522166
491523178
491521458
491522727
491522242
491525236
491520859
491525843
491522399
491520615
491520795
491521318
491525303
491520868
491521784
491525915
491525848
491520458
491520190
491520345
491521617
491522362
491521295
491525213
491523732
491522541
491522402
491523879
491520219
491525769
491522160
491525781
491520768
491520338
491525598
491520204
491523377
491522841
491521033
491522201
491522131
491522335
491525690
491523700
491523766
491523610
491520256
491523757
491525955
491523760
491520889
491522302
491523851
491520429
491521468
491522785
491520544
491525398
491525381
491522310
491525741
491521747
491520676
491522464
491520346
491525912
491522946
491525617
491522891
491520521
491523694
491525809
491523204
491522260
491521464
491522815
491522531
491521282
491525369
491520971
491525783
491525434
491525439
491525347
491523776
491522546
491520573
491520629
491522446
491522252
491520451
491525718
491522653
491525457
491520435
491525871
491522699
491520314
491522777
491523635
491521083
491522592
491520353
491525572
491522660
491525627
491522159
491525514
491520856
491521203
491520356
491522810
491522275
491525311
491520454
491521938
491521940
491522692
491520919
491523180
491525799
491522869
491525743
491525488
491520486
491522847
491522463
491525145
491525766
491521405
491522187
491523368
491520700
491520147
491522356
491522251
491522150
491520533
491525723
491522489
491523627
491523736
491521148
491522929
491520103
491522297
491525278
491525759
491523412
491525187
491522339
491522344
491520415
491521769
491520606
491521044
491525735
491521187
491520479
491521905
491520600
491521150
491522516
491525886
491523194
491523369
491522341
491525684
491522589
491522717
491522180
491520169
491520364
491521182
491525199
491521236
491521138
491525386
491522826
491521777
491522767
491523799
491522747
491520989
491521472
491520608
491521327
491521687
491525371
491522655
491525321
491522859
491525146
491525215
491521281
491525997
491522542
491521727
491525651
491520516
491520467
491523688
491522578
491525949
491525744
491520621
491523882
491525829
491522321
491520201
491523872
491523774
491521873
491523406
491521064
491521471
491525895
491525790
491522250
491522691
491520498
491522907
491523859
491521514
491525757
491522646
491525391
491525107
491522809
491522409
491523781
491525791
491520709
491520497
491522799
491523356
491522759
491522416
491521414
491525351
491521423
491522469
491525548
491520690
491522325
491525706
491522235
491522299
491525203
491520857
491521057
491525417
491522903
491520667
491520596
491522918
491520755
491520275
491521491
491522354
491521061
491520726
491520414
491522885
491520188
491520898
491522716
491520183
491522681
491525957
491523278
491525258
491520331
491523633
491521537
491522626
491520108
491520421
491520869
491523893
491523896
491522468
491525966
491525638
491523639
491525549
491525961
491522928
491522881
491520614
491523703
491520371
491521068
491525103
491525491
491520238
491522408
491520476
491520906
491525304
491521463
491525283
491520839
491522448
491521175
491521895
491522568
491520395
491520301
491521151
491522964
491525337
491522662
491525527
491520444
491525700
491525948
491520953
491520483
491525153
491520650
491525708
491520954
491525945
491521013
491520459
491520854
491522843
491520876
491525289
491522200
491520484
491520377
491520267
491523457
491520706
491523191
491520426
491521193
491522563
491520203
491520773
491520528
491525746
491523951
491522345
491522595
491521846
491522963
491522455
491525352
491520930
491525345
491523796
491523820
491525497
491520408
491520586
491520882
491522624
491520577
491523366
491520850
491522965
491520200
491523428
491523730
491520512
491521153
491521926
491520485
491520798
491522801
491522871
491520295
491521760
491521795
491522771
491522608
491521179
491523660
491521936
491522449
491525576
491523853
491525326
491521912
491523789
491525623
491525489
491523684
491521816
491523384
491522573
491520542
491523426
491523275
491523797
491525789
491521459
491521196
491520704
491522137
491520293
491522479
491522361
491523360
491525265
491522890
491523421
491520419
491525365
491520142
491522762
491520471
491520636
491522768
491521332
491521790
491521157
491525858
491525235
491523622
491525847
491523456
491520447
491523873
491525462
491520731
491520244
491520591
491525878
491525329
491525422
491520685
491522659
491522130
491521757
491520631
491522933
491522410
491523830
491520565
491520855
491525749
491522840
491520171
491523439
491522774
491521043
491525975
491525142
491523181
491522862
491523211
491522734
491525277
491523361
491520282
491525694
491523670
491525157
491523370
491520340
491522861
491529000
491523410
491522529
491525756
491522524
491522366
491521668
491521872
491522427
491525737
491522132
491525416
491520766
491522393
491520625
491523746
491521815
491523738
491522283
491522678
491522630
491520434
491525273
491522248
491525182
491521728
491520448
491525971
491520986
491520241
491522941
491521515
491522638
491520285
491520703
491520668
491520932
491525942
491522431
491520211
491522980
491522255
491520821
491520561
491522728
491520575
491520369
491523808
491525541
491525913
491521288
491522138
491522620
491521403
491520361
491520581
491520104
491522133
491520797
491520387
491523418
491522989
491525879
491525282
491520253
491525307
491525202
491523170
491525184
491525238
491520480
491523786
491525641
491522703
491523764
491521755
491522173
491522450
491520583
491525538
491521818
491525637
491525752
491525936
491520733
491525571
491521284
491525302
491525385
491525148
491525537
491525279
491525208
491525561
491521299
491525190
491525983
491525247
491520468
491522346
491525768
491522161
491523729
491523407
491520385
491522726
491522233
491522143
491522351
491521467
491522360
491520352
491520388
491525753
491520921
491520170
491523640
491521063
491522232
491525423
491523208
491525992
491520288
491522319
491522179
491520912
491523399
491525787
491521859
491525676
491525104
491525540
491525174
491522234
491523642
491520918
491522610
491520153
491525204
491521720
491520449
491520181
491525721
491521824
491521312
491521215
491520347
491525384
491521195
491523365
491520845
491520184
491525785
491523393
491522851
491521793
491520217
491520472
491520894
491525132
491522193
491521344
491523749
491522676
491520844
491521406
491523386
491520304
491521568
491521330
491525310
491523479
491520212
491521719
491520442
491525728
491522910
491521034
491522440
491521142
491520752
491521110
491520937
491525614
491522154
491520250
491520777
491523179
491525786
491523183
491523364
491523778
491520831
491522181
491525814
491525677
491520245
491522724
491523634
491523451
491525875
491522355
491525339
491520863
491525978
491520599
491522267
491520411
491521663
491521702
491525263
491525979
491523804
491522930
491520779
491521487
491520646
491520300
491525530
491523415
491520158
491525713
491522458
491520975
491521854
491520942
491523669
491523759
491525160
491520230
491523470
491523828
491525569
491520289
491521369
491522689
491520406
491525567
491522241
491520904
491523664
491520466
491522290
491522846
491520878
491520284
491520455
491521753
491525647
491525922
491521680
491523385
491523717
491522670
491523840
491522763
491523777
491523177
491520594
491525233
491520344
491523106
491525603
491520633
491522794
491520787
491525315
491522172
491525619
491521915
491522925
491523392
491523744
491523894
491520791
491525401
491522783
491525970
491522743
491520965
491522704
491520305
491521122
491521392
491525485
491525784
491525535
491520861
491523423
491525579
491520159
491520639
491520572
491520382
491521932
491520477
491525168
491523719
491525654
491525234
491521744
491521621
491525931
491522961
491520186
491522442
491521786
491521600
491522373
491523436
491520943
491522991
491525334
491525606
491523767
491520886
491521829
491525246
491520246
491525185
491525261
491520520
491525996
491522649
491525452
491525196
491520604
491522417
491522296
491521789
491522687
491525454
491523400
491523186
491525731
491520237
491525318
491520530
491525582
491525173
491521047
491521294
491523459
491525733
491520872
491520580
491522863
491523107
491521191
491520541
491523728
491525672
491522372
491521806
491520584
491520884
491520165
491522564
491520732
491525568
491521025
491520337
491521788
491522535
491522420
491523623
491525393
491523731
491525354
491525953
491520735
491525188
491525159
491521729
491525469
491522875
491520496
491522495
491520446
491520950
491522751
491522418
491525249
491525739
491522571
491521581
491520499
491521706
491520427
491522864
491521709
491521922
491521235
491525198
491520892
491520890
491520570
491521214
491522268
491522784
491521200
491520330
491525938
491521022
491520589
491522480
491520143
491521597
491521011
491521396
491525323
491522693
491520603
491523391
491522852
491520620
491522588
491525796
491520618
491521041
491520739
491522744
491523858
491522958
491520370
491522412
491521432
491521924
491520273
491525544
491522857
491525418
491520161
491522106
491525852
491522957
491520862
491525764
491520917
491525363
491520218
491522376
491520952
491522640
491522560
491520748
491522796
491523643
491525899
491521036
491523783
491522996
491525547
491523476
491522472
491523671
491521075
491520180
491520101
491522765
491525593
491520420
491520896
491523768
491525958
491521916
491521062
491520205
491521942
491521374
491522673
491521691
491522920
491521306
491525622
491523756
491520236
491520985
491523699
491522979
491525650
491525139
491523769
491525767
491522718
491520612
491520394
491521444
491523772
491525397
491525344
491521528
491522428
491520763
491525480
491521848
491521285
491522414
491522322
491525662
491522593
491522916
491525976
491522789
491525495
491523453
491523681
491522239
491522254
491521887
491520597
491520255
491522312
491520298
491525594
491522386
491522337
491525313
491522460
491523188
491522108
491525459
491522148
491525907
491521446
491523844
491522388
491520383
491520712
491522977
491522300
491522927
491525680
491521899
491525902
491522868
491520524
491521688
491523761
491520647
491520595
491521775
491525715
491522694
491523380
491523714
491521493
491522935
491522932
491521710
491525693
491525581
491525545
491525290
491520940
491521536
491522151
491520432
491522792
491520718
491525937
491525661
491520832
491525264
491521307
491525138
491520316
491525788
491522722
491525943
491521308
491522452
491525424
491525597
491521077
491525986
491521944
491525634
491521158
491525358
491522338
491523450
491523401
491525940
491522873
491522170
491525546
491520195
491520438
491525621
491522753
491521162
491521058
491523708
491521745
491525411
491525322
491520784
491521794
491523718
491525856
491521805
491521520
491525412
491521338
491525428
491525792
491525897
491520630
491521800
491521870
491520998
491520970
491520323
491520463
491525468
491525193
491520339
491520441
491520539
491522315
491522645
491521712
491522562
491522135
491525392
491525467
491523824
491521137
491520840
491520283
491525370
491520757
491523475
491522475
491525482
491522786
491525399
491520140
491520151
491520929
491520425
491523636
491522287
491520133
491522149
491522264
491520386
491522426
491522175
491520656
491522811
491520793
491525631
491521429
491520651
491525692
491522536
491520713
491520375
491522876
491525985
491522413
491525212
491522729
491520404
491523435
491520938
491520895
491525483
491521380
491522754
491520269
491525967
491520287
491522107
491520852
491525926
491525636
491520905
491520628
491521300
491525932
491525135
491522394
491520166
491523829
491525732
491520259
491520891
491520751
491523396
491522515
491521796
491520342
491520624
491521356
491520397
491520531
491520579
491522651
491523427
491520790
491520910
491525850
491522243
491525863
491520207
491525639
491521354
491522548
491520837
491521315
491525539
491523174
491520812
491523429
491523677
491520488
491521759
491520306
491525362
491523876
491520611
491525105
491522893
491520974
491523367
491523842
491520658
491520144
491525383
491522937
491523207
491525813
491520138
491521730
491525419
491522844
491521269
491525562
491522584
491521443
491522855
491523651
491521842
491520232
491520519
491522513
491522897
491523218
491521206
491522136
491525205
491521571
491523473
491522272
491522878
491522381
491521751
491522331
491520391
491523411
491525906
491522845
491520823
491520897
491520799
491522328
491525585
491525652
491521103
491525186
491523827
491523787
491520736
491522775
491525697
491522443
491523890
491521925
491525472
491520248
491521694
491521456
491523478
491525959
491525599
491525583
491520511
491522514
491522478
491521435
491525140
491523704
491520759
491525704
491520641
491520307
491525900
491522526
491522522
491522203
491520902
491525471
491525901
491520838
491522709
491525245
491525646
491522594
491525179
491521454
491522317
491525874
491521856
491521461
491525368
491522867
491521495
491525840
491525980
491522658
491525748
491522530
491522976
491525232
491521507
491525136
491525170
491521390
491522259
491520409
491523182
491523474
491520957
491525648
491522199
491525343
491522544
491523187
491520390
491525375
491522429
491521450
491522214
491523209
491521826
491523753
491520474
491520754
491523665
491522706
491525396
491521095
491525762
491522730
491525725
491522336
491522661
491523693
491525300
491522617
491523175
491525356
491520846
491520392
491520423
491523770
491525995
491520261
491521324
491520214
491525262
491521208
491520609
491523650
491521351
491522611
491521673
491525476
491523454
491520135
491522905
491525575
491520899
491522758
491521026
491525372
491521415
491525851
491523630
491522109
491523843
491523674
491523745
491522314
491521535
491520749
491523405
491521510
491523809
491522966
491523846
491525389
491525270
491525408
491522619
491522204
491525939
491525101
491525269
491522511
491521501
491522647
491520235
