25562501
25562857
25562563
25562607
25562734
25562837
25562678
25562540
25562139
25562161
25562893
25562499
25562278
25562771
25562689
25562155
25562186
25562450
25562535
25562064
25562012
25562834
25562524
25562442
25562470
25562048
25562268
25562439
25562320
25562423
25562508
25562309
25562374
25562701
25562100
25562752
25562942
25562178
25562322
25562741
25562707
25562726
25562970
25562830
25562027
25562582
25562616
25562109
25562455
25562669
25562368
25562383
25562718
25562244
25562533
25562924
25562505
25562330
25562111
25562310
25562866
25562495
25562591
25562560
25562666
25562797
25562812
25562150
25562488
25562964
25562536
25562929
25562216
25562914
25562674
25562639
25562716
25562144
25562053
25562425
25562897
25562920
25562424
25562941
25562414
25562056
25562548
25562899
25562127
25562636
25562033
25562808
25562298
25562643
25562655
25562872
25562341
25562597
25562058
25562001
25562915
25562759
25562230
25562140
25562280
25562567
25562677
25562974
25562584
25562427
25562803
25562742
25562565
25562754
25562384
25562628
25562523
25562576
25562233
25562249
25562145
25562021
25562375
25562014
25562474
25562590
25562969
25562317
25562364
25562073
25562814
25562389
25562676
25562587
25562207
25562173
25562214
25562654
25562401
25562515
25562378
25562163
25562704
25562862
25562266
25562664
25562290
25562832
25562723
25562128
25562350
25562065
25562589
25562957
25562695
25562901
25562059
25562650
25562521
25562052
25562791
25562657
25562998
25562210
25562818
25562042
25562239
25562728
25562509
25562620
25562229
25562171
25562708
25562637
25562513
25562671
25562856
25562106
25562297
25562497
25562082
25562724
25562532
25562841
25562404
25562527
25562649
25562733
25562314
25562496
25562667
25562909
25562709
25562843
25562203
25562277
25562264
25562162
25562025
25562829
25562395
25562879
25562916
25562355
25562365
25562137
25562185
25562238
25562336
25562875
25562107
25562714
25562126
25562531
25562839
25562262
25562926
25562721
25562864
25562917
25562406
25562763
25562959
25562191
25562465
25562085
25562068
25562392
25562746
25562372
25562873
25562397
25562070
25562143
25562793
25562039
25562825
25562458
25562965
25562071
25562352
25562889
25562835
25562265
25562717
25562049
25562256
25562485
25562034
25562321
25562984
25562328
25562853
25562388
25562831
25562443
25562114
25562333
25562923
25562293
25562784
25562629
25562599
25562506
25562580
25562953
25562072
25562731
25562878
25562390
25562842
25562617
25562755
25562766
25562662
25562833
25562429
25562727
25562538
25562412
25562702
25562478
25562670
25562776
25562294
25562158
25562570
25562973
25562732
25562804
25562154
25562451
25562167
25562778
25562696
25562605
25562823
25562743
25562819
25562564
25562566
25562078
25562077
25562794
25562757
25562595
25562954
25562248
25562868
25562906
25562030
25562980
25562918
25562558
25562663
25562084
25562838
25562698
25562386
25562573
25562118
25562891
25562863
25562796
25562340
25562313
25562713
25562600
25562377
25562360
25562099
25562665
25562503
25562271
25562079
25562363
25562571
25562577
25562908
25562348
25562644
25562147
25562613
25562420
25562975
25562847
25562798
25562279
25562198
25562745
25562813
25562507
25562475
25562619
25562463
25562240
25562534
25562399
25562255
25562706
25562419
25562166
25562810
25562237
25562184
25562528
25562490
25562324
25562047
25562316
25562994
25562634
25562119
25562318
25562539
25562152
25562668
25562449
25562611
25562902
25562223
25562307
25562088
25562871
25562391
25562123
25562517
25562578
25562432
25562020
25562131
25562995
25562080
25562180
25562148
25562335
25562748
25562308
25562850
25562017
25562777
25562561
25562312
25562387
25562927
25562398
25562101
25562270
25562687
25562418
25562396
25562192
25562900
25562234
25562195
25562494
25562369
25562774
25562202
25562011
25562660
25562103
25562740
25562824
25562193
25562947
25562311
25562407
25562116
25562840
25562554
25562519
25562436
25562928
25562905
25562621
25562950
25562530
25562018
25562911
25562227
25562631
25562930
25562400
25562486
25562057
25562946
25562606
25562885
25562129
25562382
25562212
25562251
25562263
25562130
25562243
25562373
25562272
25562692
25562780
25562441
25562231
25562937
25562344
25562146
25562697
25562867
25562845
25562938
25562859
25562854
25562800
25562719
25562956
25562641
25562403
25562043
25562394
25562944
25562258
25562444
25562484
25562247
25562151
25562934
25562448
25562286
25562013
25562575
25562960
25562093
25562038
25562046
25562865
25562367
25562769
25562329
25562781
25562572
25562179
25562679
25562160
25562705
25562453
25562259
25562067
25562585
25562024
25562211
25562688
25562221
25562512
25562767
25562122
25562979
25562273
25562821
25562598
25562426
25562302
25562260
25562765
25562031
25562790
25562877
25562675
25562303
25562962
25562157
25562022
25562593
25562343
25562568
25562955
25562097
25562459
25562626
25562026
25562169
25562032
25562516
25562569
25562898
25562134
25562200
25562124
25562826
25562029
25562583
25562358
25562725
25562658
25562275
25562009
25562672
25562939
25562645
25562699
25562943
25562963
25562284
25562069
25562773
25562683
25562910
25562242
25562987
25562430
25562285
25562652
25562661
25562437
25562189
25562362
25562729
25562201
25562177
25562135
25562799
25562246
25562274
25562224
25562921
25562037
25562610
25562036
25562136
25562951
25562602
25562306
25562730
25562102
25562764
25562739
25562402
25562811
25562907
25562347
25562919
25562715
25562882
25562469
25562890
25562932
25562456
25562648
25562596
25562376
25562985
25562083
25562481
25562339
25562295
25562477
25562121
25562356
25562245
25562428
25562861
25562736
25562802
25562473
25562550
25562016
25562579
25562751
25562993
25562514
25562115
25562063
25562476
25562002
25562782
25562747
25562801
25562881
25562466
25562165
25562226
25562482
25562982
25562337
25562461
25562138
25562354
25562028
25562622
25562300
25562190
25562848
25562055
25562446
25562415
25562547
25562952
25562852
25562904
25562379
25562483
25562627
25562353
25562961
25562681
25562537
25562788
25562988
25562673
25562502
25562086
25562783
25562035
25562816
25562614
25562371
25562188
25562393
25562815
25562323
25562997
25562422
25562805
25562786
25562342
25562019
25562913
25562691
25562855
25562051
25562133
25562700
25562041
25562525
25562851
25562608
25562772
25562168
25562991
25562545
25562971
25562886
25562467
25562612
25562779
25562544
25562703
25562301
25562164
25562417
25562007
25562359
25562638
25562680
25562977
25562896
25562836
25562447
25562472
25562218
25562232
25562623
25562615
25562912
25562642
25562827
25562750
25562010
25562219
25562092
25562366
25562903
25562630
25562326
25562693
25562215
25562996
25562182
25562686
25562869
25562125
25562562
25562510
25562174
25562361
25562574
25562431
25562283
25562487
25562091
25562518
25562529
25562526
25562820
25562338
25562522
25562635
25562267
25562460
25562176
25562175
25562282
25562880
25562257
25562888
25562187
25562604
25562104
25562468
25562299
25562250
25562647
25562408
25562553
25562438
25562281
25562381
25562768
25562828
25562557
25562983
25562489
25562015
25562756
25562990
25562287
25562253
25562601
25562651
25562074
25562141
25562332
25562491
25562410
25562315
25562252
25562209
25562235
25562722
25562690
25562795
25562936
25562625
25562656
25562416
25562334
25562883
25562556
25562409
25562000
25562471
25562592
25562753
25562005
25562291
25562062
25562682
25562081
25562421
25562197
25562551
25562433
25562196
25562884
25562004
25562108
25562659
25562792
25562711
