25567916
25567718
25565246
25571282
25567743
25565414
25565999
25571901
25565340
25565104
25567386
25571580
25565377
25571241
25565706
25567603
25571917
25567505
25567414
25565995
25565420
25567819
25567725
25571075
25565219
25571530
25565970
25567874
25567289
25565260
25571574
25571105
25565688
25571214
25571068
25571035
25571162
25565879
25571095
25571236
25571249
25565257
25565764
25571601
25565912
25565596
25565395
25571071
25565816
25571760
25571761
25571987
25565310
25567144
25565252
25571802
25571121
25567337
25571205
25565351
25565893
25571005
25567715
25567996
25571252
25565754
25567695
25567907
25565694
25567765
25567721
25567963
25571491
25567857
25571687
25571831
25567169
25565330
25567380
25571688
25567698
25565259
25565509
25571175
25567814
25565323
25571932
25567889
25571944
25571041
25571260
25567259
25571339
25565799
25571662
25571101
25567583
25571918
25567661
25565851
25565009
25567970
25571081
25567575
25571839
25565455
25565757
25565522
25567379
25567618
25565304
25571146
25571941
25567644
25565511
25571766
25571565
25571954
25571939
25565598
25565558
25571399
25567422
25571259
25567302
25567941
25565828
25565274
25571418
25571360
25571605
25567950
25567920
25567662
25571629
25567777
25567390
25567802
25571348
25567787
25565001
25571990
25571040
25565465
25567284
25571284
25571964
25567374
25565493
25571651
25567287
25571775
25571354
25565309
25571847
25571001
25571731
25571816
25571245
25567727
25567664
25571528
25567438
25565939
25565917
25571152
25571268
25567423
25567436
25571085
25571657
25565564
25567822
25571536
25571786
25565725
25571274
25565837
25571153
25567995
25571826
25571589
25571512
25565681
25565781
25571818
25565845
25571225
25567198
25565825
25567489
25565847
25571303
25567372
25571322
25567533
25565769
25567580
25565477
25571276
25567846
25571261
25567741
25565661
25565183
25567943
25565720
25571174
25571454
25571290
25571631
25571270
25565363
25571330
25565530
25565719
25567539
25571738
25571739
25567972
25567412
25565033
25567042
25565433
25565129
25567782
25567667
25571910
25571702
25567227
25571658
25571524
25565699
25571496
25571365
25567237
25571817
25571810
25565604
25567233
25571560
25571993
25571967
25565237
25567919
25571940
25565602
25565855
25565589
25565572
25565680
25567058
25567932
25565137
25567585
25571013
25565647
25565749
25565915
25565292
25567568
25567833
25571452
25567238
25567588
25565267
25565249
25565665
25567531
25571158
25571554
25567235
25565616
25571908
25571575
25567968
25567577
25565235
25567200
25571633
25567826
25571137
25571795
25567910
25567006
25565388
25567215
25565630
25567012
25565418
25567755
25565924
25571730
25571698
25571587
25565285
25565990
25571828
25571544
25571223
25565399
25567720
25565353
25565160
25565608
25565774
25565996
25565988
25567816
25567635
25565398
25565724
25565512
25565287
25571696
25571983
25565220
25571973
25565989
25565998
25571020
25565342
25567780
25567432
25567875
25571342
25567821
25565751
25567160
25571347
25571835
25565266
25571806
25565499
25565808
25567628
25565422
25571504
25565282
25565959
25567162
25571707
25571814
25565232
25565951
25565548
25567532
25571302
25565869
25567276
25571281
25571726
25565448
25567243
25571212
25571499
25567356
25567405
25567851
25567775
25571740
25571433
25567477
25567336
25571607
25571098
25565928
25571958
25571333
25567923
25571578
25567880
25571927
25565955
25567317
25571382
25567393
25567758
25571425
25565585
25567608
25567606
25565406
25571287
25565520
25565462
25571269
25565767
25567394
25565543
25567660
25565105
25567299
25571513
25567800
25571748
25567980
25565449
25567637
25571792
25571094
25565080
25571563
25565341
25565436
25571654
25567713
25567518
25571784
25567808
25571308
25565581
25571414
25571531
25565683
25571265
25565798
25571505
25567474
25567408
25571597
25567312
25571209
25571518
25571849
25567034
25571168
25571529
25571230
25565402
25565307
25565944
25571108
25565218
25565171
25565738
25571879
25567229
25571936
25571649
25567696
25567629
25565206
25567688
25565454
25571185
25567692
25565770
25571324
25567858
25571834
25571909
25571307
25571882
25565991
25571221
25571119
25571595
25571747
25567403
25567768
25571379
25571647
25567251
25567827
25571144
25567262
25567092
25571131
25565613
25571562
25571112
25565294
25565971
25565046
25571413
25565348
25567426
25571771
25567304
25565223
25565524
25571010
25565871
25565820
25565994
25567290
25567886
25567621
25571588
25565708
25571745
25567753
25567333
25565926
25567975
25565536
25571961
25571590
25571819
25567845
25571277
25567310
25565143
25567918
25565560
25571411
25571464
25567543
25567410
25567817
25567913
25571500
25571722
25565302
25567148
25571357
25567953
25571843
25567670
25567899
25571285
25571911
25571989
25567745
25571134
25567467
25571061
25567392
25567593
25571459
25571386
25571178
25571905
25571224
25567417
25571503
25571525
25565472
25565642
25571673
25565162
25571576
25565350
25567501
25565344
25571984
25571472
25565204
25567892
25567258
25565468
25571871
25571665
25571893
25571900
25571546
25565391
25567320
25571291
25565830
25571486
25571872
25565712
25567937
25571653
25571701
25565412
25571376
25567136
25567298
25571606
25565737
25567804
25571363
25565337
25567770
25565226
25571351
25571957
25571571
25571553
25567484
25571783
25571682
25565850
25571070
25571429
25565245
25571426
25567573
25571315
25571325
25571107
25571535
25571250
25571369
25567652
25565163
25571542
25567837
25565378
25567371
25571218
25567810
25571811
25571446
25565862
25565537
25565807
25567921
25571375
25571297
25565610
25567030
25567450
25565887
25571038
25571475
25565641
25567636
25565710
25565586
25567767
25565624
25571501
25571228
25571883
25567998
25565354
25565405
25571253
25571873
25565383
25567295
25571166
25565969
25567338
25567988
25571527
25565595
25571301
25567673
25565910
25567576
25571758
25565606
25571744
25565359
25565003
25571387
25571705
25567790
25571610
25571869
25571442
25571789
25567619
25571283
25567224
25565741
25567453
25571374
25571160
25571991
25567210
25571962
25571336
25567843
25565514
25571510
25571473
25571685
25567283
25565563
25571210
25571552
25565938
25565504
25567986
25571995
25565247
25565261
25571898
25567581
25565276
25565320
25571419
25565614
25567297
25571310
25571408
25565271
25565636
25571165
25567253
25567613
25567965
25571840
25571728
25571809
25567935
25571717
25567793
25565241
25567550
25567641
25565549
25567949
25567277
25571782
25571861
25571710
25565852
25571555
25565835
25567638
25571243
25571384
25567839
25565565
25567444
25571948
25571453
25565450
25567978
25571719
25565301
25567468
25567742
25571796
25565697
25565752
25567707
25567324
25567536
25565603
25565786
25567516
25571874
25565108
25571541
25565029
25565831
25565087
25567430
25571203
25565817
25565119
25567244
25565458
25567246
25565243
25567218
25571319
25571467
25565401
25567286
25567719
25571388
25565685
25571952
25565876
25565992
25565643
25571073
25567776
25567697
25567915
25565571
25567504
25565415
25571149
25565903
25571891
25571065
25571723
25565230
25571240
25565528
25571385
25565716
25567554
25565400
25571678
25565233
25571833
25565338
25567220
25565701
25565273
25567478
25565662
25565238
25571402
25571896
25571395
25567622
25567126
25571053
25571003
25565621
25565960
25571099
25567694
25567185
25571720
25571618
25571780
25571239
25565222
25567281
25571306
25565248
25565446
25571999
25567597
25565413
25565279
25567771
25567681
25571288
25571199
25571320
25567446
25571548
25565698
25567669
25567293
25567435
25565264
25567024
25565766
25571350
25567015
25567427
25565649
25571517
25565291
25571190
25565439
25565745
25565529
25565728
25565666
25565930
25567360
25565945
25571219
25565501
25571036
25571628
25567540
25565877
25567938
25567528
25571862
25567952
25565730
25571741
25567799
25567056
25565597
25571180
25571066
25565615
25565225
25565199
25567801
25565818
25571272
25565453
25571532
25567549
25571689
25567480
25567803
25571725
25565470
25567249
25565664
25571971
25571779
25571304
25571361
25571585
25565488
25571557
25565324
25571463
25565296
25565445
25565732
25565265
25571620
25567682
25565628
25567245
25571592
25571355
25571860
25565325
25565111
25571799
25565670
25571217
25571756
25571850
25571458
25567684
25565714
25571820
25565217
25567676
25565209
25571671
25571752
25571059
25565804
25567079
25571836
25567257
25565631
25571793
25571079
25567275
25565937
25571547
25565056
25571982
25565950
25565201
25571495
25571573
25571409
25571450
25571650
25571854
25565760
25565188
25567811
25571572
25571655
25567559
25565551
25571681
25571680
25567112
25571358
25571171
25571423
25571323
25571474
25571483
25571994
25565039
25571600
25571881
25565966
25567879
25567382
25571521
25567129
25571042
25567914
25571609
25567013
25571959
25565146
25567340
25571378
25567679
25571704
25571825
25571216
25567132
25565617
25571930
25565812
25565038
25567331
25567348
25571312
25565704
25565561
25567206
25567060
25565975
25571890
25565914
25565947
25571514
25571200
25571737
25565534
25567230
25571821
25565663
25565916
25571640
25571773
25571864
25571494
25571746
25567455
25567760
25567653
25567831
25565795
25571624
25565372
25571508
25565318
25567303
25567500
25565497
25567402
25571608
25565668
25567234
25571708
25565747
25567266
25571778
25571858
25565272
25567856
25571231
25565070
25565424
25565748
25565293
25565866
25567860
25571366
25571381
25567537
25571830
25565360
25565886
25567590
25567931
25571148
25567639
25571046
25565487
25571120
25565838
25571691
25567781
25571457
25567059
25567395
25567278
25567977
25571456
25567897
25571970
25567326
25571443
25571998
25567643
25567878
25571198
25565011
25567945
25571444
25565263
25571177
25571787
25571692
25565627
25571822
25571460
25565931
25565803
25565061
25571143
25565347
25565873
25571078
25571526
25565132
25565550
25571213
25565224
25565500
25571507
25565333
25567082
25567677
25571349
25567891
25567391
25571237
25565648
25571674
25571234
25571979
25567772
25571251
25565890
25571950
25565062
25571639
25565269
25565822
25565739
25567396
25565889
25567828
25567288
25565203
25571561
25571851
25571732
25565507
25571928
25565460
25567398
25567824
25571889
25567632
25571422
25567773
25567974
25571805
25567411
25567861
25571311
25565427
25565743
25565385
25565557
25567862
25567406
25565535
25567792
25571774
25571006
25571942
25567648
25565463
25571612
25567882
25565256
25565367
25565612
25567090
25565695
25565584
25565485
25567170
25567494
25565690
25567459
25571222
25571709
25571055
25571439
25567736
25571923
25565984
25571242
25571018
25567867
25567627
25565863
25567166
25567926
25571346
25571523
25565339
25571220
25565519
25565776
25565521
25571421
25571981
25571469
25567957
25571140
25571798
25571238
25567751
25567271
25571206
25565321
25565593
25571396
25571114
25571915
25565368
25571093
25571052
25571977
25571922
25565844
25571975
25571686
25567825
25571401
25571493
25565258
25567362
25565036
25565284
25571485
25571626
25565510
25571867
25571295
25571305
25571372
25571888
25565421
25571636
25567482
25567279
25567764
25567294
25565416
25565601
25567496
25565978
25571859
25567328
25571367
25571462
25571569
25571262
25571800
25565880
25571776
25571926
25571490
25567351
25565362
25567260
25571331
25571447
25567512
25571082
25565566
25571135
25567732
25565278
25565655
25571188
25567584
25565809
25571257
25567895
25571715
25567842
25565922
25565431
25565943
25571924
25571286
25567217
25567754
25567572
25571644
25571321
25571625
25571011
25571596
25571043
25571278
25571591
25571693
25567601
25567655
25567164
25565384
25571497
25571334
25567252
25571611
25565120
25567898
25567966
25571980
25571538
25567510
25565207
25567823
25571863
25571827
25571489
25565255
25565457
25565290
25571392
25565987
25565332
25565958
25565674
25565317
25571920
25565968
25565929
25567600
25571299
25565635
25571182
25565765
25571317
25567999
25565277
25567579
25567232
25571706
25571727
25565894
25567946
25565478
25567346
25571743
25565365
25565407
25567855
25567761
25571045
25571313
25565544
25571660
25565532
25571391
25571558
25565334
25565594
25565306
25565787
25571763
25571534
25571410
25567154
25565839
25571853
25567226
25571848
25565077
25571614
25571711
25567416
25567017
25567189
25571466
25571077
25567774
25565397
25567375
25571393
25565792
25565526
25565849
25571621
25565605
25565484
25565785
25565381
25567866
25571921
25565713
25571420
25565234
25567726
25571815
25565392
25571943
25565169
25565872
25565576
25565650
25571750
25565208
25571335
25571359
25571777
25565588
25571925
25565379
25565956
25571476
25571484
25571841
25565660
25565335
25571637
25567473
25567663
25571613
25571019
25567291
25571337
25567168
25571031
25571208
25567343
25565715
25565709
25571329
25565231
25567280
25571645
25565790
25565823
25567201
25571679
25565124
25571368
25567904
25565800
25571498
25565756
25571492
25571856
25567744
25571247
25571885
25565833
25565075
25567173
25571211
25571712
25567083
25571956
25571488
25565210
25565693
25565481
25571294
25571643
25565722
25571790
25571479
25571876
25571097
25565076
25571264
25565858
25571599
25565771
25565736
25571353
25571400
25571039
25567973
25571434
25571235
25567633
25565791
25565686
25571721
25571338
25571356
25567705
25571438
25567255
25571642
25571407
25565705
25567342
25565936
25571690
25571328
25565967
25565577
25565810
25571769
25565202
25571963
25565993
25565755
25565434
25571539
25571683
25571764
25567381
25567221
25565343
25567888
25565574
25567769
25567313
25571292
25571086
25567630
25567306
25567747
25571581
25567989
25571929
25565600
25571516
25571096
25565654
25565796
25565567
25565491
25571537
25571024
25571988
25567958
25567569
25571661
25571754
25571892
25565495
25571432
25571648
25571902
25567376
25567355
25571246
25571279
25567729
25567881
25571417
25571672
25565591
25571254
25571196
25567868
25567987
25565763
25571916
25571326
25565419
25565043
25571090
25565921
25571371
25567305
25571894
25571829
25565410
25565667
25565848
25565562
25571675
25567526
25565878
25567270
25565513
25565555
25567204
25567214
25565919
25571884
25565447
25567521
25565336
25571049
25565638
25565961
25565882
25567254
25571808
25565127
25567269
25567750
25565556
25565656
25565299
25571478
25565868
25567399
25565211
25571785
25571619
25571398
25565518
25565074
25571226
25571736
25565679
25571074
25571362
25565997
25571887
25571280
25565806
25571343
25567807
25565072
25567325
25565836
25571603
25571451
25571543
25571340
25571309
25571584
25565268
25571436
25565671
25571029
25565779
25571256
25571087
25565857
25567329
25571300
25571594
25567209
25571266
25571064
25571110
25571370
25567316
25571997
25567479
25571016
25565380
25571448
25567912
25571048
25567223
25565949
25571623
25571803
25571008
25571846
25565480
25565703
25567574
25565974
25565149
25565440
25565895
25571465
25565568
25571602
25571582
25565280
25567002
25567334
25571583
25571316
25571718
25565475
25565718
25567523
25567228
25571515
25571296
25571449
25571570
25571878
25571577
25565898
25571477
25565579
25567487
25565599
25565539
25571566
25571002
25567292
25567247
25567151
25565797
25571545
25567495
25571468
25567300
25571699
25565166
25571794
25571812
25571263
25567651
25565525
25567944
25567165
25567675
25571176
25565746
25565331
25571050
25565554
25565221
25571713
25567216
25565275
25571694
25571668
25567624
25571832
25565772
25571145
25565590
25565623
25565651
25571440
25571487
25571511
25571455
25567976
25571986
25571207
25565349
25571759
25571933
25567699
25567097
25565773
25565829
25567948
25571899
25571781
25571377
25567864
25571567
25565980
25571907
25565583
25567683
25571919
25567211
25565527
25565476
25565545
25565652
25567357
25565696
25571412
25565008
25567373
25567960
25565316
25571023
25571765
25571684
25571551
25565466
25567570
25571470
25571471
25565569
25567437
25565918
25571913
25571770
25567870
25565802
25567850
25571424
25571666
25567514
25567081
25567951
25565270
25567657
25567685
25565932
25565322
25571755
25571502
25565228
25565582
25567645
25571394
25565657
25567863
25567956
25565778
25567752
25565444
25565390
25565538
25571172
25565364
25565723
25565459
25571480
25565474
25565508
25565479
25571364
25565983
25565946
25565775
25565369
25565254
25565553
25565843
25567650
25571275
25571509
25567984
25565618
25571083
25565345
25565242
