25573449
25573499
25573128
25573447
25573476
25573951
25573429
25573625
25573505
25573663
25573440
25573826
25573456
25573991
25573502
25573489
25573820
25573323
25573696
25573924
25573309
25573494
25573677
25573347
25573050
25573654
25573454
25573929
25573994
25573975
25573308
25573290
25573609
25573503
25573596
25573639
25573791
25573438
25573407
25573364
25573726
25573301
25573406
25573330
25573939
25573933
25573782
25573344
25573856
25573432
25573999
25573800
25573521
25573327
25573792
25573070
25573168
25573038
25573716
25573917
25573415
