25574496
25575515
25575543
25574576
25576753
25576873
25574701
25574928
25576499
25574805
25575579
25576277
25574504
25575872
25575591
25575501
25574614
25576890
25576320
25575525
25575577
25574297
25574037
25575539
25574873
25575542
25574265
25574864
25574281
25576047
25575680
25576596
25574232
25575495
25575578
25576174
25576342
25574609
25576800
25576767
25575391
25574263
25575869
25576224
25574315
25575546
25576707
25575425
25575921
25575935
25576803
25575793
25576999
25575210
25574327
25576889
25575288
25575069
25574771
25575973
25576984
25575947
25575042
25574848
25575239
25575653
25574378
25576790
25574444
25574756
25574002
25576599
25574721
25575698
25574340
25576595
25574630
25576052
25575202
25576550
25574513
25575770
25576458
25576414
25575027
25574441
25574816
25574277
25575415
25575943
25576992
25575178
25575760
25576778
25576666
25574194
25576557
25574687
25574387
25574565
25576643
25576849
25576379
25575275
25574706
25574503
25575700
25576585
25575667
25576233
25575193
25576334
25575929
25575912
25574635
25575256
25574169
25576160
25576469
25576463
25576739
25576413
25574542
25575735
25574168
25575228
25576426
25574545
25576903
25575586
25576339
25576706
25574469
25576982
25575410
25576495
25576850
25575824
25575803
25574364
25575492
25576718
25574320
25574781
25574734
25575904
25575365
25575529
25576466
25574795
25574733
25575661
25575850
25575232
25576517
25575347
25575251
25574838
25575656
25575380
25576403
25575206
25575528
25575563
25576887
25574777
25574429
25575280
25575753
25575926
25575808
25576838
25575772
25575047
25575199
25576787
25574003
25574793
25576617
25576377
25574885
25574539
25574368
25575566
25574766
25574753
25576092
25575745
25575574
25576674
25574694
25575946
25576283
25574431
25575650
25574515
25575628
25575537
25575469
25574974
25576330
25574438
25576282
25575984
25575430
25576198
25575499
25575479
25575865
25576436
25575736
25575641
25574881
25576013
25574846
25575453
25576611
25576863
25575263
25576574
25575237
25576188
25575556
25574322
25576548
25574466
25574666
25575595
25575070
25574672
25574447
25576613
25575747
25574403
25574384
25575381
25576239
25575759
25575261
25575892
25575026
25576701
25575298
25576326
25574739
25575283
25574286
25575786
25574252
25576614
25576997
25574786
25574162
25575025
25576880
25576806
25574021
25575448
25574844
25575790
25576429
25574409
25576696
25576573
25576843
25574759
25574514
25576336
25575813
25576586
25576221
25576299
25575608
25574420
25574371
25576998
25575150
25575829
25574404
25574316
25575757
25575493
25574295
25574775
25576868
25574790
25574313
25574782
25575119
25575696
25576516
25576008
25575467
25576404
25574776
25576540
25574861
25576519
25576477
25575476
25576023
25574820
25574804
25576289
25574347
25575002
25576333
25575496
25575761
25574678
25574526
25576968
25574307
25575485
25575431
25574043
25575487
25576544
25576665
25574610
25575939
25576730
25575338
25575691
25576783
25576512
25574235
25574719
25576741
25576546
25575974
25575967
25574573
25576069
25575252
25575286
25575452
25574299
25575827
25576314
25576068
25574357
25576021
25574216
25575325
25575372
25575389
25576990
25576307
25575370
25576676
25576249
25574423
25575621
25576820
25575076
25574350
25574757
25575521
25574797
25575800
25576966
25576325
25574338
25574209
25575439
25574648
25574268
25574749
25575749
25576584
25575906
25576247
25576533
25576459
25575284
25576980
25575678
25576951
25576759
25575704
25575226
25574227
25576056
25574888
25575517
25576755
25576608
25575438
25575364
25575363
25576450
25575336
25576230
25575820
25574912
25576641
25574602
25575171
25574478
25575312
25575497
25575294
25576354
25574212
25575324
25576924
25575624
25575955
25575500
25574761
25576479
25576683
25575601
25575339
25574032
25575227
25575269
25575428
25575005
25574477
25576482
25574004
25575938
25574814
25575823
25576288
25576551
25574550
25576860
25575552
25574540
25576527
25576616
25574552
25575987
25575670
25575420
25575409
25575551
25574341
25574373
25576943
25575371
25576798
25576597
25575435
25576898
25575719
25575671
25574267
25574499
25575837
25575390
25574627
25575450
25576190
25575219
25575662
25575859
25574480
25574204
25575333
25576485
25576941
25576677
25574079
25574521
25575609
25576534
25574500
25574705
25574381
25574574
25575911
25574026
25574331
25574171
25574623
25575127
25575460
25574442
25575277
25576196
25576359
25576621
25575235
25576409
25576846
25574424
25574624
25575683
25576839
25576600
25574109
25576626
25575924
25575332
25576703
25576331
25576324
25574911
25574976
25576278
25576743
25575112
25575273
25576750
25574826
25575405
25576694
25575305
25575024
25574176
25575884
25576579
25574898
25575994
25576077
25576845
25574433
25575964
25576954
25574633
25576384
25575584
25575838
25575385
25575778
25575458
25575053
25575315
25576529
25575387
25574119
25574319
25576405
25576848
25576752
25575718
25576959
25576294
25575922
25575455
25575847
25576776
25576681
25576155
25576452
25575739
25575570
25576964
25576805
25575559
25576113
25574224
25574774
25574254
25574596
25575581
25574611
25576244
25575660
25574497
25576588
25574137
25576267
25574713
25576878
25574411
25575311
25576826
25576398
25576041
25575819
25574309
25575244
25574166
25575755
25574099
25575326
25574270
25576280
25576760
25575957
25576350
25575647
25575716
25576235
25576946
25575189
25576270
25575316
25574358
25575998
25575839
25576306
25574575
25576633
25575061
25576257
25576507
25574102
25576604
25576480
25574457
25575867
25574847
25574054
25576802
25576205
25574446
25575995
25575308
25574862
25576338
25574455
25575379
25575010
25576905
25575020
25576206
25576578
25574081
25576606
25575732
25575406
25576565
25576553
25576067
25576668
25574981
25574528
25575356
25576310
25576373
25576612
25574836
25576572
25575216
25575633
25576859
25575329
25575679
25574660
25574652
25574071
25574752
25574845
25574471
25574626
25576489
25575871
25575426
25576561
25576650
25576166
25574432
25575677
25574585
25576387
25575463
25576577
25575279
25576960
25575548
25574365
25575605
25575019
25576794
25575285
25576486
25574292
25575351
25575444
25575300
25574244
25575527
25576536
25575516
25576686
25576723
25574789
25576097
25574293
25575806
25576637
25575626
25576218
25574773
25575397
25575421
25574275
25576725
25576362
25574750
25574097
25576543
25574802
25574997
25575982
25575335
25575138
25575856
25575796
25575694
25576446
25576699
25574975
25575503
25575301
25576430
25574731
25574634
25574689
25574280
25576254
25575585
25574418
25575897
25576515
25574382
25576864
25574221
25574463
25574801
25574541
25576401
25576830
25576284
25575115
25575645
25576556
25575009
25575386
25574645
25575153
25575484
25576080
25576101
25576456
25574065
25576448
25574557
25574475
25576693
25576345
25576435
25575013
25576594
25576827
25574588
25576661
25575989
25574767
25575344
25576509
25574303
25576103
25574812
25575225
25575985
25575304
25575724
25574544
25576844
25575377
25574758
25575204
25576832
25574525
25575896
25574629
25575835
25576835
25575541
25576697
25576834
25574512
25575395
25575746
25576227
25574346
25575352
25576716
25576925
25576742
25575477
25575575
25574653
25575711
25574483
25576811
25575399
25576920
25575934
25575163
25575738
25575831
25575317
25575264
25575209
25574682
25575942
25576295
25575684
25574707
25576358
25574276
25576814
25575368
25576684
25575801
25575814
25575248
25576593
25575522
25574140
25574895
25574213
25576853
25576687
25574751
25574546
25576472
25574181
25576862
25575306
25575462
25574566
25575003
25575396
25576855
25576702
25574015
25575890
25574607
25575708
25575752
25575128
25575977
25576977
25574727
25576432
25574468
25574374
25575701
25575606
25576369
25576710
25574806
25575245
25575494
25576651
25575519
25576888
25575106
25575441
25576957
25576704
25574510
25575970
25574818
25575330
25576118
25575663
25575436
25576914
25575632
25575429
25575062
25574569
25575012
25574489
25574146
25575334
25574736
25574236
25574408
25574260
25576721
25576825
25576609
25574282
25575310
25575634
25575236
25574262
25574394
25576812
25574524
25574807
25575105
25576564
25574389
25575023
25576313
25576300
25574799
25576259
25574618
25576451
25574174
25575536
25574663
25576506
25576788
25575852
25575534
25575066
25574531
25576840
25575535
25574780
25575674
25574765
25576004
25576841
25574991
25574870
25576418
25576442
25576302
25576135
25575941
25574247
25576793
25576569
25574737
25576400
25576649
25575675
25574535
25576902
25574366
25575787
25575533
25575834
25575963
25574495
25576576
25575658
25576981
25575401
25575233
25574493
25575784
25576365
25574290
25574217
25574402
25576961
25575582
25576724
25574434
25576488
25574710
25574269
25575470
25575951
25574564
25576393
25574823
25574601
25576399
25575878
25575944
25575296
25575795
25574386
25576958
25575592
25574284
25576994
25576762
25575809
25574829
25574502
25574889
25575727
25574203
25576874
25575129
25575564
25576618
25575851
25575297
25576580
25576296
25576223
25575449
25576972
25576545
25576332
25575240
25576738
25576368
25576692
25575969
25574698
25574325
25574817
25574178
25575765
25575665
25576933
25575962
25575172
25575218
25574410
25576348
25576433
25574241
25574342
25575229
25575451
25575697
25576382
25575742
25576207
25574326
25576766
25576761
25574450
25575271
25575600
25574253
25576286
25574289
25576243
25575509
25575733
25576625
25575407
25575427
25576934
25576344
25575620
25575614
25574843
25576659
25574606
25575587
25575131
25575886
25575060
25574783
25576351
25574593
25574314
25576698
25576547
25576200
25576171
25574725
25576017
25575402
25575461
25576901
25576993
25575598
25575555
25575547
25574680
25576895
25575782
25576481
25574699
25575875
25574278
25576036
25574218
25574842
25576015
25576735
25576857
25576454
25576447
25574287
25574825
25576824
25575549
25576590
25576492
25575763
25575845
25576268
25575471
25575513
25575355
25576985
25576213
25576191
25575710
25575915
25574165
25574517
25575997
25574551
25574414
25574195
25575508
25575478
25575952
25575954
25575211
25575895
25575832
25575861
25575388
25574755
25576931
25576240
25576175
25574391
25575986
25575156
25574332
25576823
25574056
25576444
25575993
25576808
25574833
25574748
25574730
25576287
25576225
25576464
25575744
25575531
25574527
25576605
25575990
25576497
25575247
25576965
25574788
25575323
25574571
25576945
25576679
25576219
25576138
25574211
25576010
25576935
25574465
25575783
25575287
25575848
25575132
25574554
25576316
25576490
25575729
25575276
25576631
25574685
25576932
25576978
25575558
25575258
25574572
25576057
25575569
25575394
25574726
25576765
25576266
25576763
25576253
25574613
25575602
25575274
25576311
25576640
25574345
25575447
25576496
25575768
25575373
25574392
25575540
25575611
25576308
25574344
25575717
25576727
25574439
25576216
25574792
25574785
25576297
25576075
25575686
25574044
25575905
25575445
25576996
25574822
25574401
25575928
25576026
25575936
25574714
25576183
25576371
25575901
25574668
25575520
25575914
25574577
25574385
25576770
25576487
25574383
25576252
25576667
25575268
25576795
25576074
25574673
25575398
25576011
25574880
25576877
25574067
25574363
25574732
25576016
25575314
25576967
25576530
25575341
25574062
25576229
25575779
25576644
25576381
25574117
25574638
25576652
25576323
25576483
25576833
25576852
25575604
25576671
25574354
25574061
25574491
25575295
25574273
25575348
25576589
25575776
25574591
25576988
25574615
25575900
25576394
25576991
25576226
25575646
25576321
25575771
25574395
25576084
25576525
25575873
25576673
25574266
25575597
25575639
25575948
25575617
25574925
25575975
25575966
25575043
25575791
25574318
25576828
25575212
25575625
25574226
25576327
25576214
25574718
25575142
25576563
25575681
25575722
25576879
25576411
25575376
25576416
25574279
25576571
25574509
25575514
25574534
25575690
25575968
25576592
25575685
25576204
25574597
25576645
25576995
25576380
25574570
25575821
25576357
25576461
25575953
25576642
25576389
25575466
25574863
25576734
25574989
25576658
25576199
25576322
25576913
25575249
25576471
25575583
25576562
25576900
25575643
25576541
25575278
25574690
25576445
25576773
25574239
25575360
25574715
25575422
25576669
25576708
25575108
25575945
25575673
25575596
25576736
25575880
25576376
25575137
25574821
25575854
25574830
25574143
25576744
25574416
25574351
25576508
25574553
25575403
25576502
25574620
25575254
25576947
25576142
25575773
25576441
25575443
25574445
25575599
25574376
25575638
25574311
25576936
25576714
25576927
25575246
25576281
25574938
25576690
25574876
25576678
25575788
25575642
25575933
25576869
25576670
25574353
25576408
25574379
25576455
25576245
25576566
25576915
25574321
25575475
25575545
25576732
25576091
25576242
25575481
25575622
25574142
25574343
25576792
25575400
25576085
25575483
25574487
25576161
25575676
25576039
25575342
25575565
25574560
25576518
25575223
25574380
25575923
25576893
25576317
25576971
25574581
25576410
25574508
25575810
25576660
25575910
25576156
25576911
25574637
25575302
25576273
25575366
25574422
25575465
25576449
25576717
25574306
25576246
25574641
25574214
25575260
25575432
25576675
25576285
25575864
25576034
25574679
25576748
25574095
25574082
25574243
25576746
25575146
25576885
25576655
25574459
25576346
25575949
25576567
25575253
25576892
25576238
25574074
25576882
25575243
25574177
25575359
25574810
25575767
25574647
25576475
25574695
25576212
25574518
25574506
25576607
25576948
25574745
25575433
25574352
25574874
25575652
25575518
25576415
25574505
25576657
25576202
25576290
25576234
25575866
25576181
25574036
25575781
25574599
25575571
25576130
25576378
25576817
25574202
25576494
25574476
25576691
25576427
25576884
25575553
25574583
25574367
25576847
25576955
25576272
25574228
25576591
25575828
25575750
25575224
25576786
25574676
25574453
25576083
25576542
25576983
25576058
25574427
25575507
25574589
25574708
25576751
25576236
25576559
25576535
25575489
25575630
25574231
25576603
25574813
25576768
25574145
25574223
25575909
25576876
25574288
25575669
25576061
25575805
25574390
25574681
25574977
25574399
25576094
25576211
25575174
25574860
25574903
25574536
25574479
25575855
25576910
25575702
25575804
25575454
25575468
25576858
25574428
25575181
25574498
25575751
25575510
25575168
25576476
25575052
25575629
25576484
25576066
25575754
25575618
25576623
25575179
25574700
25576581
25575817
25574738
25574954
25576886
25576602
25574298
25574584
25575840
25576347
25574561
25576715
25574978
25574473
25576801
25575644
25574686
25576555
25575902
25576772
25576275
25574210
25574529
25576939
25575538
25576046
25574225
25574778
25576909
25574370
25574396
25574548
25575041
25575785
25576349
25575991
25574412
25574348
25575524
25574651
25576538
25575238
25575572
25575988
25575664
25575392
25576523
25575580
25574494
25574654
25576969
25576875
25574558
25575404
25576774
25576260
25575734
25576274
25576974
25575504
25574556
25575109
25574831
25576100
25574200
25576781
25574271
25574537
25575996
25576434
25576392
25576388
25576210
25575170
25575523
25574616
25576460
25574704
25574362
25575544
25574858
25574219
25575530
25575857
25574304
25576944
25575322
25575635
25574740
25575361
25575282
25575688
25574377
25576232
25575730
25576986
25576775
25576713
25575815
25575200
25576728
25574372
25575459
25575917
25576437
25576782
25576457
25576705
25576178
25576269
25575440
25574025
25576662
25574882
25576256
25574671
25576065
25576367
25576030
25575411
25574230
25575818
25575627
25576729
25575649
25576303
25576831
25575797
25574258
25575498
25575798
25575456
25575590
25574482
25576837
25575843
25575313
25574674
25575705
25575654
25574605
25576093
25574661
25576921
25576688
25574255
25576628
25574720
25576532
25575668
25576498
25575257
25576870
25576785
25576682
25576615
25575812
25576930
25574484
25576908
25576462
25575198
25575196
25575651
25576510
25574430
25575383
25574872
25574300
25576145
25575382
25575486
25574787
25575762
25576917
25574098
25574334
25574329
25574722
25576942
25576630
25575437
25576201
25576779
25575898
25576663
25574592
25576491
25575208
25576383
25576356
25575562
25575619
25574417
25575743
25576816
25576953
25575907
25574639
25574092
25574283
25575134
25576689
25576758
25576033
25574936
25574684
25575082
25576215
25576453
25576912
25575442
25576568
25576417
25576470
25575290
25576976
25575446
25575191
25575979
25575925
25574768
25574406
25575695
25575703
25576711
25576318
25576575
25576406
25576989
25574555
25574665
25576228
25575384
25575345
25576355
25576208
25575506
25575214
25574264
25576423
25575230
25576861
25576897
25576601
25574249
25575358
25574030
25575241
25574532
25576918
25575221
25574257
25576276
25576916
25574336
25575930
25576531
25575636
25576789
25576337
25574724
25575354
25575811
25574488
25575699
25576473
25576899
25576549
25575000
25575709
25574233
25574405
25575756
25574608
25576777
25575726
25576374
25574811
25575482
25575457
25575769
25576894
25576467
25575408
25575205
25575259
25574501
25575774
25575899
25575576
25576439
25576654
25574964
25575222
25576315
25576251
25575603
25576871
25574568
25576757
25574868
25575655
25575272
25575318
25575557
25575863
25575825
25575659
25576237
25575766
25575588
25575480
25576328
25574632
25576220
25576624
25576087
25576301
25575877
25576610
25576807
25575491
25574587
25575234
25575488
25575568
25574832
25574356
25576526
25574917
25574567
25576474
25575589
25576293
25576343
25576424
25575721
25574636
25575870
25575631
25574522
25576754
25575327
25575331
25576940
25575490
25575038
25576312
25576372
25574744
25575594
25574854
25576598
25574562
25576261
25574129
25576949
25575731
25574747
25576726
25576361
25575919
25574256
25575836
25576923
25575657
25574027
25574770
25574794
25576851
25575616
25574464
