1236988
1250864
1236863
1250862
1250591
1778887
1778319
1236818
1604854
1604750
1250617
1250806
1778839
1604906
1250509
1778955
1250718
1236983
1604786
1778715
1250755
1250878
1236600
1604780
1604369
1604346
1604316
1236300
1604418
1778598
1778652
1778552
1778245
1236334
1778814
1250302
1250277
1778401
1604506
1250938
1778874
1778873
1778551
1604230
1778987
1604229
1236233
1236838
1236361
1250740
1778536
1604556
1604404
1236865
1778862
1604312
1778956
1778927
1604302
1778997
1250808
1604446
1604908
1250533
1250575
1604726
1604837
1778549
1778979
1604816
1604440
1778884
1236502
1778228
1604389
1604813
1778822
1250879
1250960
1604671
1236996
1778269
1250430
1604600
1236887
1604258
1778858
1604313
1250818
1250863
1236688
1778644
1250847
1250327
1250922
1604845
1250637
1236993
1778798
1778903
1604358
1778995
1604788
1236586
1778988
1778922
1778834
1778892
1250714
1778708
1778886
1778871
1604729
1604740
1778938
1778900
1250558
1250328
1250418
1236772
1250650
1250783
1604618
1604615
1236862
1250251
1604698
1604779
1778554
1778288
1778980
1250898
1236997
1250329
1250267
1778709
1604819
1250615
1250264
1250751
1250689
1778581
1604970
1250979
1250687
1778513
1250729
1604338
1236878
1604657
1778316
1250632
1604754
1250315
1236885
1604263
1250319
1250538
1604767
1604323
1250550
1236978
1250692
1604849
1778654
1778838
1604561
1604223
1250946
1778585
1778685
1250203
1778266
1236333
1236591
1250703
1604376
1250510
1250517
1778580
1778388
1604832
1604924
1236889
1778587
1778215
1236788
1778872
1236992
1604787
1250996
1250416
1778883
1250261
1250826
1778680
1250802
1778677
1778232
1250816
1604352
1250354
1604396
1604341
1250848
1250248
1604417
1778323
1236888
1604351
1604997
1604812
1604200
1236808
1778898
1250217
1604864
1250948
1250534
1778896
1236995
1250314
1778846
1604789
1250618
1778718
1250377
1604768
1250572
1604782
1778583
1236516
1236332
1604798
1778697
1778223
1778586
1250588
1778989
1250515
1236890
1778675
1778751
1778996
1236682
1778325
1778985
1778878
1604617
1778772
1604356
1250727
1236558
1250870
1250882
1236991
1250469
1778239
1250463
1604828
1250516
1604725
1250218
1778230
1250634
1778345
1778866
1778674
1604901
1604318
1250686
1250683
1250800
1604802
1250202
1250896
1604855
1604889
1604329
1250360
1250262
1778385
1604401
1236876
1236882
1236700
1250877
1250508
1778402
1250726
1604328
1236761
1604741
1604783
1604690
1778233
1250691
1778877
1250609
1604243
1778212
1778983
1604751
1250270
1778318
1778241
1236833
1604703
1778361
1778917
1604226
1250224
1778403
1778535
1778712
1604807
1778594
1250869
1604834
1604276
1778791
1604355
1604339
1236877
1236867
1250507
1778869
1778745
1778784
1604753
1250289
1604653
1250413
1604781
1236998
1778891
1250465
1778242
1250464
1604359
1604765
1250947
1778788
1250253
1778729
1250885
1604373
1604836
1778744
1778548
1250704
1778957
1250371
1250230
1250621
1604866
1236237
1778764
1604300
1778792
1778977
1236792
1604314
1604951
1250361
1604831
1250265
1250784
1604483
1604790
1604984
1778861
1236777
1778949
1604785
1250505
1778320
1250417
1250299
1778919
1778636
1604727
1250830
1250444
1778888
1778480
1778558
1778926
1778835
1604817
1604704
1604414
1604364
1250951
1250565
1604218
1778999
1250215
1250567
1778870
1250428
1250918
1250263
1778902
1250988
1250488
1778966
1250851
1250731
1778201
1604897
1604445
1236335
1604499
1250939
1604505
1250961
1250715
1250639
1250537
1250293
1778986
1604902
1250485
1250616
1778859
1778867
1604250
1236622
1778828
1236304
1250466
1604739
1604679
1778908
1236239
1250220
1250815
1604771
1250891
1604989
1236706
1778951
1778710
1604670
1778991
1604880
1250331
1778732
1604710
1236479
1778678
1250305
1604562
1604928
1778601
1778688
1250710
1604721
1778676
1604723
1604202
1778267
1250581
1250212
1250797
1604256
1250436
1236490
1778255
1250857
1250895
1604773
1250855
1236330
1778895
1250719
1604348
1778875
1778220
1604865
1250589
1604805
1604842
1250551
1250921
1250814
1604290
1250570
1604362
1778650
1250981
1778386
1250208
1778823
1250927
1250859
1236906
1250571
1604993
1250580
1778522
1778773
1250246
1250619
1604399
1604719
1778308
1604537
1778246
1250713
1778222
1236464
1250210
1236513
1236380
1250228
1236880
1604307
1778836
1250304
1778235
1250732
1604848
1604910
1604916
1778384
1778879
1250409
1604375
1778855
1250574
1778893
1778929
1604265
1604317
1778931
1250272
1236518
1250522
1236681
1778932
1604652
1778984
1250640
1250613
1250631
1236990
1250490
1250888
1236989
1250706
1250833
1604353
1778628
1250681
1604649
1604841
1604626
1604795
1250739
1604368
1604306
1250470
1250514
1778714
1778531
1778924
1236668
1250919
1778954
1778608
1604366
1250793
1778683
1250902
1236638
1778645
1250741
1604512
1778344
1250777
1778707
1778804
1778848
1604614
1604655
1250644
1778653
1250402
1604818
1236512
1778918
1604702
1778963
1778210
1604764
1250809
1604996
1778231
1778689
1236986
1604340
1250792
1250920
1604868
1604966
1778876
1250300
1778864
1778679
1250205
1250216
1778387
1250380
1604584
1604619
1250307
1778378
1250883
1604874
1604809
1250344
1604999
1236760
1604363
1236666
1604701
1604644
1236412
1778847
1604930
1250480
1250306
1778829
1604259
1778349
1778302
1236979
1604762
1250991
1250556
1604715
1250744
1250503
1604308
1778994
1604685
1250443
1250487
1250337
1250600
1250709
1604349
1778967
1236975
1250213
1236360
1250320
1250889
1236869
1778928
1250498
1250592
1604360
1250813
1250812
1604833
1778681
1604728
1250268
1236514
1236602
1604551
1250661
1250545
1250651
1604761
1604961
1778770
1604315
1250204
1778686
1604488
1778881
1778840
1604992
1604319
1604760
1778404
1604442
1778930
1778882
1604687
1604907
1236314
1250607
1778821
1778238
1250395
1250255
1250884
1250432
1236632
1250682
1604838
1778998
1778348
1250341
1778833
1236795
1604616
1604991
1250258
1604424
1236883
1236458
1250219
1250852
1778321
1250667
1778229
1604365
1778227
1250317
1250240
1778512
1236901
1778700
1604219
1250415
1250845
1778992
1604799
1250804
1778350
1250899
1604839
1604518
1604967
1778899
1604377
1604763
1778805
1604620
1778837
1604454
1250309
1250426
1778863
1604220
1250803
1604354
1236607
1778990
1604337
1778237
1778960
1250893
1778240
1250986
1604791
1778322
1250983
1250308
1778252
1236902
1250641
1236868
1236866
1604613
1250720
1604309
1778803
1604722
1778651
1236256
1250949
1250900
1778889
1250442
1778885
1778868
1604825
1236302
1250775
1778779
1250462
1778668
1236800
1236858
1604345
1604240
1250435
1604227
1604612
1604388
1778939
1250886
1778400
1778766
1250221
1778721
1778533
1250256
1778363
1604985
1236565
1604217
1250318
1778317
1604720
1604500
1250937
1778865
1778982
1778762
1604441
1250668
1604367
1778952
1778682
1250819
1778909
1604724
1250701
1250858
1604700
1250520
1250837
1778684
1250288
1250801
1250674
1778953
1250897
1236987
1604215
1778257
1250735
1604808
1778389
1236881
1778907
1250419
1604603
1250499
1250278
1250881
1778706
1250266
1250486
1250532
1778214
1778723
1778789
1604803
1604716
1250612
1604374
1778251
1236886
1250702
1250439
1250301
1604521
1778802
1604860
1604862
1604590
1250540
1236457
1250552
1778808
1604379
1236313
1778890
1604209
1778968
