1709763
1709541
1709746
1709651
1709597
1709687
1709743
1709682
1709691
1709400
1709769
1709701
1709764
1709694
1709725
1709425
1709693
1709702
1709280
1709685
1709700
1709235
1709533
1709640
1709532
1709589
1709699
1709728
1709800
1709770
1709216
1709325
1709277
1709571
1709980
1709749
1709727
1709200
1709899
1709680
1709315
1709660
1709567
1709363
1709996
1709330
1709450
1709704
1709486
1709765
1709630
1709907
1709649
1709638
1709985
1709832
1709427
1709707
1709690
1709215
1709572
1709703
1709730
1709984
1709219
1709697
1709740
1709683
1709771
1709290
1709222
1709689
