1306471
1639916
1306591
1639394
1306241
1639395
1306874
1306209
1306988
1306403
1306536
1306575
1306221
1306960
1306604
1639739
1306640
1306715
1306280
1306240
1306251
1639382
1306307
1306916
1306371
1306612
1306501
1306540
1639396
1306480
1306628
1306914
1306304
1306222
1639384
1306620
1306220
1306821
1639536
1306807
1306531
1639398
1639560
1306697
1306861
1306985
1639994
1639998
1306261
1639806
1639915
1306581
1639390
1306661
1306301
1306317
1306782
1306230
1639827
1306716
1639381
1639299
1306980
1306552
1306527
1306313
1306205
1306834
1306502
1306320
1306690
1306930
1306294
1306270
1639397
1639825
1306824
1306262
1306740
1306830
1639449
1306519
1306749
1306316
1306717
1306514
1306533
1306450
1306281
1306382
1306250
1306940
1306441
1306491
1306452
1639418
1306587
1306231
1306381
1306850
1306384
1306728
1306880
1306594
1639571
1306662
1639535
1306535
1306290
1639826
1306841
1306621
1306330
1306550
1639840
1306203
1306570
1306897
1639388
1306331
1306321
1639471
1306862
1306883
1306516
1306216
1306229
1306530
1306881
1306630
1306227
1306341
1639296
1306596
1306260
1306520
1306361
1306421
1306774
1306873
1639318
1306554
1306948
1306946
1306941
1306999
1306517
1306560
1306526
1639740
1639389
1306263
1306482
1306993
1306542
1306314
1306585
1639999
1639470
1639317
1306537
1306292
1639540
1306490
1306419
1306577
1306420
1306291
1306485
1306370
1306831
1306315
1306891
1306761
1306380
1639997
1639956
1306547
1306737
1306457
1306700
1306400
1306541
1306580
1306202
1306463
1306741
1306590
1306342
1306720
1306992
1639590
1306750
1306401
1306201
1306961
1306713
1306529
1306539
1639393
1306515
1306461
1639480
1306551
1306631
1306351
1306921
