1431996
1204470
1204410
1431335
1204999
1431205
1204331
1204962
1431412
1204371
1204514
1204402
1204922
1204901
1204281
1204806
1204324
1431452
1204773
1204290
1204761
1204802
1431374
1204819
1204430
1204381
1204807
1204746
1431554
1431801
1204229
1204219
1204380
1204782
1431281
1431631
1204797
1204930
1204557
1204391
1204900
1204298
1204612
1431999
1431588
1204908
1204212
1204981
1431887
1431457
1431722
1204923
1204792
1204960
1204891
1204801
1431807
1204602
1204687
1204285
1204817
1204494
1431336
1204712
1204638
1431337
1204813
1431305
1204232
1204796
1204609
1204541
1204266
1204918
1431277
1204523
1204965
1204894
1204280
1204590
1431866
1204881
1204731
1204641
1204461
1431278
1431338
1204739
1204333
1204851
1204294
1204396
1204867
1204588
1431448
1431347
1204362
1204213
1204793
1204515
1204304
1431507
1431200
1204292
1204997
1204209
1204526
1204619
1204573
1204651
1204861
1204955
1204856
1431813
1204392
1204620
1431668
1204823
1431302
1204887
1431408
1204785
1204332
1204271
1204502
1204522
1431410
1431400
1431688
1204520
1431831
1204480
1431451
1204451
1204346
1431541
1204221
1204906
1204223
1204821
1204951
1431800
1204417
1204404
1431531
1204781
1204485
1204293
1204899
1204355
1204996
1204570
1431301
1204647
1204408
1431373
1431858
1204869
1431275
1431775
1204476
1204242
1204301
1204384
1204963
1204447
1204841
1204768
1204228
1204572
1204952
1204941
1431815
1431230
1204998
1204798
1204441
1204903
1204816
1204295
1431997
1204268
1204325
1204990
1204419
1204688
1204340
1204937
1204771
1204558
1204510
1431304
1431721
1204803
1204230
1204939
1204995
1204890
1204741
1204723
1204795
1204674
1204483
1431998
1204871
1204583
1431489
1431456
1204226
1204291
1431557
1204914
1431307
1431303
1204648
1431812
1204839
1204330
1204390
1204218
1204663
1431877
1204227
1431803
1204734
1204259
1204247
1204799
1431777
1204307
1204500
1204825
1204720
1204915
1204260
1431990
1204481
1204250
1431763
1204794
1204970
1204299
1204898
1204809
1204296
1204698
1431276
1204805
1204400
1431556
1204245
1204205
1204870
1204721
1204818
1204751
1204979
1204452
1204905
1204840
1204670
1204973
1204791
1431212
1204471
1204745
1204880
1204714
1204630
1204312
1204961
1204599
1204868
1204904
1204872
1204479
1204297
1431746
1204724
1431349
1431388
1204509
1204770
1204892
