1581619
1418290
1418265
1438821
1418575
1450898
1438812
1438300
1514404
1873301
1438226
1819690
1581998
1438862
1514917
1819388
1514213
1514945
1438797
1819968
1581264
1418655
1438492
1873353
1514557
1514433
1581423
1450440
1438289
1514331
1819201
1418455
1514400
1514824
1514559
1418262
1514652
1418809
1450350
1514796
1514946
1514977
1514754
1514692
1450881
1438935
1581595
1438822
1418955
1418905
1418999
1873597
1438798
1438458
1514963
1581481
1514679
1514269
1514465
1819580
1418297
1438525
1514862
1581256
1514416
1514974
1438938
1438989
1514500
1819571
1418364
1450349
1514506
1819355
1438399
1579258
1514327
1514290
1819712
1438677
1450272
1450675
1579589
1514550
1514838
1450232
1514820
1514863
1514918
1438424
1514743
1581988
1579300
1514966
1581584
1819763
1438869
1579567
1438618
1514512
1450657
1418637
1581265
1514947
1581301
1819952
1418482
1514574
1514297
1514816
1579334
1581980
1514292
1581984
1438884
1514831
1579990
1819279
1514996
1819272
1450662
1514812
1581707
1514865
1579590
1418518
1873757
1819661
1438476
1514891
1579580
1450910
1418283
1819668
1819432
1581245
1418409
1514346
1819441
1438828
1450712
1450900
1418948
1579699
1418380
1514994
1819806
1450802
1418628
1514791
1581372
1438523
1418556
1819421
1514334
1514212
1581288
1514258
1450858
1581204
1438889
1514882
1418665
1450538
1450497
1450358
1819665
1581259
1450822
1438863
1418906
1418564
1438403
1418480
1514663
1450990
1438808
1418680
1514271
1450809
1873275
1450897
1514716
1438502
1438447
1450742
1418952
1514348
1438506
1581922
1438804
1581318
1514718
1514207
1581990
1450234
1438881
1514569
1873664
1418997
1579803
1450592
1450859
1819380
1418332
1438340
1819967
1438274
1450560
1514910
1438871
1819676
1438346
1438504
1438876
1418554
1873376
1514463
1514913
1418255
1514660
1579520
1514242
1579775
1514444
1438809
1514575
1450888
1438490
1418478
1514619
1438722
1418932
1438990
1418208
1438409
1514501
1819924
1819213
1514721
1514949
1514381
1873804
1514826
1450569
1514296
1514999
1418454
1438764
1438238
1514606
1418953
1873312
1418580
1873910
1514448
1514298
1514797
1514232
1514312
1418496
1514817
1581594
1514585
1819692
1579388
1514808
1438410
1514210
1438391
1514714
1450478
1819527
1514880
1514894
1514914
1579551
1514978
1450807
1514887
1438336
1514362
1418770
1581706
1418660
1418431
1819216
1450700
1514612
1438838
1438870
1514668
1514282
1873284
1514728
1819925
1514965
1418569
1579485
1514889
1418571
1819345
1514576
1438496
1579390
1819431
1581280
1514578
1514435
1819993
1514261
1514467
1581330
1438349
1514622
1438878
1579221
1438700
1514344
1450518
1819319
1418609
1873761
1438373
1873443
1581268
1514604
1450771
1438495
1514602
1514794
1514347
1438763
1514834
1819945
1514544
1438351
1581985
1514773
1514231
1819523
1579386
1438520
1438320
1514802
1514515
1418653
1418815
1418894
1819701
1418623
1450803
1438341
1514358
1819210
1438228
1581681
1438408
1819469
1418863
1514733
1418558
1438377
1418725
1450280
1579809
1450278
1514777
1418933
1514710
1819429
1514248
1579262
1438357
1581982
1819230
1819664
1514690
1438837
1450235
1438793
1438508
1514803
1418551
1514927
1514979
1579385
1873970
1438896
1581888
1514371
1418839
1514730
1438334
1581907
1514923
1581983
1819592
1581289
1514961
1514464
1819271
1514365
1418654
1438648
1819791
1450651
1514549
1514795
1450531
1438494
1579599
1514588
1514809
1438855
1514746
1514991
1418805
1514546
1581298
1450365
1514829
1438825
1819732
1438488
1514553
1438368
1514916
1450561
1819598
1450400
1450750
1438926
1514394
1450525
1581396
1418929
1514451
1581203
1514883
1514607
1438223
1579381
1514513
1514699
1438345
1514706
1514924
1819347
1581239
1819244
1873230
1438459
1579400
1514503
1418317
1514458
1514869
1819205
1579488
1514886
1438379
1438526
1579417
1438725
1438985
1514700
1438404
1514219
1438323
1873313
1514972
1581777
1514688
1514250
1581999
1873730
1438939
1514638
1438887
1438350
1873314
1450626
1819414
1819342
1450627
1438823
1579336
1819437
1873455
1450425
1438833
1418456
1438225
1581702
1819582
1418319
1438227
1514548
1514603
1514409
1438680
1438831
1514895
1418683
1514973
1450848
1438524
1514617
1873770
1514545
1514441
1873354
1514613
1438390
1450231
1514552
1438998
1418271
1819444
1514922
1438448
1450418
1819923
1873930
1514756
1418931
1418264
1514264
1450999
1418563
1514770
1819975
1418930
1514707
1581382
1514843
1514995
1514226
1873282
1581997
1579578
1819570
1450502
1581578
1514655
1514601
1819371
1514616
1581422
1514560
1819324
1438886
1418934
1438580
1819919
1819996
1438299
1514386
1579412
1438899
1514608
1418802
1514951
1438558
1450776
1418689
1514295
1450954
1514968
1819933
1873288
1819856
1514799
1418590
1438728
1819918
1450406
1514374
1581392
1873875
1579361
1450522
1450544
1819425
1514739
1514686
1450424
1418956
1438530
1873590
1514244
1438936
1873371
1581243
1819979
1450230
1579800
1819328
1581293
1438799
1418350
1514265
1514518
1450752
1438880
1438493
1873283
1819574
1514625
1450751
1819314
1819940
1418285
1450689
1579888
1438347
1450921
1514519
1438835
1438522
1514942
1581991
1581574
1819639
1438398
1514804
1438600
1819576
1514654
1514516
1514475
1450236
1819588
1438817
1514647
1819448
1450369
1514705
1514582
1514373
1438934
1418946
1438397
1514473
1438820
1579565
1514678
1514376
1450559
1418268
1514709
1514217
1819303
1438275
1514653
1438405
1438686
1418732
1418313
1438394
1514825
1819434
1418376
1514592
1514224
1873279
1438995
1514915
1438888
1450410
1438868
1819640
1873888
1514239
1438748
1514712
1418573
1438248
1418387
1873762
1581234
1418572
1581617
1438994
1514792
1514943
1581398
1514564
1418806
1438407
1438386
1514909
1514252
1514885
1514593
1450775
1438777
1514485
1514701
1438505
1514726
1514778
1873389
1819461
1450489
1450962
1418450
1819290
1438877
1438836
1514366
1418812
1438491
1514975
1579700
1450977
1438920
1873700
1438233
1438834
1438778
1873274
1514758
1579730
1418717
1438927
1514970
1514755
1450361
1514677
1438497
1514567
1438599
1514562
1819237
1418907
1438630
1514998
1514839
1514618
1438608
1438221
1514589
1514554
1514941
1819635
1438929
1514993
1514262
1514893
1514806
1581333
1514969
1579882
1514321
1579996
1873200
1514208
1514437
1819360
1418209
1873280
1450423
1819430
1418254
1514814
1438969
1450880
1418658
1514661
1581309
1438738
1819800
1873766
1819370
1514892
1418633
1514691
1438879
1581238
1514249
1514268
1819565
1581682
1438830
1438928
1581269
1418389
1514757
1514702
1450370
1819452
1873300
1418261
1514867
1581615
1514717
1418221
1438601
1514561
1514245
1514704
1418720
1514626
1418714
1450777
1514449
1438388
1819913
1450530
1514234
1450288
1514236
1418508
1450912
1438266
1581902
1438930
1450465
1514243
1514240
1514805
1873596
1514583
1819860
1438325
1514776
1819775
1418473
1581803
1418750
1579791
1514833
1514835
1514836
1438393
1438866
1514293
1438874
1438396
1438455
1581255
1438364
1450295
1514430
1514415
1819621
1438832
1819318
1873767
1873598
1514767
1819239
1438788
1450806
1450238
1819341
1438796
1514442
1514568
1438941
1873269
1438933
1514291
1819755
1514426
1418977
1438503
1514609
1514929
1581307
1438937
1450667
1581345
1819241
1438308
1450578
1438931
1514912
1418670
1579415
1438988
1418730
1438354
1514651
1819743
1819508
1819209
1438978
1873759
1438924
1418222
1579489
1514600
1514476
1418570
1514431
1438701
1514641
1418576
1514594
1438873
1438765
1514233
1514659
1873355
1450499
1514267
1418617
1581205
1514919
1438807
1579399
1438255
1450376
1514953
1873655
1418561
1819816
1819978
1819674
1514605
1438229
1438921
1450264
1514247
1514703
1438356
1514214
1418399
1418215
1450922
1438337
1438814
1514481
1581748
1438342
1514683
1438622
1514935
1418896
1581886
1450204
1450421
1581992
1819880
1819357
1450821
1581849
1514209
1514424
1819208
1418789
1514983
1514775
1450987
1438498
1438923
1514662
1581801
1514779
1514944
1581700
1514823
1438464
1450271
1873281
1514377
1514349
1581993
1819740
1438979
1514246
1514926
1514216
1514632
1450613
1418446
1418922
1514827
1873760
1514421
1514206
1514445
1438321
1819962
1514813
1579389
1438806
1581996
1514402
1438401
1514627
1819483
1438932
1450646
1579744
1514623
1514884
1579560
1514903
1514566
1581668
1438885
1819412
1514907
1514260
1450329
1819238
1514235
1450577
1819386
1438402
1579566
1581272
1579795
1418291
1514531
1514800
1450233
1581222
1450558
1438875
1438406
1514815
1418520
1450341
1438816
1438829
1514984
1514434
1450512
1514727
1581258
1819818
1579790
1514238
1418386
1514928
1450924
1438993
1418559
1514591
1514299
1819212
1418928
1579577
1450639
1450501
1514571
1514713
1418741
1418820
1581978
1418969
1819329
1514266
1514629
1819509
1514466
1438872
1514502
1514708
1450275
1418951
1450600
1873940
1514220
1514573
1514581
1514452
1581240
1514715
1438355
1450332
1514462
1514341
1514378
1819325
1514781
1438270
1581618
1514621
1418998
1438389
1418444
1450917
1514952
1514772
1450496
1450328
1438527
1819679
1438792
1514241
1514432
1418740
1581305
1438395
1819307
1438499
1514436
1873679
1418538
1514586
1450405
1450694
1514830
1514229
1418509
1438815
1514294
1438220
1819291
1450261
1514443
1438992
1438521
1438501
1873277
1514742
1514696
1450330
1514664
1438462
1581393
1514222
1450210
1873920
1418234
1450436
1514967
1438922
1514572
1514771
1438378
1438883
1438509
1873594
1514649
1514482
1581688
1514587
1579391
1581986
1514237
1514992
1514793
1438827
1438577
1450804
1514962
1438925
1514821
1514898
1514980
1581275
1514318
1514497
1579264
1418281
1819808
1450521
1819383
1514577
1581267
1581319
1514729
1514570
1438483
1450473
1438392
1514971
1514774
1579387
1819500
1438882
1873315
1873688
1819921
1450916
1873665
1418957
1873595
1450800
1418318
1819593
