5093579
5093549
5093602
5093575
5093554
5093831
5093816
5093896
5093873
5093872
5093654
5093512
5093884
5093529
5093634
5093776
5093680
5093841
5093783
5093464
5093556
5093764
5093453
5093618
5093537
5093436
5093686
5093850
5093806
5093910
5093734
5093789
5093483
5093942
5093935
5093767
5093775
5093463
5093805
5093743
5093479
5093718
5093786
5093784
5093613
5093837
5093838
5093623
5093651
5093808
5093937
5093522
5093821
5093653
5093809
5093543
5093685
5093645
5093639
5093679
5093994
5093648
5093860
5093605
5093909
5093897
5093553
5093887
5093999
5093733
5093723
5093439
5093644
5093584
5093646
5093462
5093869
5093421
5093591
5093450
5093988
5093456
5093405
5093780
5093486
5093682
5093924
5093665
5093864
5093568
5093911
5093507
5093949
5093506
5093592
5093467
5093855
5093751
5093460
5093760
5093920
5093530
5093674
5093785
5093876
5093823
5093695
5093878
5093726
5093521
5093677
5093796
5093899
5093839
5093650
5093447
5093446
5093497
5093667
5093470
5093795
5093465
5093435
5093473
5093854
5093656
5093736
5093593
5093595
5093817
5093406
5093503
5093930
5093834
5093908
5093615
5093889
5093865
5093742
5093545
5093732
5093698
5093881
5093438
5093442
5093913
5093706
5093996
5093578
5093998
5093616
5093691
5093936
5093943
5093824
5093525
5093491
5093894
5093883
5093992
5093759
5093707
5093541
5093724
5093778
5093861
5093528
5093612
5093472
5093955
5093811
5093779
5093820
5093422
5093669
5093857
5093892
5093906
5093867
5093597
5093858
5093400
5093902
5093476
5093761
5093637
5093797
5093625
5093475
5093716
5093827
5093428
5093849
5093499
5093753
5093798
5093496
5093828
5093452
5093510
5093729
5093424
5093735
5093781
5093833
5093658
5093874
5093402
5093429
5093649
5093596
5093940
5093531
5093717
5093688
5093459
5093918
5093901
5093944
5093638
5093572
5093712
5093457
5093611
5093559
5093660
5093701
5093696
5093458
5093782
5093610
5093788
5093794
5093401
5093825
5093819
5093445
5093484
5093633
5093550
5093851
5093587
5093413
5093469
5093903
5093526
5093934
5093419
5093770
5093485
5093848
5093629
5093769
5093600
5093945
5093747
5093552
5093877
5093566
5093791
5093984
5093800
5093643
5093535
5093916
5093687
5093807
5093792
5093501
5093684
5093454
5093642
5093814
5093710
5093430
5093926
5093766
5093518
5093731
5093947
5093715
5093915
5093757
5093762
5093508
5093407
5093498
5093763
5093624
5093702
5093676
5093635
5093802
5093721
5093774
5093534
5093585
5093888
5093622
5093427
5093569
5093408
5093722
5093546
5093614
5093433
5093570
5093524
5093500
5093444
5093640
5093489
5093659
5093417
5093886
5093461
5093754
5093815
5093488
5093581
5093804
5093599
5093655
5093582
5093931
5093641
5093425
5093713
5093404
5093565
5093594
5093846
5093607
5093620
5093440
5093517
5093719
5093893
5093891
5093410
5093704
5093598
5093516
5093912
5093923
5093925
5093663
5093921
5093771
5093993
5093606
5093745
5093941
5093539
5093468
5093586
5093561
5093426
5093836
5093705
5093852
5093871
5093919
5093474
5093504
5093533
5093604
5093580
5093826
5093626
5093492
5093922
5093451
5093628
5093738
5093589
5093856
5093859
5093700
5093490
5093574
5093670
5093681
5093412
5093711
5093750
5093542
5093853
5093790
5093929
5093914
5093540
5093557
5093478
5093845
5093905
5093576
5093693
5093441
5093714
5093481
5093536
5093895
5093842
5093560
5093830
5093744
5093730
5093636
5093411
5093961
5093548
5093692
5093708
5093890
5093843
5093418
5093977
5093772
5093466
5093563
5093511
5093990
5093434
5093432
5093917
5093875
5093523
5093829
5093879
5093571
5093487
5093787
5093664
5093728
5093737
5093793
5093617
5093672
5093699
5093844
5093420
5093938
5093933
5093538
5093443
5093768
5093765
5093671
5093573
5093948
5093480
5093588
5093675
5093621
5093976
5093619
5093494
5093544
5093662
5093532
5093519
5093709
5093631
5093862
5093900
5093630
5093627
5093863
5093959
5093609
5093847
5093590
5093562
5093455
5093818
5093403
5093694
5093482
5093558
5093832
5093991
5093666
5093683
5093608
5093870
5093632
5093799
5093822
5093520
5093803
5093703
5093668
5093471
5093431
5093567
5093689
5093509
5093437
5093928
5093932
5093946
5093840
5093904
5093690
5093493
5093515
5093758
5093547
5093513
5093416
5093448
5093652
5093939
5093746
5093514
5093882
5093661
5093415
5093551
5093423
5093601
5093697
5093495
5093414
5093647
5093866
5093749
5093657
5093583
5093773
5093968
5093505
5093603
5093720
5093777
5093577
5093527
5093673
5093727
5093997
5093885
5093741
5093477
5093409
5093810
5093801
5093995
5093449
5093927
5093813
5093502
5093725
5093812
5093740
5093564
5093880
5093868
5093555
5093835
5093907
5093678
5093739
5093898
