21377802
21377233
21377058
21379678
21378975
21377259
21379556
21377334
21377095
21377088
21379793
21377589
21377823
21371831
21379868
21377536
21373832
21377107
21377470
21377936
21377355
21379505
21377163
21379606
21379114
21372727
21374701
21377248
21370894
21372508
21377713
21379268
21373062
21379060
21377147
21377374
21377948
21379171
21370391
21378121
21376014
21377565
21379129
21378392
21377271
21375937
21379732
21377857
21377218
21379342
21377691
21379884
21378283
21377794
21377654
21372631
21379212
21379786
21378156
21379577
21370534
21377471
21379149
21379785
21379611
21372176
21379832
21378148
21379291
21379103
21379509
21377336
21373616
21377500
21377588
21377121
21377479
21370946
21379902
21374268
21378041
21378630
21378315
21376269
21379571
21377613
21377108
21378273
21379442
21379410
21378139
21378213
21377421
21379384
21377926
21370328
21378330
21378257
21379270
21379778
21377708
21378279
21375834
21379527
21377649
21372005
21379723
21377722
21377977
21379867
21379074
21379197
21379299
21379332
21379206
21379526
21378186
21378418
21379007
21371162
21377604
21379463
21377605
21377695
21375851
21375267
21377754
21370600
21377976
21377693
21377154
21379608
21379548
21377368
21377993
21379411
21377978
21378221
21377661
21377224
21379162
21377667
21379188
21379023
21378462
21377519
21378192
21379783
21377414
21377261
21377141
21376142
21373426
21378222
21379791
21370918
21379897
21379928
21379276
21372358
21378276
21379752
21377255
21378126
21378308
21377256
21377133
21373948
21379338
21377059
21377626
21377645
21378450
21377311
21377883
21377623
21377469
21377303
21377304
21377849
21378196
21378411
21377920
21377634
21377450
21378243
21379037
21376360
21378246
21379322
21377488
21377717
21371747
21379283
21371996
21377034
21377481
21377018
21377710
21377550
21378292
21378214
21378229
21377839
21377376
21377636
21379846
21377898
21377496
21379319
21377332
21377820
21379336
21377151
21379385
21377606
21378414
21379839
21378312
21377822
21370646
21379958
21378431
21375060
21377195
21373881
21378533
21379273
21377525
21375407
21379073
21379537
21376336
21379891
21379059
21379922
21377950
21379088
21378108
21371072
21379030
21379392
21377264
21377909
21377616
21379734
21379749
21377226
21379686
21379586
21377172
21377417
21378136
21377725
21379086
21379125
21378180
21377036
21379161
21379551
21372987
21379976
21379016
21379321
21378415
21377548
21377545
21377139
21377391
21378157
21379309
21377614
21378201
21377153
21378297
21378245
21377699
21378447
21378396
21377831
21378271
21374560
21379173
21374551
21378419
21379419
21378017
21378145
21378144
21379361
21379769
21374035
21379042
21376825
21377485
21377764
21377098
21377404
21371678
21377251
21379282
21379731
21377038
21377910
21379962
21378054
21374685
21379995
21375075
21379845
21378306
21379290
21378181
21378078
21373425
21377454
21377905
21374414
21379724
21377737
21372199
21377302
21373986
21372143
21375578
21379579
21374109
21379473
21378038
21372157
21379263
21377011
21370041
21377608
21379899
21379602
21378399
21374336
21377246
21377505
21379904
21372772
21375918
21377552
21379711
21378014
21378240
21370064
21371966
21377406
21376218
21379297
21374108
21378288
21371125
21370281
21377508
21379743
21379510
21379484
21377928
21371840
21379203
21379841
21370876
21373618
21379699
21378189
21378140
21377882
21377575
21379620
21379593
21378106
21374604
21375058
21377330
21377615
21377925
21370009
21377029
21379787
21378191
21378210
21379856
21376701
21372494
21377016
21379121
21377068
21377174
21377480
21378036
21375128
21378323
21376620
21377012
21376611
21377768
21379672
21377021
21375739
21378586
21377570
21378335
21379314
21377197
21378391
21372458
21377252
21375290
21377210
21372511
21370731
21377557
21379712
21377464
21378142
21379725
21379464
21377891
21371129
21379032
21377162
21372189
21370875
21371144
21378417
21379391
21379533
21377855
21379234
21378540
21377291
21377973
21378215
21379194
21377234
21377039
21378164
21378070
21377884
21378389
21379048
21377116
21377846
21379869
21373450
21377366
21377538
21375779
21376801
21377744
21377025
21379375
21377966
21377785
21377949
21378103
21377720
21379532
21375136
21377390
21379523
21379973
21379249
21379341
21375638
21379075
21375586
21377070
21377017
21379436
21379770
21379744
21378162
21379223
21377418
21377914
21378039
21378141
21377533
21370741
21371043
21374407
21379682
21378338
21379609
21377546
21378109
21377830
21379078
21372151
21379451
21377901
21379210
21377592
21371846
21377339
21379892
21379117
21377685
21376990
21374959
21378151
21377579
21379416
21376890
21372190
21379990
21379483
21378349
21379294
21372703
21378160
21372293
21379394
21370034
21376937
21377416
21377290
21377927
21379817
21379443
21374191
21377123
21378195
21377940
21375079
21379589
21378334
21377777
21378894
21372906
21379984
21377752
21379489
21378945
21379357
21377668
21377315
21378167
21377328
21379177
21372123
21379358
21379667
21377482
21379456
21370622
21373038
21379256
21379287
21379345
21379239
21377164
21378233
21379991
21377702
21378280
21377086
21377819
21375897
21379049
21379569
21379840
21377186
21377236
21379596
21377124
21378931
21379663
21377933
21377344
21379132
21379883
21372864
21377192
21379820
21379789
21377117
21379191
21379011
21377895
21377065
21379159
21372019
21379864
21377047
21379109
21377541
21379936
21377267
21376685
21379407
21377705
21379315
21379327
21377560
21377522
21379580
21379860
21379889
21372353
21377886
21377561
21379745
21377440
21376315
21379226
21379607
21379968
21377577
21378444
21377071
21379918
21376658
21373071
21379814
21379470
21371599
21374097
21371480
21379280
21377447
21377641
21378278
21379405
21379211
21379978
21377413
21379894
21379654
21377184
21377971
21377477
21378143
21379238
21379729
21376735
21379773
21377921
21378114
21377188
21370104
21379185
21379524
21376313
21379230
21378218
21373322
21377020
21379127
21378286
21379316
21379328
21377991
21377348
21377929
21379501
21378224
21378174
21371896
21378203
21379346
21377079
21377815
21379243
21377201
21377959
21377216
21379432
21377796
21378059
21373634
21377175
21374645
21379765
21377584
21377269
21378152
21379555
21377511
21379670
21379193
21377089
21376656
21374456
21377826
21377113
21377273
21377998
21377370
21379965
21378081
21379829
21377665
21379158
21378938
21377568
21378294
21379423
21371793
21379438
21379301
21377811
21379898
21379873
21377593
21370539
21378439
21370680
21377632
21377176
21373929
21374694
21378207
21377612
21377643
21379890
21377434
21379695
21379674
21377448
21374395
21378110
21379492
21378161
21377617
21377922
21377096
21375745
21378239
21377037
21379176
21377539
21378184
21379035
21377967
21379281
21379823
21378165
21378010
21377931
21377014
21379406
21379046
21372997
21379333
21370638
21377270
21377461
21378426
21377080
21379487
21379413
21379792
21379235
21377160
21378325
21377191
21376072
21372322
21379834
21379690
21373932
21379491
21377486
21377865
21377193
21378433
21378153
21373448
21371381
21379395
21373194
21377850
21379444
21377868
21376341
21379616
21375228
21379597
21379192
21377709
21374255
21377680
21379184
21377544
21377030
21377242
21378146
21373331
21377583
21373344
21377509
21377941
21377997
21379186
21377985
21371030
21377239
21379541
21376276
21377276
21379536
21379233
21379824
21378018
21375041
21372814
21377483
21371875
21377258
21379371
21379775
21374029
21372034
21377148
21370634
21377803
21377013
21379157
21379218
21371992
21378251
21378138
21377094
21372515
21375030
21379933
21377382
21379478
21377808
21377415
21379738
21377314
21379511
21377532
21379178
21371583
21378262
21379594
21373988
21378172
21377474
21379799
21378130
21379437
21377043
21377220
21377837
21378205
21379396
21379227
21377115
21378296
21371758
21377609
21377682
21371863
21377087
21378353
21377739
21377031
21371670
21378260
21379676
21377956
21372680
21379568
21371967
21379754
21377495
21377924
21378247
21377755
21377653
21375147
21379199
21377630
21379409
21379347
21378147
21379540
21377944
21379552
21377762
21379969
21379701
21377885
21379156
21379145
21377324
21379684
21377547
21371804
21379519
21377297
21376125
21379454
21379462
21379262
21377155
21379100
21379838
21377523
21379271
21379164
21372689
21377093
21379147
21372469
21375786
21377776
21379096
21377873
21377972
21379486
21370354
21377132
21379998
21378381
21379685
21377372
21377078
21379009
21375164
21379810
21377679
21377813
21377582
21376419
21378437
21379813
21374965
21375031
21379601
21373714
21379714
21373701
21371188
21379613
21378612
21376280
21377900
21377130
21371343
21378064
21379459
21378495
21379543
21379604
21372554
21375289
21377042
21377072
21377209
21379370
21371372
21374331
21379498
21379110
21373755
21377286
21377092
21379146
21379363
21379614
21379503
21378263
21379300
21377804
21370112
21379683
21379292
21376037
21379767
21377035
21371266
21377780
21378149
21377574
21379401
21375882
21377385
21379750
21378008
21379044
21373462
21377177
21377979
21370767
21377449
21373120
21379525
21377185
21377767
21377590
21379494
21374048
21377515
21378285
21379688
21374942
21377122
21374735
21371420
21378380
21379425
21379564
21376172
21377859
21379578
21377301
21379441
21379144
21377566
21379514
21373557
21379077
21378112
21377961
21377812
21379790
21379794
21374184
21379137
21379412
21377962
21377230
21377229
21377179
21374803
21379722
21370604
21376095
21379255
21379022
21379135
21370479
21379398
21377349
21379306
21379433
21377318
21379296
21371743
21374616
21379851
21379911
21372816
21378378
21379293
21377674
21378209
21379427
21379623
21378267
21377296
21373430
21379736
21378446
21379554
21374890
21377825
21379369
21377556
21374117
21378708
21379187
21378122
21379455
21374963
21371158
21372872
21379677
21378234
21377549
21377553
21379553
21377692
21378491
21377512
21379334
21377384
21379843
21377206
21377074
21377919
21377833
21377736
21377817
21377677
21377806
21373550
21377240
21379019
21379417
21379948
21379246
21379382
21376268
21378300
21371127
21377352
21372546
21372132
21377960
21377150
21379923
21379381
21377227
21379546
21377807
21377060
21379784
21377399
21371305
21375614
21379900
21379605
21378102
21379348
21377054
21378125
21377996
21379689
21377143
21371995
21377760
21379796
21372308
21378383
21378178
21378320
21379388
21379721
21379208
21379999
21377518
21377887
21377781
21377989
21377367
21379934
21375099
21379205
21377275
21379876
21377988
21377555
21377476
21377232
21376149
21379850
21377714
21377212
21379761
21378228
21377393
21379304
21379795
21377775
21379285
21377687
21371409
21377498
21377022
21378455
21379644
21376522
21378298
21379636
21377359
21377844
21378171
21374950
21377766
21377664
21376962
21370669
21377253
21379561
21377514
21378193
21372112
21379446
21377371
21377945
21377564
21377942
21377805
21379424
21370353
21371902
21378176
21378471
21379707
21377624
21377002
21377280
21379120
21377055
21379741
21379618
21379985
21379434
21373976
21377655
21376103
21377663
21379656
21379245
21378289
21377357
21372972
21372118
21379496
21377320
21378231
21378424
21370958
21375119
21379994
21370650
21377100
21377083
21377057
21379289
21377099
21377906
21373423
21376457
21374785
21371611
21377591
21377128
21377082
21377493
21377672
21378339
21377323
21379855
21377587
21379040
21377659
21378208
21377369
21378241
21370587
21377146
21375543
21377397
21379119
21379267
21379213
21378390
21378397
21378185
21379917
21377834
21377646
21378305
21375125
21377635
21370248
21372676
21377102
21378512
21379932
21377526
21377660
21377419
21375636
21374538
21379295
21377809
21379947
21372909
21378627
21377381
21377633
21379482
21379818
21378689
21371429
21378127
21377968
21377313
21373655
21377596
21378154
21378194
21377771
21378128
21377112
21379014
21379972
21377580
21377427
21379595
21378331
21377939
21373468
21379640
21378025
21377867
21378258
21377337
21379649
21377628
21379590
21377097
21374138
21378060
21374315
21379573
21377221
21377354
21379877
21378170
21377801
21379762
21376520
21378340
21378101
21379646
21377810
21377937
21379080
21377142
21370886
21378435
21378266
21379730
21379325
21371509
21377595
21377683
21379167
21377106
21379136
21378384
21374293
21379893
21377081
21377048
21377707
21379534
21379703
21378295
21370125
21377268
21379746
21377170
21379629
21377684
21370165
21379378
21378314
21370265
21379726
21377350
21379217
21378385
21377129
21377990
21375142
21378420
21370412
21373683
21378393
21377069
21370790
21378083
21371938
21377703
21377745
21379400
21376323
21379531
21373160
21379591
21377619
21377294
21378265
21379313
21378217
21370545
21378333
21377763
21379215
21378050
21376440
21378244
21371285
21372345
21379457
21379758
21372267
21373624
21379522
21377569
21379924
21378032
21379134
21378155
21377528
21374479
21374316
21372450
21379130
21378282
21379617
21379615
21378230
21371402
21377412
21377947
21379079
21377090
21371016
21377537
21370180
21379977
21377938
21379585
21378275
21379797
21370552
21377278
21379830
21377067
21379055
21378293
21377821
21370044
21377896
21377321
21377625
21377361
21375902
21377789
21377076
21377917
21378307
21377845
21379041
21377531
21379224
21379399
21377028
21377688
21372681
21379499
21379516
21370793
21372760
21379254
21377908
21377559
21376861
21379241
21377916
21379261
21377149
21377411
21372505
21379788
21377161
21377622
21379018
21379760
21371049
21372785
21377501
21371694
21372328
21379706
21378255
21379836
21379598
21373766
21378694
21371298
21377881
21379849
21374090
21378223
21379155
21370682
21378410
21379214
21375900
21377879
21377893
21377689
21374572
21379739
21377747
21377648
21378211
21378253
21379350
21378250
21372806
21371791
21375760
21379521
21379337
21379535
21379903
21373736
21379878
21377061
21379349
21379190
21379351
21379645
21379490
21379421
21371100
21379949
21374442
21372740
21377000
21379329
21379335
21379452
21377770
21371540
21377698
21374585
21377408
21379302
21378669
21377911
21377049
21377282
21377759
21377738
21377026
21378169
21377494
21377602
21379343
21379935
21379201
21370786
21372707
21378465
21377640
21377696
21379756
21377858
21377897
21379771
21377974
21377032
21377644
21379648
21379389
21378190
21378077
21379257
21379229
21370204
21379439
21379603
21379068
21370459
21377433
21377225
21374478
21377963
21377935
21378664
21379278
21377293
21379124
21377726
21371608
21377597
21377171
21379875
21376444
21379198
21377446
21378259
21379825
21379140
21377650
21377715
21377235
21377599
21370096
21379987
21378423
21379106
21379906
21379108
21379070
21374103
21379827
21379887
21377603
21372704
21377981
21373975
21377652
21377358
21377051
21379740
21375753
21377506
21377797
21379056
21372504
21379092
21379913
21375304
21377872
21377490
21379390
21377880
21378610
21379344
21379165
21377119
21377510
21379881
21378264
21373147
21377915
21377033
21377008
21377249
21379942
21379926
21370972
21378236
21377009
21377607
21379169
21377472
21378019
21371989
21377573
21378425
21379163
21378061
21373336
21377409
21378111
21377214
21379710
21379659
21377784
21377769
21379637
21377571
21377305
21377182
21379340
21372709
21379517
21377673
21378810
21371785
21378187
21377050
21377027
21379861
21379269
21372135
21377521
21379105
21377389
21379882
21378892
21378376
21377629
21377741
21377158
21377279
21379058
21377517
21375767
21377711
21378269
21377694
21378226
21377198
21379209
21379622
21379921
21377516
21379559
21379782
21377019
21379303
21377126
21374946
21377856
21376363
21377062
21377066
21378675
21379575
21377120
21376005
21379848
21378377
21378360
21375807
21377598
