21365686
21366015
21367545
21366104
21366235
21367142
21366717
21369943
21367519
21367470
21362284
21363010
21366983
21366609
21362175
21367604
21366457
21365959
21365891
21366744
21367211
21367483
21361616
21367116
21369654
21367200
21367240
21367494
21365987
21364052
21366405
21367226
21366374
21363116
21367469
21366376
21369745
21362471
21366875
21365611
21366034
21365545
21367267
21361830
21364532
21366719
21366187
21367434
21367627
21366088
21363306
21369870
21369667
21366089
21366238
21367245
21365991
21367599
21363826
21360982
21366363
21366547
21366202
21365526
21367607
21367237
21366510
21365825
21366910
21366969
21366723
21366318
21362486
21366438
21366885
21366677
21367695
21363718
21366661
21368274
21367964
21366998
21367567
21366368
21367620
21369838
21366905
21365746
21366197
21362165
21366255
21362769
21365674
21365878
21366948
21367194
21365808
21365753
21367182
21366086
21366468
21366779
21365747
21366889
21369780
21367596
21368934
21365554
21367152
21366680
21366664
21366695
21365592
21365531
21366830
21367256
21366264
21363474
21363074
21367584
21365641
21366818
21369810
21369632
21365907
21366514
21366440
21366886
21369855
21366482
21367544
21366110
21365679
21366144
21365948
21366977
21369651
21367360
21366924
21360710
21366842
21366177
21361550
21366446
21367527
21366435
21366647
21366635
21366417
21366955
21365598
21365813
21369642
21369804
21364328
21366001
21365568
21367205
21366513
21365858
21366136
21369901
21365655
21366753
21369769
21366554
21366451
21367493
21366858
21365600
21360870
21365685
21367630
21366799
21367637
21367186
21366756
21369881
21365757
21362874
21363067
21363305
21364157
21366764
21367733
21366602
21361102
21366715
21366903
21367023
21367487
21365673
21369852
21365579
21365819
21366182
21367423
21369702
21367016
21360155
21367552
21366877
21368523
21367219
21369758
21369680
21367477
21367119
21366537
21365736
21367593
21369329
21367156
21369747
21366911
21362715
21366953
21361183
21369796
21366226
21366649
21369288
21367541
21364173
21365595
21366571
21362199
21366191
21369655
21365787
21369847
21367634
21367893
21363893
21366817
21365574
21367426
21362641
21367247
21365175
21366087
21365593
21367166
21366100
21368629
21360377
21367290
21367648
21365792
21366437
21366070
21366735
21366640
21366517
21369687
21365702
21366610
21367518
21366642
21365807
21369759
21366615
21366209
21365187
21367468
21368729
21369962
21369873
21366926
21367163
21366283
21369896
21367388
21366721
21361570
21366925
21369140
21369982
21366918
21366569
21365780
21366222
21366850
21366101
21367694
21367363
21367752
21366651
21367207
21367521
21367011
21366453
21366685
21365030
21362863
21360671
21369650
21366627
21369624
21369898
21369672
21367312
21365927
21367060
21366448
21366317
21366250
21361636
21362131
21366415
21367170
21367039
21367536
21369091
21366208
21367516
21368555
21366629
21365692
21367341
21365989
21366761
21366126
21366720
21367032
21366815
21365664
21365789
21360152
21366930
21367324
21369805
21369797
21362624
21365633
21369999
21365238
21366527
21363402
21366091
21365711
21366031
21367639
21367445
21367379
21367476
21369956
21367289
21366366
21364871
21366355
21365514
21365549
21366436
21367614
21367369
21367216
21365707
21365683
21366551
21361980
21365714
21366236
21366475
21367264
21365059
21366077
21369718
21363572
21365470
21366429
21366336
21366973
21365165
21365876
21365627
21365667
21366552
21367667
21362321
21367167
21362828
21367031
21364177
21369411
21366578
21366921
21369299
21365220
21365748
21367485
21361741
21365715
21366168
21366263
21362526
21365872
21369629
21367410
21366888
21365802
21365811
21366604
21365988
21366159
21366048
21365932
21365615
21367344
21365703
21366644
21369954
21363722
21365646
21365602
21366872
21366398
21365701
21366349
21366474
21366421
21367277
21366704
21360662
21366692
21365624
21366117
21369939
21361128
21369751
21366586
21369908
21365625
21365937
21366311
21365950
21369853
21369640
21365952
21368221
21365734
21367454
21367677
21367164
21366697
21369949
21365571
21365027
21366907
21366150
21365814
21366749
21366506
21367505
21369869
21362682
21365621
21369106
21366428
21367687
21366590
21366116
21369899
21366505
21367499
21367419
21365581
21367109
21367629
21365992
21367407
21367490
21365695
21365844
21367353
21366702
21366909
21367017
21365875
21366234
21363914
21366430
21366712
21366504
21366441
21369742
21366755
21362051
21362313
21365741
21366507
21363496
21367553
21369730
21366824
21366066
21367413
21366414
21365895
21369970
21367332
21366589
21366162
21367570
21369947
21369894
21366963
21367823
21369635
21366158
21367192
21365537
21365798
21362855
21369794
21367579
21369565
21365671
21369895
21365833
21366688
21366751
21369864
21366276
21368184
21367330
21365623
21366648
21369835
21365513
21366399
21365996
21364759
21366865
21363291
21365717
21366313
21367137
21368038
21367453
21367252
21365642
21366984
21367405
21366743
21366204
21365744
21367331
21366796
21366194
21367143
21365698
21367159
21369746
21367510
21366294
21367608
21367198
21366460
21367301
21365634
21365977
21361544
21367622
21362295
21366328
21367102
21365699
21367193
21365962
21364440
21369994
21366065
21369879
21369311
21369998
21365561
21367004
21366221
21365609
21367559
21369924
21365810
21367780
21367601
21369691
21367464
21363886
21366082
21362221
21369983
21369618
21365850
21367636
21366802
21369310
21369608
21364212
21366780
21367522
21360432
21365562
21367526
21367387
21367573
21366064
21365864
21369829
21366039
21365873
21366837
21361806
21369693
21365491
21366556
21367624
21367930
21366550
21365101
21367145
21369731
21367511
21366384
21369092
21367021
21360760
21365678
21363144
21369865
21366361
21369871
21368814
21369931
21366269
21367355
21369831
21367013
21362302
21366616
21365860
21363375
21365944
21365816
21366157
21362396
21365607
21369803
21366709
21367303
21366987
21367591
21367176
21369926
21366137
21361302
21369958
21369026
21367292
21367560
21366261
21369985
21367196
21369541
21365282
21366286
21367133
21366579
21369752
21369611
21367005
21366942
21365913
21365196
21360993
21367657
21360430
21367581
21366945
21363423
21366498
21366465
21367288
21365783
21365510
21367508
21367685
21362979
21369615
21364404
21367271
21366836
21366577
21366827
21365096
21366369
21369952
21365255
21369686
21369774
21366410
21366362
21362417
21366198
21367655
21366434
21369713
21365896
21366639
21362341
21367463
21366703
21367253
21366939
21360933
21367328
21366617
21367478
21368057
21366509
21367183
21369893
21366149
21367497
21365960
21367466
21365649
21363363
21364986
21368506
21365762
21362535
21365938
21364601
21365897
21366400
21367356
21366628
21366526
21365068
21366757
21367582
21366393
21360676
21365582
21367316
21365672
21367003
21367174
21367433
21364829
21368111
21369649
21360306
21360479
21369808
21367377
21368197
21365529
21366708
21366390
21360582
21365419
21365923
21367049
21366271
21368258
21366862
21365517
21360460
21366214
21366125
21362571
21365911
21367588
21367418
21366834
21366443
21367251
21368873
21365752
21366489
21367533
21368801
21366813
21367149
21366795
21369950
21369890
21367248
21367177
21366445
21365614
21367374
21366084
21366014
21366170
21365690
21361279
21366832
21366067
21367513
21369760
21367107
21367631
21365654
21365958
21369817
21367027
21366477
21367280
21365946
21361254
21367139
21365565
21365874
21369653
21366481
21366978
21365842
21361442
21369621
21366654
21367233
21366958
21367350
21362755
21366995
21367538
21369600
21369757
21366622
21365777
21366295
21366497
21369883
21366840
21367623
21367197
21366807
21363525
21366346
21366129
21366392
21365626
21366781
21366122
21366623
21368521
21366466
21367276
21369766
21367610
21365720
21369708
21366959
21366173
21362448
21367357
21365827
21364642
21366603
21369892
21363903
21369978
21366653
21365519
21366915
21367393
21366257
21363788
21367294
21369683
21367495
21366152
21365924
21365680
21366164
21365631
21365657
21366396
21367661
21369175
21366484
21367562
21366585
21364128
21367546
21366007
21368771
21369785
21367554
21366632
21366808
21368527
21365947
21369959
21367115
21366411
21367111
21364992
21362763
21366518
21366593
21369836
21362297
21366199
21369900
21365622
21367375
21369936
21369779
21367635
21366748
21369678
21366229
21365892
21366325
21366614
21361133
21367229
21365979
21367471
21366656
21369858
21367236
21366364
21366147
21366561
21365768
21366516
21360879
21366227
21367482
21369627
21367117
21366185
21362203
21364118
21365751
21367224
21367456
21365865
21365961
21366534
21365708
21365928
21361026
21366301
21360970
21366486
21367234
21366938
21367122
21369763
21365931
21362500
21366734
21366008
21365828
21366353
21366119
21369859
21369614
21369973
21366895
21369465
21367412
21366180
21367504
21366566
21366914
21369815
21367431
21366881
21367080
21365886
21366754
21366017
21365830
21360926
21367126
21367653
21367371
21369761
21369917
21366750
21366141
21367101
21367681
21366917
21364063
21362033
21366778
21366200
21367517
21367575
21366358
21366683
21366988
21366228
21364515
21361372
21369946
21367498
21365912
21366568
21366637
21367605
21366736
21365737
21365862
21366244
21365729
21366542
21365761
21365548
21366956
21361099
21364528
21369645
21365966
21367676
21369878
21366563
21367384
21366375
21369701
21365815
21369495
21369849
21365904
21365758
21366525
21365975
21369764
21367161
21369489
21367632
21366929
21366902
21368109
21365779
21369658
21366062
21366560
21366890
21365658
21363298
21366539
21360810
21362949
21367467
21366499
21366584
21365824
21367349
21367188
21366211
21365518
21366833
21366080
21367265
21366216
21367455
21365871
21366217
21366947
21365536
21366277
21367682
21366490
21367154
21367320
21366892
21367606
21361837
21366844
21360466
21367437
21366282
21367540
21365569
21366522
21369606
21365668
21362394
21360637
21366378
21367446
21363019
21369778
21362229
21367227
21369784
21366483
21365839
21367028
21365740
21367337
21369610
21366133
21365648
21365933
21365522
21367492
21367671
21369773
21366699
21369726
21365890
21362097
21369961
21367232
21368023
21367404
21361739
21366797
21367287
21365784
21367501
21369935
21365566
21367150
21366367
21367442
21367203
21369394
21366323
21365936
21366694
21365535
21365616
21365743
21366675
21365764
21367739
21366655
21366598
21366270
21362120
21368005
21366786
21367396
21366051
21367261
21362062
21367130
21366943
21366408
21366846
21367448
21366663
21366492
21364617
21365945
21365534
21369714
21367273
21367590
21366334
21366203
21365558
21366172
21367110
21365955
21366092
21366667
21366950
21366652
21365665
21365909
21367026
21367480
21365608
21363500
21366805
21367018
21365628
21369963
21367440
21367144
21366633
21366689
21368676
21366288
21366275
21365925
21367238
21366868
21367725
21366587
21366120
21369825
21366312
21366138
21366060
21367688
21367311
21366591
21367284
21366606
21365969
21369932
21368247
21361852
21365511
21366061
21366660
21367690
21366121
21366233
21369644
21366503
21369987
21369997
21367530
21366166
21369765
21365867
21369807
21366707
21366181
21366442
21365639
21367529
21366529
21365670
21367372
21367395
21366093
21367577
21365942
21360399
21366971
21362565
21369976
21366806
21367000
21367187
21366433
21367195
21369945
21365859
21366690
21369944
21367699
21365851
21362088
21369790
21367547
21366278
21364433
21362173
21369648
21364396
21369710
21366773
21369912
21367201
21368686
21367336
21369882
21366356
21367770
21366155
21366010
21366986
21366132
21360702
21366601
21365547
21366284
21364214
21363447
21369202
21366747
21369846
21369605
21365612
21368108
21365835
21363866
21366843
21366835
21367430
21367414
21366455
21369886
21366419
21367594
21369782
21365863
21361849
21365840
21367438
21366608
21365822
21366420
21360776
21366553
21366772
21366338
21369922
21366531
21367650
21365629
21369665
21361630
21365770
21367343
21367452
21365515
21368401
21369842
21366114
21365967
21369741
21367140
21367268
21366347
21363409
21366298
21366740
21367680
21367400
21360147
21366541
21369609
21369916
21365697
21367422
21366738
21366118
21363865
21361512
21368406
21366620
21366636
21365183
21363418
21365512
21368955
21366094
21366681
21366153
21367640
21366913
21365848
21369844
21369929
21363488
21365845
21366471
21366004
21368732
21365092
21369079
21365563
21367644
21366165
21366479
21366354
21364331
21369919
21365919
21367597
21366952
21367249
21367576
21366777
21366000
21368306
21367658
21367243
21365705
21367035
21366139
21366265
21367646
21362153
21367305
21360286
21367647
21367361
21366071
21367169
21365691
21366530
21367832
21366281
21367281
21365903
21365594
21366693
21365855
21364428
21365572
21365853
21365785
21366030
21367520
21369861
21366381
21366867
21363123
21366657
21366357
21369719
21365533
21366519
21361362
21363782
21366916
21368119
21369824
21367689
21369639
21367317
21367286
21365709
21362463
21364478
21363679
21364290
21367348
21369630
21369094
21367602
21366320
21366508
21367329
21366658
21365525
21367333
21366316
21367645
21367118
21367615
21364477
21365597
21367204
21369868
21369436
21365542
21366241
21360783
21366142
21367024
21366163
21366809
21364460
21365939
21365580
21365861
21366189
21369822
21363104
21367888
21369781
21366280
21366260
21361722
21366650
21366838
21367358
21367403
21366371
21362864
21367352
21369720
21365588
21367206
21365976
21366169
21369737
21367555
21369349
21367611
21369775
21367528
21366002
21365605
21366839
21365516
21369576
21365587
21369762
21366891
21367829
21367586
21369819
21366989
21366804
21366641
21367472
21367215
21367235
21367346
21367366
21369733
21369986
21367345
21366044
21367678
21367566
21367146
21366643
21366242
21369914
21369813
21368335
21366335
21369770
21367148
21369709
21366373
21366782
21367250
21367855
21366607
21365755
21366520
21365647
21369768
21366793
21365540
21363492
21366951
21367135
21369692
21366252
21360684
21366861
21366714
21363614
21365852
21369633
21367351
21367231
21364338
21365543
21367574
21367865
21369656
21366737
21367502
21368908
21367314
21366668
21366462
21366326
21368382
21369830
21365735
21367258
21367666
21366775
21366195
21361438
21366042
21366730
21365583
21366646
21365750
21367153
21365660
21362333
21367652
21369663
21366906
21366965
21366791
21367246
21367105
21365618
21366686
21363760
21369948
21367691
21366388
21369616
21366752
21365578
21366454
21369688
21366456
21361345
21369670
21366332
21368079
21369671
21366006
21367401
21366758
21366135
21360591
21367674
21366801
21363675
21369823
21365604
21365756
21366536
21366992
21369938
21366262
21366822
21365546
21365530
21367244
21363239
21369974
21361166
21367417
21367539
21365723
21365601
21366115
21365265
21362632
21367638
21366853
21366258
21361875
21365541
21361373
21361879
21367295
21367180
21365728
21361144
21366478
21367561
21365857
21366069
21367189
21366046
21367720
21369941
21366037
21362135
21362123
21369744
21369993
21363667
21366883
21365964
21369634
21366549
21367441
21366218
21365917
21369690
21369676
21366860
21366564
21361250
21365795
21366854
21365883
21365688
21369669
21369699
21367222
21365681
21366230
21367616
21366341
21365826
21366418
21367291
21366565
21365870
21369626
21366444
21365804
21367425
21369827
21361904
21369860
21367300
21369979
21366769
21365599
21369053
21365589
21366679
21367283
21366394
21367298
21366333
21367663
21366819
21365772
21365689
21367209
21362129
21365915
21366746
21369801
21369863
21366845
21365921
21366869
21369581
21367391
21367022
21366206
21366544
21366884
21365567
21369738
21366447
21369677
21367643
21366321
21365556
21367874
21366049
21365555
21364545
21364834
21369995
21367272
21366934
21367450
21366232
21369754
21366789
21365943
21366021
21367225
21365841
21365767
21369933
21361016
21365523
21366431
21368633
21365596
21365586
21360487
21366370
21366851
21369723
21366711
21367202
21367168
21366406
21367319
21361411
21369698
21366548
21367876
21367551
21365560
21366901
21365124
21366944
21369638
21367486
21369937
21367686
21365724
21365029
21366324
21369839
21367723
21360290
21369990
21367378
21365732
21367307
21369662
21367408
21366389
21366501
21367565
21366546
21369706
21365834
21366966
21363838
21365866
21366207
21364560
21369697
21369700
21367612
21367124
21367155
21365721
21365366
21366463
21365412
21367619
21366672
21366043
21367162
21366821
21367012
21367373
21366732
21367259
21367673
21369996
21366879
21369477
21363119
21367123
21363505
21369601
21365742
21369902
21367465
21367399
21369812
21367662
21367113
21367274
21367473
21363823
21366964
21369850
21362346
21369951
21364732
21367503
21367525
21367665
21367230
21366976
21360661
21367512
21365965
21369955
21366254
21369776
21360449
21365613
21366379
21369755
21367506
21367830
21365778
21364981
21366957
21366570
21365722
21366300
21367443
21367376
21369643
21365831
21363631
21369622
21365570
21367459
21367266
21369679
21367415
21367296
21360575
21367239
21366898
21367279
21365997
21366183
21361267
21366154
21366968
21360672
21366289
21367213
21365869
21367515
21368334
21364224
21365829
21369481
21361928
21367260
21369913
21365713
21367158
21367220
21366291
21365800
21367038
21367190
21367306
21362095
21368919
21366247
21366582
21366828
21366899
21365704
21363734
21367390
21365524
21366742
21367564
21365656
21365645
21369684
21365651
21367548
21367297
21363985
21365520
21365990
21365868
21369833
21367583
21367651
21365653
21365367
21367364
21367383
21365922
21366900
21367496
21361386
21369625
21361230
21366161
21366701
21367323
21369977
21365521
21368099
21365994
21366231
21368096
21366502
21366452
21367131
21366409
21360792
21366128
21365564
21365806
21369694
21366012
21366494
21365738
21366380
21367282
21360333
21366716
21367362
21367660
21367675
21369617
21367420
21369619
21365887
21366763
21367670
21366026
21365940
21366678
21366960
21366160
21365954
21366659
21366760
21366823
21365577
21366874
21360715
21367600
21369992
21364351
21367394
21366847
21368725
21367409
21367621
21367141
21369820
21369786
21369966
21366427
21369712
21365731
21369857
21360024
21366540
21366940
21367684
21367507
21369874
21367214
21366302
21367008
21365812
21369628
21360526
21362614
21366803
21366812
21366706
21367275
21367128
21366493
21365538
21368120
21366788
21366912
21369799
21365877
21366676
21367603
21366594
21365661
21367325
21362921
21366480
21365652
21365666
21368758
21365847
21365632
21369964
21369814
21366272
21363543
21365805
21369915
21366201
21369928
21366485
21366933
21363194
21366134
21366857
21367488
21367354
21366532
21367924
21366645
21366205
21366923
21366559
21361310
21369602
21367491
21367359
21367683
21368234
21365846
21366425
21366705
21367020
21367208
21366407
21366365
21369659
21367664
21360169
21366416
21366322
21366377
21365836
21367460
21361901
21369789
21366999
21360771
21367389
21366274
21366124
21366908
21363713
21366045
21366041
21367669
21366146
21366151
21366426
21367263
21366996
21363284
21366085
21365603
21365983
21366076
21366279
21366605
21365662
21362700
21366722
21369729
21369904
21367151
21365978
21360291
21365799
21366904
21369740
21366774
21362345
21369227
21361261
21366931
21369707
21364215
21366210
21367221
21369674
21363365
21366841
21365675
21366887
21369984
21367941
21360086
21367598
21369647
21366401
21367563
21367617
21366307
21367138
21369455
21367310
21369798
21366412
21366330
21366308
21366184
21367654
21369704
21369942
21366810
21365882
21366339
21362408
21365638
21366771
21368006
21367481
21366111
21365773
21369620
21360752
21366487
21365630
21366967
21366331
21367191
21368840
21360997
21365727
21366382
21366337
21366113
21360302
21360511
21366056
21366765
21369783
21366266
21366292
21366251
21367270
21366223
21366980
21366673
21369866
21367108
21360469
21368790
21365854
21366360
21364922
21366459
21366016
21366131
21366897
21366936
21366402
21366464
21365809
21367326
21366470
21366467
21360527
21366718
21369675
21367285
21360510
21367693
21367112
21365817
21366580
21369716
21365719
21364572
21365898
21366528
21366171
21365953
21366515
21369696
21369800
21367257
21366848
21361831
21369159
21366521
21366979
21366395
21369911
21368962
21365712
21367626
21366994
21367001
21361038
21366057
21366583
21369826
21366458
21365949
21365856
21361754
21366472
21365706
21363054
21369421
21367157
21366213
21366825
21367370
21367534
21366033
21365636
21366670
21368220
21369791
21367121
21365676
21365973
21366404
21366927
21366878
21369953
21366293
21360779
21367649
21364250
21364978
21367127
21362439
21366130
21366343
21366290
21367458
21365901
21365749
21367132
21366974
21366383
21369834
21365591
21369637
21367532
21369821
21367114
21369715
21366691
21366599
21369468
21366239
21366893
21360518
21366309
21367569
21366512
21366127
21367129
21367106
21366469
21367628
21367318
21367104
21366562
21366870
21366970
21367322
21361935
21366022
21366212
21367002
21364349
21367030
21365590
21365684
21366386
