21356209
21354194
21358844
21355716
21356156
21355381
21354981
21353263
21355366
21351915
21355224
21355614
21356102
21355264
21352072
21355784
21356082
21355432
21354241
21355011
21357178
21354153
21353384
21355747
21353682
21354015
21357440
21355818
21356730
21359386
21355810
21355516
21355504
21356585
21350317
21355019
21350494
21356047
21357064
21354965
21355404
21355254
21355544
21356062
21355098
21355533
21355833
21355619
21355128
21355225
21355081
21351928
21355033
21354069
21354155
21350795
21352889
21354140
21351685
21357242
21352909
21357695
21351775
21355942
21355014
21355737
21355974
21355031
21355267
21352874
21355625
21355466
21355027
21355525
21354904
21355166
21355015
21357971
21356168
21355914
21355911
21352641
21355077
21355630
21352557
21356081
21355222
21355130
21358009
21355667
21355314
21354046
21359820
21356144
21355052
21353737
21356155
21357203
21356017
21355463
21355018
21355592
21355232
21355339
21355598
21355037
21350892
21354173
21356201
21355609
21355125
21355931
21355328
21355272
21356153
21354927
21355870
21353744
21355535
21356453
21355941
21351238
21355097
21354068
21355020
21355348
21355459
21355415
21350964
21357118
21355695
21355807
21355411
21355826
21359748
21358004
21355269
21355215
21355704
21355750
21355385
21354142
21355013
21355390
21355473
21355111
21355903
21355596
21353919
21355325
21354211
21355053
21356838
21353028
21355929
21355338
21355768
21354048
21359754
21355570
21356819
21355689
21355353
21357138
21354022
21356036
21352132
21356368
21354134
21355685
21355361
21351107
21355907
21355925
21355748
21355725
21356176
21354230
21353039
21354990
21354205
21355351
21356226
21355382
21355608
21355898
21355430
21355139
21351888
21355497
21356605
21351206
21353696
21357615
21355712
21354606
21355989
21355458
21358197
21355400
21355540
21354040
21356069
21354968
21354103
21359573
21355051
21356174
21355603
21354320
21354920
21355575
21355691
21355527
21355817
21353571
21351626
21353273
21352884
21355729
21355060
21354218
21354966
21350775
21354957
21356099
21354096
21353648
21356157
21353645
21351293
21355175
21358462
21355495
21355133
21354182
21350668
21356072
21353914
21354078
21355837
21356038
21352461
21351148
21355513
21350643
21354077
21350092
21350529
21355069
21353948
21354070
21354090
21358679
21351037
21355443
21356111
21356057
21354062
21356162
21355127
21354100
21354158
21359637
21356186
21355772
21355512
21354012
21355865
21353140
21351635
21354010
21355056
21358331
21353741
21355892
21355310
21355878
21354014
21355258
21359372
21354005
21356138
21355828
21354206
21354242
21354996
21355759
21354099
21352139
21355751
21354110
21356011
21358344
21355633
21355783
21355976
21355720
21354905
21355552
21355193
21355863
21355624
21354221
21355754
21354248
21355774
21354011
21350715
21352276
21354086
21355349
21355296
21356215
21355402
21355334
21355884
21355916
21354568
21355930
21355078
21354160
21355017
21355230
21355617
21354121
21355481
21355042
21355775
21354212
21354042
21356030
21355607
21355733
21358695
21355984
21355029
21355832
21355664
21354071
21354978
21355953
21355414
21355393
21355932
21355066
21350985
21355693
21358943
21359925
21355895
21355022
21354959
21350204
21354299
21350844
21355933
21355639
21355040
21354210
21358122
21355043
21355568
21354749
21355034
21355468
21351307
21354188
21354296
21355764
21355773
21356112
21355221
21355585
21355352
21355718
21354974
21356098
21355690
21355649
21350175
21355656
21356093
21359530
21355910
21355122
21354199
21354119
21354027
21355692
21356115
21355981
21355710
21355992
21355359
21354225
21355950
21354168
21357613
21355457
21355356
21351933
21355565
21353226
21354910
21358611
21359201
21355724
21355743
21355243
21356049
21354991
21359900
21354915
21354249
21354144
21357702
21355320
21355505
21359743
21356160
21356007
21356128
21355436
21354912
21355420
21356023
21355642
21355150
21356216
21351844
21355114
21355358
21357838
21359806
21355502
21354029
21359200
21350016
21354174
21354363
21356218
21353750
21355433
21354928
21356048
21354995
21355292
21351295
21355182
21350158
21355924
21355935
21355586
21354148
21356210
21355399
21355938
21355462
21355940
21355706
21352767
21355315
21355423
21354935
21356059
21356972
21356016
21356732
21354290
21358604
21355922
21359901
21355270
21354223
21352585
21356132
21350533
21356848
21359108
21355531
21359867
21356055
21356142
21355578
21359316
21354085
21355658
21353627
21355634
21355890
21358415
21355528
21355790
21352236
21357109
21356013
21355908
21356428
21355365
21355431
21355638
21355635
21355947
21356165
21355660
21352079
21355880
21354955
21354113
21355211
21354214
21350578
21355375
21355960
21355282
21357446
21354948
21350828
21354949
21358481
21353974
21356169
21355383
21354237
21355861
21350349
21355523
21352820
21355792
21353944
21355417
21355268
21352094
21355089
21350987
21353915
21355008
21354971
21355601
21354075
21355927
21355542
21355742
21355425
21353308
21358918
21355050
21354918
21354628
21355245
21355967
21355822
21352034
21355441
21355188
21355062
21355186
21355711
21355969
21355563
21354911
21350592
21354002
21355092
21356680
21355256
21355956
21355499
21354961
21350435
21354208
21355306
21352939
21355659
21355228
21354025
21354139
21355936
21357789
21354095
21355409
21354098
21356029
21352205
21354013
21354198
21355591
21355451
21351083
21353241
21356193
21355005
21356137
21354297
21355181
21355118
21352188
21356010
21354227
21355331
21355681
21356335
21357755
21358588
21355755
21357307
21352294
21355657
21359737
21354101
21356118
21354128
21351184
21355154
21351884
21354125
21351797
21357791
21352401
21355921
21355904
21353865
21354270
21354936
21355218
21354004
21356166
21355599
21350867
21356101
21355643
21354076
21355573
21355687
21354373
21355627
21355490
21355190
21354108
21354250
21358161
21357173
21355141
21355699
21355163
21355811
21355210
21354950
21354189
21355604
21355590
21355550
21351505
21355709
21354941
21355679
21351804
21355327
21355778
21353621
21355144
21355534
21354102
21355615
21354059
21355753
21355467
21350244
21355204
21355311
21354138
21355676
21353417
21350914
21355048
21358669
21356114
21355580
21355939
21356800
21354280
21355294
21355161
21355926
21356672
21352986
21351547
21355830
21354276
21355438
21354943
21357119
21352302
21355920
21355761
21356119
21355386
21356571
21350240
21355289
21355410
21354169
21351795
21354958
21350573
21355752
21351794
21354207
21356149
21355646
21357306
21354049
21355855
21354161
21354213
21358927
21351387
21355330
21355278
21354053
21354298
21355460
21355543
21355001
21355519
21354224
21355526
21354132
21356601
21354009
21354926
21351446
21355346
21355787
21355581
21354045
21351868
21356005
21356097
21354311
21354924
21355239
21355074
21359578
21355233
21355913
21355869
21354937
21350155
21354967
21354084
21355973
21355714
21357588
21354060
21355838
21358299
21355368
21358939
21354203
21354003
21355212
21355962
21355756
21355824
21354154
21356110
21355369
21354066
21354061
21354117
21355249
21356092
21355841
21354953
21359929
21352632
21355889
21358118
21355234
21356113
21356190
21355341
21355021
21352239
21355363
21355909
21354072
21357630
21355484
21354232
21356175
21355680
21354233
21355406
21355593
21355511
21356159
21355307
21355396
21356060
21355028
21352835
21356122
21355636
21356094
21351417
21359909
21354292
21356158
21355068
21355378
21355616
21352572
21355684
21355815
21356712
21354021
21355802
21355860
21355840
21354969
21356070
21356100
21354157
21353677
21358694
21353780
21353472
21357854
21355959
21355731
21359730
21355392
21355799
21355280
21356130
21354502
21356116
21355044
21355782
21354246
21355509
21351385
21355631
21355629
21355786
21359071
21354229
21355719
21354050
21355162
21355131
21355891
21355702
21355004
21356018
21355379
21354112
21350032
21355316
21354253
21355387
21356107
21353787
21355009
21356009
21355965
21354133
21354945
21355825
21355300
21357046
21355198
21358980
21353541
21355167
21356090
21355281
21358886
21354016
21356065
21354262
21355553
21354191
21351510
21355480
21356121
21357817
21356607
21354115
21357987
21355641
21355806
21355477
21355549
21350567
21355196
21352359
21355455
21355529
21355894
21353537
21355520
21358391
21355854
21354129
21358277
21355977
21357778
21355428
21355241
21354074
21355394
21355323
21354111
21354141
21351399
21357929
21355606
21356131
21355819
21354143
21356117
21354259
21354979
21356103
21356991
21353972
21358836
21351442
21355271
21350113
21354083
21355545
21356163
21351869
21353146
21355562
21355080
21355424
21359681
21354118
21352790
21354126
21355859
21355632
21354024
21353604
21355061
21355885
21354130
21356982
21355798
21355076
21354026
21353793
21355201
21359204
21355032
21355372
21350736
21355500
21355871
21359828
21355143
21355538
21350506
21351737
21356133
21355105
21354929
21353801
21355169
21352334
21354975
21355648
21356148
21354175
21355067
21355354
21354252
21354193
21354347
21354065
21355663
21355674
21355572
21355848
21351606
21355185
21355522
21355350
21353905
21355651
21354274
21354909
21352077
21356135
21355771
21355059
21353170
21354209
21355682
21354235
21355345
21355678
21356126
21355600
21355384
21356143
21352316
21358921
21354234
21355227
21355749
21354114
21350007
21357361
21354163
21350186
21356182
21354177
21354079
21355650
21355242
21352911
21354267
21355654
21354180
21355722
21354135
21356021
21354058
21354204
21354162
21354997
21356085
21355628
21355567
21355026
21356150
21354091
21355277
21351297
21356195
21356124
21354127
21355780
21355024
21355740
21355164
21355507
21355954
21355597
21359945
21356109
21354001
21355223
21354247
21355858
21355794
21359256
21356214
21355145
21355002
21353572
21355801
21354007
21351802
21355456
21354985
21359050
21357116
21355155
21355036
21354994
21354293
21358488
21355045
21354034
21353453
21359833
21355637
21355286
21355886
21354977
21351368
21354277
21355096
21354282
21354220
21354136
21354181
21355276
21355364
21358697
21353383
21354041
21355464
21350712
21354038
21354031
21356161
21355839
21355530
21355065
21351249
21355736
21355049
21350219
21355879
21356106
21354976
21355326
21355374
21355622
21351212
21359865
21358622
21356151
21355235
21355501
21355329
21354080
21359261
21354982
21355416
21354464
21355991
21350557
21355063
21351570
21355621
21355934
21357574
21359248
21356208
21354201
21355171
21350794
21350902
21355479
21355611
21356068
21355110
21354356
21353519
21354036
21351969
21354989
21355647
21357799
21355517
21355800
21354260
21355086
21356035
21355262
21354017
21354185
21354064
21351472
21358782
21354151
21355605
21355058
21354708
21355946
21351415
21354240
21354044
21355335
21355986
21354149
21355283
21352685
21352654
21355715
21355012
21356108
21354517
21355389
21355072
21359011
21355360
21354088
21355344
21355653
21351943
21355434
21355951
21355388
21351641
21355071
21355491
21353873
21354278
21354152
21354258
21354265
21355797
21355836
21355333
21356034
21356172
21356037
21355147
21355108
21355149
21354271
21354283
21355744
21356189
21356033
21359354
21356197
21356001
21350782
21355669
21355928
21354906
21355261
21357618
21355571
21355090
21353606
21355073
21354284
21353890
21355079
21356127
21356076
21355595
21354006
21355587
21357022
21356773
21356204
21351080
21354033
21355088
21355582
21350763
21355039
21355422
21356015
21355247
21354933
21355170
21356167
21355093
21355301
21356077
21354255
21355767
21355602
21355250
21354197
21355777
21355727
21355006
21355952
21355867
21354944
21357260
21355793
21355708
21355295
21354222
21355577
21355503
21355893
21355883
21354178
21356180
21356008
21355963
21355214
21355412
21352471
21355305
21355834
21354980
21355918
21359292
21350929
21353050
21359555
21355470
21359826
21359816
21355803
21359731
21355851
21354131
21354947
21356134
21355589
21353882
21355707
21355476
21355788
21358929
21359529
21354097
21355835
21355906
21356129
21354992
21358705
21355982
21358963
21350339
21355644
21354984
21357777
21352811
21354239
21355178
21358139
21355208
21355082
21357907
21353240
21355016
21356040
21355075
21355187
21355677
21355843
21353982
21354269
21355548
21355536
21355524
21358310
21356061
21355054
21350554
21356505
21354043
21354171
21355888
21355297
21355255
21354089
21359146
21356004
21355213
21354921
21354167
21355701
21354056
21356028
21356916
21356196
21356171
21353547
21355205
21356893
21353910
21355046
21355184
21355302
21355121
21352112
21359803
21350705
21355723
21355887
21355661
21355757
21354942
21350093
21355937
21356088
21355421
21354236
21355498
21355703
21350461
21355496
21355087
21356481
21355846
21359157
21357050
21355620
21355094
21356147
21354216
21355726
21354846
21356337
21355450
21355805
21355176
21354035
21356079
21356183
21355696
21355107
21356753
21355514
21355849
21356551
21355237
21355721
21354165
21352127
21357332
21355304
21355427
21354039
21357340
21358125
21354243
21355177
21355103
21355655
21355518
21355579
21355673
21355240
21354219
21353684
21355821
21355376
21355785
21356091
21355873
21355853
21355665
21355537
21359042
21350243
21355206
21354273
21355961
21355047
21355308
21354922
21353700
21358477
21355970
21355266
21356554
21355407
21356220
21350901
21355136
21354137
21355569
21354421
21355371
21353767
21350885
21356188
21354814
21354291
21354951
21354170
21354919
21355972
21354987
21355983
21354973
21350624
21355872
21354962
21356187
21355140
21355085
21354190
21352281
21355966
21354988
21358097
21355985
21353582
21359004
21354960
21355347
21357111
21352655
21356802
21355943
21354226
21356032
21359721
21354087
21354913
21354970
21352566
21354289
21355252
21355313
21355738
21354215
21354159
21355274
21355010
21355492
21355728
21358134
21353907
21355461
21354124
21355246
21355732
21355987
21350403
21354047
21354908
21355007
21352753
21355429
21359879
21354285
21354930
21355151
21356026
21355401
21355064
21355968
21355827
21354939
21355877
21356741
21354176
21353958
21352277
21354008
21355189
21357145
21355486
21354179
21355312
21354964
21355343
21355905
21355566
21354192
21357079
21351989
21355610
21355949
21355515
21355336
21355779
21355820
21355419
21355583
21355340
21355547
21355881
21351176
21356014
21355284
21356272
21356120
21350176
21355995
21354109
21354286
21356637
21355980
21355216
21355099
21356211
21355831
21355209
21358947
21355842
21355776
21354245
21355560
21356136
21354081
21350500
21351631
21355408
21350978
21351789
21355594
21354907
21356164
21355055
21355362
21355990
21359001
21355493
21354051
21355955
21354156
21355454
21354268
21354032
21355844
21356125
21355730
21355000
21354776
21355561
21355816
21355781
21354217
21355220
