501632
501669
501657
501602
501634
501670
501622
501627
501633
501619
501658
501660
501603
501617
501674
501635
501637
501609
501651
501667
501620
501631
501659
501606
501611
501663
501628
501624
501600
501666
501616
501607
501665
501661
501672
501676
501668
501629
501653
501652
501678
501638
501605
501613
501656
501626
501614
501618
501677
501601
501623
501662
501604
501630
501675
501671
501612
501664
501650
501639
501610
501615
501654
501621
501679
501636
501608
501625
501673
501655
