21267361
21261324
21267101
21267151
21265094
21261072
21262283
21265399
21262872
21261377
21265058
21265040
21265480
21265926
21267813
21267801
21267871
21261591
21266202
21265812
21266262
21265019
21265828
21264223
21265227
21265958
21261596
21263638
21262426
21266636
21265198
21265389
21261027
21264294
21267320
21262486
21266808
21267174
21265229
21267118
21265472
21267757
21266841
21261359
21265082
21262227
21261140
21267616
21265194
21267145
21261365
21262870
21261126
21262431
21266724
21264876
21267030
21261570
21266828
21265245
21264142
21264215
21266146
21267622
21261687
21264258
21262888
21261800
21261643
21261022
21261644
21265156
21265932
21267134
21265280
21267702
21266610
21265996
21264818
21265973
21266196
21267634
21261551
21264199
21265373
21265247
21266242
21267737
21264265
21265324
21262487
21267310
21267305
21265807
21266211
21265873
21265063
21261112
21261347
21262388
21265260
21267386
21266253
21266637
21266823
21266268
21266887
21267103
21262239
21265494
21265468
21266709
21266760
21263716
21265045
21267172
21265177
21265839
21265584
21262445
21267062
21262485
21266156
21265054
21264222
21262327
21265041
21264128
21264110
21267095
21267077
21266797
21261078
21262333
21262348
21261305
21264259
21262857
21264816
21261050
21263616
21265088
21262402
21261663
21265541
21265962
21267052
21263737
21265446
21261527
21265052
21262843
21262467
21264897
21264178
21267695
21264114
21267204
21261018
21263776
21262805
21264812
21261686
21266221
21266215
21261191
21266155
21265910
21261839
21266891
21261611
21267338
21264214
21265271
21266775
21265583
21267828
21267253
21265246
21266110
21267001
21266792
21264817
21266629
21265243
21264824
21267323
21265060
21267106
21261308
21265438
21267694
21261627
21262309
21261622
21265011
21262278
21266885
21262304
21261169
21267733
21261339
21262398
21265008
21265516
21267265
21266601
21265927
21265526
21261870
21265127
21261389
21263771
21266864
21267108
21261002
21261307
21261383
21265443
21267127
21267129
21262393
21265831
21267748
21264188
21266720
21265432
21261632
21261378
21264200
21267867
21265276
21267070
21261181
21265902
21265341
21264841
21267351
21266894
21262825
21261512
21266865
21261888
21265813
21265407
21265830
21267897
21263680
21261562
21264836
21266831
21265411
21267304
21265265
21265346
21267752
21267114
21264283
21266639
21266667
21265495
21266772
21266704
21265514
21261808
21266208
21262234
21261303
21261665
21266174
21265517
21267763
21262238
21266248
21267860
21267874
21265115
21262277
21266818
21265384
21265990
21266225
21267291
21262307
21264874
21261805
21264203
21266264
21265244
21264875
21267205
21265439
21263749
21266757
21267705
21267857
21266791
21262802
21265431
21267229
21263668
21267154
21266701
21266802
21267241
21267085
21263661
21261833
21267372
21265322
21265960
21261087
21267638
21265105
21267025
21267809
21266631
21261023
21267851
21267354
21266708
21261393
21264800
21265424
21267749
21265022
21266618
21267368
21267128
21265562
21264173
21267784
21264838
21267186
21266246
21265128
21262404
21261532
21265234
21267618
21261675
21264289
21262380
21265937
21266674
21265355
21267827
21263763
21261381
21264207
21265410
21265546
21261607
21261340
21264242
21267760
21261586
21265392
21265016
21261612
21265433
21267701
21262397
21266192
21262470
21266826
21261135
21267388
21265095
21261062
21262296
21266275
21265437
21267669
21265126
21267218
21261647
21265405
21266893
21261811
21262361
21264883
21263692
21264272
21262452
21262292
21266178
21262477
21262326
21267081
21264899
21265070
21265139
21263732
21265159
21267865
21266869
21261666
21262201
21265847
21267110
21261685
21265121
21266171
21267664
21262262
21266838
21265978
21264813
21263637
21266295
21261567
21261063
21261565
21264273
21261578
21266814
21267086
21265162
21267765
21266201
21261053
21261584
21267745
21265248
21266666
21266150
21261012
21267764
21261170
21261853
21265333
21266882
21263797
21265491
21267362
21261372
21267609
21264163
21266681
21267858
21265311
21267184
21264159
21261117
21261131
21264889
21262480
21261566
21264126
21262873
21264292
21265117
21262416
21261020
21265577
21265170
21264821
21264183
21265518
21267746
21266154
21262247
21267382
21261035
21261544
21264103
21263633
21261587
21263687
21267248
21262812
21267009
21265809
21265509
21266604
21265168
21261163
21266627
21264127
21265119
21265150
21267822
21267369
21265576
21262228
21267611
21264161
21267286
21261330
21261887
21266258
21261697
21262413
21262383
21267171
21267732
21262365
21263733
21265079
21264271
21262271
21267830
21266696
21267150
21265279
21267299
21267842
21262235
21265077
21261391
21267098
21267125
21261369
21263726
21263690
21265059
21267020
21261658
21266241
21265536
21267785
21262353
21264872
21263713
21267000
21264245
21264893
21264839
21264873
21266185
21261061
21266600
21266899
21261630
21265810
21267631
21265598
21261844
21263684
21264185
21267083
21264221
21267894
21263672
21265350
21265895
21261500
21265090
21265275
21261329
21265002
21264833
21266836
21266707
21265046
21262437
21267297
21266131
21267868
21265458
21265261
21262817
21266889
21267037
21267799
21264164
21264296
21266245
21261097
21267329
21266712
21264197
21261640
21262893
21265007
21261302
21266742
21265074
21265415
21263736
21267776
21265225
21262313
21266726
21261029
21264802
21261698
21265449
21262220
21266193
21261669
21265471
21267878
21261621
21267353
21267875
21267725
21266194
21267675
21265519
21266781
21266728
21265941
21266645
21261520
21265434
21266153
21267163
21261581
21267606
21266103
21261824
21265380
21262280
21267243
21262461
21265925
21267223
21265061
21265938
21263645
21267318
21265892
21265191
21261655
21262222
21265171
21266112
21263641
21266743
21265099
21267159
21261177
21261010
21266830
21267201
21263639
21267047
21262315
21261091
21265503
21262387
21265147
21265037
21261597
21264243
21262225
21265160
21266190
21265916
21267213
21267392
21265014
21264288
21262323
21267613
21264282
21261011
21267771
21266628
21266858
21266839
21267716
21267093
21261004
21266124
21266715
21266286
21264822
21263683
21261636
21261881
21265921
21266140
21267267
21267162
21261695
21265092
21261392
21267149
21265351
21262335
21267033
21266790
21265852
21266735
21266766
21265943
21261547
21265396
21267011
21262436
21264160
21261367
21267041
21265488
21261009
21266296
21265824
21266675
21266609
21261362
21265358
21267666
21266298
21261538
21263699
21262809
21266137
21264129
21266107
21265161
21265142
21267015
21265387
21267628
21267053
21266102
21261696
21263622
21265462
21263702
21264285
21265803
21261142
21265256
21261319
21262824
21261649
21267697
21266861
21264253
21265487
21265066
21261088
21267861
21261624
21265863
21267175
21265587
21261560
21263721
21267250
21266880
21266179
21266676
21267278
21262874
21262877
21265345
21264811
21264852
21266206
21264281
21261604
21261810
21267336
21264861
21261599
21265930
21266682
21267855
21261079
21263630
21265190
21265593
21265055
21266851
21264144
21262364
21267247
21261885
21262830
21267005
21261194
21267202
21267014
21267148
21265868
21262274
21264887
21267166
21264179
21265027
21262376
21261121
21266607
21261149
21265123
21265856
21264172
21263613
21265314
21267387
21266151
21266648
21261825
21261336
21265112
21261826
21264885
21261858
21267898
21265214
21262814
21265097
21264116
21262252
21267069
21263731
21267302
21265193
21265213
21266884
21265849
21261545
21267706
21265042
21267016
21264145
21262800
21267620
21267789
21261129
21265456
21267180
21267741
21265211
21265131
21263656
21265851
21265203
21265164
21266116
21265975
21264224
21261155
21261829
21261196
21261568
21267029
21267102
21262813
21266222
21264118
21266244
21266794
21266238
21266167
21262875
21267342
21262281
21265579
21265197
21261585
21267296
21265269
21263794
21261503
21262389
21262210
21267188
21262850
21265216
21262897
21262478
21264255
21261343
21264233
21266758
21261609
21264201
21265570
21267633
21266184
21261555
21263691
21263600
21263784
21265972
21265285
21267710
21261884
21263612
21265352
21264167
21266832
21262886
21264888
21265313
21261334
21267152
21264239
21261861
21266274
21261025
21261197
21261535
21266717
21267684
21262266
21261506
21263634
21266711
21263700
21265367
21264284
21264147
21261852
21262208
21263640
21267381
21267803
21267292
21261310
21264859
21262819
21265274
21267758
21261033
21264204
21265091
21261016
21261510
21261582
21267893
21261376
21261531
21261190
21264230
21265318
21262246
21262395
21266845
21267846
21265834
21267798
21267096
21265124
21265832
21266605
21261041
21267099
21261341
21262344
21261354
21266219
21265134
21267266
21265455
21264845
21265894
21263693
21267378
21263696
21262458
21261806
21266148
21261159
21265998
21267738
21263739
21264146
21265580
21265993
21265158
21265386
21264269
21266289
21261363
21261883
21263725
21267815
21267239
21264815
21267823
21263751
21261854
21266680
21267313
21265347
21266143
21265835
21262822
21261342
21266863
21261073
21262494
21261650
21262218
21263618
21265492
21265143
21265467
21267136
21265263
21264131
21262407
21267306
21262492
21266820
21261830
21263695
21261364
21265089
21266693
21266793
21265390
21265815
21265281
21261322
21266737
21267800
21267358
21264855
21267324
21266734
21265377
21262279
21264293
21262204
21261605
21266223
21261660
21265979
21264851
21263697
21265336
21262202
21264298
21261036
21262432
21261057
21266149
21265114
21261656
21262493
21261176
21262318
21265093
21265870
21267222
21264232
21266788
21262895
21266769
21266879
21265334
21261898
21267756
21265944
21264866
21267707
21267831
21265196
21267238
21266232
21266825
21266139
21266641
21264881
21263669
21266787
21263642
21266714
21267685
21266670
21266630
21261683
21266806
21267750
21266770
21265125
21267130
21266255
21263648
21266142
21267744
21261628
21265309
21262269
21266862
21265240
21262892
21261380
21266239
21265257
21265100
21263619
21267107
21265035
21261338
21266191
21267295
21266796
21262254
21266668
21266799
21265224
21262295
21267661
21265871
21265329
21261111
21265441
21266875
21266776
21262448
21267807
21261153
21267334
21261819
21261670
21267088
21266812
21265890
21261384
21265928
21265151
21266789
21266168
21265463
21262889
21267236
21265086
21263787
21262282
21261374
21266687
21266620
21262356
21263734
21266653
21261572
21261179
21261613
21265497
21264844
21265188
21267359
21261075
21261040
21266187
21264853
21261148
21263602
21262887
21261370
21261335
21265366
21267717
21265098
21267314
21262899
21267743
21264105
21267762
21265447
21267019
21266106
21265988
21265951
21261055
21267391
21267626
21267123
21262223
21267058
21267105
21262450
21265811
21265843
21266159
21261328
21265538
21262343
21263626
21264857
21266228
21263606
21265409
21261676
21265215
21265554
21266762
21261103
21265133
21263670
21265482
21265305
21264837
21267164
21267051
21261583
21265101
21267882
21266209
21261167
21266169
21266811
21261508
21267018
21262891
21263777
21261386
21266292
21264100
21262291
21266213
21261076
21264805
21264847
21264122
21264226
21261678
21264212
21261164
21267160
21265547
21266779
21262864
21265528
21267648
21263620
21261629
21267187
21266740
21264208
21263729
21263667
21267192
21266883
21266854
21264863
21265920
21261013
21265486
21264141
21261187
21265569
21262497
21267182
21267657
21266747
21261841
21262290
21266195
21267122
21265010
21265822
21263720
21267770
21262816
21261864
21265293
21267852
21262276
21266686
21263677
21267251
21265800
21261837
21261823
21265033
21266690
21267862
21266767
21265589
21266108
21265919
21262440
21266162
21267617
21266234
21266291
21265933
21267374
21265299
21266121
21267131
21262237
21266821
21261172
21265204
21267032
21266850
21265039
21265226
21267050
21263655
21265918
21261375
21265540
21266640
21267640
21265429
21267892
21265372
21261693
21261828
21264299
21265401
21267089
21262831
21261120
21267221
21261593
21265400
21264868
21262860
21261894
21262396
21262807
21265242
21265110
21266749
21265192
21261849
21261396
21262453
21261671
21267885
21262468
21267348
21267699
21267333
21265383
21264162
21264891
21263701
21261681
21261109
21267621
21265144
21265599
21265222
21265362
21265481
21261886
21266774
21265945
21267109
21264834
21261851
21261516
21266672
21264806
21261896
21264152
21262213
21265534
21265878
21264848
21266205
21263792
21267137
21265825
21261801
21265109
21267899
21267623
21265416
21265527
21267820
21262848
21261045
21262866
21267347
21261880
21265183
21267198
21261102
21262852
21266626
21262249
21265065
21266691
21262370
21262425
21261337
21266827
21267100
21261094
21265417
21266172
21265594
21261332
21267276
21265923
21267637
21266127
21262300
21262434
21267042
21261183
21267191
21265012
21267045
21266872
21267216
21262240
21262466
21267325
21262272
21265174
21265175
21265043
21262867
21261505
21266647
21265292
21261699
21265829
21267284
21265187
21266783
21267753
21265450
21264132
21261108
21264871
21265521
21266283
21265209
21261815
21264804
21263727
21264206
21265404
21264865
21266231
21267231
21265218
21265572
21261552
21266834
21267766
21262483
21265578
21265513
21263611
21263607
21266870
21263707
21267854
21267642
21264808
21262350
21264209
21267225
21267880
21262317
21266824
21265327
21265478
21261189
21264236
21261559
21262484
21267212
21265561
21264835
21262835
21267373
21265502
21262495
21267233
21262423
21262351
21263706
21266843
21266265
21267385
21262233
21265510
21265297
21265385
21266128
21266857
21261818
21267311
21266152
21266871
21265522
21261143
21262367
21266800
21261576
21265963
21266822
21267078
21262340
21262212
21264102
21266654
21265025
21262420
21261085
21266175
21265219
21266280
21263774
21264894
21267023
21262286
21265466
21267194
21263752
21265954
21262347
21261856
21265550
21264814
21261866
21267370
21266287
21262341
21265376
21267060
21267651
21261192
21265130
21267322
21267352
21263651
21265444
21261606
21261638
21265339
21263747
21261366
21267138
21261005
21267812
21264884
21261123
21261382
21267790
21262285
21265485
21267396
21266798
21261882
21265543
21267335
21264864
21265422
21265349
21266158
21264877
21267671
21266765
21267873
21262464
21263799
21264211
21261848
21261814
21266658
21264828
21267656
21261843
21265068
21265545
21265460
21265841
21261141
21261667
21267034
21265479
21265316
21263742
21262332
21264111
21265368
21263773
21265563
21265818
21261080
21265974
21261542
21267140
21267604
21262429
21267383
21265552
21262856
21261397
21261635
21263714
21266279
21265268
21261641
21266236
21267804
21265592
21262854
21261137
21263765
21261070
21261361
21264879
21266807
21262381
21262379
21265464
21265270
21265953
21265448
21267877
21266233
21262250
21265286
21265326
21265173
21267259
21266207
21266623
21261524
21266739
21267723
21266729
21265959
21267021
21266615
21263617
21263662
21261533
21261309
21267219
21267849
21264287
21263782
21267808
21267835
21265013
21263631
21261174
21266848
21261038
21263601
21262288
21265348
21261602
21265459
21265549
21261515
21266801
21267612
21267293
21263703
21267649
21266665
21265321
21267146
21264130
21267261
21264184
21267394
21265827
21262338
21261603
21262847
21266165
21265948
21266718
21267064
21261360
21266874
21265180
21266752
21264210
21263791
21261821
21262331
21265277
21266189
21261134
21267039
21262472
21266111
21262885
21265440
21265544
21267117
21265080
21265155
21262401
21262224
21261157
21261590
21267167
21262320
21266705
21265858
21266633
21265854
21261379
21267802
21267688
21261847
21261539
21263659
21267754
21261620
21262417
21264860
21264191
21265015
21265520
21267832
21263708
21261889
21265353
21264192
21262498
21267740
21266652
21265515
21265319
21262479
21266849
21267713
21266896
21264263
21266134
21265499
21265354
21263686
21265565
21261501
21267779
21266867
21261869
21264898
21265530
21265525
21261509
21265823
21266186
21264149
21266746
21261071
21267866
21262491
21265378
21267780
21262337
21265208
21267724
21262345
21267665
21265566
21266251
21266119
21266617
21262808
21265423
21267364
21265370
21265381
21267747
21261162
21267825
21265235
21261028
21266273
21266288
21265154
21264249
21265465
21265853
21261688
21262406
21262898
21261661
21266164
21266105
21261096
21265905
21266730
21264291
21267759
21267165
21267847
21264187
21262801
21265308
21265320
21262248
21265371
21264840
21265419
21267031
21262863
21266293
21265808
21264216
21265957
21265906
21266297
21267065
21266842
21266263
21267876
21261077
21267264
21264202
21265966
21267680
21265195
21267121
21263603
21265102
21263627
21266266
21267632
21261390
21266878
21266100
21267678
21266243
21264854
21267662
21265325
21264830
21263676
21265476
21266855
21264193
21264278
21261356
21261895
21265107
21265084
21266700
21267339
21267279
21264219
21262411
21262462
21265230
21267826
21265200
21261812
21262400
21265047
21264148
21267365
21265304
21265064
21267843
21262454
21267190
21266126
21262849
21262415
21261333
21265483
21266795
21267288
21267049
21265332
21264139
21265805
21267639
21262374
21261804
21265909
21265414
21267139
21263759
21267308
21261147
21265557
21261371
21267010
21265338
21261146
21267161
21263781
21261106
21264277
21266256
21267810
21267344
21265573
21266725
21267280
21264869
21261300
21265228
21266132
21264136
21265939
21261101
21264119
21266684
21263718
21266698
21267012
21261619
21267007
21264286
21261642
21261529
21262882
21267395
21264227
21265947
21266689
21261316
21267393
21265199
21265872
21266785
21267645
21267215
21265393
21266625
21265506
21263770
21263682
21266852
21265806
21267073
21261554
21265924
21264256
21262834
21262806
21265108
21262375
21267176
21265176
21265233
21262435
21263608
21265908
21261863
21262439
21266778
21264124
21267255
21261598
21266873
21265833
21265535
21263753
21265474
21263629
21261822
21265969
21263673
21265323
21262244
21264275
21267158
21263623
21267258
21261052
21266210
21262384
21261125
21266614
21263724
21266886
21263756
21261358
21262322
21267196
21265330
21266663
21261188
21266888
21267614
21265172
21265278
21265461
21263664
21262471
21262846
21262391
21265073
21265555
21267330
21267337
21266723
21261657
21261395
21266166
21264878
21265582
21266138
21267371
21262298
21265442
21261313
21266235
21266656
21266247
21267237
21262206
21265880
21265238
21262363
21266227
21261044
21267390
21263675
21265413
21265103
21261654
21267084
21266188
21264267
21265009
21265148
21262336
21266115
21267817
21267147
21266744
21265179
21265428
21265857
21265237
21261802
21267169
21261601
21262884
21264251
21261084
21261809
21261664
21262438
21265206
21262422
21267260
21261518
21264241
21264189
21266860
21267228
21261573
21267046
21261030
21267193
21263748
21266716
21264238
21267210
21265864
21261871
21265294
21267654
21262215
21267189
21261511
21261634
21265942
21265922
21265590
21265560
21265955
21261184
21262821
21265000
21266651
21261862
21261633
21265397
21266846
21261168
21264842
21266216
21265501
21267179
21267183
21265030
21265820
21267252
21267872
21266898
21265398
21264231
21267853
21263755
21261014
21262456
21267377
21262330
21265567
21262253
21262372
21262355
21267783
21262890
21261646
21261017
21267630
21267211
21267819
21266160
21267691
21261523
21266608
21264195
21266829
21263723
21265842
21265254
21262329
21265113
21265984
21265846
21261116
21267652
21261301
21261317
21265034
21267120
21267257
21262459
21262358
21261180
21261312
21266847
21265264
21263760
21264262
21262865
21262251
21266135
21265267
21265524
21267375
21266271
21262858
21261865
21264108
21262265
21267672
21267864
21267153
21267346
21267244
21264217
21266144
21267774
21262818
21264154
21262446
21262839
21266751
21261600
21265106
21266877
21261105
21266114
21261323
21265881
21266613
21266204
21264832
21261113
21263766
21266649
21263635
21265266
21264280
21262442
21262221
21266120
21267635
21266603
21265072
21265231
21261616
21264290
21265819
21261689
21261394
21267092
21262324
21265490
21263743
21265511
21267054
21264120
21261128
21265496
21261648
21263738
21266745
21263621
21265388
21266141
21265981
21267214
21265167
21266130
21261068
21267838
21262354
21265078
21263679
21266173
21265024
21265980
21264190
21266655
21267728
21267704
21265181
21261089
21265116
21265361
21267793
21264261
21266113
21264867
21261355
21266671
21267341
21264181
21267063
21267350
21267720
21261054
21261525
21261007
21266719
21267687
21262447
21263717
21265821
21264240
21264850
21266163
21267319
21265165
21262293
21267040
21264174
21267355
21267679
21265221
21266125
21261186
21265062
21264260
21263745
21265252
21267806
21267384
21267142
21262476
21266161
21264237
21262810
21264831
21267845
21267173
21262319
21261834
21265940
21264843
21265273
21267331
21261652
21261534
21265844
21263632
21267773
21262346
21265212
21261579
21266805
21265403
21266285
21265840
21267605
21261326
21264205
21262385
21263778
21265500
21266756
21267896
21262369
21265004
21266844
21265575
21267658
21265255
21264220
21264244
21266176
21262820
21263609
21267232
21267670
21265883
21265475
21265859
21266817
21264248
21262256
21265559
21261842
21266890
21261674
21267781
21266761
21267036
21262862
21267071
21261092
21265884
21265406
21264156
21265508
21261873
21262200
21264150
21261348
21261813
21261353
21264295
21265023
21266876
21261154
21265529
21261615
21265425
21261161
21262811
21267399
21266632
21265290
21267281
21261122
21266809
21267301
21266679
21265340
21267636
21262838
21262390
21267290
21265997
21263775
21261388
21261021
21267309
21266657
21265934
21267884
21267035
21266643
21263789
21266122
21265081
21267690
21265249
21267769
21261132
21261631
21261803
21264165
21262403
21266170
21267294
21265379
21263764
21265295
21267283
21265992
21267327
21261008
21261182
21266692
21264121
21261000
21267055
21267650
21267144
21265312
21265083
21265331
21266226
21265356
21264168
21261835
21262405
21261820
21267615
21267240
21262883
21265971
21265970
21265848
21262496
21262325
21262371
21261032
21267206
21263762
21267082
21267079
21267307
21265250
21267367
21267124
21265003
21265210
21261099
21267653
21265402
21261350
21267119
21263711
21262243
21266892
21261673
21261114
21262859
21266254
21265284
21261692
21266755
21267315
21266868
21265866
21261095
21265032
21262263
21262231
21265876
21265118
21265454
21267711
21263681
21265574
21265241
21262829
21262823
21261556
21267729
21265317
21261198
21264182
21267217
21261645
21265262
21266281
21261577
21267708
21267234
21267824
21265804
21266212
21267156
21264896
21265306
21264862
21265983
21264137
21262386
21265258
21261015
21264180
21267246
21262489
21267075
21265141
21267730
21267271
21264892
21261623
21266662
21265298
21266214
21266284
21265956
21265581
21262443
21262879
21266133
21264870
21265085
21266840
21265965
21264166
21267673
21261185
21261897
21265342
21262841
21265493
21262284
21265537
21265282
21265157
21267683
21265394
21266702
21267235
21261175
21267256
21266145
21262475
21265994
21265512
21262301
21263685
21267289
21262312
21263767
21265855
21261051
21261351
21267366
21263710
21261083
21265408
21265836
21266290
21261158
21267090
21262207
21263779
21267879
21261614
21265069
21267660
21266147
21267303
21267178
21262481
21261522
21265453
21263689
21264266
21265457
21261668
21262297
21261152
21262474
21267132
21266602
21265132
21265837
21264279
21266224
21266616
21261127
21262209
21266763
21266741
21261156
21263652
21261165
21263761
21263768
21267116
21263657
21266606
21267363
21261115
21262236
21265473
21266157
21263783
21265364
21262302
21267274
21261093
21265445
21266272
21267698
21263604
21261090
21265845
21267659
21261690
21262241
21265949
21267262
21265869
21261048
21266697
21263757
21262457
21265995
21266782
21263678
21267242
21263666
21262270
21263636
21265484
21265901
21266759
21264140
21267676
21261107
21264176
21267844
21267067
21262861
21266203
21267772
21267859
21267168
21263740
21265553
21266217
21262815
21264133
21265887
21261868
21265153
21267111
21262473
21265427
21265239
21267837
21265017
21266129
21266721
21264138
21266182
21267343
21262826
21265913
21262876
21267788
21261019
21266181
21264115
21262803
21264155
21261067
21265418
21267087
21261549
21261872
21266180
21265571
21262349
21262441
21261346
21261001
21265862
21267326
21262836
21267742
21262242
21267026
21265075
21267814
21264246
21261026
21264213
21266688
21262216
21261385
21262409
21267731
21264198
21265205
21265296
21262275
21266218
21267833
21263750
21262205
21266683
21261845
21261617
21261850
21265814
21266101
21266699
21265122
21266731
21265051
21265185
21261056
21265436
21263709
21262465
21267059
21262421
21265303
21261541
21267834
21267360
21265135
21264113
21265588
21265982
21262311
21265586
21265907
21267727
21267739
21261891
21267787
21265891
21267883
21261124
21262267
21262352
21267270
21267004
21267850
21265915
21267316
21265253
21262430
21267869
21265551
21261060
21261564
21261074
21265337
21265968
21266669
21265564
21263719
21264109
21267767
21261680
21261537
21261069
21265018
21266270
21267674
21267061
21263650
21267891
21262268
21261807
21265435
21267751
21262255
21264849
21267155
21261588
21261840
21261526
21267718
21267208
21263698
21265236
21265558
21266299
21267380
21262499
21261859
21261081
21265987
21265067
21266117
21267008
21262366
21267091
21267249
21261352
21264856
21262359
21261049
21261626
21261306
21266136
21261064
21264890
21267379
21266816
21267836
21261024
21261860
21265451
21267890
21267199
21264125
21261345
21267715
21265498
21267275
21265163
21267786
21264186
21265343
21266277
21267220
21265964
21262880
21263728
21261528
21266710
21267736
21266810
21262871
21265137
21261875
21265591
21267357
21267775
21265802
21266753
21267797
21261874
21263654
21265053
21266815
21262245
21265412
21261039
21265026
21266703
21264826
21267389
21267689
21261098
21267841
21265363
21267340
21262428
21267686
21261150
21265420
21267848
21266733
21267002
21267655
21267022
21261047
21265359
21263769
21263793
21261325
21263625
21267667
21263798
21264225
21267646
21262399
21261519
21262360
21261827
21267839
21265217
21267629
21261816
21263788
21261682
21265036
21263653
21267245
21267328
21263744
21263795
21267792
21267768
21267224
21261398
21265272
21265287
21262217
21264194
21261514
21264810
21265344
21265816
21267600
21261031
21261373
21266813
21265991
21261504
21261608
21263671
21266837
21267170
21262321
21262894
21262264
21261059
21266198
21265302
21267135
21265138
21267795
21267287
21264820
21267712
21261318
21262837
21265382
21266282
21266276
21264117
21261160
21264104
21267227
21266240
21263786
21263758
21266646
21265596
21261006
21261046
21265897
21266777
21261144
21261580
21265935
21267006
21261507
21265048
21262258
21267696
21265961
21267181
21265140
21261327
21267643
21267141
21265985
21263741
21266833
21264153
21261846
21261639
21266784
21267068
21267668
21265568
21265391
21266732
21265357
21267013
21262261
21262853
21261043
21261065
21264825
21261320
21261517
21265531
21265087
21266695
21265548
21261311
21265999
21264252
21261344
21265120
21261199
21267317
21262878
21266638
21262460
21265071
21266200
21266736
21263754
21266661
21267607
21263614
21262373
21266634
21265986
21262273
21262827
21267681
21267840
21263658
21265223
21266819
21266259
21265801
21262419
21266220
21265533
21264107
21265817
21267818
21261003
21261130
21267376
21265899
21267719
21267076
21264858
21266694
21262392
21267003
21264846
21262408
21267285
21264882
21264270
21265056
21265310
21265365
21264247
21267641
21265096
21267722
21265838
21267097
21262378
21265189
21262308
21261832
21262342
21265539
21263647
21267726
21261659
21262203
21265184
21267703
21262294
21262339
21265556
21266780
21267887
21265178
21267072
21267682
21264803
21265469
21263663
21267312
21267126
21265136
21266611
21261694
21262845
21265505
21261662
21262844
21262260
21262833
21264123
21262219
21261637
21267027
21262433
21265875
21263628
21261589
21265470
21264801
21262427
21264250
21266123
21267017
21267610
21265251
21266722
21263780
21263615
21265395
21265038
21266660
21267782
21263796
21263665
21261100
21261892
21265201
21264809
21261836
21261138
21266727
21263674
21267056
21261548
21266835
21267777
21261193
21261546
21261315
21264276
21266109
21266764
21261553
21266673
21261571
21261118
21264170
21261557
21265976
21267397
21267113
21265946
21261594
21266650
21261513
21265867
21267829
21261867
21264297
21266803
21265595
21264823
21266104
21267207
21267714
21265912
21261625
21266269
21263624
21263730
21263644
21267863
21265057
21267349
21261595
21264229
21266252
21262855
21262469
21261166
21265850
21261151
21266706
21265936
21262410
21267300
21265898
21267735
21261558
21262334
21267143
21267074
21262214
21261890
21266804
21267133
21265904
21267856
21265885
21261171
21267057
21262368
21266664
21267398
21262490
21266249
21262412
21265874
21261058
21267263
21261521
21265914
21266229
21267791
21262289
21261878
21261066
21265532
21262299
21267603
21264829
21266177
21264235
21264101
21263715
21265369
21266659
21267608
21267895
21261684
21264134
21263790
21265129
21262305
21262306
21267821
21261086
21261651
21266754
21264112
21265300
21266642
21267332
21264274
21264196
21267755
21265504
21262851
21266768
21266856
21261540
21265020
21261178
21265021
21267203
21262362
21267888
21267226
21263643
21267644
21267886
21265893
21267200
21261691
21264158
21262357
21266230
21261857
21261817
21265207
21267601
21266750
21267816
21267663
21265597
21265169
21265877
21263704
21266261
21261574
21264106
21265307
21266644
21265044
21265977
21265523
21262449
21262287
21262310
21266622
21265489
21265430
21262482
21267112
21261173
21267038
21261502
21265375
21265289
21261314
21267195
21261831
21262832
21261877
21266260
21265283
21265028
21264234
21261104
21265005
21265903
21264827
21264157
21265896
21263605
21261195
21264807
21262316
21265111
21263746
21267811
21266738
21265029
21264135
21262328
21265886
21267721
21266237
21264819
21265452
21267157
21267778
21261672
21261037
21262418
21261082
21262488
21267273
21261119
21263705
21265967
21267602
21264175
21262842
21267094
21263785
21261879
21262314
21261349
21266897
21267080
21266786
21266612
21265335
21265882
21265861
21267298
21266624
21265917
21261592
21266678
21261838
21264268
21267889
21262382
21262394
21266278
21261399
21262377
21266118
21267230
21267356
21265507
21265031
21265001
21264886
21267277
21266267
21262229
21266713
21264895
21267185
21265900
21265049
21265360
21261610
21262828
21265291
21262804
21266895
21265931
21265232
21266881
21261042
21265186
21265145
21265149
21267066
21267677
21267734
21265585
21267272
21262257
21261561
21266197
21264228
21266619
21261110
21261133
21261136
21263660
21265421
21265888
21262451
21266748
21267048
21264257
21267881
21265879
21263694
21266635
21261034
21266866
21261139
21267282
21261855
21267647
21265166
21264264
21261550
21267796
21266771
21265315
21267624
21261899
21267044
21267115
21262455
21265202
21265288
21266853
21265889
21265860
21267177
21263610
21267700
21265374
21266250
21267692
21267254
21264177
21262869
21267627
21267269
21267619
21262226
21262896
21265826
21261569
21264169
21267761
21265929
21261357
21267805
21262424
21261653
21262232
21266773
21265152
21266859
21266294
21265328
21261893
21261618
21265146
21265477
21266183
21265182
21265050
21261575
21265220
21263772
21262463
21267321
21265542
21263649
21263712
21267268
21265911
21261876
21267104
21265989
21265950
21265006
21261536
21261679
21261145
21261368
21265426
21262881
21263735
21262840
21267345
21262211
21261563
21262259
21265076
21267024
21264151
21263722
21267794
21264880
21267693
21265952
21264254
21264218
21266677
21261331
21261387
21261677
21267625
21265259
21266199
21265301
21261321
21261530
21267209
21262868
21265865
21262414
21266257
21263688
21267870
21261543
21267197
21261304
21267709
21262444
21262303
21266685
21264143
21265104
21262230
21267028
21266621
21263646
21267043
21264171
