21269782
21263156
21269355
21269769
21269623
21268892
21269088
21269793
21269000
21263998
21263127
21269491
21262599
21269599
21269189
21269583
21264770
21268701
21269778
21260903
21269389
21262526
21269458
21269863
21264790
21263962
21269812
21269596
21263187
21269517
21269707
21263983
21260943
21260869
21260855
21260921
21263106
21269758
21260822
21268944
21269547
21263157
21260984
21269816
21263292
21260902
21269801
21264313
21269700
21263252
21264031
21264619
21268929
21269703
21263965
21268967
21269789
21268806
21269745
21260813
21263214
21264650
21262556
21264734
21263170
21269879
21260985
21260878
21263236
21264019
21269730
21260980
21264081
21269401
21260977
21263276
21269386
21269315
21269513
21264774
21269766
21268866
21263259
21264367
21260802
21268275
21268869
21262575
21264013
21262507
21264614
21268815
21268798
21269681
21269083
21264743
21269438
21264617
21264317
21264079
21263154
21264670
21269124
21268773
21263296
21269625
21264075
21260999
21269398
21269391
21269701
21264603
21264629
21269889
21269068
21268412
21268234
21268924
21269631
21269836
21269430
21264071
21262559
21263999
21269556
21269622
21269760
21263930
21268761
21268921
21263929
21269765
21269090
21264735
21269348
21268233
21263129
21263297
21268987
21264373
21263291
21263141
21264621
21262518
21260816
21264370
21269131
21268294
21263144
21264306
21268269
21269337
21262540
21262560
21263104
21264671
21260860
21268936
21262521
21262544
21269140
21268890
21264687
21269858
21264067
21268945
21269526
21268847
21268793
21269025
21269467
21269565
21269751
21263185
21269431
21269580
21260838
21269352
21269535
21262593
21268825
21268882
21269376
21268923
21269657
21260819
21268248
21269589
21269086
21263901
21263985
21268836
21269844
21269653
21268444
21264065
21260983
21269606
21268290
21268296
21268707
21263288
21268952
21269728
21269332
21269798
21269338
21268794
21263918
21264391
21264755
21269521
21263184
21268413
21268934
21269151
21269753
21260858
21264730
21268401
21264632
21269859
21269525
21268264
21264761
21269403
21268416
21269475
21264066
21269384
21269851
21269461
21263931
21264630
21264602
21269023
21260876
21264739
21269062
21269045
21269715
21269319
21269682
21268739
21269833
21268818
21260840
21264073
21263145
21269002
21263257
21268271
21269383
21264053
21268999
21263179
21263912
21264704
21268708
21269559
21263275
21264315
21269807
21263945
21269437
21269852
21268710
21268254
21269514
21269573
21268424
21269621
21269335
21260936
21263267
21269865
21263191
21269875
21263922
21264644
21269680
21264783
21269691
21269103
21268976
21264625
21264378
21269453
21269733
21269575
21262551
21263123
21268840
21269673
21263150
21268765
21268449
21264754
21269160
21260815
21264605
21260996
21268249
21269572
21269677
21264365
21269448
21264074
21260930
21263263
21264795
21263160
21268464
21264024
21269563
21269494
21264354
21268283
21264381
21268495
21264716
21269881
21262592
21269198
21268498
21264686
21269190
21269451
21264698
21269670
21269554
21269616
21264338
21264050
21263258
21268931
21260862
21264615
21260801
21269719
21264033
21269117
21260955
21269744
21269714
21269133
21269497
21268939
21269692
21269410
21268212
21264376
21268220
21268427
21269579
21269761
21263904
21269043
21263278
21264728
21262512
21268775
21263151
21263232
21269308
21269060
21260909
21269757
21268442
21269345
21269805
21264674
21264021
21268421
21263994
21269095
21268895
21269819
21269767
21268231
21269006
21269534
21269611
21264062
21268955
21263964
21263960
21269639
21268229
21264001
21260931
21260882
21268262
21268891
21269710
21268754
21260942
21264057
21268732
21269484
21264342
21268238
21268872
21268843
21268208
21263220
21264647
21268452
21268468
21269712
21264658
21268497
21263959
21263284
21262543
21264022
21268730
21260911
21268223
21269825
21262580
21262513
21269720
21268863
21268811
21263279
21269344
21269663
21269576
21268942
21264325
21262588
21269163
21268473
21263197
21260961
21268880
21269375
21264672
21269349
21269864
21268941
21264639
21269597
21264766
21269099
21269558
21264636
21268243
21260886
21263963
21260807
21268289
21269637
21260988
21268828
21268204
21268849
21269186
21269690
21264054
21269736
21269544
21268720
21268430
21268838
21263261
21269857
21269510
21260863
21260892
21268801
21268404
21264004
21263120
21260839
21268812
21260800
21269367
21269750
21260974
21268446
21263126
21263992
21264356
21260964
21264695
21269143
21263908
21264362
21268743
21268772
21269853
21263972
21269507
21263217
21268788
21269428
21262561
21269076
21260888
21268727
21260928
21269837
21269067
21268407
21269838
21263914
21269897
21268237
21264791
21263161
21269041
21268777
21269613
21268925
21264083
21268984
21269132
21268797
21264760
21264394
21264397
21263971
21263246
21263180
21269066
21260898
21264347
21264006
21260872
21260908
21268489
21264640
21268429
21264012
21260967
21269854
21268908
21264779
21269429
21268459
21268763
21264786
21264363
21263253
21269520
21263192
21269035
21269459
21269706
21262515
21269659
21269176
21268443
21268993
21269764
21268297
21269480
21264781
21269072
21268781
21264657
21269434
21263970
21264358
21260929
21269149
21269729
21268469
21264665
21264642
21268251
21268268
21260866
21269515
21264340
21269415
21269846
21260883
21264652
21269737
21264369
21260952
21264055
21260956
21268827
21263944
21260841
21269716
21268779
21264349
21269585
21268918
21264044
21264655
21268460
21269021
21269150
21269620
21269423
21262532
21264613
21269542
21269553
21260833
21260932
21264700
21260912
21268235
21268266
21263287
21263124
21264344
21269139
21269614
21268867
21269350
21269866
21263968
21269797
21263152
21269407
21268244
21269571
21268879
21269796
21264308
21264680
21263200
21260900
21268719
21269411
21269085
21269626
21269097
21268735
21269168
21269449
21263165
21269065
21268281
21269612
21269405
21268964
21268423
21268835
21268471
21269442
21269182
21268702
21263163
21264332
21264798
21269649
21269055
21268928
21264666
21269320
21269479
21263168
21263133
21260874
21269193
21268203
21269042
21263105
21269727
21268298
21264329
21269328
21263927
21263111
21263216
21262531
21264319
21268744
21263951
21268842
21260957
21269743
21269530
21264628
21269327
21268856
21264627
21268858
21269144
21268995
21268409
21260962
21262576
21264609
21269325
21264097
21269471
21268888
21269019
21269014
21264304
21268712
21262582
21269891
21268202
21268438
21264383
21263981
21262522
21264035
21269834
21269179
21269015
21264787
21264318
21269197
21264372
21268210
21260904
21269388
21260895
21264051
21269808
21269070
21262528
21264359
21269441
21269823
21269799
21269443
21269561
21268737
21262509
21268862
21268749
21262558
21269768
21269721
21269502
21264025
21264000
21263932
21268943
21269063
21269089
21268400
21269134
21264611
21269587
21260861
21264709
21269627
21269763
21269303
21260849
21268733
21263108
21263990
21268435
21269732
21269605
21269529
21263139
21263286
21269119
21269811
21264649
21263228
21262520
21263122
21262523
21269385
21260927
21264736
21269635
21269362
21268861
21262500
21264664
21269474
21268786
21260995
21260897
21269339
21269028
21269688
21262570
21262589
21264624
21264604
21268405
21262538
21268971
21269495
21269781
21264322
21264034
21264729
21269153
21263204
21268905
21264395
21268219
21263233
21269878
21268966
21263149
21260899
21269887
21264788
21263940
21269756
21269832
21263295
21269169
21264722
21268902
21263137
21269595
21263147
21269654
21263272
21268246
21268476
21264099
21268741
21268876
21264694
21269524
21269127
21269057
21264777
21269869
21264673
21264017
21264324
21264653
21269080
21269465
21268267
21263977
21268226
21260852
21268232
21268434
21263262
21264091
21260829
21269628
21264778
21268216
21269116
21269582
21269183
21268884
21269346
21260945
21269009
21268915
21268912
21268821
21269821
21269098
21260884
21260879
21269888
21269445
21269549
21264764
21264036
21260939
21269175
21269396
21264648
21262542
21263225
21263143
21262590
21268957
21268705
21269705
21269860
21264668
21269096
21269022
21262567
21264041
21269365
21269518
21269017
21269683
21263935
21269762
21263266
21264685
21264707
21264721
21269418
21263238
21264060
21260969
21268865
21269538
21268859
21268420
21262545
21269309
21268857
21268760
21263219
21264380
21260972
21263237
21269641
21268457
21264702
21263916
21260906
21269164
21264374
21262517
21268437
21260893
21268722
21268462
21269402
21269634
21268789
21268403
21269551
21264677
21268958
21269577
21264789
21269170
21269310
21269842
21269314
21260950
21262550
21263117
21269191
21264040
21268820
21268746
21262501
21262597
21269684
21262572
21264314
21269884
21260935
21263174
21268479
21269609
21269777
21264682
21268454
21269165
21268222
21268721
21269184
21264634
21263925
21269636
21268886
21269129
21260810
21269061
21269488
21269847
21269752
21263182
21269341
21268256
21263140
21264748
21269522
21268887
21263969
21264082
21269369
21269005
21269504
21269840
21264087
21269379
21264361
21260923
21263131
21268425
21269399
21260864
21269393
21269414
21269171
21268834
21269607
21268917
21264799
21264015
21269416
21264046
21263937
21269748
21264692
21263954
21268285
21263975
21268280
21269112
21263135
21260891
21263911
21264092
21269666
21269711
21268411
21269668
21268906
21263247
21263132
21268200
21264089
21268877
21264623
21268221
21264771
21263110
21263128
21268218
21269810
21263280
21268704
21269531
21269031
21269892
21264759
21263171
21264096
21269562
21260835
21269323
21269722
21262502
21269775
21262562
21260940
21269685
21264045
21269040
21268752
21268431
21269676
21263115
21260836
21268759
21269141
21269820
21268480
21269658
21264713
21263213
21269476
21268810
21264364
21269322
21268974
21264618
21262503
21264752
21269784
21269371
21269695
21269305
21264098
21264745
21269772
21269466
21268907
21264399
21268900
21268756
21263198
21264633
21268406
21269839
21268736
21269591
21268813
21269007
21269464
21269898
21268205
21264607
21264037
21269528
21263947
21269850
21269188
21269643
21264388
21264681
21269408
21260991
21264009
21264683
21269747
21264724
21268878
21264773
21269726
21269501
21268904
21263186
21269155
21263946
21264377
21269498
21268771
21269843
21264792
21268253
21264002
21268989
21264678
21264312
21264070
21268873
21269486
21268428
21268926
21263178
21262529
21262563
21268729
21260989
21269632
21269630
21260986
21268980
21269174
21269794
21268252
21269870
21269774
21264626
21269509
21260853
21263967
21264690
21263203
21262553
21269481
21268242
21269708
21268982
21268940
21260963
21264052
21262530
21264084
21269392
21269478
21268946
21269489
21269199
21268492
21263207
21264042
21260918
21264337
21260889
21262581
21262525
21263208
21268913
21263176
21264320
21268808
21264718
21260868
21268833
21269034
21268491
21264768
21269543
21262555
21269886
21262504
21263256
21269078
21269361
21264775
21268758
21269373
21263917
21268211
21268799
21262546
21269861
21268426
21269101
21269532
21260873
21269792
21269425
21264366
21269027
21260824
21269462
21268258
21268724
21268875
21269724
21263113
21260951
21269301
21262511
21263189
21269105
21269817
21269731
21262514
21269181
21263223
21269848
21263100
21269862
21268893
21268245
21269826
21269173
21268441
21269818
21269698
21263202
21268981
21269492
21268726
21269574
21269755
21269645
21269567
21263119
21269867
21268954
21269877
21262534
21269827
21268447
21263162
21269336
21268770
21268784
21269092
21268287
21268201
21269672
21269003
21264753
21260809
21264351
21264793
21268265
21269122
21268402
21264007
21269608
21268814
21269387
21269600
21263953
21268805
21260825
21268969
21269082
21263913
21264080
21263210
21263950
21268217
21264020
21260805
21268236
21268991
21268920
21263112
21269046
21262574
21264335
21269032
21269813
21269493
21260970
21264758
21268881
21269771
21269629
21268795
21268831
21269499
21263142
21260926
21268889
21264043
21263955
21263173
21264368
21264316
21264330
21269791
21264676
21268490
21268440
21260975
21260979
21268279
21269512
21269058
21269578
21269311
21269809
21268751
21269650
21269159
21269374
21269321
21268762
21269044
21260845
21269741
21269527
21260844
21269001
21269545
21264606
21269053
21269185
21269390
21260968
21264382
21260978
21269564
21268418
21269142
21268461
21263148
21264720
21269114
21264663
21268994
21260843
21260811
21268909
21263924
21268854
21264741
21269106
21269742
21268709
21263285
21260808
21269472
21263949
21260959
21264762
21268214
21269831
21269318
21268901
21268768
21269353
21269483
21269871
21269872
21264706
21264769
21269740
21263928
21260910
21269885
21269177
21268456
21262577
21264711
21269555
21263254
21269469
21260913
21264058
21260981
21269167
21269426
21268962
21269093
21268410
21263997
21264646
21268263
21263181
21268979
21268874
21269669
21268829
21260828
21269541
21264714
21263116
21264371
21268215
21269435
21269447
21269121
21263169
21269128
21269588
21263956
21263136
21264379
21269406
21264725
21269424
21268997
21268948
21268855
21263298
21269079
21268255
21268990
21263196
21264387
21263986
21260990
21269841
21269036
21269468
21269326
21264661
21268738
21269500
21264076
21269773
21269351
21268996
21269615
21260933
21269137
21268853
21263984
21268448
21268239
21264360
21269356
21263268
21260823
21263265
21269427
21264392
21269454
21269586
21260887
21268478
21264078
21263903
21264751
21268230
21260831
21264030
21268487
21268937
21269329
21260922
21268745
21269081
21264049
21264393
21263255
21262591
21264375
21268417
21269016
21263211
21264697
21269166
21268870
21264068
21263943
21260976
21269619
21260971
21268250
21268450
21263900
21263125
21268734
21268293
21263224
21268209
21268972
21268817
21268787
21269800
21269409
21269610
21268483
21269422
21263966
21264772
21269661
21269394
21269785
21260847
21269047
21269569
21264085
21268922
21263118
21268422
21269118
21263978
21264635
21264710
21268227
21264334
21260905
21269806
21264352
21263239
21269539
21264026
21268824
21268992
21269874
21260915
21268916
21264018
21269482
21263248
21268826
21264056
21263172
21269463
21269508
21263961
21263260
21263230
21264331
21268717
21269516
21269331
21269162
21268844
21269030
21268968
21268472
21264353
21264023
21269652
21269788
21269417
21268451
21268822
21264737
21263199
21268804
21263183
21269660
21269594
21263988
21260993
21262579
21269354
21263996
21260916
21269123
21262535
21260937
21264667
21264384
21269548
21269104
21269069
21260920
21260812
21264717
21269873
21269560
21263231
21263290
21269687
21269519
21264005
21268728
21268850
21268852
21269581
21269899
21269552
21268932
21268883
21264600
21269455
21262565
21262586
21269604
21268903
21269503
21268965
21269008
21268276
21264348
21264684
21263190
21264094
21269473
21268415
21269102
21260865
21268731
21269033
21269835
21268961
21268742
21269018
21268864
21260994
21268273
21260992
21263206
21263195
21263167
21262596
21264069
21263175
21263134
21264784
21269087
21269135
21268755
21269803
21268894
21264345
21263159
21269487
21264723
21269893
21260851
21269100
21269776
21268845
21269360
21268228
21269378
21268282
21269496
21269830
21269347
21260830
21268436
21269126
21268778
21269432
21263269
21269894
21269759
21264303
21268774
21262595
21263107
21269883
21269592
21269824
21268950
21269646
21268803
21268247
21264782
21269717
21260859
21264675
21264059
21269828
21264346
21264086
21264608
21264699
21268700
21268240
21268792
21268851
21268278
21269845
21263235
21269749
21262516
21268284
21269895
21260890
21269368
21264651
21268791
21263976
21260998
21262527
21269624
21268930
21269896
21264302
21264310
21269180
21268963
21268960
21269152
21264343
21263933
21264072
21263936
21268899
21263939
21269723
21260820
21268935
21269148
21269108
21264765
21269364
21269412
21260917
21264744
21268807
21264705
21264386
21264307
21269450
21268802
21269050
21268419
21269370
21264090
21269316
21260901
21264328
21269651
21269330
21269647
21264742
21269718
21268445
21269051
21264014
21269064
21269054
21264032
21264620
21260947
21269125
21260987
21263952
21269697
21263281
21264693
21268465
21264088
21263989
21263229
21264669
21260944
21269656
21263121
21263130
21260877
21269679
21269194
21269011
21263974
21260832
21263957
21260948
21263245
21269195
21264398
21260894
21260896
21263934
21269540
21269300
21262585
21262584
21264659
21260834
21269138
21269699
21269313
21263920
21264010
21264311
21260803
21260960
21262519
21269566
21264645
21269147
21269456
21269366
21269770
21260965
21268224
21263979
21268837
21268496
21263153
21269071
21268757
21264016
21269357
21269675
21264038
21264093
21269196
21263907
21264776
21264047
21260919
21269667
21268766
21269029
21268475
21269146
21269312
21268274
21269618
21268241
21268927
21268723
21263249
21269640
21264689
21269787
21269477
21268848
21264631
21264688
21263915
21269363
21268796
21263164
21269570
21269814
21264715
21264003
21264029
21269400
21264712
21269420
21268433
21263201
21260854
21264732
21269694
21269446
21269358
21260958
21264643
21260806
21269584
21263958
21262552
21269533
21269642
21269444
21260924
21263910
21269490
21268938
21264794
21269746
21269598
21264708
21268432
21269702
21268776
21264703
21268785
21269485
21264616
21269026
21264660
21262510
21263905
21262573
21269822
21264064
21264039
21269372
21268206
21263909
21268747
21260875
21269557
21264385
21268207
21269537
21269890
21269804
21268983
21264797
21264740
21263158
21269638
21269120
21269603
21264048
21269037
21263218
21268715
21269780
21260973
21260856
21268439
21268257
21264077
21260871
21269734
21268809
21269109
21262594
21263240
21269674
21269404
21260842
21269602
21268414
21262554
21269511
21260826
21269664
21263995
21268947
21269038
21263103
21269601
21260867
21269052
21264357
21264028
21269111
21264389
21260966
21269590
21268713
21264756
21269523
21260827
21263921
21269662
21268841
21269306
21268213
21268260
21264301
21264008
21262508
21269004
21269049
21264333
21269738
21260870
21263243
21263215
21260954
21263166
21268816
21264305
21263188
21269154
21264733
21264726
21262537
21268769
21263234
21269829
21268718
21260848
21269433
21264749
21268259
21268711
21263282
21269056
21269505
21264601
21263241
21263146
21268499
21269617
21269020
21269156
21262564
21262506
21262568
21264701
21269382
21269568
21264662
21263991
21268959
21268748
21264780
21269077
21263973
21263227
21264300
21269324
21268706
21264326
21268477
21268277
21264750
21262566
21263177
21264727
21269795
21268225
21268823
21269686
21269790
21269377
21269713
21269302
21262587
21269709
21269868
21264341
21264327
21260997
21269340
21268292
21269380
21263270
21268299
21264355
21264027
21262583
21264063
21263273
21269317
21264763
21268484
21262536
21269359
21264641
21260881
21262539
21269342
21263102
21264095
21268910
21268897
21264390
21269094
21264638
21268933
21268914
21264622
21269419
21268871
21269075
21263274
21260949
21264738
21268493
21264654
21262541
21269039
21263271
21260914
21268988
21264796
21263101
21269145
21269470
21263942
21263194
21260821
21268839
21268272
21268288
21269334
21269593
21268703
21269783
21269136
21264321
21268973
21268488
21268467
21268716
21268919
21262524
21263277
21260837
21263906
21264691
21269735
21263993
21269012
21269754
21263205
21268767
21268291
21269130
21268800
21264637
21269882
21260934
21268986
21268474
21263109
21268868
21268846
21268783
21262598
21264323
21269115
21268970
21269704
21269178
21268463
21269192
21268956
21262549
21264656
21263250
21269725
21269644
21269696
21269436
21264679
21263293
21268860
21263923
21268885
21262548
21269413
21260946
21269779
21263193
21268998
21268470
21260941
21269084
21269648
21264747
21269815
21263283
21268819
21263294
21264061
21268896
21264731
21260804
21269439
21263919
21263941
21263982
21260817
21268753
21264746
21260880
21264610
21268951
21269849
21263226
21263987
21268949
21269059
21269440
21269678
21269024
21269786
21262505
21268485
21268453
21262533
21264350
21262578
21269460
21263980
21263926
21269802
21260850
21268832
21269304
21264339
21269307
21264011
21260925
21263251
21260857
21269074
21269091
21268780
21264612
21268482
21264719
21269671
21268486
21269381
21269395
21269693
21264757
21263938
21263299
21269880
21262569
21269397
21269113
21269010
21268953
21264785
21268481
21269110
21260885
21268270
21269158
21263289
21264396
21263114
21260953
21269343
21260846
21268295
21269506
21268466
21269161
21269457
21268458
21263948
21262547
21262571
21268286
21263212
21263242
21269333
21263902
21268408
21263138
21260818
21268977
21269633
21263221
21264309
21268898
21269107
21269452
21263244
21268985
21264336
21269172
21269013
21260907
21260982
21268494
21268714
21268911
21263222
21262557
21269739
21263209
21269421
21269655
21268740
21268975
21268455
21269536
21264767
21263155
21263264
21268750
21269187
21268764
21269157
21268978
21269855
21264696
21269856
21260814
21260938
21269546
21268830
21268261
21269665
21269073
21268790
21268782
21269689
21268725
21269048
21269876
21269550
