4178617
4178629
4178818
4178838
4178328
4178321
4178830
4178611
4178889
4178760
4178954
4178840
4178709
4178613
4178236
4178862
4178883
4178624
4178834
4178848
4178738
4178700
4178884
4178326
4178603
4178720
4178668
4178947
4178910
4178928
4178696
4178780
4178837
4178734
4178212
4178961
4178618
4178919
4178332
4178831
4178635
4178836
4178972
4178622
4178778
4178955
4178833
4178718
4178694
4178753
4178881
4178319
4178216
4178768
4178937
4178873
4178339
4178844
4178766
4178825
4178774
4178262
4178312
4178331
4178314
4178220
4178305
4178616
4178608
4178727
4178656
4178695
4178687
4178965
4178769
4178968
4178706
4178908
4178717
4178661
4178916
4178787
4178789
4178938
4178808
4178856
4178620
4178347
4178927
4178638
4178805
4178692
4178813
4178981
4178930
4178901
4178679
4178648
4178633
4178342
4178729
4178649
4178812
4178602
4178307
4178940
4178803
4178824
4178655
4178903
4178336
4178917
4178989
4178654
4178892
4178739
4178304
4178950
4178951
4178765
4178665
4178740
4178978
4178751
4178828
4178784
4178269
4178975
4178736
4178776
4178685
4178885
4178792
4178229
4178921
4178779
4178982
4178823
4178723
4178847
4178239
4178811
4178737
4178974
4178659
4178793
4178799
4178839
4178962
4178345
4178754
4178644
4178615
4178227
4178637
4178338
4178711
4178854
4178798
4178952
4178258
4178207
4178875
4178913
4178683
4178849
4178791
4178604
4178651
4178607
4178782
4178225
4178923
4178634
4178757
4178646
4178967
4178790
4178918
4178203
4178260
4178860
4178311
4178330
4178959
4178722
4178264
4178905
4178316
4178895
4178814
4178743
4178301
4178878
4178865
4178956
4178941
4178936
4178775
4178973
4178349
4178223
4178308
4178871
4178759
4178647
4178690
4178900
4178346
4178800
4178957
4178926
4178686
4178697
4178309
4178767
4178235
4178257
4178868
4178826
4178704
4178934
4178614
4178209
4178222
4178891
4178850
4178835
4178267
4178663
4178671
4178670
4178851
4178623
4178897
4178764
4178749
4178731
4178231
4178689
4178988
4178621
4178213
4178922
4178337
4178763
4178796
4178625
4178929
4178801
4178265
4178909
4178322
4178819
4178807
4178201
4178794
4178876
4178261
4178350
4178266
4178744
4178658
4178600
4178870
4178320
4178771
4178678
4178214
4178719
4178894
4178333
4178645
4178855
4178857
4178628
4178829
4178217
4178816
4178821
4178980
4178234
4178877
4178636
4178802
4178673
4178200
4178915
4178845
4178643
4178948
4178317
4178612
4178773
4178748
4178219
4178652
4178712
4178302
4178318
4178340
4178703
4178230
4178785
4178886
4178904
4178758
4178666
4178606
4178932
4178208
4178707
4178741
4178259
4178640
4178874
4178728
4178752
4178228
4178701
4178639
4178324
4178300
4178986
4178680
4178772
4178896
4178832
4178327
4178206
4178714
4178810
4178912
4178313
4178750
4178942
4178898
4178669
4178899
4178888
4178627
4178756
4178911
4178872
4178863
4178210
4178619
4178325
4178724
4178861
4178945
4178609
4178866
4178843
4178221
4178858
4178204
4178708
4178252
4178702
4178256
4178827
4178263
4178762
4178610
4178205
4178746
4178684
4178626
4178601
4178939
4178224
4178675
4178841
4178730
4178846
4178925
4178777
4178963
4178335
4178809
4178864
4178653
4178979
4178310
4178977
4178944
4178920
4178949
4178232
4178953
4178788
4178960
4178699
4178630
4178226
4178672
4178605
4178815
4178254
4178853
4178907
4178215
4178786
4178781
4178770
4178966
4178662
4178842
4178657
4178329
4178341
4178984
4178642
4178804
4178268
4178233
4178859
4178682
4178676
4178745
4178906
4178882
4178253
4178902
4178820
4178783
4178958
4178943
4178985
4178315
4178688
4178681
4178334
4178879
4178976
4178211
4178693
4178742
4178761
4178817
4178631
4178735
4178795
4178303
4178755
4178983
4178733
4178255
4178237
4178343
4178713
4178352
4178632
4178935
4178933
4178867
4178705
4178806
4178664
4178852
4178354
4178725
4178677
4178893
4178880
4178667
4178306
4178721
4178674
4178716
4178202
4178732
4178715
4178946
4178691
4178641
4178747
4178353
4178323
4178238
4178351
4178797
4178890
4178914
4178710
4178218
4178924
4178971
4178660
4178822
4178698
4178726
4178964
