4176801
4176602
4176371
4176424
4176655
4176706
4176788
4177254
4176446
4176700
4176498
4176549
4176688
4176206
4176221
4176566
4176830
4176381
4177209
4176346
4176425
4176478
4176291
4176759
4176272
4176474
4176702
4176462
4176209
4176679
4176635
4176479
4176735
4176254
4176736
4177220
4177227
4176503
4177242
4176321
4176713
4176593
4176673
4176766
4176301
4176565
4176711
4176234
4176556
4176493
4176805
4176718
4176668
4176649
4176662
4177207
4176483
4176531
4176582
4176412
4176383
4176344
4176789
4176255
4176674
4177214
4176787
4176500
4176557
4176396
4176270
4176570
4176284
4176778
4176204
4176311
4176497
4176205
4176313
4176262
4176376
4176546
4176732
4176650
4176798
4176402
4176214
4176704
4176406
4176752
4176256
4176489
4176280
4176215
4176705
4176263
4176375
4176600
4176389
4176401
4176632
4176457
4176318
4176666
4176481
4176329
4176212
4176742
4176712
4176812
4176775
4176539
4176370
4176585
4176687
4176450
4176606
4176748
4176267
4176323
4176415
4176764
4176464
4176726
4176577
4176584
4176417
4176352
4176331
4176690
4176484
4176239
4176803
4177218
4176265
4176525
4176259
4176330
4177216
4176623
4176504
4176719
4176560
4177226
4176737
4176422
4176328
4176407
4176320
4176294
4176686
4176468
4176563
4176628
4176703
4176753
4176316
4176510
4176229
4176772
4176465
4176639
4176506
4176527
4176653
4176347
4176782
4176391
4177247
4176521
4176553
4176651
4176456
4176815
4176558
4176594
4176246
4176829
4176452
4176403
4176804
4176776
4176646
4177234
4176418
4176572
4176430
4176569
4176274
4176534
4176612
4176615
4176226
4176540
4176733
4176611
4177231
4177204
4176338
4176747
4177229
4177224
4176578
4176275
4176643
4176589
4176647
4176251
4176350
4176746
4176579
4176420
4177215
4176364
4176745
4176562
4176765
4177228
4176460
4176362
4176003
4176799
4176762
4176555
4176264
4176561
4177249
4177253
4176225
4176290
4176358
4176818
4176491
4177208
4176423
4176763
4176413
4176740
4176249
4176785
4176288
4177256
4176356
4176526
4176231
4176622
4176580
4176279
4176664
4176654
4176754
4176512
4176490
4176355
4176758
4176222
4176637
4176213
4176384
4176302
4176665
4176817
4176597
4176571
4176617
4176341
4176831
4177257
4176343
4177244
4176701
4176207
4176361
4176738
4176447
4176247
4176661
4176554
4176308
4176624
4176469
4176743
4176429
4176537
4176541
4177241
4176268
4176269
4176567
4176342
4176494
4176248
4176770
4176574
4176327
4176595
4176523
4176287
4176575
4176695
4176006
4177246
4176707
4177213
4177245
4177201
4176708
4176224
4176535
4176598
4176266
4176017
4176397
4176202
4176620
4176455
4176734
4176295
4176475
4176681
4176303
4176393
4177230
4176499
4176729
4176568
4176573
4176536
4176335
4176631
4176586
4176793
4176252
4177248
4176390
4176750
4176822
4176564
4176324
4176618
4176339
4176608
4176792
4176774
4176638
4176289
4176530
4176797
4176642
4176472
4176587
4176795
4176592
4176278
4176682
4176603
4177266
4176511
4176392
4176505
4176233
4177222
4177240
4176520
4176724
4177243
4176730
4176710
4176348
4176552
4176409
4176404
4176543
4176813
4176416
4176672
4176827
4176200
4176806
4176367
4176625
4176431
4176823
4176385
4176368
4176645
4176832
4177269
4176691
4176228
4177268
4176373
4176502
4176524
4176771
4176596
4176365
4176744
4176260
4176426
4176332
4176533
4176720
4176576
4176398
4176309
4176515
4176716
4176253
4176517
4177259
4176470
4176283
4177239
4176819
4176545
4176689
4176781
4176408
4176216
4176296
4176816
4176306
4176257
4176210
4176414
4177223
4176529
4176477
4176768
4176519
4176757
4176604
4176614
4176445
4177251
4176237
4176277
4176693
4176613
4176360
4176217
4176345
4176581
4177211
4176240
4176203
4176463
4176609
4176656
4176791
4176357
4176644
4176282
4176721
4176675
4176627
4177238
4176372
4176400
4176779
4176315
4176421
4176773
4176496
4176811
4176208
4176271
4176783
4176663
4176667
4176388
4176507
4176488
4176386
4176741
4176238
4176286
4177252
4176528
4176755
4176548
4176317
4176245
4176405
4177265
4176314
4176459
4176544
4176509
4176322
4176369
4177233
4176715
4176219
4176761
4177235
4176669
4176325
4176243
4176723
4176448
4176605
4176731
4176387
4176786
4177250
4176722
4176241
4176697
4176696
4176244
4176380
4176699
4177267
4176514
4176601
4176211
4176487
4176349
4176547
4176453
4176305
4176640
4177212
4176223
4176227
4176749
4176336
4176751
4176458
4176379
4176636
4176630
4176492
4176583
4176261
4176444
4176683
4176641
4176621
4176516
4176717
4176378
4176709
4176374
4176473
4176337
4176232
4176480
4177206
4176451
4176648
4176366
4176363
4176466
4176220
4176428
4176293
4176419
4176258
4176394
4176671
4176285
4176542
4176728
4176760
4176312
4176319
4176461
4176218
4176610
4176538
4177232
4176292
4176652
4176411
4177210
4176767
4176698
4176739
4176790
4176522
4176276
4176660
4176467
4176399
4176449
4176273
4176281
4177261
4176326
4176685
4176824
4176235
4176680
4176395
4177202
4176454
4176242
4176377
4176298
4176777
4176727
4176351
4176784
4176802
4176559
4176796
4176340
4176495
4176513
4176769
4176476
4176725
4176307
4177221
4176501
4176532
4177205
4176002
4176382
4176714
4176814
4176607
4176588
4176616
4176756
4177255
4176410
4176304
4176518
4176825
4176794
4176619
4176250
4176297
4176334
4176634
4177225
4176629
4176828
4176508
4176230
4176471
4176626
4176236
4176310
4176482
4176201
4176633
4176427
