4177470
4179478
4179709
4179939
4179879
4177532
4179415
4179933
4179371
4179432
4177402
4179624
4179763
4179754
4179714
4175446
4175432
4179876
4175427
4179942
4179807
4179835
4179674
4177400
4179215
4179795
4179284
4179673
4179819
4179235
4179842
4179251
4179581
4179151
4175406
4179531
4179702
4177421
4179734
4179347
4179620
4179657
4179868
4179586
4179610
4179103
4175411
4179394
4179420
4179887
4179788
4179242
4179176
4179584
4179634
4179641
4179684
4179739
4179219
4179827
4179368
4179477
4179408
4179533
4179858
4179255
4179953
4179571
4179359
4179655
4175423
4177529
4179456
4179291
4179832
4179239
4177490
4177522
4175418
4179221
4179458
4179529
4179958
4179826
4179150
4179654
4179285
4177473
4179651
4179841
4179836
4179281
4179425
4179157
4179596
4179523
4179398
4179603
4179434
4179758
4179381
4177539
4175417
4179790
4179530
4179644
4179438
4177459
4179527
4179569
4179466
4179416
4179682
4179932
4175410
4179320
4179375
4175433
4177460
4179459
4179914
4179439
4179630
4179628
4179437
4179192
4177468
4179637
4179120
4179217
4179729
4179745
4177446
4179873
4179489
4179514
4179247
4177536
4179522
4179954
4175431
4179875
4179812
4179643
4179196
4179500
4179414
4177499
4179413
4179594
4179501
4179222
4179213
4179756
4177450
4179121
4179560
4179454
4179446
4179256
4179206
4179339
4179881
4179915
4179365
4175475
4179759
4179589
4179857
4179687
4179274
4179960
4179640
4179208
4177531
4179152
4179512
4177524
4179612
4177429
4177474
4179774
4177501
4179307
4179452
4179591
4179604
4179572
4179757
4179463
4179473
4179202
4179450
4179348
4179613
4179391
4177416
4179578
4179290
4179552
4175403
4179246
4179234
4179583
4179109
4179945
4179504
4177494
4179872
4179424
4179481
4179938
4179102
4177538
4179816
4179179
4179433
4179838
4179294
4179468
4177520
4179743
4179727
4179631
4179231
4179336
4179770
4179395
4179706
4179811
4179677
4179197
4179802
4175437
4179241
4179268
4179278
4179137
4179283
4179907
4179941
4179792
4179787
4177521
4179555
4179130
4179828
4179877
4179864
4179250
4179691
4179605
4175421
4177502
4179867
4179194
4179332
4177417
4179312
4179429
4177526
4179122
4179621
4179126
4179724
4179378
4179916
4179502
4179542
4179484
4179823
4179934
4179850
4179920
4177537
4179969
4179443
4179913
4179825
4177492
4179582
4179656
4179177
4179475
4179660
4179441
4179313
4179815
4179733
4177442
4179963
4179840
4177408
4179317
4177443
4179909
4179233
4177507
4179959
4177500
4179297
4179426
4179204
4179567
4179753
4179520
4179472
4179661
4179390
4179926
4179808
4179781
4179892
4179705
4179902
4177457
4179898
4179611
4179874
4179330
4177491
4179800
4179632
4177438
4177509
4179924
4179362
4177495
4179834
4179575
4177434
4179551
4179780
4179259
4179965
4179308
4179741
4177487
4175420
4179895
4179509
4179650
4179376
4179105
4179505
4179762
4179822
4179133
4179588
4179853
4177414
4179855
4175430
4179930
4179707
4179238
4179848
4179174
4179393
4179683
4177439
4179406
4179309
4179735
4179818
4179865
4179570
4177485
4179341
4179540
4179279
4179488
4179257
4179712
4179798
4179786
4179271
4179383
4179547
4179350
4179541
4179385
4179526
4179564
4179448
4177448
4179445
4179154
4179686
4179254
4177508
4179629
4179967
4179402
4179921
4179159
4179779
4175404
4179227
4179333
4177525
4179240
4179606
4179467
4177426
4179503
4179553
4179556
4177471
4179688
4179470
4177412
4179849
4179263
4179173
4179315
4177530
4179785
4179195
4177476
4179593
4179519
4179218
4179311
4177496
4179430
4179904
4179178
4179585
4179645
4177407
4179601
4179761
4177488
4179957
4179592
4179419
4179198
4179325
4179894
4179136
4179209
4179252
4179931
4179418
4179928
4179716
4177511
4179577
4179331
4179155
4177482
4179396
4179927
4179562
4179351
4179356
4179554
4179367
4179532
4179536
4179791
4179216
4179794
4177483
4175471
4179625
4179545
4179845
4179469
4177493
4175428
4179537
4179471
4179261
4177503
4179748
4179507
4175414
4179935
4179649
4177512
4177498
4179738
4179543
4177418
4179784
4177462
4179783
4179633
4179671
4179890
4179797
4179516
4179460
4179860
4179862
4179457
4179918
4179322
4179685
4179680
4177513
4179379
4179718
4179327
4179929
4179919
4179675
4179292
4175424
4179212
4179539
4179232
4179861
4179200
4179755
4179782
4179412
4175402
4179270
4179399
4177404
4179249
4177425
4179548
4179576
4179282
4179736
4179695
4179949
4179878
4179833
4179749
4179354
4179880
4177465
4179199
4179310
4179852
4177441
4179922
4179104
4179267
4179565
4179524
4179563
4179447
4179635
4179896
4179839
4179453
4177430
4179653
4179676
4179476
4179253
4179510
4179264
4177466
4179717
4179211
4179287
4179725
4179280
4179608
4179732
4177410
4179407
4177505
4179316
4179708
4179814
4179342
4179345
4179340
4179658
4179669
4179768
4179125
4179813
4179870
4179956
4179377
4179626
4177440
4177527
4179701
4179172
4179558
4177415
4179897
4179409
4179277
4179352
4179799
4179455
4179672
4179728
4179515
4179776
4177455
4179597
4179617
4179400
4179428
4179856
4179361
4179863
4179943
4179349
4175443
4179364
4179906
4179465
4177478
4179869
4179888
4179511
4179579
4179346
4179326
4179917
4179690
4179824
4179405
4179435
4179899
4177489
4179392
4179829
4175412
4179884
4179128
4179561
4179950
4177477
4179666
4179726
4179964
4179289
4177534
4179646
4177403
4179101
4179269
4179517
4179513
4179773
4179885
4179363
4179190
4179846
4177449
4179243
4179886
4179775
4179131
4179422
4179667
4179506
4175426
4177480
4179544
4179124
4179444
4179866
4179607
4179550
4179388
4179369
4179386
4179403
4179595
4179389
4179357
4177452
4177475
4179343
4179600
4177464
4177523
4179752
4177469
4179266
4179760
4179837
4177528
4179689
4177401
4179373
4179900
4179299
4175413
4177423
4179843
4175425
4179871
4179665
4179265
4179750
4179765
4179525
4179777
4177405
4179566
4179771
4179107
4177424
4179668
4179789
4179508
4179474
4179615
4179440
4179778
4179518
4179622
4179730
4179694
4179602
4179944
4179483
4179301
4179696
4177428
4179337
4179380
4179810
4179821
4179961
4179486
4179609
4179955
4177419
4179132
4179587
4179923
4179652
4179908
4179210
4179366
4179360
4179623
4179831
4179237
4179901
4179638
4179314
4179925
4179830
4179549
4179678
4179699
4179883
4179135
4179947
4179911
4179193
4177411
4179374
4179793
4179262
4179598
4179272
4179436
4179535
4177458
4179744
4179230
4179451
4177454
4175440
4179905
4179713
4179659
4179431
4177436
4179521
4179100
4179703
4179319
4179170
4179889
4179404
4179772
4179479
4179710
4179129
4179260
4179410
4179214
4179704
4177427
4179801
4179229
4179946
4177463
4177461
4179158
4179108
4179968
4179224
4179721
4175429
4177422
4179323
4179461
4179462
4177413
4177456
4179693
4179720
4177481
4179574
4179679
4179844
4179817
4179882
4179700
4179328
4179662
4179276
4179820
4179205
4179937
4179220
4179546
4179427
4179485
4179715
4179300
4179355
4175419
4179664
4179557
4177420
4179175
4179936
4179382
4179767
4179134
4179384
4175416
4179648
4179723
4179421
4177504
4179288
4179580
4177447
4179697
4177437
4179245
4179618
4177435
4179796
4179370
4179627
4177535
4179372
4179951
4179766
4179305
4179153
4179747
4179156
4177406
4179353
4177432
4175434
4179335
4179764
4179273
4179962
4179139
4177445
4179903
4179106
4179138
4177497
4179293
4179228
4177453
4179334
4179417
4179324
4179423
4179619
4175438
4179321
4179298
4179854
4179171
4177510
4179201
4179225
4179397
4179244
4177472
4179740
4179851
4179573
4179528
4177467
4177479
4179590
4179859
4177506
4179893
4177533
4179692
4179663
4179442
4179191
4179639
4179636
4179647
4179258
4179751
4179295
4177409
4179940
4179286
4179681
4179642
4179303
4177433
4179487
4179847
4179338
4179912
4179769
4179482
4179248
4179599
4179127
4179746
4179464
4179803
4179123
4179722
4177451
4179203
4179719
4179698
4179731
4179910
4179329
4179670
4179614
4179236
4179387
4179207
4179538
4179223
4179302
4179411
4179711
4177444
4175415
4179568
4179358
4179891
4179948
4177431
4179966
4179952
4179534
4179401
4177486
4179742
4179304
4179275
4179306
4179226
4179296
4179737
4179344
4179449
4179318
4179480
4179559
4175422
4179616
4177484
