4177817
4177915
4177908
4177919
4177954
4178420
4177901
4177964
4177970
4177950
4177939
4178408
4177952
4177996
4177969
4177903
4177818
4177816
4177922
4177925
4175516
4178422
4177920
4177945
4177906
4177961
4177959
4177170
4177815
4178411
4177994
4177993
4178406
4177981
4177914
4177987
4177956
4177918
4178402
4177984
4175500
4177930
4177927
4177948
4177951
4177934
4177938
4177967
4178404
4177928
4177912
4177998
4177978
4177941
4177953
4177949
4177962
4178410
4177995
4177960
4177955
4178401
4177946
4177979
4177819
4177988
4177814
4177910
4177943
4177965
4178421
4177813
4177968
4177985
4177924
4177983
4177992
4177940
4177972
4177986
4177907
4177958
4175560
4177913
4177902
4177991
4177975
4177909
4177982
4177933
4177973
4177999
4177966
4177916
4178405
4177929
4177931
4177905
4178400
4177963
4177944
4177936
4177926
4177980
4177942
4177904
4177911
4177997
4177976
4177957
4177971
4177937
4177947
4178403
4177990
4177974
4177977
4177923
4177917
4177921
4177935
