5917015
5917095
5917029
5917082
5917925
5917989
5917043
5917062
5917917
5917077
5917045
5917928
5917058
5917035
5917980
5917020
5917993
5917935
5917061
5917027
5917024
5917926
5917931
5917943
5917040
5917984
5917072
5917995
5917981
5917902
5917915
5917946
5917903
5917900
5917039
5917073
5917004
5917907
5917904
5917965
5917074
5917992
5917937
5917994
5917028
5917983
5917006
5917910
5917078
5917036
5917094
5917940
5917906
5917066
5917939
5917912
5917044
5917978
5917071
5917918
5917972
5917065
5917999
5917969
5917911
5917056
5917075
5917037
5917076
5917976
5917938
5917096
5917012
5917988
5917070
5917060
5917979
5917991
5917049
5917069
5917916
5917032
5917982
5917930
5917030
5917923
5917970
5917025
5917083
5917948
5917964
5917085
5917959
5917901
5917090
5917086
5917009
5917051
5917011
5917921
5917063
5917963
5917081
5917067
5917990
5917059
5917016
5917080
5917088
5917996
5917087
5917055
5917021
5917022
5917932
5917068
5917966
5917947
5917985
5917093
5917048
5917099
5917064
5917956
5917046
5917023
5917920
5917913
5917971
5917951
5917017
5917905
5917974
5917000
5917942
5917929
5917941
5917973
5917952
5917008
5917934
5917013
5917961
5917053
5917010
5917005
5917038
5917954
5917914
5917960
5917031
5917949
5917098
5917919
5917018
5917924
5917933
5917042
5917079
5917033
5917953
5917047
5917014
5917975
5917909
5917084
5917950
5917955
5917998
5917944
5917001
5917986
5917922
5917003
5917050
5917052
5917927
5917007
5917936
5917091
5917957
5917962
5917997
5917987
5917089
5917092
5917034
5917908
5917019
5917968
5917054
5917967
5917958
5917026
5917002
5917097
5917945
5917977
5917057
5917041
