5916552
5916560
5916803
5916515
5917458
5916164
5916785
5916067
5916158
5916028
5916738
5916887
5916882
5916042
5916755
5917496
5916134
5916506
5916847
5916877
5916029
5916703
5916539
5916036
5916589
5916551
5916971
5917441
5916211
5916153
5917499
5916505
5916701
5916926
5916591
5916927
5916348
5916316
5917471
5916548
5917411
5916914
5916965
5916087
5916011
5916225
5916815
5916362
5916598
5916864
5916788
5916845
5917451
5916754
5916700
5916241
5916977
5916014
5916511
5916856
5916830
5916850
5916547
5917440
5917434
5916950
5916103
5916212
5916972
5916952
5916860
5916793
5916148
5916843
5916594
5917489
5916243
5916342
5916355
5916739
5916221
5916517
5916146
5916010
5917420
5916293
5916862
5916840
5916723
5916033
5916575
5917498
5916545
5916358
5916371
5916878
5916863
5916305
5916753
5916724
5916290
5916587
5916395
5916915
5916962
5916825
5916958
5916585
5916853
5916166
5916197
5916351
5917454
5916238
5916544
5916038
5916999
5916564
5916939
5916749
5917484
5916870
5916250
5916286
5916215
5916133
5916019
5916325
5916955
5916502
5916519
5916041
5916758
5916082
5916917
5916929
5916920
5916393
5917455
5916521
5916518
5916390
5916195
5916177
5916873
5916344
5916296
5916278
5916012
5916944
5916127
5917488
5916200
5916135
5916969
5916529
5916727
5916829
5916265
5916155
5916883
5916203
5916092
5916280
5916554
5916379
5916172
5916599
5916712
5916274
5916817
5916858
5916984
5916360
5916298
5916240
5916576
5916769
5916876
5917486
5916141
5916050
5916994
5916741
5916772
5916932
5916322
5916740
5916367
5916896
5916356
5916993
5916283
5916255
5917412
5916188
5916248
5916224
5916104
5916921
5916085
5916285
5916314
5916173
5917415
5916831
5916206
5916890
5916312
5916181
5916531
5916332
5916925
5916275
5916913
5916245
5916386
5917410
5916581
5916263
5916520
5916097
5916731
5916884
5916579
5916149
5916773
5916233
5917436
5916722
5916338
5916707
5916976
5916933
5916387
5916198
5916065
5916778
5916112
5916110
5916353
5917456
5916182
5916264
5916759
5916892
5916037
5917421
5916236
5916745
5916875
5916985
5916924
5916309
5916737
5916081
5917493
5916227
5916988
5916504
5916582
5916151
5916120
5916904
5916500
5917443
5916997
5916975
5916935
5916234
5916300
5916959
5916909
5916235
5917450
5916734
5916524
5916013
5916982
5916178
5916900
5916396
5916593
5916291
5916574
5916111
5916592
5916118
5916084
5917478
5916532
5916292
5916763
5916268
5916779
5916948
5916851
5916053
5916220
5916584
5916337
5916833
5916137
5916784
5916008
5916756
5917426
5916186
5916098
5916808
5916931
5916161
5916992
5916567
5916281
5917418
5916326
5916886
5917476
5916791
5916372
5917452
5916848
5916854
5916051
5916093
5916230
5916214
5916961
5916586
5917453
5916901
5916147
5916096
5916218
5917483
5916542
5916270
5916553
5916866
5916912
5916852
5916786
5916126
5916979
5916052
5916555
5916179
5916083
5916812
5916828
5917439
5916209
5916541
5916048
5916320
5916273
5916865
5916145
5916572
5916888
5916072
5916752
5916193
5916272
5916540
5916764
5916318
5916021
5916187
5916381
5916116
5916066
5916546
5916954
5916311
5917432
5916596
5917449
5916088
5916251
5916354
5916750
5916237
5916789
5916207
5916205
5917429
5916329
5916928
5916832
5917492
5916294
5916341
5916967
5917445
5916327
5917494
5916809
5916782
5916020
5916801
5916780
5916775
5917495
5916846
5916762
5916770
5916941
5916045
5916366
5916062
5917470
5916526
5916364
5916849
5916991
5916535
5916262
5916822
5916324
5916799
5916811
5916538
5916841
5916907
5916015
5916751
5916073
5916249
5916742
5916963
5916717
5916109
5916522
5916339
5916247
5916150
5916923
5916044
5916746
5916176
5916004
5916334
5917430
5916228
5916807
5916903
5916370
5916989
5916100
5916160
5916570
5916328
5917473
5916175
5916816
5916885
5916130
5917423
5916169
5917419
5916580
5916590
5917497
5916365
5916162
5916031
5916881
5916184
5916346
5917425
5916533
5916297
5916060
5916231
5916258
5916089
5916902
5916382
5916199
5916528
5916990
5916319
5916239
5916550
5916287
5916736
5916946
5916368
5916058
5916007
5916002
5916026
5916094
5916064
5916569
5916189
5916049
5916720
5917428
5916302
5916222
5916331
5916561
5916077
5916868
5916307
5916710
5917474
5916256
5916357
5916806
5916277
5916757
5916823
5916906
5916032
5916345
5916009
5916282
5916798
5916768
5916968
5916301
5917424
5916121
5916725
5916578
5916107
5916194
5916867
5916213
5916347
5916715
5916132
5916899
5916747
5917446
5916855
5916523
5916389
5916797
5916099
5917414
5916995
5916981
5917417
5916229
5916392
5916257
5916266
5916219
5917457
5916226
5916191
5916827
5916730
5916217
5916802
5916893
5916951
5916210
5916573
5916537
5916719
5916996
5916157
5917431
5916001
5916568
5916794
5916595
5916374
5916246
5917477
5916074
5917482
5916279
5916242
5916512
5917447
5916043
5916375
5916055
5917438
5916323
5916363
5916016
5916918
5916543
5916934
5917435
5916891
5916131
5916119
5916105
5916905
5916824
5916350
5916949
5916391
5916711
5916562
5916091
5916000
5916895
5916168
5916530
5916106
5916940
5917475
5916078
5916299
5916503
5916835
5916922
5916810
5916872
5916943
5917413
5916057
5916525
5916260
5916378
5916957
5916018
5916795
5916115
5916974
5916834
5916180
5916894
5916819
5916783
5916232
5916276
5916128
5916208
5916557
5916937
5916223
5916781
5917416
5916306
5916022
5916760
5916114
5916165
5916792
5916253
5916070
5917433
5916516
5916729
5916138
5916702
5917490
5916732
5916154
5916124
5917444
5916397
5916125
5916818
5916003
5916315
5916123
5917437
5916898
5916536
5916024
5916880
5916102
5916776
5916304
5916288
5916820
5916384
5916911
5917479
5916152
5916271
5916859
5916964
5916983
5916716
5916373
5916796
5917459
5916930
5917448
5916005
5916942
5917472
5916718
5916063
5917487
5916377
5916144
5916559
5916787
5916508
5916509
5916563
5916383
5916966
5916080
5916960
5916704
5916394
5916565
5916987
5917481
5916399
5916101
5916385
5916874
5916113
5916156
5917480
5916844
5916340
5916761
5916767
5916335
5916059
5916079
5916303
5916956
5916774
5916139
5916826
5916192
5916908
5916388
5916805
5916705
5916953
5916804
5916204
5916202
5916376
5916333
5916330
5916122
5916842
5916185
5917442
5916836
5916027
5916857
5916174
5916359
5916254
5916313
5916086
5916513
5916571
5916777
5916558
5916507
5916040
5917485
5916869
5916183
5916871
5916269
5916765
5916075
5916196
5916171
5916973
5916577
5916252
5916308
5916897
5916583
5916056
5916380
5916709
5916735
5916023
5916076
5916945
5917427
5916728
5916879
5916713
5916259
5916501
5916514
5916310
5916143
5916998
5916244
5916071
5916916
5916597
5916129
5916349
5916889
5916352
5916771
5916748
5916295
5916861
5916035
5916261
5916216
5916838
5916039
5916766
5916030
5916510
5916284
5916095
5916706
5916267
5916068
5916047
5916163
5916978
5916821
5916017
5916289
5916721
5916566
5916046
5916117
5916744
5916140
5917422
5916061
5916714
5916034
5916790
5916369
5916839
5916986
5916980
5916800
5916336
5916108
5916919
5916069
5916837
5916025
5916936
5916006
5917491
5916167
5916708
5916549
5916159
5916938
5916054
5916556
5916813
5916534
5916142
5916398
5916970
5916733
5916321
5916317
5916361
5916527
5916190
5916743
5916343
5916090
5916947
5916814
5916201
5916170
5916588
5916136
5916910
5916726
