5076901
5076848
5076955
5076911
5076720
5076713
5076745
5076677
5076535
5076666
5076680
5076692
5076710
5076672
5076841
5076696
5076808
5076530
5076960
5076805
5076653
5076761
5076958
5076521
5076550
5076722
5076670
5076694
5076510
5076681
5076986
5076707
5076703
5076993
5076540
5076715
5076803
5076902
5076661
5076990
5076889
5076552
5076756
5076787
5076995
5076678
5076726
5076654
5076732
5076504
5076753
5076988
5076801
5076706
5076797
5076773
5076674
5076705
5076951
5076555
5076785
5076954
5076730
5076686
5076723
5076676
5076847
5076991
5076655
5076541
5076725
5076796
5076658
5076768
5076687
5076698
5076699
5076546
5076942
5076747
5076755
5076736
5076849
5076876
5076786
5076944
5076553
5076985
5076907
5076793
5076525
5076667
5076757
5076660
5076766
5076516
5076719
5076702
5076870
5076741
5076729
5076558
5076656
5076717
5076716
5076371
5076721
5076910
5076519
5076790
5076754
5076959
5076679
5076798
5076881
5076769
5076919
5076982
5076871
5076764
5076731
5076663
5076906
5076556
5076775
5076523
5076752
5076697
5076657
5076912
5076733
5076700
5076840
5076905
5076758
5076998
5076984
5076673
5076940
5076534
5076671
5076767
5076873
5076377
5076799
5076532
5076945
5076501
5076668
5076544
5076963
5076806
5076887
5076531
5076916
5076727
5076374
5076682
5076845
5076543
5076515
5076846
5076760
5076913
5076689
5076373
5076953
5076772
5076688
5076794
5076807
5076949
5076711
5076874
5076740
5076952
5076664
5076950
5076551
5076522
5076908
5076701
5076771
5076903
5076378
5076375
5076651
5076528
5076917
5076765
5076709
5076842
5076542
5076997
5076774
5076718
5076770
5076529
5076759
5076965
5076885
5076888
5076886
5076800
5076941
5076714
5076503
5076791
5076750
5076748
5076780
5076918
5076943
5076533
5076956
5076749
5076691
5076712
5076802
5076708
5076909
5076514
5076538
5076728
5076968
5076665
5076762
5076804
5076512
5076872
5076777
5076662
5076996
5076751
5076505
5076695
5076763
5076684
5076376
5076947
5076784
5076882
5076693
5076508
5076983
5076789
5076904
5076779
5076520
5076669
5076792
5076964
5076652
5076782
5076989
5076526
5076545
5076795
5076500
5076969
5076961
5076915
5076549
5076987
5076877
5076843
5076507
5076875
5076509
5076547
5076999
5076734
5076914
5076879
5076506
5076379
5076742
5076536
5076844
5076966
5076884
5076372
5076548
5076738
5076883
5076788
5076513
5076880
5076537
5076554
5076735
5076981
5076778
5076962
5076559
5076878
5076502
5076744
5076650
5076900
5076948
5076527
5076704
5076746
5076781
5076967
5076994
5076675
5076739
5076992
5076518
5076809
5076776
5076524
5076980
5076724
5076685
5076511
5076957
5076783
5076683
5076690
5076743
5076737
5076946
5076659
5076539
5076557
5076517
5076370
