5076279
5076269
5076271
5076201
5076228
5076284
5076292
5076214
5076257
5076216
5076261
5076272
5076250
5076211
5076209
5076221
5076281
5076297
5076253
5076227
5076294
5076230
5076240
5076236
5076251
5076237
5076247
5076255
5076275
5076266
5076287
5076206
5076299
5076267
5076254
5076296
5076231
5076212
5076205
5076260
5076245
5076270
5076278
5076259
5076217
5076229
5076274
5076235
5076238
5076232
5076241
5076277
5076208
5076268
5076239
5076248
5076283
5076225
5076215
5076263
5076222
5076220
5076282
5076213
5076288
5076218
5076295
5076291
5076224
5076265
5076234
5076276
5076246
5076280
5076223
5076285
5076243
5076244
5076289
5076293
5076273
5076200
5076262
5076202
5076204
5076242
5076233
5076252
5076207
5076203
5076286
5076264
5076298
5076226
5076290
5076210
5076258
5076249
5076256
5076219
