5076010
5076074
5076168
5076016
5076169
5076013
5076011
5076182
5076163
5076063
5076138
5076154
5076069
5076025
5076055
5076187
5076137
5076017
5076123
5076148
5076061
5076019
5076135
5076032
5076114
5076054
5076047
5076188
5076131
5076178
5076088
5076139
5076161
5076107
5076026
5076059
5076118
5076177
5076130
5076102
5076112
5076082
5076031
5076073
5076146
5076099
5076108
5076100
5076133
5076023
5076024
5076085
5076121
5076021
5076056
5076087
5076012
5076077
5076150
5076048
5076001
5076065
5076090
5076167
5076094
5076103
5076005
5076145
5076183
5076068
5076162
5076000
5076039
5076173
5076097
5076157
5076110
5076180
5076128
5076127
5076040
5076004
5076117
5076035
5076022
5076155
5076144
5076092
5076152
5076007
5076081
5076175
5076160
5076101
5076018
5076080
5076079
5076078
5076050
5076185
5076060
5076136
5076008
5076029
5076095
5076043
5076049
5076038
5076064
5076181
5076076
5076070
5076120
5076042
5076174
5076147
5076124
5076186
5076140
5076083
5076028
5076036
5076041
5076129
5076006
5076091
5076134
5076046
5076009
5076037
5076096
5076156
5076027
5076184
5076044
5076075
5076104
5076132
5076111
5076179
5076014
5076034
5076066
5076151
5076119
5076189
5076153
5076093
5076113
5076020
5076158
5076045
5076143
5076106
5076062
5076071
5076125
5076086
5076149
5076057
5076067
5076109
5076141
5076172
5076164
5076015
5076051
5076052
5076176
5076122
5076165
5076126
5076002
5076142
5076115
5076084
5076166
5076030
5076159
5076072
5076058
5076053
5076116
5076089
5076033
5076171
5076003
5076105
5076098
5076170
