5076323
5076358
5076305
5076338
5076307
5076314
5076354
5076352
5076344
5076330
5076356
5076311
5076347
5076329
5076316
5076325
5076342
5076345
5076312
5076304
5076322
5076320
5076328
5076351
5076348
5076333
5076355
5076310
5076324
5076302
5076343
5076313
5076317
5076309
5076300
5076346
5076332
5076349
5076341
5076340
5076327
5076303
5076337
5076334
5076319
5076336
5076335
5076326
5076353
5076339
5076315
5076318
5076350
5076321
5076301
5076357
5076308
5076331
5076306
