35988084
35988989
35988571
35988387
35988260
35988469
35988786
35988154
35988384
35988818
35988698
35988180
35988815
35988896
35988841
35988832
35988136
35988697
35988641
35988289
35988520
35988734
35988353
35988711
35988888
35988452
35988601
35988918
35988671
35988444
35988516
35988279
35988270
35988726
35988612
35988679
35988566
35988745
35988403
35988967
35988337
35988629
35988319
35988902
35988209
35988663
35988602
35988801
35988630
35988603
35988750
35988056
35988181
35988611
35988835
35988266
35988170
35988820
35988719
35988348
35988162
35988248
35988846
35988687
35988655
35988941
35988523
35988334
35988931
35988492
35988164
35988058
35988942
35988203
35988759
35988524
35988925
35988790
35988626
35988231
35988754
35988160
35988636
35988764
35988423
35988151
35988320
35988463
35988919
35988037
35988476
35988381
35988914
35988834
35988141
35988405
35988293
35988543
35988915
35988480
35988462
35988707
35988638
35988549
35988789
35988374
35988622
35988778
35988433
35988536
35988618
35988584
35988458
35988155
35988635
35988115
35988963
35988692
35988910
35988895
35988909
35988594
35988080
35988569
35988409
35988899
35988870
35988659
35988473
35988309
35988819
35988647
35988796
35988545
35988123
35988225
35988422
35988533
35988969
35988148
35988179
35988608
35988097
35988017
35988083
35988769
35988981
35988253
35988036
35988883
35988785
35988828
35988795
35988237
35988386
35988744
35988922
35988065
35988246
35988404
35988562
35988992
35988401
35988625
35988897
35988875
35988373
35988043
35988861
35988192
35988604
35988448
35988735
35988223
35988529
35988961
35988227
35988575
35988507
35988119
35988465
35988392
35988273
35988268
35988751
35988004
35988788
35988999
35988979
35988891
35988695
35988079
35988605
35988748
35988344
35988681
35988505
35988689
35988557
35988302
35988274
35988965
35988660
35988460
35988592
35988586
35988791
35988552
35988767
35988402
35988355
35988291
35988299
35988243
35988517
35988281
35988736
35988709
35988583
35988694
35988241
35988431
35988282
35988140
35988988
35988251
35988247
35988367
35988945
35988457
35988393
35988976
35988821
35988804
35988147
35988532
35988978
35988827
35988447
35988540
35988062
35988525
35988817
35988426
35988766
35988294
35988642
35988632
35988580
35988284
35988396
35988609
35988087
35988947
35988026
35988389
35988072
35988587
35988255
35988852
35988479
35988724
35988886
35988825
35988089
35988336
35988613
35988770
35988921
35988466
35988184
35988555
35988840
35988109
35988278
35988113
35988038
35988415
35988349
35988527
35988716
35988916
35988646
35988968
35988156
35988224
35988837
35988631
35988656
35988738
35988233
35988758
35988375
35988762
35988807
35988049
35988715
35988667
35988372
35988943
35988296
35988576
35988489
35988183
35988256
35988688
35988011
35988214
35988022
35988438
35988504
35988775
35988236
35988159
35988867
35988245
35988749
35988560
35988340
35988521
35988110
35988475
35988427
35988812
35988512
35988451
35988515
35988406
35988783
35988522
35988286
35988430
35988221
35988411
35988802
35988390
35988234
35988194
35988244
35988648
35988850
35988093
35988617
35988983
35988454
35988768
35988838
35988007
35988414
35988100
35988858
35988395
35988127
35988138
35988675
35988813
35988824
35988019
35988358
35988053
35988242
35988257
35988917
35988044
35988776
35988493
35988108
35988673
35988702
35988252
35988985
35988553
35988315
35988226
35988528
35988464
35988598
35988277
35988962
35988863
35988269
35988061
35988338
35988996
35988304
35988212
35988300
35988672
35988627
35988920
35988593
35988574
35988295
35988573
35988347
35988614
35988634
35988424
35988034
35988439
35988481
35988235
35988848
35988280
35988258
35988345
35988798
35988590
35988581
35988471
35988800
35988343
35988567
35988857
35988733
35988112
35988428
35988210
35988959
35988085
35988429
35988898
35988388
35988437
35988193
35988352
35988935
35988510
35988880
35988558
35988369
35988561
35988739
35988944
35988474
35988723
35988498
35988856
35988547
35988538
35988204
35988485
35988799
35988990
35988964
35988509
35988185
35988597
35988582
35988357
35988149
35988539
35988201
35988442
35988322
35988998
35988982
35988849
35988700
35988020
35988445
35988693
35988165
35988327
35988316
35988450
35988263
35988033
35988410
35988021
35988703
35988262
35988211
35988952
35988607
35988701
35988222
35988003
35988383
35988190
35988685
35988477
35988106
35988030
35988502
35988006
35988747
35988385
35988163
35988048
35988441
35988318
35988940
35988024
35988000
35988752
35988351
35988436
35988096
35988794
35988407
35988714
35988271
35988391
35988708
35988572
35988705
35988368
35988171
35988746
35988871
35988066
35988419
35988449
35988446
35988264
35988124
35988095
35988484
35988683
35988272
35988811
35988122
35988514
35988518
35988563
35988360
35988219
35988478
35988491
35988008
35988554
35988645
35988955
35988677
35988578
35988098
35988261
35988669
35988513
35988015
35988865
35988851
35988842
35988780
35988874
35988859
35988949
35988946
35988887
35988456
35988684
35988997
35988639
35988114
35988325
35988686
35988397
35988953
35988440
35988354
35988564
35988534
35988761
35988731
35988676
35988417
35988756
35988755
35988721
35988610
35988483
35988753
35988763
35988806
35988901
35988531
35988937
35988805
35988699
35988500
35988408
35988954
35988696
35988845
35988130
35988926
35988206
35988027
35988025
35988987
35988356
35988877
35988923
35988168
35988797
35988511
35988546
35988111
35988470
35988420
35988924
35988682
35988239
35988068
35988359
35988288
35988621
35988218
35988191
35988732
35988341
35988929
35988267
35988706
35988599
35988881
35988728
35988205
35988839
35988653
35988993
35988894
35988455
35988506
35988499
35988051
35988678
35988948
35988104
35988717
35988624
35988228
35988490
35988737
35988829
35988400
35988565
35988772
35988220
35988831
35988991
35988904
35988461
35988399
35988972
35988836
35988023
35988453
35988178
35988830
35988259
35988495
35988816
35988238
35988784
35988082
35988826
35988588
35988069
35988712
35988496
35988589
35988615
35988743
35988128
35988312
35988757
35988995
35988541
35988579
35988042
35988298
35988691
35988379
35988913
35988432
35988177
35988793
35988331
35988088
35988365
35988213
35988889
35988970
35988317
35988005
35988623
35988526
35988882
35988665
35988370
35988328
35988900
35988872
35988435
35988366
35988488
35988722
35988792
35988040
35988530
35988265
35988666
35988307
35988117
35988833
35988187
35988046
35988994
35988878
35988125
35988974
35988086
35988814
35988591
35988876
35988425
35988519
35988297
35988173
35988843
35988486
35988986
35988413
35988710
35988862
35988844
35988980
35988468
35988028
35988350
35988932
35988310
35988628
35988873
35988869
35988930
35988032
35988199
35988208
35988010
35988377
35988651
35988674
35988600
35988893
35988129
35988912
35988956
35988196
35988971
35988139
35988977
35988620
35988332
35988090
35988577
35988908
35988823
35988174
35988822
35988472
35988966
35988853
35988892
35988905
35988595
35988287
35988497
35988254
35988459
35988535
35988482
35988596
35988808
35988339
35988903
35988550
35988619
35988740
35988570
35988418
35988202
35988907
35988276
35988060
35988551
35988167
35988934
35988680
35988559
35988207
35988330
35988321
35988071
35988335
35988782
35988216
35988412
35988906
35988637
35988958
35988657
35988730
35988537
35988250
35988467
35988720
35988077
35988333
35988285
35988585
35988074
35988957
35988725
35988960
35988443
35988933
35988633
35988556
35988249
35988938
35988658
35988779
35988324
35988911
35988542
35988416
35988661
35988606
35988742
35988927
35988229
35988640
35988172
35988434
35988984
35988690
35988936
35988105
35988275
35988973
35988188
35988382
35988292
35988487
35988773
35988342
35988928
35988076
35988421
35988102
35988713
35988668
35988643
35988729
35988787
35988283
35988866
35988771
35988854
35988501
35988890
35988950
35988718
35988741
35988616
35988664
35988939
35988855
35988662
35988230
35988760
35988091
35988364
35988649
35988217
35988774
35988777
35988654
35988781
35988197
35988650
35988644
35988704
35988346
35988884
35988727
35988494
35988544
35988809
35988503
35988371
35988765
35988868
35988803
35988879
35988548
35988568
35988652
35988323
35988508
35988951
35988240
35988810
35988059
35988121
35988670
35988975
35988107
35988078
35988311
35988885
35988864
35988200
35988143
35988847
35988860
