35987685
35987916
35987811
35987850
35987339
35987696
35987699
35987658
35987641
35987738
35987784
35987628
35987885
35987127
35987778
35987988
35987704
35987627
35987775
35987648
35987262
35987653
35987882
35987335
35987669
35987957
35987948
35987349
35987987
35987933
35987020
35987625
35987758
35987777
35987913
35987769
35987123
35987675
35987736
35987796
35987429
35987943
35987989
35987645
35987961
35987831
35987708
35987985
35987250
35987037
35987611
35987096
35987958
35987211
35987847
35987936
35987720
35987030
35987951
35987082
35987489
35987219
35987399
35987091
35987899
35987904
35987602
35987962
35987878
35987231
35987835
35987676
35987992
35987657
35987378
35987623
35987853
35987825
35987341
35987908
35987613
35987883
35987888
35987801
35987267
35987672
35987785
35987914
35987671
35987898
35987464
35987697
35987722
35987894
35987592
35987798
35987982
35987774
35987471
35987794
35987334
35987420
35987921
35987040
35987083
35987832
35987802
35987649
35987680
35987857
35987004
35987844
35987660
35987095
35987748
35987271
35987705
35987506
35987617
35987400
35987964
35987848
35987656
35987745
35987721
35987537
35987519
35987918
35987727
35987690
35987702
35987291
35987330
35987884
35987366
35987577
35987726
35987998
35987712
35987493
35987651
35987418
35987228
35987639
35987560
35987783
35987556
35987134
35987895
35987823
35987124
35987362
35987935
35987728
35987747
35987385
35987289
35987534
35987393
35987755
35987076
35987067
35987839
35987635
35987230
35987630
35987144
35987416
35987474
35987782
35987866
35987388
35987604
35987821
35987793
35987771
35987846
35987787
35987731
35987638
35987749
35987855
35987915
35987991
35987903
35987661
35987357
35987454
35987767
35987142
35987248
35987458
35987880
35987859
35987619
35987965
35987896
35987729
35987963
35987312
35987925
35987448
35987104
35987417
35987876
35987460
35987719
35987830
35987718
35987753
35987588
35987038
35987940
35987813
35987252
35987327
35987744
35987812
35987788
35987573
35987663
35987473
35987864
35987176
35987408
35987827
35987717
35987655
35987398
35987490
35987295
35987854
35987138
35987879
35987706
35987347
35987733
35987412
35987863
35987959
35987983
35987017
35987843
35987612
35987587
35987616
35987737
35987797
35987120
35987902
35987791
35987350
35987583
35987582
35987746
35987237
35987952
35987606
35987310
35987646
35987677
35987615
35987566
35987149
35987678
35987614
35987750
35987507
35987711
35987624
35987743
35987762
35987981
35987725
35987652
35987875
35987840
35987960
35987820
35987431
35987126
35987937
35987938
35987444
35987929
35987647
35987692
35987968
35987924
35987893
35987170
35987912
35987709
35987735
35987686
35987012
35987667
35987425
35987949
35987765
35987640
35987500
35987529
35987927
35987691
35987665
35987997
35987642
35987022
35987618
35987282
35987836
35987414
35987018
35987650
35987930
35987264
35987163
35987867
35987637
35987559
35987668
35987373
35987714
35987995
35987810
35987741
35987479
35987953
35987276
35987792
35987047
35987966
35987772
35987306
35987946
35987716
35987260
35987761
35987834
35987621
35987757
35987945
35987684
35987631
35987101
35987874
35987939
35987766
35987681
35987664
35987550
35987028
35987572
35987890
35987954
35987041
35987907
35987608
35987354
35987905
35987601
35987730
35987026
35987950
35987779
35987285
35987911
35987632
35987203
35987768
35987552
35987877
35987979
35987605
35987178
35987852
35987799
35987600
35987247
35987999
35987873
35987742
35987881
35987533
35987891
35987889
35987570
35987256
35987319
35987662
35987115
35987701
35987622
35987345
35987603
35987532
35987993
35987695
35987723
35987674
35987897
35987919
35987910
35987607
35987845
35987829
35987065
35987116
35987510
35987870
35987931
35987865
35987089
35987841
35987956
35987654
35987543
35987110
35987698
35987476
35987886
35987842
35987996
35987269
35987659
35987707
35987851
35987901
35987909
35987994
35987689
35987000
35987752
35987817
35987569
35987739
35987773
35987421
35987008
35987620
35987048
35987700
35987147
35987424
35987789
35987437
35987795
35987833
35987191
35987892
35987980
35987934
35987595
35987790
35987955
35987503
35987432
35987928
35987186
35987815
35987972
35987436
35987626
35987193
35987887
35987530
35987305
35987858
35987545
35987786
35987770
35987906
35987923
35987633
35987286
35987856
35987838
35987724
35987715
35987159
35987293
35987574
35987226
35987920
35987643
35987756
35987781
35987751
35987195
35987410
35987177
35987673
35987666
35987168
35987754
35987824
35987002
35987212
35987732
35987805
35987688
35987516
35987713
35987944
35987932
35987816
35987872
35987328
35987776
35987644
35987780
35987609
35987063
35987694
35987734
35987974
35987860
35987917
35987693
35987449
35987871
35987296
35987822
35987683
35987984
35987406
35987990
35987555
35987922
35987485
35987563
35987151
35987703
35987687
35987819
35987849
35987826
35987814
35987763
35987682
35987862
35987610
35987358
35987597
35987670
35987926
35987404
35987869
35987710
35987942
35987679
35987546
35987986
35987861
35987818
35987764
35987947
35987629
35987740
35987900
35987759
35987760
35987636
35987868
35987969
35987828
35987634
35987837
