6013549
6013890
6013881
6013547
6013809
6014864
6019303
6019233
6013361
6013336
6019317
6014552
6019214
6013766
6013815
6013970
6013327
6013773
6019548
6019989
6019579
6013642
6013548
6013367
6019248
6019353
6013204
6019255
6013467
6019832
6013721
6013523
6019858
6019331
6013895
6019499
6014868
6014505
6019292
6019628
6014580
6013374
6013396
6013577
6013427
6019826
6013265
6019728
6010578
6019424
6019758
6013612
6014866
6019337
6014573
6013938
6013570
6013746
6013371
6014884
6013529
6014847
6019554
6013408
6013613
6013630
6019559
6013875
6019360
6013283
6013261
6013390
6019745
6013322
6014576
6013494
6013284
6013874
6013349
6014560
6019356
6014559
6013562
6013944
6019560
6013768
6013244
6019732
6013690
6019872
6013832
6019542
6013847
6013530
6019652
6019236
6013223
6019827
6019964
6019693
6019853
6019942
6014561
6019394
6013913
6013285
6019511
6013451
6019978
6014571
6013843
6013586
6010409
6013479
6013493
6013304
6014590
6019475
6013351
6013683
6019784
6014567
6019716
6019967
6019863
6014534
6013592
6013249
6013945
6019875
6019885
6019208
6019555
6019919
6019332
6013433
6013502
6019813
6013519
6013307
6014839
6019963
6019953
6014572
6014880
6014548
6019997
6014514
6010586
6019550
6019225
6019509
6013866
6019649
6014840
6019577
6013233
6013260
6013659
6014517
6013687
6013684
6019677
6013980
6013936
6013319
6019838
6019203
6013910
6019495
6013240
6019691
6013302
6019852
6019811
6010404
6019883
6013925
6013902
6019902
6010589
6019534
6013711
6019566
6013915
6014582
6014895
6013544
6014557
6019695
6019220
6014538
6019729
6019456
6013325
6014535
6014588
6019417
6013208
6013217
6019440
6019496
6019918
6019886
6019450
6014527
6019627
6019648
6013560
6013835
6019605
6019543
6019387
6019249
6013607
6013950
6014556
6010412
6019376
6013251
6013584
6019948
6019624
6019567
6019313
6014858
6014508
6019327
6019243
6013462
6019275
6013965
6013210
6019969
6019282
6013220
6019261
6019984
6019912
6019405
6013682
6019482
6014824
6010576
6013828
6013873
6019307
6013653
6019202
6019669
6019551
6019996
6019532
6019238
6013918
6019646
6014855
6013811
6013448
6013472
6013931
6019369
6014873
6013391
6019962
6013497
6019556
6019408
6014507
6013522
6019506
6019860
6013658
6013840
6013822
6013563
6013985
6014811
6019372
6013338
6014812
6019807
6019866
6019223
6013375
6010585
6013946
6013232
6019215
6013380
6013526
6013695
6019748
6013585
6019426
6013636
6019742
6013541
6014870
6013680
6013923
6013609
6013817
6013558
6013836
6019810
6013258
6013634
6014544
6019374
6019966
6019287
6019733
6019318
6019253
6019692
6019211
6014594
6013810
6010590
6013962
6013803
6013453
6019498
6019801
6019830
6019263
6013955
6013783
6013407
6019825
6019443
6014818
6019706
6013738
6013757
6019373
6013320
6013350
6013906
6019900
6019384
6019262
6019569
6013362
6019309
6019523
6014838
6013455
6019780
6013727
6013516
6019840
6013301
6013500
6019581
6013796
6013880
6019927
6019721
6019874
6013982
6019564
6010596
6019793
6013789
6019469
6019634
6019910
6013485
6019668
6019276
6013329
6019623
6019294
6019481
6013857
6013395
6019349
6014531
6019715
6013988
6019547
6019232
6019487
6013444
6019422
6019359
6019525
6013504
6014897
6019382
6013495
6019386
6019935
6013884
6019266
6013820
6014529
6019304
6019563
6013456
6019473
6013691
6013712
6019625
6013984
6019762
6013920
6013799
6013960
6013533
6013669
6019947
6013489
6019979
6010587
6013226
6013288
6013492
6019662
6019837
6019959
6013844
6019876
6014523
6019945
6019431
6013715
6013506
6013540
6014547
6013271
6013610
6019343
6013797
6013207
6013222
6013590
6013928
6019357
6019680
6013527
6013706
6014512
6013305
6019326
6013606
6019476
6013274
6013552
6013579
6013420
6013561
6019444
6019508
6019653
6013237
6013415
6013587
6014842
6013707
6019607
6014836
6019907
6013654
6019535
6019435
6013300
6013791
6019277
6013256
6019361
6013535
6019575
6019465
6019251
6013648
6013387
6013994
6019479
6013919
6013358
6013850
6019338
6014584
6010414
6013933
6019773
6014859
6013956
6013740
6019814
6010592
6013854
6019724
6013368
6019674
6014876
6013838
6014898
6019891
6013891
6014846
6013761
6019461
6013439
6013720
6019982
6014882
6019922
6013968
6013686
6019492
6013270
6019952
6019404
6014513
6019777
6019626
6013723
6013829
6014542
6019432
6019800
6013831
6019501
6019901
6013769
6014810
6014819
6013801
6013621
6019558
6019411
6014861
6014871
6013633
6019754
6019821
6013366
6019504
6014813
6019903
6019834
6019734
6014886
6013551
6013553
6019526
6019521
6019689
6019406
6013521
6013997
6013845
6013703
6019289
6013531
6013776
6019704
6019312
6013635
6019528
6013333
6014853
6013935
6013656
6019936
6019855
6019301
6013664
6013452
6013216
6019661
6019671
6013404
6013458
6019599
6014808
6019393
6019755
6014814
6019589
6019401
6019241
6013356
6019929
6013449
6019284
6013704
6013675
6013748
6019439
6013841
6019505
6014575
6013744
6019896
6019771
6019961
6013539
6019314
6014841
6013267
6013491
6014551
6013754
6013794
6010588
6019664
6013543
6019396
6013618
6013798
6019425
6019976
6013424
6013905
6013483
6013672
6019703
6013505
6019783
6013409
6013759
6013674
6019474
6019864
6013756
6019493
6019752
6019583
6013879
6014809
6014592
6013219
6019657
6013996
6013605
6013413
6019454
6019380
6019486
6019639
6019819
6010400
6010575
6013228
6019200
6014878
6013679
6013324
6019279
6010411
6013405
6019842
6019637
6019633
6019644
6019603
6019470
6019466
6013954
6013480
6013475
6019544
6013665
6019348
6013619
6013963
6014863
6013496
6019549
6014849
6013818
6019678
6019938
6014593
6019245
6013848
6013347
6013762
6019434
6019697
6013525
6013422
6013651
6013755
6019429
6013508
6013513
6014835
6019593
6019889
6019934
6019226
6013538
6013202
6019437
6014857
6014591
6013885
6013780
6013909
6013889
6013637
6013937
6019403
6019538
6013876
6014555
6014803
6019302
6013887
6019638
6019833
6019305
6013856
6013699
6019219
6019681
6019537
6013276
6013986
6010571
6013421
6019320
6013477
6019772
6014533
6010574
6013442
6013615
6013200
6013681
6019222
6013445
6019763
6013667
6014587
6019341
6013385
6019701
6013692
6013961
6019358
6019717
6013474
6013700
6014581
6014817
6019298
6013898
6019859
6019489
6019764
6019985
6019536
6019923
6013488
6019756
6019656
6013591
6019977
6019436
6013726
6019204
6010581
6013771
6014888
6019412
6010597
6013779
6013786
6019587
6019616
6013473
6013465
6013917
6014831
6013805
6019533
6013213
6013871
6013230
6014865
6019998
6013545
6019682
6019375
6013990
6013242
6019609
6013321
6013657
6013245
6019933
6019757
6019869
6013661
6013337
6013354
6010583
6014833
6013423
6014834
6019686
6013788
6013957
6019878
6013914
6013940
6019797
6013628
6013263
6013471
6019441
6013595
6019561
6013312
6019759
6013650
6019803
6014851
6013697
6019867
6013741
6013383
6013860
6013583
6014828
6019725
6010572
6013939
6013693
6013382
6019746
6019921
6014525
6013518
6013842
6019539
6019824
6019612
6013883
6013425
6013373
6013709
6013907
6014540
6019231
6013399
6013378
6019206
6013897
6019321
6019286
6019920
6013908
6014899
6013345
6013816
6019995
6013469
6013793
6013926
6019881
6013644
6019785
6019600
6019316
6019270
6019246
6013685
6019252
6019295
6013231
6013689
6013976
6019636
6013852
6013550
6014524
6019209
6019531
6019629
6019378
6010570
6019884
6019468
6019823
6019257
6019713
6013209
6019835
6019766
6014543
6014869
6014862
6019879
6014536
6013468
6013863
6013896
6019604
6019909
6019342
6013969
6013357
6019478
6019614
6013568
6019300
6019527
6013515
6019658
6013507
6019768
6019345
6019602
6019685
6014550
6013296
6019216
6019694
6019700
6013299
6014815
6019333
6013814
6013572
6013309
6019228
6013490
6013567
6019848
6013652
6013255
6013414
6014598
6013365
6019841
6019787
6013481
6019743
6013466
6019769
6013972
6014554
6014881
6014820
6014891
6013582
6019407
6014564
6019520
6019930
6013229
6013291
6019719
6019699
6013853
6014806
6013343
6013892
6013257
6019831
6013400
6014823
6019389
6013953
6019592
6019740
6013861
6019950
6014509
6013698
6014867
6019352
6019882
6013604
6013751
6019388
6013981
6013499
6013295
6019655
6013934
6013624
6013812
6013470
6013269
6019790
6013440
6013983
6019702
6013571
6013410
6013998
6013668
6014896
6019594
6014827
6019351
6013859
6019911
6019630
6013454
6014563
6019271
6014874
6019596
6013760
6019363
6019944
6014520
6019259
6019735
6013753
6013742
6013313
6019943
6019760
6014830
6013464
6019578
6014541
6019346
6013360
6013670
6013821
6019775
6013431
6019540
6019597
6019201
6013293
6014589
6019409
6019212
6013834
6013641
6014825
6019968
6019565
6013555
6019679
6019247
6019731
6019591
6013272
6013807
6019598
6014850
6019510
6019774
6019812
6019484
6013629
6013772
6013735
6019786
6013536
6019330
6019640
6013438
6013870
6014537
6013725
6013314
6013317
6014570
6019904
6019666
6019809
6013308
6014510
6019397
6019483
6019660
6019239
6010599
6013660
6014879
6019941
6013872
6019268
6019893
6019738
6019642
6019235
6019615
6014568
6013417
6013825
6013206
6013335
6013708
6019620
6019905
6019665
6013330
6013203
6019458
6019328
6013932
6014585
6019965
6019707
6013927
6013310
6019366
6013975
6019503
6019972
6019285
6013967
6014574
6013487
6019897
6013620
6019951
6019957
6019714
6014565
6019887
6019311
6013800
6019712
6019718
6019844
6019512
6013645
6014515
6019264
6013947
6019730
6019530
6013903
6013318
6014844
6019433
6019364
6019992
6013749
6013824
6019862
6013476
6013878
6019954
6013441
6019368
6019459
6013833
6013594
6013381
6013924
6013943
6013717
6013418
6013999
6019767
6014566
6014822
6013792
6013212
6013718
6013372
6013435
6019782
6019894
6019413
6019672
6019580
6013359
6014816
6013901
6019622
6013236
6019381
6019871
6013877
6013292
6019350
6019467
6014502
6019471
6019367
6019354
6019221
6013991
6014518
6013392
6013893
6019846
6019477
6019339
6014586
6019288
6013948
6019988
6019423
6019722
6019932
6019711
6019278
6019395
6013839
6013778
6013323
6014596
6013601
6014595
6014860
6013739
6019491
6013737
6014553
6019399
6013732
6013344
6019776
6014894
6019805
6013971
6019667
6013904
6019727
6013215
6013294
6013542
6013782
6013246
6013826
6013262
6019272
6013379
6013806
6013640
6013348
6019817
6019586
6013275
6014848
6019273
6014889
6013581
6019585
6014522
6013434
6013671
6019946
6013730
6013888
6019552
6019851
6013287
6013241
6019297
6014893
6013602
6014877
6019218
6013846
6019994
6019723
6019632
6013593
6019958
6010594
6019258
6013733
6013734
6013457
6013273
6014852
6010410
6019500
6019265
6013534
6019306
6013631
6019991
6014599
6014802
6019260
6019804
6013995
6019522
6019926
6019705
6013376
6013987
6019518
6014832
6010582
6010403
6019802
6019645
6013688
6013353
6013509
6010584
6013511
6013403
6013589
6013437
6014506
6019873
6019438
6019430
6019234
6019464
6013238
6019293
6014521
6013565
6013340
6019428
6013205
6013702
6013430
6013802
6019820
6019710
6019344
6013643
6019737
6013666
6013402
6013785
6013388
6019849
6014503
6019546
6013447
6014843
6019654
6019906
6013282
6014504
6013297
6019418
6014562
6013411
6013280
6019420
6013512
6019815
6019427
6013787
6013758
6019336
6013498
6013397
6019254
6019709
6019960
6019924
6019391
6013823
6013952
6019419
6013979
6019643
6013339
6013484
6013745
6019931
6013677
6019513
6019240
6013808
6013673
6010417
6019726
6013461
6019315
6019850
6019868
6019928
6013819
6019573
6013463
6013864
6013201
6014516
6019659
6019608
6013264
6019617
6019250
6014583
6013278
6019796
6019744
6014539
6013623
6013724
6013517
6013501
6013747
6019913
6013578
6013851
6013858
6013774
6019414
6013239
6019971
6013736
6013804
6019519
6019299
6013921
6013218
6013532
6014837
6013332
6014519
6013729
6019993
6013514
6010579
6013588
6013603
6019517
6013696
6013598
6019647
6019541
6019507
6013482
6014826
6019975
6010580
6013580
6013225
6019663
6019322
6019457
6014530
6013234
6013649
6013259
6019410
6019739
6019741
6019472
6019618
6019291
6013837
6013436
6013556
6019213
6019494
6019836
6014890
6019683
6013959
6010591
6013235
6019416
6013784
6013554
6019514
6019765
6013364
6019750
6013328
6013600
6013247
6019973
6013412
6019806
6019673
6013719
6019415
6019839
6013574
6013597
6019267
6019822
6013279
6013303
6019925
6019651
6019676
6019888
6019684
6019595
6013632
6019675
6019635
6013678
6013911
6019340
6013714
6019324
6019601
6019816
6013743
6013221
6013384
6019788
6019818
6019916
6013298
6013459
6014807
6019847
6019792
6013710
6013728
6019908
6013510
6010408
6014845
6019574
6014577
6013596
6013752
6014829
6013958
6019308
6019588
6019515
6019986
6013394
6013795
6013764
6013993
6013342
6014569
6019229
6013250
6019462
6019571
6019940
6019244
6019983
6013617
6019914
6019808
6019877
6014800
6014511
6019937
6019323
6013227
6019347
6019845
6013867
6013266
6010419
6019828
6013252
6013331
6014549
6013443
6019798
6019355
6019794
6013663
6019915
6013646
6013830
6013676
6010416
6010593
6019319
6019736
6019205
6019829
6013503
6019452
6014501
6013446
6013389
6019688
6013941
6013386
6013524
6019687
6014875
6019335
6013662
6013428
6019274
6019753
6013855
6014528
6019619
6019892
6019854
6013370
6019502
6019590
6019385
6013254
6013869
6010595
6019269
6013790
6013450
6013315
6013290
6019568
6013862
6019747
6019485
6019890
6019362
6013625
6019460
6013277
6014545
6019516
6013849
6013429
6019334
6019749
6019392
6019870
6019955
6013701
6013966
6010413
6013557
6019310
6019572
6019895
6019980
6014801
6014805
6019237
6013419
6014500
6019400
6019497
6013608
6014804
6013770
6019981
6019281
6013894
6013406
6014872
6013731
6014579
6019480
6010598
6014887
6019611
6019939
6013978
6014821
6019779
6013949
6019207
6013767
6013268
6019987
6019463
6014856
6019377
6019621
6013281
6013627
6013289
6013713
6013248
6013694
6019856
6013951
6013716
6013576
6013599
6019584
6013334
6019371
6013929
6019242
6013286
6019613
6019545
6019290
6019398
6013355
6019553
6013942
6019990
6013647
6019898
6019524
6019557
6019949
6013311
6019490
6019365
6019751
6010415
6019974
6019770
6013224
6013639
6013922
6013398
6013460
6013426
6019761
6019442
6019582
6019781
6013520
6019899
6013416
6019390
6019230
6013886
6019696
6019488
6019610
6014546
6014597
6013528
6013478
6013899
6013486
6013401
6013211
6013393
6019880
6019217
6013352
6013900
6019283
6019843
6013916
6010418
6019720
6013614
6013705
6019708
6019576
6019256
6019690
6013638
6019999
6019857
6019670
6019227
6013777
6013559
6010573
6013973
6013622
6013868
6013977
6013243
6019970
6019795
6019296
6013781
6019641
6019421
6019402
6019329
6013253
6013750
6013989
6019379
6019865
6013363
6013655
6013827
6019631
6013346
6019861
6019570
6013537
6013930
6013611
6014885
6013882
6014532
6013964
6014892
6019606
6013341
6013432
6019956
6013765
6019224
6013369
6019325
6013722
6013912
6013763
6019778
6019383
6019210
6013974
6014854
6019562
6014578
6019280
6013306
6019917
6019791
6019698
6013865
6013992
6013626
6014558
6019529
6013377
6013775
6013616
6019650
6019799
6019370
6013813
6010577
6013326
6019789
6014526
6013546
6014883
