6016474
6014618
6014684
6014678
6010286
6016742
6016851
6016608
6016976
6016493
6010274
6016463
6010249
6014670
6016414
6010947
6016599
6016622
6014685
6014955
6016704
6016371
6014611
6014330
6014652
6016251
6016331
6016249
6016484
6016385
6016772
6010216
6010361
6016372
6016292
6014991
6014639
6014656
6016588
6016355
6010563
6016862
6016519
6014373
6016922
6010933
6014665
6016400
6010768
6016907
6016631
6010948
6010373
6016944
6016560
6016426
6016467
6016424
6014694
6016620
6016798
6014957
6016821
6016875
6016920
6016732
6014359
6010975
6010268
6016683
6016906
6016808
6014904
6016533
6010943
6010911
6016711
6010909
6016513
6016521
6016473
6016515
6016687
6014958
6016582
6014961
6010901
6016258
6016481
6010260
6014913
6016771
6016728
6016759
6016561
6016710
6010669
6010383
6016461
6016706
6014648
6010221
6010951
6010960
6016546
6016624
6014942
6010932
6016779
6016818
6010213
6016833
6016829
6016318
6016529
6016423
6016746
6016524
6016511
6010888
6016905
6016266
6016256
6016361
6016595
6016261
6010925
6014915
6016268
6014327
6016839
6016951
6014650
6010567
6016594
6016305
6010275
6016219
6016650
6016346
6016806
6016291
6016735
6016895
6016243
6016888
6016642
6016610
6016953
6014651
6014624
6016734
6016558
6016791
6016440
6016844
6016701
6014319
6014696
6016237
6016929
6016841
6016721
6010824
6016407
6014662
6010974
6014945
6010918
6016370
6016207
6016926
6016794
6016462
6014905
6016984
6010922
6016681
6016218
6016672
6010920
6014315
6016643
6016577
6016228
6016364
6010224
6016202
6016376
6016611
6016945
6010961
6016705
6016842
6010389
6014668
6016257
6010381
6014305
6016656
6016379
6016964
6014962
6010211
6016567
6010969
6014602
6016831
6010375
6010949
6010935
6016987
6010980
6014607
6016293
6010360
6016679
6010926
6010941
6016795
6016901
6010919
6010931
6016938
6014633
6016965
6016625
6016941
6014614
6014628
6016868
6016238
6016745
6016843
6014681
6014936
6014371
6016978
6016410
6016707
6016496
6010296
6016885
6014982
6016797
6016775
6010205
6016343
6016314
6016527
6010927
6016311
6014999
6014311
6016936
6010295
6016559
6010913
6014366
6014312
6016393
6016869
6014369
6016334
6014985
6014979
6014642
6014344
6016667
6014925
6016298
6014341
6016692
6016403
6016411
6010912
6016233
6014395
6014635
6016543
6014655
6016731
6014612
6016896
6016285
6016356
6010253
6016752
6014349
6016408
6016768
6016900
6014900
6016326
6016835
6016576
6014347
6016639
6010291
6016809
6014699
6016632
6014342
6016755
6010247
6016287
6016247
6016445
6010978
6010287
6016644
6016222
6016763
6016726
6014908
6016749
6016743
6016210
6014944
6016296
6016714
6016530
6016916
6010986
6016832
6016623
6014331
6014935
6016975
6010762
6016982
6016294
6010277
6010256
6010938
6016874
6016501
6014321
6016406
6014304
6016507
6016857
6010206
6014367
6010989
6016510
6014616
6016240
6010217
6016472
6016578
6010959
6010250
6010825
6016396
6016959
6010917
6014649
6016351
6014615
6010369
6016413
6016802
6016320
6010660
6016698
6010967
6016757
6016255
6010763
6016616
6010265
6016723
6014974
6010377
6010939
6010385
6016820
6010903
6016792
6016931
6016715
6016747
6010380
6010283
6016402
6010392
6016778
6014972
6016387
6014378
6014672
6014634
6010294
6014308
6010966
6016265
6016442
6016697
6010273
6016767
6010562
6014314
6010765
6014631
6016453
6010246
6010958
6010288
6016469
6016542
6014902
6014903
6010988
6014667
6016712
6016744
6016380
6014360
6010226
6014654
6016434
6016847
6014313
6016783
6014995
6014950
6010225
6014981
6014943
6016286
6014692
6016609
6016383
6010279
6016967
6016392
6016390
6016764
6016640
6016859
6016363
6016211
6016404
6016886
6016416
6014993
6016574
6016502
6014691
6010766
6010254
6016333
6010270
6014394
6016295
6014391
6014301
6016596
6016531
6016856
6016968
6016918
6016645
6014682
6016303
6016780
6016956
6016877
6016708
6016949
6014387
6016881
6016781
6014329
6010884
6010362
6014362
6010467
6016552
6016231
6010366
6016289
6016750
6016761
6016961
6016996
6016940
6016653
6016583
6014604
6016281
6016348
6010973
6010880
6016498
6016602
6016366
6014919
6014326
6010208
6014924
6016335
6014941
6014339
6016486
6014333
6016464
6010977
6010972
6014986
6016492
6016405
6014368
6016459
6014389
6016449
6016280
6014930
6016538
6014399
6016962
6014695
6010463
6010889
6014921
6016316
6010942
6010363
6016664
6016236
6016910
6010983
6010382
6010952
6010914
6016327
6016214
6010207
6016703
6016539
6016654
6016322
6016571
6014948
6010386
6016852
6016674
6010940
6016663
6016284
6016828
6010378
6016786
6014622
6016397
6016570
6016475
6010663
6016913
6016489
6016997
6010236
6010905
6016330
6014969
6014302
6016902
6016788
6016433
6016391
6014983
6016441
6010829
6016263
6010240
6014973
6016943
6016520
6016600
6016804
6016557
6016709
6016565
6016564
6016259
6014363
6016626
6016963
6016989
6010953
6016465
6016827
6016924
6016733
6010210
6014338
6016389
6010945
6016675
6016971
6016252
6016537
6014653
6016353
6016432
6014966
6016349
6014964
6016553
6016347
6016384
6016884
6014358
6016566
6014351
6016422
6014952
6014632
6010289
6010469
6016973
6016958
6010228
6010944
6016904
6016587
6016523
6014918
6010259
6014689
6016499
6016647
6014911
6016548
6016386
6016241
6016855
6016935
6016551
6014984
6016694
6014970
6010982
6016793
6016590
6014906
6014372
6016436
6010965
6014620
6016480
6016512
6010371
6014610
6016928
6014990
6016872
6010885
6014994
6010907
6016429
6016822
6016586
6016581
6010565
6010906
6016555
6016840
6016634
6016451
6010368
6016395
6014600
6014954
6016310
6016758
6016676
6010882
6016276
6014352
6010263
6016765
6016278
6016932
6014697
6016398
6016867
6014348
6016915
6010462
6016914
6014645
6016267
6010887
6016250
6016388
6014364
6016377
6014303
6016801
6010929
6016437
6016657
6016866
6010963
6014931
6014926
6016504
6016417
6016988
6016556
6016572
6016225
6010668
6016340
6016838
6010956
6010372
6016209
6016418
6010248
6016921
6014641
6014316
6014310
6016858
6014629
6014647
6016367
6014996
6016897
6016628
6016942
6016591
6016357
6016725
6016282
6016923
6016368
6016415
6016224
6010928
6016490
6016751
6016365
6014386
6016563
6016381
6010290
6010364
6016352
6014317
6016290
6016817
6014376
6016315
6016638
6016514
6016319
6014971
6014976
6016950
6016909
6010374
6016880
6016903
6016713
6010365
6010276
6014307
6016362
6016487
6016601
6016456
6016468
6016421
6016796
6010370
6016540
6016850
6010976
6014390
6016569
6016246
6016288
6016719
6016200
6016242
6014392
6016598
6016655
6016312
6014929
6014912
6016235
6016889
6010292
6010564
6016488
6014638
6016270
6014320
6010203
6014397
6016217
6010936
6014992
6016394
6010569
6016878
6016448
6016517
6016955
6016819
6010204
6016700
6016509
6016613
6016525
6016428
6016420
6016382
6016579
6016471
6016409
6016518
6016532
6016470
6016883
6010662
6014324
6016718
6016823
6016619
6016810
6016651
6010282
6016627
6016695
6014675
6016485
6016969
6016865
6014626
6010264
6016283
6014343
6016773
6016550
6014938
6014355
6014660
6010560
6014646
6010227
6010962
6014625
6014664
6014377
6010271
6014917
6016606
6014663
6016677
6010396
6016307
6016375
6016948
6016979
6016919
6016696
6014374
6016992
6016716
6016585
6014643
6016621
6016762
6010266
6014619
6014325
6016309
6014354
6010262
6016245
6010883
6016730
6016837
6016304
6010200
6014928
6016213
6010985
6010272
6016784
6016688
6010376
6010219
6010661
6010666
6014357
6016727
6016573
6016431
6016998
6014393
6010229
6010934
6010241
6016205
6016443
6010767
6014380
6010930
6016816
6016535
6014673
6014379
6014606
6016830
6016301
6016466
6016741
6014323
6014680
6016990
6016378
6010239
6016341
6016986
6010981
6016807
6014965
6016369
6016668
6010212
6016427
6010242
6016575
6016359
6016659
6016974
6016652
6016568
6014661
6016981
6014922
6010568
6016454
6016483
6014605
6014383
6016933
6016993
6016248
6016686
6016980
6010937
6014907
6016232
6016633
6010390
6016939
6016505
6014916
6016814
6016336
6016864
6016223
6010298
6016678
6016661
6016782
6010245
6016212
6016848
6016554
6016717
6016863
6010915
6016972
6014683
6010886
6010202
6016360
6016736
6010971
6016660
6010902
6010243
6016269
6016328
6014601
6016313
6014300
6016785
6016239
6016756
6010461
6010387
6016787
6014960
6016430
6010769
6010827
6014336
6016891
6016995
6016671
6016737
6016873
6016849
6014608
6016947
6010881
6016790
6016636
6016646
6016273
6010468
6010566
6010954
6014361
6016221
6016344
6010299
6010760
6016338
6016401
6014910
6016635
6016853
6016506
6016860
6016541
6014937
6010261
6016682
6014975
6016803
6014949
6016720
6016275
6014677
6014350
6016740
6010293
6016508
6014934
6010398
6016458
6010828
6016592
6016908
6014997
6016227
6016812
6016689
6016337
6016603
6014617
6016871
6014901
6016262
6016308
6016612
6010214
6014987
6010964
6014385
6010281
6016691
6014698
6016339
6016425
6016983
6014609
6014956
6016452
6016457
6016748
6010397
6010232
6014334
6016774
6016618
6016648
6016666
6016777
6016629
6016447
6016813
6016460
6016724
6016419
6014613
6014953
6010201
6014346
6016536
6014989
6016834
6014674
6016438
6016912
6010970
6016332
6014659
6014353
6016665
6016503
6016477
6010252
6010820
6016323
6010222
6016547
6014636
6014909
6014980
6016846
6016800
6014375
6016597
6010257
6010251
6016254
6016479
6014968
6016977
6016260
6010209
6014630
6016450
6016966
6010367
6016297
6014657
6016776
6016329
6016203
6016930
6014940
6016306
6014967
6016934
6010908
6014923
6010924
6014998
6014669
6016799
6016476
6014384
6014309
6016253
6014933
6016302
6016670
6016845
6016607
6014337
6016562
6016769
6014322
6010921
6014388
6016321
6016494
6010258
6014332
6010284
6016544
6014932
6016669
6014340
6016760
6016722
6010235
6014676
6016825
6016766
6014603
6010822
6014666
6016516
6016789
6016234
6016201
6016693
6010664
6016684
6014687
6016824
6016497
6014927
6016455
6010667
6016324
6016957
6016970
6014977
6010984
6016528
6016325
6016584
6016805
6016890
6016946
6016637
6016264
6016274
6014671
6010269
6014688
6016271
6016580
6014621
6016641
6016893
6010761
6010218
6010561
6014658
6014398
6016220
6010955
6016204
6014946
6016244
6014365
6010916
6016374
6016615
6016854
6010987
6016699
6016358
6016917
6016937
6016811
6016876
6016279
6010826
6016439
6016373
6016680
6016925
6014396
6014693
6016589
6016898
6016685
6010900
6016887
6010297
6010950
6016446
6010255
6010764
6016435
6016230
6016500
6016216
6016662
6016985
6016444
6010220
6010957
6016350
6016215
6014623
6016317
6016927
6016753
6014640
6016614
6010285
6016649
6014356
6010821
6016882
6010238
6014381
6016617
6016229
6010910
6014939
6016870
6016277
6014690
6014686
6016604
6016491
6016899
6010215
6010946
6010968
6010823
6016495
6016892
6014328
6014959
6014627
6010379
6014947
6016729
6016605
6016354
6014988
6014345
6016272
6014318
6014951
6016342
6014644
6016738
6016879
6016894
6016226
6016593
6016478
6010234
6016702
6014382
6010278
6014637
6016954
6016526
6016630
6016534
6016522
6016206
6014679
6016549
6014306
6010267
6016754
6016208
6016482
6016836
6016826
6014978
6010665
6014963
6010280
6016960
6014914
6014370
6014920
6010384
6016412
6010244
6016658
6010231
6016690
6016952
6016770
6016345
6010979
6016673
6016861
6016545
6016739
6016815
