6010509
6010789
6010797
6010818
6010803
6010799
6010806
6010544
6010545
6010539
6010527
6010805
6010792
6010506
6010528
6010777
6010816
6010526
6010793
6010794
6010804
6010524
6010522
6010508
6010547
6010782
6010775
6010808
6010537
6010530
6010546
6010779
6010536
6010813
6010501
6014400
6010538
6010772
6010520
6010790
6010504
6010780
6010771
6010781
6010518
6010787
6010796
6010531
6010778
6010791
6010523
6010512
6010541
6010812
6010817
6010515
6010500
6010543
6010798
6010519
6010505
6010815
6010513
6010814
6010776
6010783
6010810
6010819
6010529
6010525
6010811
6010773
6010802
6010516
6010770
6010534
6010521
6010514
6010517
6010809
6010549
6010788
6010785
6010540
6010807
6010795
6010511
6010535
6010507
6010548
6010774
6010784
6010786
6010510
6010503
6010533
6010502
6010801
6010532
6010800
6010542
