6018254
6018973
6018988
6018782
6018570
6018217
6018245
6018779
6018575
6018215
6018253
6018399
6018963
6018966
6018982
6018919
6018914
6018764
6018903
6018371
6018389
6018986
6018915
6018252
6018311
6018357
6018972
6018668
6018964
6018660
6018965
6018225
6018383
6018266
6018949
6018220
6018207
6018941
6018381
6018203
6018398
6018408
6018400
6018385
6018763
6018979
6018226
6018951
6018209
6018871
6018257
6018212
6018407
6018243
6018472
6018467
6018968
6018955
6018368
6018665
6018761
6018909
6018265
6018205
6018969
6018228
6018246
6018571
6018663
6018250
6018233
6018908
6018278
6018323
6018244
6018902
6018918
6018793
6018789
6018292
6018956
6018224
6018948
6018378
6018946
6018327
6018666
6018293
6018291
6018359
6018950
6018952
6018662
6018355
6018967
6018208
6018960
6018287
6018369
6018766
6018944
6018361
6018787
6018324
6018286
6018229
6018275
6018989
6018870
6018201
6018223
6018236
6018263
6018961
6018783
6018214
6018775
6018271
6018945
6018912
6018247
6018267
6018328
6018387
6018977
6018372
6018469
6018907
6018984
6018281
6018767
6018237
6018403
6018294
6018356
6018471
6018957
6018784
6018270
6018264
6018219
6018468
6018409
6018353
6018900
6018790
6018401
6018872
6018873
6018776
6018572
6018396
6018221
6018959
6018874
6018218
6018462
6018970
6018460
6018954
6018978
6018917
6018953
6018576
6018256
6018200
6018290
6018370
6018406
6018363
6018771
6018379
6018320
6018404
6018298
6018239
6018392
6018788
6018374
6018762
6018283
6018211
6018231
6018384
6018916
6018911
6018463
6018664
6018778
6018976
6018285
6018365
6018329
6018791
6018321
6018325
6018910
6018760
6018971
6018280
6018222
6018397
6018262
6018765
6018942
6018316
6018913
6018574
6018375
6018314
6018273
6018274
6018350
6018216
6018981
6018282
6018288
6018470
6018210
6018772
6018985
6018376
6018322
6018202
6018792
6018235
6018943
6018358
6018352
6018232
6018251
6018904
6018377
6018269
6018466
6018258
6018962
6018317
6018297
6018213
6018289
6018206
6018395
6018794
6018901
6018259
6018391
6018276
6018366
6018279
6018310
6018390
6018974
6018777
6018354
6018382
6018315
6018238
6018227
6018255
6018402
6018364
6018318
6018980
6018380
6018394
6018351
6018204
6018248
6018947
6018770
6018906
6018780
6018319
6018786
6018360
6018661
6018234
6018461
6018393
6018261
6018241
6018388
6018326
6018312
6018295
6018284
6018987
6018983
6018769
6018958
6018473
6018373
6018905
6018474
6018667
6018940
6018464
6018386
6018240
6018367
6018272
6018260
6018781
6018362
6018268
6018774
6018465
6018313
6018773
6018299
6018975
6018577
6018296
6018405
6018578
6018242
6018669
6018249
6018579
6018768
6018230
6018277
6018785
6018573
