7777192
7705016
7777876
7777792
7776912
7776265
7705513
7705076
7777314
7777068
7776606
7777078
7777871
7776913
7777145
7776351
7705677
7705865
7776224
7777609
7776690
7777422
7777427
7776669
7777450
7777936
7777718
7705749
7777941
7705363
7705275
7777721
7776738
7776229
7705426
7705311
7705308
7705651
7705603
7776713
7776799
7777743
7776546
7776203
7777466
7776494
7705429
7776111
7777585
7776620
7777315
7705681
7705561
7705823
7705048
7776575
7776382
7776132
7777106
7777360
7777922
7777096
7705588
7705185
7777561
7705947
7705832
7777426
7777715
7777861
7705093
7776526
7777416
7777372
7777187
7777353
7776961
7705942
7705701
7705838
7777654
7705767
7777354
7777467
7705055
7777660
7777982
7706628
7705719
7776520
7705403
7705818
7777778
7776770
7777110
7705659
7776073
7706676
7777402
7777213
7705204
7777142
7776020
7777650
7777940
7777920
7705644
7776523
7705910
7776188
7705876
7705497
7705984
7705343
7705959
7777307
7705002
7705287
7705258
7777701
7705998
7777216
7777909
7777827
7777089
7777616
7777245
7705065
7705240
7705163
7706616
7777454
7705784
7777506
7777425
7777559
7705277
7777177
7705208
7705238
7705939
7777799
7777797
7705097
7776748
7777639
7777186
7705330
7777562
7705844
7777084
7705992
7705607
7705493
7777798
7777473
7705679
7705057
7777115
7777610
7776290
7705454
7776334
7705010
7777217
7705600
7777662
7705337
7776637
7777640
7705736
7776401
7705754
7777810
7777239
7705223
7705826
7705034
7777555
7776122
7776744
7705312
7776204
7777833
7705643
7777470
7705295
7777926
7777730
7705546
7705263
7777983
7705758
7777573
7776246
7777786
7705742
7777406
7776847
7776989
7705239
7705709
7705850
7705028
7705096
7777305
7777657
7705113
7705608
7777535
7705963
7777255
7777415
7777864
7705170
7705610
7705572
7777323
7776310
7777056
7776243
7776971
7705946
7776242
7705567
7777318
7705798
7777455
7777800
7777011
7777349
7777780
7705485
7705902
7777965
7705800
7777527
7705720
7705049
7776747
7777868
7705918
7777896
7705824
7705521
7777399
7777980
7777040
7776839
7776986
7777149
7705562
7705145
7777258
7776786
7776767
7776746
7705352
7777636
7777843
7777736
7777528
7705414
7705900
7777231
7705539
7705690
7705527
7776658
7705282
7777069
7705237
7777384
7777334
7776319
7777376
7777962
7777341
7777867
7776076
7705897
7777841
7705122
7705417
7777914
7777732
7777008
7776754
7705224
7776741
7705362
7777682
7705524
7777632
7777702
7706408
7776158
7776849
7705773
7705676
7705273
7705731
7705721
7777658
7705987
7777964
7705183
7777122
7705780
7776339
7777834
7705726
7705095
7777361
7777519
7705409
7777128
7777018
7777045
7777898
7776696
7705388
7776638
7776873
7705290
7776135
7776423
7776983
7777720
7776413
7705482
7705392
7705399
7777132
7705219
7777691
7777478
7705232
7705747
7705006
7777105
7705464
7705307
7777637
7705887
7777981
7777596
7776990
7705794
7776671
7705883
7705587
7705891
7705247
7705813
7777667
7776784
7705530
7777855
7777098
7777400
7777714
7776335
7777670
7777499
7776916
7777111
7777655
7705332
7777873
7776353
7777164
7705551
7705077
7777842
7706678
7705685
7705013
7705979
7705376
7777891
7777631
7776189
7777676
7705573
7705810
7705504
7777378
7705768
7776639
7705734
7777931
7705886
7705250
7776525
7777866
7705730
7777823
7776780
7705538
7705302
7777062
7776333
7777412
7705410
7705792
7705917
7705616
7705112
7776200
7777862
7777600
7777728
7705134
7777584
7777952
7705042
7776117
7777458
7776868
7777475
7705519
7705032
7705653
7777539
7776516
7705515
7776565
7776809
7705102
7777725
7705165
7777383
7705671
7777735
7705083
7705973
7776302
7776827
7705022
7705280
7705018
7777629
7777592
7776247
7705777
7705353
7705141
7705744
7776823
7776711
7777742
7705200
7705510
7705556
7777436
7705836
7705242
7777464
7776773
7705457
7777304
7777761
7777138
7705472
7777928
7777860
7777557
7777190
7777423
7776341
7705837
7776981
7776328
7705892
7705377
7776750
7777409
7705322
7705456
7777583
7777808
7777659
7777892
7705151
7777737
7705584
7777694
7777462
7705866
7705913
7777123
7705038
7776720
7777260
7777580
7705281
7705663
7776066
7776009
7776722
7777457
7777452
7705805
7777392
7777165
7776336
7777793
7777918
7776105
7777339
7705548
7777147
7705899
7776914
7777004
7705602
7777476
7776270
7705950
7777551
7777220
7705374
7705487
7705473
7777969
7777232
7776171
7705557
7777509
7705474
7776900
7776245
7776978
7705670
7777515
7777296
7705969
7705270
7705769
7705479
7777015
7705255
7777325
7705781
7776867
7777093
7705000
7705477
7776201
7777904
7705874
7705750
7777169
7705591
7777906
7705961
7705508
7777233
7777801
7705954
7777356
7777053
7705814
7705115
7777748
7776425
7705296
7777622
7776255
7706660
7705623
7705236
7777350
7777885
7705248
7777494
7776723
7705428
7705704
7777802
7705101
7705739
7777447
7705753
7777729
7776670
7705755
7777973
7777357
7705436
7777159
7705695
7777765
7705790
7705652
7777894
7777127
7777727
7777440
7777963
7777170
7705398
7705898
7705218
7777049
7777088
7705848
7777840
7777259
7777716
7776991
7777856
7777262
7705021
7705529
7777838
7705834
7776152
7705408
7776779
7777276
7705821
7777888
7777131
7705269
7777951
7705565
7705190
7776965
7705849
7705004
7777153
7777907
7776116
7777919
7777001
7705439
7776673
7777633
7777643
7776071
7776726
7776603
7705001
7705702
7777099
7776075
7705419
7776327
7777613
7777365
7705656
7705140
7777272
7777587
7705233
7705978
7705056
7705858
7705966
7777820
7777291
7777284
7705260
7705336
7777205
7705041
7705070
7777734
7776769
7705368
7777252
7705812
7776901
7777461
7777998
7776689
7777140
7705184
7777042
7777234
7776280
7776976
7777082
7776384
7777674
7705043
7705188
7705329
7705430
7777366
7777306
7776812
7705494
7777285
7705029
7705108
7705955
7705783
7705697
7776528
7777080
7705845
7705099
7776616
7777877
7777787
7777086
7705579
7705375
7777595
7705924
7776825
7776355
7776532
7705703
7705298
7777763
7705593
7776052
7777265
7705303
7777978
7777125
7777852
7776467
7705372
7776757
7777222
7705558
7705144
7776317
7705763
7777251
7777707
7776249
7777038
7776198
7705152
7705227
7777029
7776023
7705716
7776875
7777067
7776337
7777564
7777947
7705198
7777540
7777942
7705605
7777924
7705645
7705743
7705594
7777398
7777816
7776556
7777681
7776291
7777504
7777139
7777421
7705727
7705132
7705324
7777160
7776114
7777889
7777776
7705624
7705126
7705003
7777554
7777230
7705166
7705035
7705631
7777371
7776969
7705505
7705859
7776716
7705162
7776775
7777312
7777598
7705968
7777541
7776700
7777201
7777460
7776136
7777000
7705612
7705335
7776877
7776621
7705207
7777171
7705540
7777680
7705732
7705774
7777930
7777558
7776427
7705665
7777413
7777850
7777901
7777543
7705920
7777076
7705856
7777241
7777752
7777104
7705948
7705782
7776182
7776737
7776253
7705595
7777194
7777493
7777993
7777514
7705880
7776215
7777054
7776250
7705284
7776263
7777488
7705833
7776600
7776064
7777290
7777368
7777836
7705058
7705053
7705599
7705348
7705191
7705340
7777373
7705305
7705661
7776962
7705692
7776545
7705512
7777911
7705522
7777395
7776751
7777712
7777671
7777788
7777976
7777548
7777574
7777025
7777352
7776442
7705314
7705933
7705999
7705962
7777444
7777910
7777135
7776998
7777641
7705613
7777235
7777848
7705516
7777179
7776007
7777608
7777711
7777713
7777971
7777010
7705413
7777117
7705131
7777955
7776664
7776296
7777419
7705618
7705693
7705098
7705596
7777198
7777733
7705738
7776308
7705801
7777626
7777972
7777456
7777857
7776022
7777293
7777560
7776987
7776179
7705422
7777459
7777035
7777789
7705380
7705421
7777847
7705285
7776216
7706406
7777070
7777278
7705549
7705023
7705209
7777567
7777603
7777486
7777672
7705054
7705678
7777009
7777445
7777921
7705379
7705425
7705923
7777594
7777619
7777308
7777335
7777348
7777204
7777806
7777434
7777957
7777189
7705499
7705390
7777835
7705193
7777726
7777074
7776329
7776050
7706619
7777129
7705563
7705079
7777168
7776166
7777020
7705615
7705592
7705176
7777006
7705884
7777638
7705606
7777375
7705246
7705576
7777490
7777796
7705447
7705256
7705569
7777471
7705271
7705712
7705888
7777221
7777424
7705468
7776123
7777443
7705911
7705012
7777818
7776269
7777804
7705894
7705872
7705937
7777487
7705300
7777191
7705168
7705664
7705547
7776275
7776817
7777113
7777386
7777512
7705840
7777772
7705737
7777759
7705491
7705400
7705633
7777785
7776206
7777700
7777184
7777832
7705222
7777289
7777646
7705229
7705405
7705486
7777869
7777606
7776533
7705752
7776295
7705699
7705159
7777859
7777237
7777060
7705333
7705638
7705470
7705795
7705321
7777358
7777064
7776686
7777699
7705674
7777428
7705601
7777905
7705220
7705027
7705119
7776742
7705772
7705107
7777479
7776006
7705689
7705019
7705915
7777157
7777708
7777072
7705882
7777927
7777520
7777329
7777649
7777036
7776068
7705715
7776346
7777330
7705877
7777948
7705583
7776161
7777521
7776534
7705089
7777158
7777607
7777161
7705846
7776072
7705211
7777229
7705088
7777292
7777688
7776005
7705711
7705760
7705589
7777546
7776503
7705276
7777345
7705717
7777310
7705121
7777966
7705383
7705949
7705766
7777449
7777055
7705361
7705453
7777492
7776640
7776209
7777280
7705996
7705839
7776124
7776260
7705878
7776824
7705630
7776909
7777611
7705746
7776834
7705662
7776228
7705092
7705841
7705261
7777534
7777627
7777253
7777878
7705495
7776144
7777686
7705869
7705169
7776221
7705365
7705570
7777605
7705196
7776996
7777474
7705667
7777569
7777491
7706409
7777544
7705550
7705074
7776846
7776997
7777403
7776636
7705031
7777956
7777960
7776919
7777103
7777571
7777043
7705861
7705762
7777944
7776021
7777218
7776500
7776733
7705230
7705210
7777704
7777389
7777224
7705385
7777133
7776184
7705164
7777824
7705471
7777188
7777805
7776331
7705857
7777882
7705535
7776507
7705465
7777635
7777263
7705469
7705582
7705985
7777830
7705267
7705345
7705728
7777678
7705179
7777021
7705684
7776718
7776148
7777254
7776622
7705614
7776607
7777240
7777630
7776815
7705319
7705710
7705040
7705154
7705982
7705173
7705386
7705109
7705466
7776297
7777685
7777362
7705427
7777282
7777301
7777950
7777319
7705989
7705073
7777279
7777738
7705161
7705008
7777202
7705358
7705909
7777958
7777294
7777346
7705110
7705069
7777753
7705484
7777570
7777092
7777687
7776271
7705581
7777274
7777048
7777932
7705199
7705364
7777959
7777196
7777309
7705620
7705310
7705062
7777286
7777185
7705357
7777448
7777858
7777884
7705226
7705438
7777986
7705901
7777037
7777027
7777507
7705889
7777065
7705451
7705776
7776202
7777288
7705641
7777794
7706615
7777961
7705621
7777050
7776406
7705446
7705203
7776479
7776739
7777525
7777071
7777243
7777087
7777311
7705011
7777809
7777442
7705545
7776326
7777825
7705120
7777623
7777226
7777152
7705698
7776141
7777530
7705039
7776920
7776004
7777059
7705586
7777893
7776918
7705355
7705788
7705104
7705047
7705935
7777698
7776155
7705407
7777542
7776661
7776641
7777703
7776666
7705462
7705071
7705853
7705733
7705366
7777839
7776180
7705808
7776320
7705881
7706663
7777044
7776818
7776208
7705619
7705402
7777401
7705970
7705506
7705622
7705060
7705787
7705852
7777495
7776248
7705085
7705673
7705960
7777326
7705843
7777837
7705265
7777014
7777854
7705828
7705084
7705397
7776482
7777604
7705156
7777815
7776861
7776764
7777483
7705771
7705757
7777174
7777469
7777767
7705629
7777437
7705467
7705741
7777771
7705553
7705722
7705806
7706411
7777382
7777172
7777101
7776502
7705683
7776115
7777989
7705391
7777917
7705323
7777746
7705544
7777531
7777995
7777137
7705488
7777061
7777500
7777779
7776418
7776721
7777953
7705420
7705761
7776140
7705264
7705206
7705180
7777503
7777124
7705868
7705634
7705435
7777755
7705369
7776024
7705483
7776101
7777994
7705559
7705259
7705331
7777267
7776127
7777656
7705564
7776256
7776439
7776777
7777407
7705440
7776514
7705458
7705575
7705864
7777563
7705867
7777710
7705138
7777745
7777576
7705195
7705155
7777516
7776343
7777028
7777709
7705411
7776160
7777114
7777828
7777393
7777502
7705820
7777954
7706407
7777227
7705445
7777143
7777501
7776237
7705533
7777677
7776220
7777634
7705580
7705896
7705444
7777683
7776421
7777886
7776632
7705873
7705149
7777238
7777388
7776436
7705278
7705194
7777968
7705460
7777923
7776218
7777552
7777303
7776776
7705511
7777430
7705139
7776074
7777946
7705254
7706429
7777144
7705243
7776601
7705654
7777586
7705228
7777342
7776131
7777355
7705930
7705025
7776768
7776977
7777032
7777747
7777925
7777791
7777273
7777532
7705748
7777438
7776322
7777121
7705680
7777897
7776232
7777206
7705283
7706667
7776316
7777545
7705928
7705799
7777016
7705341
7776226
7705560
7777322
7776745
7776128
7705825
7705116
7777183
7705452
7777781
7705525
7777163
7705221
7777693
7776544
7776399
7776602
7705953
7705297
7705842
7705315
7777764
7705817
7777075
7776793
7705952
7705617
7705518
7705574
7705735
7777439
7777945
7705338
7777790
7705327
7705080
7777597
7777176
7705929
7777689
7777414
7777136
7705172
7705137
7705301
7776529
7777621
7777031
7705804
7776323
7777601
7705756
7777870
7777321
7776735
7777895
7776712
7777900
7705919
7705459
7777324
7705650
7777367
7777722
7777987
7705212
7776511
7705986
7777903
7705360
7705789
7777996
7705991
7776677
7777881
7705604
7777343
7776995
7776715
7777589
7777875
7776070
7705908
7705796
7777256
7777431
7705745
7705130
7705977
7776872
7705157
7705478
7705153
7705851
7705371
7776177
7705830
7776169
7777887
7777347
7777119
7777756
7705401
7705015
7776623
7777397
7705666
7777022
7705103
7705568
7777477
7777933
7705907
7777173
7776119
7776321
7777863
7776239
7776134
7777275
7776196
7777536
7777913
7705266
7705871
7705775
7705675
7776717
7705905
7777624
7776000
7777200
7705005
7777723
7705384
7776315
7705636
7777695
7705543
7705906
7777524
7777381
7777247
7777974
7777912
7777620
7777556
7777429
7705517
7777754
7776197
7705178
7777591
7705344
7777967
7776999
7776108
7705700
7776853
7777719
7776662
7776665
7705893
7705642
7705020
7705941
7777916
7777046
7705241
7777246
7777112
7705106
7776113
7776293
7777175
7706427
7705940
7776527
7705257
7776663
7705177
7705373
7776332
7705075
7776788
7776191
7705291
7777063
7777283
7777853
7776277
7776233
7776625
7777387
7705009
7777846
7705668
7705831
7777811
7777581
7705635
7777915
7705708
7705111
7705339
7705531
7777795
7776655
7776646
7705090
7776231
7776614
7776732
7705067
7777775
7776274
7777489
7777225
7705647
7705136
7777612
7777692
7777990
7705349
7776731
7777648
7777005
7777902
7705870
7705520
7777970
7705448
7777300
7776826
7705552
7705087
7777151
7776303
7777599
7777002
7777264
7705118
7777615
7777410
7777814
7705490
7776841
7776796
7777435
7705860
7705396
7777549
7776112
7705965
7705501
7777420
7777012
7705879
7777484
7705542
7705943
7776539
7777739
7705778
7777579
7777007
7776139
7777404
7777547
7705686
7705835
7777214
7777975
7705052
7705105
7705389
7705393
7705033
7776069
7705932
7705463
7776559
7705502
7705639
7705958
7705299
7705433
7776266
7777228
7777844
7777769
7705026
7705807
7777344
7777744
7777085
7705577
7705489
7705626
7706428
7705815
7776299
7705532
7777453
7705797
7705381
7776300
7777432
7777298
7776272
7776104
7777783
7777327
7776118
7705912
7777717
7776719
7777851
7705213
7705167
7705455
7705585
7776763
7776121
7777066
7777999
7705764
7705682
7705597
7705304
7777331
7777977
7776146
7777628
7705129
7705537
7705713
7776832
7776163
7777091
7705313
7705927
7705252
7705964
7777197
7776563
7705786
7705342
7777760
7777565
7705646
7706400
7777813
7777770
7776222
7706692
7777162
7776830
7705395
7776954
7776268
7776859
7705289
7777081
7777408
7777482
7776844
7777433
7705625
7705904
7776211
7705944
7777673
7705705
7776154
7705309
7777575
7777566
7776183
7777281
7777013
7777929
7777155
7705037
7705217
7776828
7777333
7705863
7776470
7705995
7705387
7777590
7705648
7705186
7705640
7776279
7777370
7776813
7705994
7776151
7777266
7705135
7705174
7705367
7705133
7777047
7705286
7705394
7705496
7776051
7705216
7705526
7705974
7777154
7777472
7777215
7776055
7776729
7705293
7777374
7705481
7705202
7777510
7705971
7705476
7776970
7776223
7705059
7777653
7776967
7777097
7777757
7705292
7777777
7776238
7705770
7777992
7776345
7777316
7777178
7777166
7776734
7777652
7776173
7777003
7777377
7776668
7777295
7777271
7777203
7776065
7705555
7776125
7705124
7705142
7776499
7777538
7705279
7776230
7705802
7777602
7705117
7777208
7777337
7777030
7705007
7705706
7776213
7777017
7776869
7777120
7705051
7705024
7777385
7776267
7705317
7777517
7705044
7777248
7777496
7777146
7777465
7705082
7705091
7776888
7705500
7776727
7705461
7705014
7705658
7777405
7705951
7705740
7777807
7705707
7777826
7777943
7776774
7705725
7777057
7705325
7706642
7705492
7776251
7705326
7776262
7705649
7776833
7705143
7777257
7776730
7777039
7777821
7777297
7777706
7705498
7705611
7777090
7777023
7705066
7777019
7705306
7776783
7777890
7777849
7776168
7777938
7777351
7777481
7705072
7776314
7776147
7705903
7777690
7705811
7777249
7705976
7705412
7776980
7776672
7705320
7777803
7705514
7705443
7777817
7777697
7705148
7705434
7705347
7705215
7776165
7776350
7776284
7705855
7777034
7777364
7777782
7777130
7777394
7705036
7777338
7706416
7705441
7777485
7777529
7777126
7777302
7705669
7777845
7777750
7777328
7776765
7777212
7776792
7777118
7777991
7777083
7777451
7705187
7705793
7777150
7777935
7777058
7705916
7705251
7776340
7776264
7705288
7705316
7776698
7777645
7705523
7776866
7705981
7776629
7777872
7776524
7705980
7777167
7705406
7777731
7705231
7705423
7705875
7777647
7777340
7705609
7705827
7776130
7705450
7705921
7705356
7705244
7777223
7776921
7777774
7705983
7777518
7777758
7705086
7777391
7705045
7705791
7705598
7777269
7777210
7777336
7777446
7777766
7777533
7777211
7705759
7777236
7777102
7777219
7776840
7705922
7776129
7777468
7705925
7705822
7705632
7705657
7777024
7705146
7777883
7705127
7705382
7705723
7777073
7777664
7705566
7776137
7705189
7777985
7705934
7705803
7705957
7777939
7705528
7705765
7705972
7777523
7776207
7777511
7705449
7777663
7705936
7705890
7705094
7776505
7705158
7777675
7776964
7705967
7777625
7705030
7776736
7777751
7777819
7777156
7777740
7777593
7777033
7705432
7706656
7705050
7776790
7776519
7705480
7705847
7777937
7777100
7777908
7705714
7777094
7777380
7705354
7705590
7705125
7705672
7777617
7776848
7776974
7777268
7777644
7705205
7705931
7777107
7776318
7705997
7777418
7705854
7776659
7705123
7777095
7777332
7777762
7705437
7705993
7777618
7776531
7705724
7777287
7705554
7777369
7777052
7776056
7705404
7705350
7705171
7705249
7777182
7777979
7776016
7777480
7705442
7777831
7777578
7777317
7776359
7776820
7705253
7705182
7777696
7705536
7777077
7705114
7776330
7705541
7776829
7777588
7776972
7705063
7777116
7705688
7705328
7705160
7776273
7776988
7777199
7705507
7777497
7776547
7776190
7705272
7776301
7705128
7777679
7705718
7705809
7777277
7776536
7777359
7705415
7705214
7777396
7777108
7705061
7776870
7776778
7776634
7777949
7777079
7776338
7705687
7705895
7705201
7777498
7777568
7777784
7705268
7777537
7776615
7705078
7777026
7777463
7776876
7777651
7705235
7705370
7777141
7705359
7705017
7777934
7776286
7777320
7776906
7777441
7705885
7705829
7705627
7777526
7705150
7777572
7777642
7705234
7705197
7777363
7777684
7705779
7705696
7777661
7705334
7777749
7777195
7705751
7705081
7777553
7705351
7705945
7705274
7777250
7705988
7705816
7705534
7776102
7776857
7777244
7706606
7777522
7777550
7777829
7705694
7705192
7705318
7705655
7705147
7777379
7705578
7705637
7777582
7776362
7776968
7777209
7777577
7705418
7777668
7705416
7705346
7776699
7777180
7705262
7705475
7705503
7777181
7777390
7777984
7705181
7705691
7705571
7777193
7777299
7705294
7777051
7705819
7777508
7777773
7777270
7777411
7777705
7776214
7777880
7777041
7705660
7705509
7776624
7705990
7777505
7776298
7776342
7777665
7705628
7777109
7777261
7777724
7776109
7776822
7777865
7705729
7705862
7776835
7777513
7705938
7777134
7777768
7705068
7777313
7777988
7705100
7705175
7705956
7705046
7705225
7776791
7777207
7777879
7776680
7777997
7776361
7776724
7777822
7776630
7705424
7777666
7705975
7777614
7777741
7705785
7705064
7705431
7705378
7777669
7777242
7777148
7777417
7705926
7777899
7705245
7777874
7777812
7705914
