7771959
7771647
7775075
7778280
7771780
7771581
7771648
7778022
7701343
7775721
7708725
7702839
7778073
7778461
7701829
7708251
7775197
7702298
7775581
7778180
7701282
7708913
7701428
7708091
7701166
7708793
7778439
7778729
7771646
7778772
7702263
7771195
7771856
7708052
7708624
7778094
7702104
7701152
7702044
7771307
7708555
7778579
7771572
7702055
7708625
7775108
7701781
7708535
7778618
7778570
7702798
7701818
7708015
7702623
7771809
7778238
7775751
7778573
7778345
7702653
7702561
7702059
7702840
7702962
7708247
7778288
7701250
7771913
7771745
7778764
7771898
7778191
7775457
7701540
7702458
7702652
7775655
7701168
7775606
7701292
7771080
7775463
7778705
7708320
7778853
7771969
7701312
7771614
7778789
7771146
7702504
7775631
7771569
7701652
7701293
7708502
7708722
7701077
7708600
7702295
7708783
7708366
7775742
7708776
7701732
7775999
7775903
7778167
7778060
7702434
7771814
7775646
7775095
7708141
7778920
7771708
7775743
7775499
7701129
7775482
7701255
7775537
7708948
7702772
7771029
7702828
7702137
7771737
7778134
7701959
7771729
7775453
7702567
7775835
7771940
7708985
7771175
7702133
7702266
7708496
7701151
7702669
7708100
7702464
7771019
7778005
7702815
7771166
7771880
7778671
7701436
7771783
7701332
7771463
7771419
7708682
7775467
7702903
7775384
7708350
7775733
7708646
7708348
7778915
7778066
7702010
7771249
7775759
7778490
7775877
7778050
7778904
7778666
7701686
7702079
7771594
7771468
7771663
7701426
7708705
7775036
7778719
7778849
7775139
7708476
7778809
7702802
7775776
7701413
7708967
7708002
7775553
7702118
7702898
7778399
7702524
7775350
7702832
7708818
7778552
7708537
7701511
7702160
7775113
7702878
7778226
7702058
7775337
7775329
7771564
7778340
7708253
7708223
7701397
7702510
7778211
7702582
7708426
7702519
7771930
7771478
7702440
7778611
7775962
7702605
7702657
7775285
7775487
7702047
7778961
7708316
7771369
7702345
7702449
7778854
7708831
7771154
7775073
7708915
7771125
7771048
7775938
7775522
7708395
7771008
7702647
7775910
7778644
7701405
7702863
7775005
7778648
7771754
7708129
7702327
7701999
7775611
7775625
7778588
7775234
7708943
7778364
7771733
7708756
7702803
7702974
7775843
7775838
7708769
7778685
7771430
7771018
7775301
7771983
7708972
7701635
7771395
7702809
7775236
7775807
7702214
7771674
7778818
7778958
7771739
7702684
7778679
7702868
7771334
7702917
7778436
7771330
7771547
7771871
7771357
7775382
7771527
7775092
7775785
7778112
7708473
7702664
7701480
7708686
7702725
7775118
7702978
7775548
7702728
7778562
7708869
7701125
7708295
7701411
7708493
7708016
7708866
7771167
7775358
7702421
7775846
7702663
7702232
7701704
7702460
7702336
7778200
7702811
7778712
7771556
7778065
7778734
7708672
7778308
7708068
7775208
7771902
7702142
7771365
7702654
7702969
7778099
7775012
7778835
7702648
7771558
7778580
7708508
7771288
7778423
7778451
7708070
7771486
7771069
7771471
7771439
7708667
7702838
7775588
7771563
7701763
7775439
7775187
7775218
7708584
7771111
7775387
7702852
7778899
7771170
7708155
7702925
7702183
7708965
7771853
7708842
7775441
7771889
7771431
7708294
7708085
7708942
7771778
7771668
7775608
7702642
7778694
7778636
7708127
7771897
7708007
7778132
7708138
7708275
7775103
7775273
7702147
7701597
7778717
7701113
7708178
7702181
7771524
7708043
7778202
7775861
7702526
7778118
7771343
7778019
7775183
7778371
7771720
7771064
7778443
7775739
7771590
7778429
7771023
7778765
7701646
7771476
7708389
7708771
7708567
7775029
7708347
7702509
7771181
7778369
7771164
7708615
7775456
7702130
7708130
7775297
7702825
7775240
7702175
7771049
7708902
7775472
7708827
7708188
7708040
7778324
7708394
7701970
7775211
7702064
7775302
7702817
7771562
7708594
7701997
7778654
7701678
7702656
7708361
7702939
7775772
7771916
7778062
7708309
7702342
7771891
7701775
7775483
7701430
7701264
7778869
7702405
7775579
7708556
7702224
7775528
7702268
7702778
7771237
7702042
7771191
7702274
7771550
7708319
7708808
7778836
7701489
7708183
7771534
7701204
7775837
7771326
7775814
7775446
7708044
7708212
7708644
7708158
7771247
7771351
7778179
7778790
7702540
7778267
7708800
7775448
7771270
7708811
7701713
7775677
7708525
7771040
7778913
7778263
7775204
7771985
7771452
7771914
7708485
7701470
7702816
7702715
7778206
7708385
7778411
7701545
7775665
7708013
7702157
7775368
7775933
7775147
7771063
7778204
7708076
7702365
7778057
7778541
7778936
7708241
7775713
7708324
7708632
7708019
7702451
7778470
7775580
7708903
7778450
7702943
7771881
7771163
7775865
7702136
7708917
7778336
7775339
7702251
7778981
7775115
7771031
7775622
7708153
7778302
7708454
7778550
7775587
7701006
7701858
7702867
7702601
7775070
7708881
7775018
7701744
7778130
7778609
7775135
7702286
7702971
7778797
7778937
7702992
7708509
7702158
7771211
7778662
7775936
7708329
7708763
7702456
7702124
7775417
7771851
7778996
7771813
7701752
7701819
7702393
7702600
7778201
7771333
7771261
7708386
7708653
7775650
7778486
7771512
7775804
7778331
7708717
7771895
7775684
7701421
7778751
7778207
7778549
7701947
7775850
7701836
7701660
7702343
7775937
7771481
7701551
7701711
7775044
7775698
7778908
7775863
7702473
7778196
7708173
7778856
7708014
7708243
7778861
7708726
7775509
7778190
7702392
7775749
7708626
7702698
7778950
7771256
7701429
7775180
7778482
7778846
7775089
7778047
7778504
7775589
7701248
7708516
7778373
7775610
7708578
7775841
7702516
7702564
7778668
7775898
7771012
7771643
7708505
7771692
7775116
7708373
7775639
7702188
7701718
7701316
7702633
7778469
7702358
7771033
7775907
7708536
7702982
7708215
7778478
7778076
7708529
7702429
7708381
7771269
7778013
7701750
7771203
7702316
7708721
7775613
7708840
7775437
7708355
7708175
7778295
7708582
7771504
7771054
7708311
7701566
7775165
7778142
7775919
7708151
7775019
7778467
7701673
7775849
7775351
7771302
7771629
7778804
7775685
7771162
7771844
7708587
7701492
7702506
7775542
7708202
7701726
7702256
7778460
7702269
7702063
7775699
7775501
7775427
7702797
7702566
7775727
7702401
7771081
7775093
7778758
7702485
7771755
7775458
7771909
7702126
7702581
7775423
7702360
7778058
7708424
7702009
7771901
7702611
7702617
7701162
7778437
7775414
7701940
7775992
7778704
7771673
7771751
7702659
7775312
7771748
7775952
7775496
7702766
7708714
7775609
7701654
7702697
7771094
7702874
7771116
7778921
7702051
7702964
7778709
7702513
7702784
7771100
7771025
7775851
7708232
7775987
7778800
7771134
7775479
7778077
7771250
7702424
7708193
7778205
7771057
7778250
7708701
7708989
7771482
7778737
7708872
7701263
7708892
7771991
7775346
7702394
7708542
7702194
7778707
7775875
7708829
7778203
7775340
7708182
7771990
7771292
7708422
7771573
7778327
7701138
7702187
7775657
7771417
7701880
7778516
7778530
7702673
7708344
7771252
7771586
7775086
7702745
7771816
7771436
7771271
7708966
7701408
7708986
7775008
7771297
7775212
7708900
7702172
7702439
7701520
7708604
7708760
7775202
7775732
7708479
7708905
7778761
7708020
7778977
7771893
7702096
7702212
7778730
7708067
7702965
7708825
7708613
7775283
7778079
7708398
7701442
7778403
7778236
7775693
7701377
7775520
7702990
7702543
7702646
7702363
7701627
7701554
7778900
7702527
7775764
7702599
7775137
7778997
7778104
7775576
7775373
7702590
7771440
7702783
7778489
7771053
7702671
7708239
7702483
7708101
7775087
7771044
7708996
7775461
7708925
7771058
7778523
7775808
7701733
7771772
7778574
7775940
7702629
7702129
7778264
7778410
7701485
7708050
7708593
7771698
7771267
7708156
7702276
7702534
7771003
7702056
7778444
7771762
7778665
7775043
7775400
7701558
7702536
7708036
7775556
7702359
7775308
7778329
7702720
7778832
7702877
7708083
7778234
7778625
7708060
7775447
7771521
7702220
7708071
7708246
7775242
7708266
7701350
7778175
7708371
7771448
7775893
7708927
7778716
7778733
7778610
7708238
7702481
7778395
7708103
7771349
7778983
7771639
7775287
7708435
7708299
7775988
7708017
7701739
7771666
7708804
7701582
7702145
7702300
7702178
7708356
7778962
7778100
7775779
7778216
7702341
7778677
7701437
7771171
7771294
7771366
7702546
7771963
7702977
7771236
7775816
7778929
7775500
7702472
7708096
7778477
7708522
7778108
7701189
7708484
7702595
7775845
7701112
7701872
7702577
7778143
7778178
7708457
7778845
7771338
7778827
7775507
7778027
7778096
7702038
7771035
7778792
7775931
7708434
7778720
7708461
7778138
7702658
7702377
7702168
7708879
7708883
7708745
7702231
7775188
7702651
7702479
7778728
7708123
7775207
7708899
7702267
7702112
7708680
7702260
7771681
7771810
7708755
7778862
7778992
7775291
7702922
7771041
7778402
7771670
7708957
7708494
7775730
7771749
7778494
7778619
7771325
7702447
7702283
7701157
7775418
7708195
7708711
7775327
7708417
7708452
7775527
7708447
7775866
7708041
7778928
7701360
7771432
7775031
7702724
7708896
7775653
7702985
7701617
7771355
7771234
7771651
7701801
7771955
7701730
7702987
7702318
7708458
7708980
7708627
7771730
7771689
7771764
7771845
7771540
7778228
7708135
7708166
7778392
7775309
7778647
7771879
7708636
7778020
7775170
7708895
7708025
7702430
7778283
7778289
7708683
7778742
7701780
7775484
7778301
7778630
7708307
7775794
7708337
7775734
7701990
7702252
7702709
7771144
7778487
7775879
7775112
7771407
7775550
7775575
7778475
7775778
7771998
7771415
7708743
7708095
7701680
7701774
7701584
7771113
7701501
7778989
7771104
7775359
7771625
7708315
7775481
7771873
7771434
7701319
7778801
7701543
7708423
7775381
7775105
7771713
7771446
7775544
7701416
7702253
7708028
7702857
7778090
7775001
7771148
7771842
7775676
7771788
7702716
7771219
7702800
7771686
7702459
7775169
7771426
7775144
7778082
7778320
7778606
7708024
7702915
7708803
7702685
7778834
7702683
7775953
7701524
7778948
7708293
7701500
7708773
7701552
7702025
7701242
7775593
7708822
7708222
7771576
7771232
7701323
7702892
7701539
7775525
7702959
7708346
7708400
7775361
7701373
7775619
7708056
7701559
7778213
7775769
7775156
7708959
7778554
7775179
7702138
7778012
7702804
7775122
7775932
7778864
7701396
7702957
7702819
7701993
7708699
7778035
7708380
7775561
7771382
7771599
7771766
7702174
7701412
7702572
7708987
7701383
7708941
7708497
7778572
7771662
7708851
7701329
7778505
7701177
7702946
7701192
7702075
7702843
7778214
7775024
7708590
7778416
7778731
7708409
7775704
7702028
7708890
7775000
7702361
7708082
7778909
7701506
7702238
7771423
7775493
7708571
7702419
7775620
7778344
7702398
7778339
7702712
7702869
7701583
7702127
7708908
7701766
7778103
7771014
7771944
7775813
7702435
7701669
7708404
7708137
7708608
7771605
7775275
7775269
7702299
7778428
7775314
7771350
7702073
7702180
7708034
7771660
7701831
7778499
7775993
7708841
7775965
7702938
7701979
7778156
7708596
7708662
7778556
7775265
7702690
7702744
7775947
7701135
7702264
7708462
7708308
7778517
7701676
7701052
7778788
7771973
7771804
7701261
7771820
7771690
7778089
7708005
7771491
7778172
7708731
7775235
7778346
7771186
7701717
7778684
7708994
7778303
7771458
7702897
7771007
7775396
7778438
7702444
7708335
7775062
7702856
7701729
7708436
7775714
7701035
7771150
7778548
7775782
7708945
7708962
7708707
7771466
7771441
7708595
7701610
7702598
7702822
7775889
7702909
7771501
7702364
7775132
7702769
7778374
7702387
7701311
7775190
7702933
7775171
7702351
7702729
7708723
7771615
7708820
7775927
7771226
7778957
7701784
7708614
7701621
7775316
7702105
7708233
7708603
7702753
7702302
7778231
7702714
7701769
7708501
7778155
7702285
7708345
7778466
7702026
7708605
7708794
7778947
7771372
7702331
7771024
7702612
7775539
7778259
7701159
7708655
7701141
7702779
7778085
7708470
7771952
7778358
7702650
7771489
7702139
7771290
7701606
7775792
7775222
7778260
7708550
7775369
7702032
7775281
7771077
7775909
7702062
7771888
7771397
7775354
7771705
7771042
7775009
7778287
7702894
7778879
7775133
7778116
7771773
7778708
7775080
7778857
7778760
7708876
7775299
7701748
7775380
7702624
7708911
7771822
7778311
7708360
7771071
7775551
7708317
7775873
7708805
7771553
7708072
7775599
7778028
7701185
7702799
7778239
7702780
7702369
7778877
7701736
7778133
7771127
7702395
7702247
7775724
7775241
7778626
7771765
7702966
7701351
7775852
7701934
7771756
7702122
7775917
7778624
7778787
7708894
7771621
7702045
7775057
7702273
7771420
7775690
7775403
7778993
7778385
7775541
7778343
7702210
7775647
7778419
7775788
7775257
7778011
7778032
7775480
7778525
7775584
7778687
7771364
7771103
7702696
7702752
7702413
7708609
7778471
7771899
7771222
7702060
7778051
7778688
7701690
7775436
7775320
7775624
7702441
7708566
7708548
7701391
7775013
7701365
7775469
7778249
7708377
7771499
7701580
7778067
7708032
7702288
7778604
7708995
7702080
7702995
7771244
7708391
7708110
7708673
7771032
7701111
7771412
7708617
7771619
7701722
7775491
7701231
7775231
7778158
7775970
7702983
7708213
7778811
7775930
7778313
7702035
7775003
7775887
7771328
7775664
7778038
7775422
7708848
7775025
7708889
7771759
7708383
7702192
7771043
7778447
7775083
7708296
7702883
7775174
7771981
7775085
7708931
7708660
7701943
7778698
7778629
7708065
7775663
7778528
7702911
7702758
7708789
7778998
7708770
7708833
7771095
7775127
7708075
7702462
7778368
7701661
7775790
7775406
7778627
7778805
7701400
7775984
7778184
7702999
7701181
7775815
7775870
7702116
7702902
7701798
7708788
7701178
7775645
7778569
7771442
7708092
7771123
7708058
7775017
7775741
7775353
7702631
7702614
7702695
7771612
7708751
7701640
7708503
7701118
7708810
7702893
7778902
7778424
7771833
7775376
7778125
7708477
7708792
7775809
7708011
7771607
7702426
7702301
7771694
7778117
7775431
7778583
7701154
7778540
7775051
7708471
7778186
7701120
7778695
7708066
7771304
7702891
7775618
7771796
7701626
7771096
7702835
7702201
7771143
7708694
7771480
7701978
7771696
7775687
7775745
7778596
7708784
7701616
7701482
7702635
7708384
7771709
7775856
7771327
7708451
7702146
7708778
7701296
7708999
7702860
7775048
7701322
7775255
7708873
7708809
7778850
7771933
7701153
7778306
7775053
7775489
7701082
7702538
7771710
7708515
7775277
7702718
7708961
7771821
7701227
7708618
7771311
7702687
7708387
7775027
7702788
7701215
7775981
7775844
7708517
7708029
7701386
7778307
7702912
7775600
7702169
7775323
7771467
7778317
7702154
7778003
7778620
7702053
7771487
7708125
7775708
7702347
7771652
7702919
7701967
7775253
7702309
7708390
7702961
7708144
7778040
7771130
7701341
7701140
7708338
7708855
7771598
7708274
7778378
7771030
7771735
7708411
7778906
7771459
7775296
7778496
7702986
7778669
7775168
7708801
7701708
7775399
7702001
7775492
7701014
7708534
7701866
7778000
7701998
7775920
7702693
7702774
7771337
7771520
7771860
7702461
7771923
7708401
7771970
7775692
7702244
7771320
7775709
7708993
7775131
7771600
7771177
7778884
7702976
7708641
7702989
7771790
7778135
7775939
7702678
7771560
7701244
7702710
7775567
7775206
7708687
7775121
7775755
7702438
7708306
7775038
7778985
7702841
7708853
7702355
7708120
7771792
7771781
7771567
7775901
7771654
7708856
7701789
7701740
7702910
7708657
7778299
7708474
7702759
7708977
7708179
7778101
7702559
7771137
7778127
7708286
7708878
7708365
7771117
7775689
7778907
7778285
7778967
7775474
7702813
7775138
7708670
7771208
7778924
7708464
7702830
7702831
7771975
7702827
7701700
7701347
7771120
7778527
7778912
7771215
7778297
7708513
7701884
7708637
7701827
7778652
7702596
7775223
7701469
7702756
7775059
7702814
7702141
7775825
7708486
7708523
7771657
7702223
7775669
7771872
7708313
7778198
7775635
7701721
7702757
7701098
7771628
7771277
7775596
7778291
7771381
7775668
7708282
7702494
7701846
7771479
7778875
7778600
7775046
7708204
7771582
7771037
7778105
7708684
7775407
7778136
7778943
7778713
7771399
7778966
7775440
7771683
7708734
7701723
7708836
7778382
7775192
7702944
7771824
7778140
7775495
7708765
7778084
7771422
7778892
7771421
7708910
7778166
7701447
7702899
7771002
7702935
7771638
7708351
7702115
7701650
7702432
7778129
7778355
7771274
7708531
7708327
7708708
7778555
7778244
7702400
7778946
7771121
7702396
7778330
7771289
7775326
7778059
7771835
7775409
7778391
7771090
7702908
7775603
7701433
7775383
7701797
7775191
7702186
7775673
7708181
7775824
7778054
7702191
7771248
7771617
7708964
7702885
7778048
7702207
7775473
7775671
7708511
7778480
7708791
7778991
7778891
7775976
7702029
7771062
7708342
7771210
7771995
7771091
7778377
7702367
7775868
7708742
7708681
7778860
7708271
7778779
7708285
7775498
7708192
7775891
7702131
7775691
7702968
7771411
7771961
7778706
7701317
7701653
7708665
7708093
7775151
7778286
7708549
7702639
7708055
7778157
7778817
7701538
7708122
7701939
7708924
7778714
7778352
7708205
7771384
7775486
7771903
7778824
7775906
7702849
7778351
7702189
7708208
7778163
7702906
7775239
7702005
7708152
7775356
7771760
7701262
7701371
7771394
7778774
7775432
7775184
7771089
7775047
7708410
7775628
7708802
7775899
7771341
7701420
7778024
7775120
7778474
7771839
7771838
7701375
7775290
7771324
7701647
7778440
7702786
7708649
7778965
7778124
7708718
7778815
7771915
7702007
7708863
7775766
7775594
7702335
7775421
7702497
7708352
7778243
7778194
7702162
7775605
7778034
7701529
7701908
7708606
7778564
7702502
7771187
7771194
7771659
7702390
7775030
7702328
7702255
7771523
7778120
7771092
7771732
7771073
7701303
7702477
7778586
7775213
7771229
7775840
7708472
7701955
7702164
7708955
7771738
7702619
7702121
7702705
7778413
7771233
7701677
7771885
7771110
7701440
7701005
7778612
7771231
7708170
7775761
7778232
7778829
7778529
7778986
7771353
7708786
7778182
7701237
7702420
7701315
7702584
7775058
7701444
7775033
7775039
7771757
7702537
7708530
7702637
7775319
7708546
7708678
7701822
7775254
7708519
7708904
7778524
7708656
7708414
7771052
7771225
7771515
7702144
7771485
7778426
7771405
7771221
7771965
7775494
7771949
7778780
7778183
7778006
7701486
7702209
7708021
7702855
7775916
7778257
7775744
7702770
7702249
7708761
7702636
7775935
7708088
7778793
7771794
7701731
7701991
7702106
7702235
7778227
7778959
7702216
7708706
7778995
7702721
7775818
7708611
7775237
7775066
7708570
7708406
7708551
7778192
7708235
7775060
7771129
7708946
7702463
7702388
7775831
7775810
7775874
7701124
7771907
7771908
7778501
7775546
7701221
7778046
7771771
7775041
7702310
7771028
7771107
7708930
7771214
7778049
7775478
7702634
7771254
7702771
7771465
7702571
7708695
7778026
7778405
7771866
7771460
7778984
7702563
7778254
7702706
7778092
7778954
7701555
7778421
7771301
7771084
7775504
7708547
7771155
7775324
7771650
7708240
7778169
7778840
7702226
7702313
7708236
7771360
7701570
7701007
7702821
7775333
7701172
7702241
7701510
7702539
7708037
7778911
7708090
7701230
7708559
7778542
7708026
7775249
7775130
7708934
7778121
7701695
7771538
7775966
7778209
7702875
7708648
7775282
7771216
7708201
7775582
7702552
7702074
7702881
7778976
7702199
7701333
7778898
7771122
7775716
7775521
7778686
7702261
7778831
7771929
7701535
7775385
7702865
7771984
7775023
7701557
7775803
7708733
7702311
7708292
7775332
7702953
7775535
7775081
7778321
7775079
7702325
7702233
7701952
7771616
7702279
7775055
7778883
7771055
7778605
7778747
7775445
7771805
7771153
7702576
7775341
7702940
7778491
7778839
7702851
7701581
7778656
7775658
7708488
7701917
7771074
7771932
7775601
7775853
7778233
7702319
7778847
7708421
7708001
7771495
7702702
7778273
7775775
7775956
7701851
7771671
7771093
7708635
7708884
7702941
7702722
7708045
7708054
7775530
7708874
7775562
7775830
7702918
7771085
7702243
7771060
7775996
7775452
7775559
7771065
7771886
7708575
7771371
7775077
7778784
7701352
7771644
7708057
7775370
7701742
7775343
7775443
7775393
7771584
7701368
7702641
7708270
7702854
7771224
7702913
7771546
7701342
7708077
7708180
7702391
7778757
7708868
7702163
7708191
7775109
7771685
7775680
7775752
7778433
7771151
7778290
7775951
7778978
7778697
7701145
7778449
7702406
7702078
7778964
7778372
7778755
7702895
7701265
7771139
7708268
7778660
7708583
7775305
7701454
7778617
7778889
7778537
7701457
7771876
7701794
7775334
7775607
7778777
7775143
7771469
7708441
7771507
7708663
7702864
7708372
7778222
7775157
7702467
7702354
7708834
7702711
7775858
7701575
7702254
7775245
7702151
7701327
7702927
7708747
7701369
7778503
7771571
7775894
7701438
7708806
7708580
7702782
7771185
7775464
7702660
7775256
7708647
7701712
7778545
7775028
7701503
7701527
7702008
7771257
7775317
7778725
7702167
7778597
7775949
7708161
7702385
7701746
7775756
7708194
7775126
7771684
7778146
7778807
7778338
7778771
7775649
7708010
7702608
7771848
7701783
7778670
7771610
7708845
7778628
7702655
7708367
7775198
7702182
7775781
7702873
7771280
7701571
7701573
7708207
7771951
7771503
7775842
7778822
7778492
7701441
7775614
7708405
7771863
7701404
7775890
7708929
7778122
7778508
7708675
7771447
7778312
7775176
7702240
7702512
7778144
7778394
7708362
7775654
7702570
7775595
7702820
7775408
7708106
7771335
7708779
7708521
7701574
7775289
7778917
7778128
7708862
7771518
7701534
7771182
7778532
7778661
7708650
7702415
7775670
7708953
7778762
7702760
7702427
7708795
7775760
7775617
7708114
7775990
7775136
7775438
7771941
7708318
7702275
7771675
7775497
7702289
7701289
7701648
7701182
7778933
7708984
7778791
7778126
7778653
7778819
7702084
7778025
7702829
7702020
7702837
7708416
7702644
7702317
7771925
7778145
7775667
7778903
7708633
7771528
7771108
7778863
7778225
7702165
7775386
7708087
7702603
7775428
7775900
7778386
7702296
7701002
7702218
7708585
7708958
7702338
7701346
7771721
7771047
7701705
7778365
7702373
7778268
7708797
7708918
7708730
7775793
7775915
7708445
7771246
7702466
7702350
7708753
7778150
7702006
7708328
7702493
7701285
7778703
7778979
7701324
7775862
7701425
7771156
7708738
7778975
7771966
7708906
7778485
7702474
7708654
7771179
7701301
7771131
7775110
7702818
7701300
7701091
7702416
7778721
7771370
7775823
7778750
7771389
7771072
7708136
7701778
7701143
7775010
7708710
7771406
7702833
7771475
7708450
7778663
7702568
7708782
7771775
7778563
7771165
7708533
7708643
7702501
7701842
7708217
7771727
7771401
7778109
7775660
7701532
7771135
7778896
7778388
7775967
7775371
7775365
7702344
7701689
7702225
7702221
7775280
7708009
7708991
7778778
7708132
7708719
7775210
7775490
7771205
7771496
7771826
7778813
7775304
7778905
7702594
7708237
7708844
7771758
7702092
7778316
7708780
7778922
7708304
7778640
7771500
7701643
7771387
7775688
7775974
7701898
7702196
7775513
7701667
7702731
7771624
7701521
7702305
7708532
7775347
7771818
7775205
7708119
7775505
7775735
7702340
7708396
7708124
7708284
7701727
7708154
7702480
7775979
7702592
7778872
7771425
7778509
7701258
7708326
7771004
7771865
7701277
7708004
7708176
7771473
7771358
7775278
7771967
7771864
7778919
7702550
7771036
7771906
7702046
7778235
7778738
7701325
7702604
7775629
7778188
7702333
7702085
7778664
7702230
7775267
7778969
7778673
7775389
7771956
7775757
7771102
7708431
7778945
7708276
7778218
7708198
7701613
7702554
7702801
7775864
7778773
7771240
7775783
7775322
7708169
7702920
7702090
7708234
7701384
7702314
7702870
7771602
7771428
7702790
7708487
7701318
7702956
7708601
7778262
7708969
7702560
7771785
7778806
7702093
7778820
7771159
7701101
7701165
7775536
7708242
7771836
7702312
7771392
7708469
7771702
7778408
7708003
7778722
7771449
7775832
7701668
7702040
7775661
7701987
7775145
7771517
7775634
7701823
7701434
7775335
7708467
7708814
7702148
7775054
7778674
7775626
7702859
7778581
7778785
7775097
7778261
7771618
7775705
7778514
7702858
7771795
7778080
7771352
7702496
7771204
7708971
7778603
7771273
7771268
7771285
7702781
7778305
7771811
7708909
7701926
7701658
7708709
7708475
7702326
7778825
7771197
7708481
7702114
7778383
7775700
7702357
7701161
7702153
7775258
7708145
7775061
7702457
7778987
7701357
7771377
7778367
7778897
7708121
7702453
7708973
7771380
7702754
7775271
7708392
7702531
7778446
7775091
7771296
7701600
7771199
7708203
7775071
7775442
7775855
7771904
7778971
7708553
7702409
7771823
7778472
7771112
7775199
7701146
7708677
7775391
7771703
7778393
7708859
7708428
7778418
7771631
7778533
7778113
7708064
7702213
7708290
7708541
7775787
7771539
7771743
7778736
7702322
7771109
7778607
7708865
7771275
7771711
7701988
7701782
7778803
7775390
7775032
7702372
7708048
7771474
7775004
7708634
7771812
7771974
7702418
7778187
7702004
7771101
7778412
7771391
7775238
7771630
7775914
7702884
7775306
7702764
7708314
7702994
7778251
7771516
7778565
7708216
7702397
7771645
7771319
7771363
7775985
7778055
7775975
7775543
7775637
7771936
7708712
7708988
7771658
7702529
7702533
7778939
7702967
7701770
7701757
7771184
7702135
7771168
7708369
7771323
7775929
7702998
7708165
7771522
7775313
7775896
7702099
7708949
7708490
7702621
7701378
7708200
7771716
7771402
7708267
7708209
7771867
7778396
7778333
7702308
7778767
7771555
7702022
7702052
7708558
7778430
7778174
7771728
7778325
7701001
7778137
7771971
7775416
7708368
7775662
7702949
7771398
7702486
7702806
7771535
7778632
7778007
7771050
7702498
7702505
7708768
7702237
7778810
7702066
7702280
7702549
7775101
7708150
7708998
7771693
7702239
7702713
7778417
7771340
7708249
7775104
7771655
7771988
7778030
7708849
7701355
7701981
7701771
7775508
7702500
7775475
7771577
7708453
7701128
7775221
7702622
7775934
7702425
7708291
7708514
7778786
7701132
7708261
7775014
7702228
7775394
7701099
7708839
7775659
7775726
7771724
7701620
7771611
7701462
7708482
7708131
7708759
7771082
7702882
7778220
7701768
7701659
7771455
7775209
7778400
7701423
7701459
7771636
7708997
7702371
7708591
7701494
7775895
7775532
7771178
7708273
7775989
7702900
7702166
7708619
7778384
7778536
7778914
7775056
7701720
7702374
7771239
7775571
7778741
7778075
7771492
7778097
7771020
7771026
7702257
7778865
7771922
7702726
7778362
7702930
7775777
7775706
7702077
7778323
7778397
7778873
7708439
7708312
7771679
7775754
7708280
7708748
7701565
7778453
7701567
7775971
7708334
7771329
7702475
7708444
7708735
7775219
7701753
7771791
7771926
7775272
7778149
7775026
7708561
7708008
7778613
7708254
7702645
7701507
7702551
7775737
7708264
7708815
7778217
7771470
7775591
7775918
7778031
7771192
7708893
7702785
7708576
7708466
7778638
7778681
7778621
7701679
7778893
7778195
7775470
7771557
7702792
7771750
7708258
7708449
7771259
7708148
7708224
7771642
7701508
7771193
7775801
7775076
7778110
7778493
7708027
7775413
7701310
7708495
7708562
7702297
7775578
7702923
7775773
7778938
7771000
7701491
7771769
7701728
7708698
7701467
7771753
7702386
7778199
7702227
7771142
7708796
7775958
7702980
7775674
7771498
7771704
7702948
7708459
7771789
7702853
7775252
7778584
7702574
7708164
7702719
7775114
7771218
7778880
7775552
7701361
7702525
7775563
7775412
7778002
7775531
7771767
7771286
7702751
7775270
7708142
7708563
7701081
7778341
7771308
7775771
7701737
7701764
7778870
7708574
7708302
7702848
7702446
7708460
7778531
7701687
7702250
7775602
7708527
7778590
7702320
7708979
7701956
7778111
7702076
7702761
7708186
7778037
7702408
7708402
7771687
7778476
7778197
7771763
7775725
7771719
7702171
7778511
7702197
7701278
7778693
7771532
7778159
7702717
7702071
7708824
7708886
7778631
7771868
7708489
7775568
7778756
7708798
7778319
7778088
7708774
7702880
7708079
7775678
7708289
7778752
7701476
7702069
7778459
7778982
7775912
7702924
7771213
7771511
7771761
7701683
7702739
7771454
7702562
7778923
7708867
7771918
7708790
7771591
7701605
7775926
7702743
7708196
7701407
7771362
7708544
7771202
7771828
7775722
7701019
7778068
7771544
7701519
7778498
7775096
7771342
7701509
7771712
7778672
7778010
7771255
7708610
7702674
7771494
7771200
7708420
7778796
7775161
7778740
7775379
7775885
7771807
7778375
7708764
7775067
7701530
7708813
7708512
7702688
7708704
7775363
7708143
7702789
7775344
7775262
7778245
7771359
7702699
7701859
7708358
7702184
7708257
7702768
7778465
7771635
7701883
7702437
7778350
7775288
7701893
7771734
7701499
7778502
7775538
7771887
7775817
7708491
7778481
7701544
7778949
7775159
7771747
7771589
7771533
7702290
7771128
7771315
7702018
7771011
7708554
7775820
7775882
7775554
7771375
7778484
7702618
7708301
7708336
7771992
7775577
7702200
7701611
7771656
7708259
7775375
7775100
7702670
7771803
7702304
7702993
7701475
7708443
7708393
7708206
7778651
7708162
7778161
7778667
7701590
7775279
7701518
7778212
7771801
7708565
7771593
7775462
7702123
7708438
7708403
7778855
7771124
7708214
7775195
7708231
7778535
7771741
7701675
7708744
7771099
7775503
7702070
7702689
7771172
7701788
7702984
7775430
7771640
7771953
7775511
7775216
7775651
7775082
7708310
7702517
7702823
7771316
7778463
7708229
7708932
7771279
7702102
7702700
7771578
7775015
7702541
7771950
7771782
7775750
7778292
7708260
7701741
7702109
7702382
7701279
7702630
7708690
7702036
7701888
7778633
7708113
7771979
7708030
7702676
7771798
7775616
7702383
7702680
7778592
7778641
7701395
7771149
7778743
7775049
7771245
7778464
7775244
7778056
7778242
7778988
7771960
7775102
7778248
7771413
7708781
7702661
7702219
7775064
7701398
7771373
7701755
7708252
7701488
7771852
7702402
7771284
7775994
7702262
7778526
7701983
7708022
7702215
7778044
7708323
7702323
7702625
7771890
7775512
7778014
7778406
7778696
7708184
7708370
7771386
7771497
7771283
7701179
7771736
7702407
7708116
7702951
7702794
7778650
7708256
7778093
7702522
7778189
7702649
7708061
7775020
7701631
7771606
7702013
7775648
7701906
7775892
7771626
7771456
7775872
7708887
7778069
7775163
7708278
7775175
7778515
7701103
7778591
7778376
7708807
7771613
7702049
7775250
7775444
7771900
7702528
7775451
7775468
7702523
7775964
7702746
7778170
7778886
7708086
7775731
7708572
7775181
7708864
7771418
7775172
7771376
7775963
7778799
7708415
7702620
7771038
7775928
7778544
7778009
7778322
7775107
7702734
7701390
7778448
7702368
7775922
7778700
7708621
7702170
7702793
7775330
7778622
7701562
7775682
7702204
7708364
7702701
7702887
7775884
7701389
7702417
7778781
7702741
7771649
7771488
7771948
7702846
7771874
7702573
7778561
7701691
7775905
7775983
7702478
7775374
7702542
7708651
7778690
7708954
7708442
7771059
7771462
7701012
7771676
7775160
7775780
7775869
7775774
7771508
7702942
7702292
7778814
7708846
7708854
7702082
7775088
7702024
7775767
7778676
7701735
7778053
7771768
7778171
7771078
7775643
7775397
7701767
7775401
7701233
7778635
7708568
7701388
7775908
7702143
7778074
7702021
7771877
7778310
7708669
7708713
7778655
7778221
7778990
7778926
7778119
7775388
7702975
7771190
7701599
7702704
7775798
7701218
7771634
7775465
7778052
7775549
7708038
7778559
7771667
7702905
7702303
7778043
7775328
7701379
7708073
7702615
7708341
7775627
7771427
7702454
7702043
7778823
7702376
7708250
7702929
7708823
7771132
7778039
7708589
7701257
7708300
7778294
7771087
7702508
7771700
7702795
7702471
7775260
7701579
7771603
7771345
7708697
7702765
7778177
7708666
7708078
7771989
7778160
7702955
7708974
7702134
7708185
7771243
7702507
7701516
7702866
7702755
7771298
7775986
7775146
7778715
7702087
7778918
7708579
7702412
7708408
7702034
7708692
7771731
7771846
7778360
7702229
7702389
7701786
7775630
7775740
7775166
7771996
7702003
7778083
7771942
7778910
7771086
7708520
7708168
7771332
7708163
7775941
7702585
7701000
7702258
7702842
7771699
7775836
7778577
7708741
7778890
7702520
7775977
7708425
7771976
7775991
7775247
7701964
7708354
7708715
7775224
7778567
7701243
7778335
7778181
7778114
7775822
7778575
7702445
7775656
7708671
7778300
7708947
7701191
7775035
7771374
7778354
7771723
7771408
7771227
7701330
7771892
7701483
7708592
7708177
7771198
7701358
7702469
7708598
7771241
7702436
7708500
7775331
7771799
7702156
7701645
7708526
7701004
7775364
7708518
7771565
7702558
7775980
7775560
7701217
7775598
7771919
7702692
7702626
7702767
7775683
7778518
7775612
7771706
7708882
7702960
7702544
7702030
7701504
7702198
7775266
7701418
7708069
7702061
7778401
7778095
7708262
7771305
7702088
7701496
7775002
7701155
7708850
7708115
7771997
7771566
7708033
7778543
7778837
7775435
7778682
7702476
7775969
7771597
7702553
7702270
7702750
7771313
7708923
7708607
7771529
7775672
7708737
7775517
7778768
7702970
7702259
7775348
7702014
7701321
7771530
7701071
7771800
7771115
7701930
7771935
7702672
7775377
7701016
7778657
7778017
7708940
7778246
7778582
7702033
7775455
7778326
7775162
7708752
7708353
7771160
7708146
7701779
7778726
7701465
7708828
7702190
7708817
7702097
7778241
7702876
7701034
7778887
7778357
7771957
7775833
7771579
7778309
7702334
7778795
7775230
7708160
7771595
7708255
7771726
7778407
7701761
7708089
7708448
7702703
7778615
7771379
7771622
7778775
7775746
7708838
7771585
7775226
7708847
7701512
7702094
7708978
7708118
7775762
7771105
7775827
7775094
7702381
7708638
7701903
7778314
7702886
7771819
7775078
7775264
7771947
7778152
7708397
7708248
7778256
7708799
7702547
7701149
7708172
7778389
7771272
7708478
7775150
7771561
7771088
7771001
7702557
7708105
7702627
7701176
7702844
7778468
7702950
7778614
7775098
7701356
7771697
7702488
7702727
7701203
7771429
7778858
7771106
7775268
7708363
7778732
7778456
7701876
7701493
7771180
7701487
7771777
7702150
7708098
7775128
7708819
7708775
7775016
7702921
7702019
7702850
7701130
7701456
7701003
7775644
7702535
7702606
7778409
7708504
7701339
7708418
7708860
7701431
7708661
7778608
7775997
7775615
7701856
7771862
7771850
7771010
7771934
7778735
7702236
7778210
7778852
7778258
7702593
7775888
7701666
7778147
7778507
7775523
7775753
7775477
7708652
7771438
7771336
7775867
7702732
7775547
7702410
7702378
7702101
7702411
7708787
7775786
7701338
7771661
7778867
7702495
7702735
7771347
7778063
7701348
7771986
7708107
7702152
7708265
7701267
7778151
7778304
7771896
7708407
7775338
7702265
7775711
7775311
7775621
7702176
7775355
7771009
7775572
7775564
7775420
7701490
7771841
7771393
7702068
7775011
7702511
7775471
7702947
7708858
7771514
7778522
7778783
7708700
7771552
7778868
7771583
7701460
7778334
7771958
7701577
7771262
7702293
7771669
7775518
7775972
7702067
7775065
7778616
7708357
7701589
7702370
7701461
7702050
7702108
7778821
7708190
7702763
7771453
7702031
7778087
7708754
7701619
7702805
7708729
7702730
7771435
7778455
7771083
7775707
7701414
7702607
7702095
7701123
7708658
7778970
7708104
7775883
7708545
7702583
7775876
7701910
7708171
7708051
7775758
7702470
7778041
7708159
7771464
7778558
7778342
7708935
7701840
7775154
7701724
7701941
7775099
7701334
7701513
7771258
7775321
7778689
7775897
7775924
7778015
7708926
7708430
7708552
7771604
7708413
7708111
7708668
7701531
7708843
7771609
7775747
7771346
7775802
7708226
7771912
7778427
7778538
7778252
7702362
7775697
7771722
7702845
7771707
7778539
7771242
7775366
7778956
7701958
7708139
7771390
7775812
7778091
7708463
7702140
7702773
7702932
7702465
7702211
7778871
7775063
7708950
7708220
7778431
7771201
7702245
7775642
7771859
7778506
7778415
7702776
7708857
7775748
7771752
7708374
7771309
7778071
7708109
7775763
7708830
7701756
7701031
7775566
7702442
7778744
7778963
7702375
7771725
7775955
7708696
7708012
7708498
7708283
7778848
7708540
7708685
7708305
7775585
7775633
7775402
7708244
7775959
7775460
7708852
7708952
7702489
7701556
7708221
7708612
7778798
7775686
7701393
7708691
7778932
7775141
7771061
7702089
7708630
7702128
7701719
7771276
7701160
7702329
7708112
7702091
7702888
7775117
7708456
7771409
7708538
7708577
7775342
7708018
7708832
7778838
7775419
7771005
7771472
7708835
7778802
7778842
7778808
7771140
7702762
7771317
7701790
7771383
7775185
7778925
7708897
7708812
7778578
7708933
7708035
7702234
7778173
7778266
7778269
7771678
7778843
7778131
7771910
7778753
7778576
7775295
7771688
7701578
7775805
7708875
7701725
7701844
7708599
7701468
7771015
7775636
7702431
7771744
7702812
7778277
7708981
7702824
7778381
7701951
7775826
7775193
7771931
7775194
7771817
7775597
7778675
7778454
7771691
7771114
7778546
7771067
7771980
7771884
7702433
7771264
7708693
7702610
7775186
7775819
7708359
7702468
7708688
7778279
7702707
7778942
7771972
7701013
7778878
7708225
7702208
7775957
7771774
7708732
7771551
7775968
7778162
7771787
7771348
7708951
7708227
7775738
7778500
7771536
7701749
7702834
7701709
7771046
7771964
7771714
7702681
7708885
7778711
7708427
7778276
7778968
7771238
7775232
7778016
7702083
7708616
7775106
7775084
7708330
7771075
7778940
7775021
7702668
7775540
7778844
7771223
7775034
7775878
7775129
7778702
7778107
7778646
7708269
7775276
7701304
7778106
7708920
7702575
7771927
7708298
7708322
7771034
7775555
7701345
7702448
7702193
7778293
7771776
7708510
7771549
7701623
7708871
7778881
7701206
7702587
7775681
7771831
7775829
7701809
7708777
7771303
7775765
7778315
7708772
7701224
7702023
7701664
7702346
7708727
7775466
7708659
7775902
7775982
7771126
7771287
7775516
7775717
7708720
7775429
7778165
7708645
7775286
7708816
7708936
7702796
7775570
7702836
7775415
7702291
7701445
7702016
7708199
7778265
7775565
7775037
7778754
7702242
7771424
7775405
7775068
7771344
7708388
7702324
7778036
7775488
7708492
7775424
7771022
7771559
7702086
7708740
7701960
7771746
7708676
7771843
7701710
7771740
7708622
7778593
7771568
7708990
7775950
7771220
7771174
7775410
7775573
7701595
7708287
7771793
7778833
7708928
7771837
7708757
7771385
7775623
7778193
7778642
7702613
7708956
7708557
7778139
7708189
7775142
7702862
7701850
7702931
7702027
7775434
7702981
7775886
7778018
7775090
7771079
7708750
7775074
7701027
7771367
7701777
7702565
7708046
7778123
7771854
7778253
7771797
7701751
7778045
7778930
7778680
7778643
7702332
7702037
7701131
7778168
7771027
7775167
7702682
7778379
7708877
7778566
7771433
7771098
7771502
7775638
7771253
7701498
7701773
7778602
7771849
7775640
7771505
7778637
7708419
7775349
7775072
7708507
7778497
7702579
7775325
7778859
7702997
7778347
7701894
7771444
7708288
7701879
7771265
7701899
7778284
7775284
7771322
7775948
7702173
7708939
7778601
7778229
7701813
7701625
7778952
7702545
7701477
7701273
7771318
7708349
7702588
7778380
7771943
7778941
7771680
7701239
7771361
7778274
7775712
7708376
7775119
7778691
7702039
7775533
7778812
7708588
7775558
7701208
7708767
7771251
7701117
7778349
7778589
7771545
7702723
7702222
7771400
7771829
7701223
7702791
7775943
7771039
7708992
7771786
7778894
7778659
7771682
7708197
7771461
7701586
7702337
7702103
7701560
7708728
7775534
7702248
7778587
7702632
7702861
7701187
7702736
7771161
7702973
7775050
7708279
7708674
7775298
7701214
7775246
7702556
7775259
7702958
7771882
7708062
7771542
7701288
7775797
7702742
7778029
7778348
7702691
7771158
7702787
7778445
7771510
7771228
7702490
7775398
7702638
7708564
7701953
7702907
7775604
7775586
7775140
7701747
7701308
7702321
7702675
7771136
7701170
7701137
7771855
7708174
7701458
7701417
7701972
7701682
7775590
7775921
7771016
7775696
7702708
7702677
7771575
7775214
7775847
7775946
7771509
7778098
7708919
7778208
7778568
7708230
7702733
7778916
7701776
7775569
7771937
7778033
7771207
7778770
7771637
7708332
7778759
7775702
7775729
7771548
7778001
7702555
7702203
7775960
7775052
7708049
7702057
7775583
7702569
7702738
7771097
7702000
7778282
7702952
7708433
7708983
7778462
7702916
7701615
7702404
7771483
7771299
7771982
7778086
7771484
7701948
7702380
7708108
7701537
7775177
7778023
7708702
7701222
7702246
7775158
7771312
7775545
7702666
7702667
7771883
7778739
7708465
7778223
7702749
7775839
7771066
7701415
7702348
7708468
7775274
7778645
7702775
7702161
7778830
7771806
7701336
7708339
7775719
7778828
7771588
7778272
7775220
7708074
7702048
7702352
7778931
7708446
7775799
7771017
7778888
7701466
7775433
7702081
7771543
7708063
7778356
7778275
7778748
7775360
7771857
7778296
7775148
7702428
7708937
7775592
7778237
7775806
7708861
7775641
7771939
7775710
7702662
7702278
7778980
7771266
7701996
7775040
7771183
7708483
7771633
7775352
7771875
7778658
7708746
7702640
7775510
7771141
7771519
7771924
7708080
7702098
7708573
7778332
7771592
7775485
7778901
7778513
7708149
7771189
7778390
7778816
7771911
7701799
7778004
7702988
7778701
7778442
7708117
7775557
7708023
7702111
7778366
7702515
7778078
7701122
7708325
7771451
7778473
7708263
7771314
7775292
7771414
7775345
7702315
7778042
7702399
7708679
7771770
7771825
7702609
7701180
7771861
7702107
7708586
7778723
7778585
7775217
7708281
7701270
7778953
7771306
7702113
7771977
7775961
7702450
7775854
7771173
7701424
7775860
7708210
7775459
7702777
7702195
7771921
7708907
7702119
7708134
7778934
7778826
7775454
7702159
7775395
7775367
7771293
7708053
7701816
7778699
7778520
7778271
7775426
7702686
7771802
7771672
7775715
7708031
7771300
7702384
7771490
7771291
7771570
7775679
7702100
7775294
7771784
7702015
7708094
7701472
7701419
7775425
7771779
7701916
7778102
7771978
7702901
7702179
7701945
7771176
7701762
7701171
7702072
7708629
7708539
7771045
7701406
7778649
7708944
7702065
7775695
7778547
7771917
7771403
7771133
7778021
7702284
7702518
7702602
7778404
7702277
7708642
7778557
7775768
7708157
7701139
7771894
7708724
7775203
7702748
7708963
7771138
7778551
7778727
7708379
7771235
7771526
7702379
7771056
7775124
7701588
7778398
7708128
7701533
7771119
7778885
7778553
7778176
7702366
7778353
7702665
7708097
7702482
7702963
7775796
7778318
7778571
7775251
7771653
7775519
7775362
7771281
7771068
7701838
7771574
7775411
7702499
7771620
7702890
7778746
7702484
7771152
7708628
7775784
7778623
7702306
7775973
7778876
7702492
7701843
7771169
7775666
7708749
7778710
7778164
7778219
7702443
7771525
7771665
7771070
7702294
7701714
7775261
7775450
7708826
7775164
7702177
7771641
7708102
7708297
7701548
7775524
7775904
7771677
7701479
7771632
7778594
7771021
7701758
7778724
7702012
7775728
7701150
7701314
7775449
7771695
7771968
7778488
7771321
7775243
7708543
7778595
7775315
7775881
7771715
7775336
7778683
7778363
7701825
7701032
7702896
7775178
7775632
7708922
7702597
7702928
7775859
7702205
7701359
7778973
7771506
7778955
7701961
7708739
7771282
7702740
7702514
7771416
7701455
7708982
7708133
7771118
7778974
7778370
7708898
7771145
7708378
7708277
7708440
7708167
7778483
7775307
7702548
7775911
7701672
7702120
7702002
7702826
7775526
7701933
7701286
7778452
7708921
7702972
7771840
7775155
7708303
7701641
7771920
7701528
7702578
7778141
7702307
7771404
7702936
7702616
7702807
7702991
7778278
7708331
7701399
7708870
7702954
7771717
7702521
7708916
7708219
7778298
7778749
7775720
7702149
7702452
7775372
7708211
7708321
7702628
7775701
7708480
7771878
7778639
7702530
7771627
7771331
7708126
7702937
7701772
7702491
7778718
7778895
7778359
7708399
7775125
7708785
7778458
7775529
7708640
7778678
7702591
7775795
7771263
7701229
7708736
7701601
7701283
7708343
7775880
7771206
7701163
7708272
7771962
7778495
7708039
7708560
7771076
7702455
7708597
7775913
7775310
7771295
7771477
7778432
7771870
7775293
7775978
7708703
7702185
7778776
7775215
7775123
7771212
7701446
7702904
7702503
7708047
7778064
7778215
7775152
7708960
7775318
7702810
7771832
7708901
7775811
7708758
7702403
7708218
7775506
7771541
7778420
7702694
7775675
7775718
7771999
7771147
7708880
7778510
7775770
7778270
7771339
7778769
7708631
7708639
7708375
7771513
7771157
7708528
7708569
7701381
7775942
7702202
7701220
7775233
7771457
7775189
7702117
7708766
7778153
7771601
7771217
7701592
7771580
7778070
7778434
7778185
7778534
7702532
7775954
7775998
7775378
7708000
7708006
7702737
7708891
7775800
7778441
7775789
7778115
7775945
7771623
7778841
7708499
7778927
7778247
7708581
7778328
7778692
7702054
7708081
7775995
7771450
7708968
7701354
7702926
7702287
7778081
7702281
7778072
7775828
7708664
7702414
7708429
7701439
7701522
7771608
7702155
7775182
7775502
7702339
7708716
7771278
7708455
7702330
7771493
7708042
7701364
7775303
7775923
7775006
7708602
7771815
7701525
7701674
7775111
7775196
7702589
7708623
7702011
7708059
7771587
7778874
7771445
7708975
7778255
7702808
7771938
7708976
7708187
7702356
7778763
7702879
7701628
7778972
7702872
7771994
7778794
7778387
7771830
7708340
7702041
7771701
7778521
7775225
7775022
7775652
7778361
7771954
7771847
7778154
7708524
7771396
7702217
7778599
7778240
7701734
7775300
7778061
7702282
7771006
7708432
7708084
7771945
7701526
7778512
7701716
7778944
7701715
7775069
7702679
7702586
7778598
7778337
7775834
7702945
7702349
7771554
7708140
7778560
7701918
7775134
7775515
7775228
7708914
7708762
7771354
7771537
7708888
7701684
7775857
7771443
7702487
7775871
7702353
7775404
7771827
7771531
7708147
7702889
7702747
7775791
7778422
7771993
7702934
7771196
7778224
7778634
7775476
7771388
7701760
7771718
7778866
7708821
7778999
7775925
7702132
7775248
7771869
7702996
7701448
7775149
7708938
7771437
7701142
7778951
7778745
7778519
7778935
7702423
7708437
7708689
7708970
7775821
7771368
7771664
7771742
7771310
7701450
7775736
7778457
7775042
7775574
7771260
7775392
7771209
7775514
7778782
7778882
7702206
7771013
7775227
7708228
7701305
7771596
7775153
7708245
7771946
7778230
7708382
7775357
7708912
7771834
7702125
7778766
7775944
7778435
7702643
7778994
7701353
7771356
7701213
7702914
7708506
7702580
7775703
7771378
7701663
7775200
7701349
7778960
7708620
7775201
7708099
7701478
7701212
7708837
7771858
7775045
7702871
7778414
7771051
7778851
7775848
7771987
7771808
7708412
7771410
7708333
7778425
7701121
7702422
7702017
7778008
7702110
7775007
7775694
7701260
7702847
7701326
7771928
7771188
7771905
7775263
7775229
7775723
7778479
7778281
7702979
7775173
7702271
7701100
7702272
7771230
7778148
