7707038
7707456
7707150
7707653
7707459
7707640
7707235
7707559
7707669
7707550
7707004
7707631
7707926
7707515
7707963
7707580
7707623
7707569
7707998
7707083
7707644
7707249
7707735
7707371
7707717
7707217
7707729
7707158
7707467
7707859
7707122
7707775
7707100
7707516
7707534
7707812
7707823
7707289
7707511
7707471
7707220
7707298
7707495
7707210
7707197
7707307
7707303
7707466
7707284
7707227
7707856
7707540
7707837
7707018
7707385
7707866
7707688
7707333
7707460
7707742
7707485
7707426
7707021
7707505
7707737
7707895
7707863
7707346
7707941
7707203
7707732
7707439
7707616
7707596
7707525
7707202
7707165
7707320
7707372
7707401
7707412
7707409
7707957
7707010
7707658
7707978
7707529
7707367
7707031
7707886
7707285
7707698
7707207
7707806
7707861
7707581
7707123
7707035
7707976
7707461
7707831
7707355
7707707
7707556
7707570
7707192
7707604
7707768
7707011
7707678
7707983
7707948
7707152
7707234
7707024
7707422
7707835
7707720
7707286
7707317
7707664
7707619
7707393
7707934
7707893
7707079
7707445
7707368
7707492
7707969
7707607
7707858
7707930
7707477
7707265
7707012
7707714
7707782
7707673
7707523
7707172
7707271
7707060
7707153
7707627
7707802
7707396
7707108
7707830
7707157
7707822
7707679
7707870
7707323
7707478
7707704
7707315
7707473
7707267
7707677
7707239
7707072
7707407
7707595
7707670
7707913
7707875
7707709
7707821
7707770
7707392
7707575
7707318
7707938
7707838
7707034
7707780
7707347
7707042
7707051
7707579
7707979
7707548
7707170
7707814
7707922
7707996
7707648
7707488
7707549
7707191
7707475
7707450
7707451
7707131
7707703
7707530
7707541
7707375
7707313
7707233
7707308
7707424
7707809
7707258
7707662
7707166
7707764
7707223
7707088
7707760
7707380
7707127
7707125
7707053
7707006
7707081
7707936
7707092
7707269
7707568
7707098
7707726
7707171
7707615
7707498
7707531
7707341
7707438
7707015
7707650
7707601
7707753
7707892
7707617
7707923
7707988
7707345
7707299
7707914
7707791
7707781
7707454
7707494
7707340
7707509
7707017
7707090
7707629
7707065
7707066
7707440
7707013
7707020
7707961
7707975
7707144
7707029
7707950
7707987
7707622
7707260
7707901
7707353
7707590
7707173
7707310
7707576
7707881
7707007
7707621
7707947
7707799
7707448
7707506
7707370
7707811
7707572
7707727
7707574
7707654
7707710
7707047
7707526
7707528
7707944
7707589
7707400
7707112
7707232
7707668
7707906
7707990
7707705
7707804
7707508
7707025
7707993
7707194
7707836
7707940
7707851
7707115
7707245
7707390
7707873
7707605
7707273
7707099
7707329
7707119
7707481
7707378
7707107
7707218
7707538
7707773
7707819
7707121
7707628
7707360
7707413
7707756
7707952
7707118
7707853
7707304
7707186
7707582
7707626
7707565
7707472
7707256
7707293
7707562
7707114
7707951
7707880
7707520
7707295
7707278
7707676
7707748
7707789
7707890
7707322
7707701
7707137
7707290
7707418
7707542
7707287
7707546
7707731
7707442
7707416
7707297
7707330
7707946
7707503
7707480
7707793
7707739
7707999
7707169
7707939
7707362
7707992
7707200
7707156
7707190
7707659
7707767
7707606
7707689
7707182
7707381
7707023
7707201
7707458
7707661
7707174
7707750
7707244
7707219
7707827
7707841
7707942
7707280
7707832
7707674
7707798
7707543
7707154
7707014
7707479
7707398
7707414
7707063
7707117
7707076
7707754
7707291
7707095
7707588
7707921
7707405
7707954
7707968
7707294
7707469
7707384
7707037
7707417
7707883
7707519
7707928
7707660
7707212
7707457
7707785
7707058
7707452
7707449
7707682
7707920
7707176
7707847
7707043
7707482
7707740
7707692
7707966
7707070
7707406
7707264
7707470
7707521
7707225
7707248
7707911
7707986
7707643
7707696
7707715
7707474
7707033
7707489
7707069
7707592
7707981
7707149
7707844
7707005
7707103
7707728
7707361
7707602
7707539
7707889
7707312
7707685
7707943
7707179
7707146
7707075
7707354
7707352
7707888
7707085
7707611
7707882
7707931
7707339
7707268
7707561
7707584
7707933
7707683
7707430
7707544
7707254
7707462
7707593
7707216
7707324
7707795
7707309
7707967
7707209
7707049
7707862
7707558
7707162
7707143
7707555
7707765
7707493
7707825
7707557
7707763
7707637
7707807
7707927
7707074
7707657
7707283
7707666
7707517
7707026
7707553
7707994
7707973
7707425
7707956
7707527
7707949
7707465
7707142
7707468
7707180
7707113
7707898
7707597
7707997
7707242
7707496
7707779
7707912
7707163
7707766
7707138
7707551
7707945
7707776
7707953
7707743
7707363
7707636
7707777
7707700
7707055
7707656
7707277
7707885
7707693
7707151
7707867
7707697
7707500
7707583
7707603
7707272
7707222
7707849
7707109
7707155
7707236
7707373
7707747
7707585
7707522
7707759
7707086
7707300
7707834
7707751
7707935
7707343
7707907
7707854
7707618
7707183
7707708
7707833
7707168
7707206
7707808
7707068
7707552
7707133
7707056
7707344
7707441
7707476
7707788
7707613
7707955
7707491
7707048
7707897
7707129
7707699
7707970
7707208
7707719
7707104
7707614
7707801
7707096
7707738
7707680
7707052
7707716
7707394
7707733
7707687
7707647
7707224
7707238
7707598
7707184
7707783
7707140
7707752
7707852
7707270
7707187
7707349
7707185
7707761
7707251
7707240
7707064
7707971
7707910
7707463
7707600
7707342
7707257
7707188
7707089
7707420
7707512
7707919
7707110
7707868
7707428
7707311
7707261
7707842
7707078
7707865
7707817
7707391
7707436
7707178
7707734
7707974
7707404
7707434
7707566
7707319
7707904
7707321
7707721
7707019
7707255
7707397
7707840
7707028
7707432
7707334
7707554
7707792
7707130
7707884
7707259
7707749
7707741
7707408
7707499
7707057
7707199
7707001
7707591
7707778
7707609
7707744
7707486
7707730
7707237
7707758
7707046
7707695
7707563
7707357
7707427
7707790
7707084
7707205
7707386
7707507
7707839
7707902
7707253
7707175
7707296
7707111
7707571
7707161
7707120
7707337
7707843
7707097
7707325
7707524
7707356
7707279
7707960
7707204
7707855
7707894
7707124
7707872
7707211
7707899
7707586
7707388
7707403
7707635
7707262
7707995
7707292
7707181
7707639
7707141
7707501
7707745
7707594
7707537
7707487
7707535
7707195
7707327
7707772
7707134
7707351
7707263
7707106
7707965
7707887
7707784
7707869
7707379
7707328
7707198
7707564
7707816
7707050
7707044
7707929
7707410
7707846
7707824
7707848
7707536
7707281
7707252
7707797
7707722
7707800
7707062
7707532
7707087
7707916
7707126
7707686
7707900
7707160
7707093
7707706
7707924
7707301
7707302
7707433
7707369
7707437
7707027
7707510
7707545
7707634
7707377
7707878
7707577
7707374
7707876
7707105
7707533
7707633
7707937
7707423
7707446
7707711
7707231
7707008
7707694
7707399
7707985
7707567
7707624
7707645
7707214
7707691
7707102
7707879
7707431
7707663
7707288
7707071
7707684
7707101
7707415
7707610
7707230
7707646
7707608
7707612
7707376
7707022
7707215
7707041
7707314
7707514
7707145
7707829
7707649
7707484
7707632
7707464
7707226
7707009
7707338
7707189
7707429
7707909
7707002
7707702
7707573
7707502
7707982
7707030
7707757
7707116
7707167
7707810
7707815
7707490
7707241
7707332
7707723
7707164
7707917
7707690
7707642
7707857
7707518
7707905
7707864
7707073
7707036
7707003
7707984
7707771
7707359
7707915
7707762
7707805
7707667
7707091
7707247
7707387
7707513
7707746
7707229
7707786
7707395
7707803
7707547
7707959
7707082
7707891
7707718
7707411
7707419
7707061
7707991
7707282
7707578
7707453
7707787
7707382
7707080
7707147
7707903
7707136
7707228
7707820
7707794
7707054
7707128
7707389
7707774
7707444
7707135
7707455
7707712
7707796
7707039
7707980
7707364
7707587
7707977
7707896
7707196
7707243
7707630
7707336
7707713
7707435
7707000
7707139
7707266
7707335
7707316
7707625
7707246
7707755
7707932
7707828
7707059
7707326
7707665
7707016
7707962
7707725
7707638
7707877
7707845
7707958
7707132
7707826
7707813
7707331
7707736
7707276
7707681
7707067
7707874
7707871
7707672
7707366
7707925
7707671
7707032
7707040
7707365
7707850
7707094
7707908
7707305
7707159
7707560
7707221
7707148
7707250
7707504
7707641
7707918
7707651
7707860
7707077
7707421
7707402
7707045
7707443
7707275
7707483
7707769
7707350
7707964
7707383
7707213
7707193
7707972
7707620
7707348
7707497
7707447
7707652
7707989
7707306
7707655
7707818
7707724
7707177
7707358
7707274
7707675
7707599
