7747621
7747963
7747962
7747764
7747530
7747960
7747237
7747974
7747555
7747147
7747883
7747220
7747669
7747628
7747899
7747790
7747784
7747939
7747940
7747678
7747311
7747177
7747295
7747958
7747765
7747090
7747486
7747225
7747904
7747217
7747827
7747294
7747726
7747601
7747612
7747127
7747226
7747272
7747126
7747637
7747301
7747644
7747490
7747154
7747086
7747304
7747917
7747606
7747292
7747521
7747928
7747056
7747597
7747675
7747739
7747487
7747865
7747834
7747034
7747072
7747786
7747815
7747037
7747522
7747128
7747254
7747667
7747737
7747308
7747957
7747240
7747529
7747444
7747755
7747505
7747636
7747416
7747923
7747469
7747703
7747031
7747539
7747625
7747470
7747016
7747156
7747769
7747149
7747223
7747878
7747532
7747062
7747286
7747650
7747451
7747485
7747823
7747498
7747617
7747201
7747065
7747929
7747825
7747640
7747482
7747880
7747946
7747651
7747743
7747717
7747045
7747273
7747569
7747911
7747947
7747152
7747296
7747012
7747670
7747076
7747694
7747719
7747741
7747528
7747995
7747288
7747679
7747172
7747312
7747819
7747284
7747735
7747095
7747898
7747256
7747836
7747227
7747792
7747499
7747210
7747183
7747199
7747148
7747287
7747053
7747789
7747467
7747121
7747620
7747970
7747587
7747662
7747313
7747303
7747547
7747214
7747449
7747934
7747659
7747163
7747855
7747971
7747457
7747705
7747493
7747130
7747310
7747674
7747592
7747473
7747586
7747631
7747218
7747677
7747279
7747830
7747228
7747748
7747965
7747512
7747759
7747182
7747875
7747697
7747909
7747316
7747365
7747268
7747032
7747500
7747924
7747133
7747808
7747132
7747906
7747624
7747187
7747117
7747533
7747831
7747159
7747576
7747504
7747991
7747966
7747837
7747176
7747307
7747664
7747881
7747271
7747987
7747702
7747501
7747919
7747713
7747110
7747822
7747445
7747299
7747828
7747933
7747180
7747772
7747661
7747647
7747540
7747653
7747622
7747454
7747155
7747264
7747988
7747779
7747245
7747890
7747566
7747556
7747447
7747321
7747306
7747546
7747572
7747200
7747795
7747660
7747466
7747857
7747758
7747580
7747381
7747584
7747019
7747951
7747456
7747092
7747843
7747627
7747151
7747814
7747111
7747681
7747478
7747502
7747646
7747185
7747247
7747119
7747824
7747015
7747752
7747082
7747689
7747465
7747186
7747599
7747265
7747856
7747248
7747150
7747809
7747913
7747215
7747693
7747773
7747716
7747553
7747829
7747975
7747552
7747202
7747989
7747250
7747543
7747868
7747234
7747712
7747525
7747191
7747730
7747635
7747727
7747096
7747523
7747760
7747205
7747101
7747723
7747692
7747140
7747236
7747630
7747506
7747666
7747886
7747756
7747305
7747573
7747517
7747876
7747589
7747541
7747718
7747806
7747461
7747194
7747925
7747763
7747059
7747067
7747922
7747782
7747524
7747564
7747793
7747709
7747276
7747441
7747732
7747290
7747373
7747188
7747241
7747066
7747884
7747632
7747221
7747520
7747588
7747901
7747035
7747639
7747629
7747044
7747912
7747750
7747123
7747568
7747196
7747468
7747985
7747112
7747565
7747711
7747604
7747047
7747910
7747113
7747114
7747224
7747203
7747496
7747008
7747266
7747280
7747614
7747104
7747811
7747900
7747781
7747850
7747634
7747591
7747544
7747771
7747509
7747048
7747805
7747463
7747944
7747204
7747084
7747190
7747590
7747192
7747406
7747761
7747355
7747175
7747986
7747129
7747251
7747921
7747492
7747549
7747802
7747238
7747293
7747615
7747170
7747377
7747695
7747595
7747169
7747751
7747282
7747318
7747262
7747818
7747089
7747706
7747798
7747767
7747774
7747480
7747317
7747390
7747157
7747171
7747497
7747817
7747841
7747423
7747655
7747914
7747369
7747791
7747753
7747581
7747682
7747161
7747253
7747990
7747613
7747260
7747918
7747649
7747270
7747916
7747464
7747160
7747993
7747776
7747421
7747740
7747142
7747297
7747810
7747778
7747608
7747652
7747107
7747545
7747300
7747862
7747807
7747491
7747847
7747136
7747068
7747768
7747534
7747671
7747118
7747057
7747443
7747178
7747721
7747278
7747698
7747064
7747582
7747780
7747314
7747877
7747839
7747978
7747826
7747083
7747494
7747474
7747871
7747531
7747139
7747945
7747274
7747179
7747277
7747193
7747821
7747315
7747259
7747887
7747446
7747460
7747777
7747538
7747102
7747269
7747907
7747213
7747164
7747040
7747198
7747870
7747013
7747603
7747138
7747459
7747571
7747425
7747103
7747579
7747514
7747106
7747658
7747167
7747442
7747536
7747607
7747611
7747233
7747663
7747961
7747775
7747598
7747983
7747842
7747561
7747594
7747209
7747275
7747146
7747452
7747508
7747803
7747618
7747448
7747135
7747551
7747368
7747417
7747337
7747967
7747680
7747122
7747476
7747648
7747673
7747108
7747281
7747392
7747583
7747866
7747980
7747526
7747575
7747738
7747559
7747994
7747481
7747867
7747507
7747261
7747992
7747874
7747051
7747046
7747722
7747285
7747869
7747955
7747879
7747710
7747091
7747207
7747330
7747577
7747542
7747626
7747143
7747453
7747309
7747041
7747435
7747162
7747976
7747206
7747115
7747665
7747249
7747854
7747838
7747602
7747749
7747820
7747645
7747745
7747173
7747125
7747440
7747026
7747230
7747030
7747982
7747222
7747610
7747562
7747633
7747846
7747229
7747415
7747863
7747891
7747937
7747516
7747513
7747708
7747054
7747816
7747232
7747239
7747742
7747936
7747804
7747455
7747948
7747511
7747953
7747567
7747686
7747009
7747558
7747720
7747894
7747840
7747676
7747687
7747885
7747668
7747189
7747656
7747131
7747212
7747997
7747518
7747715
7747684
7747235
7747949
7747690
7747105
7747835
7747858
7747283
7747623
7747794
7747471
7747920
7747729
7747462
7747537
7747762
7747535
7747578
7747593
7747616
7747731
7747216
7747691
7747267
7747489
7747033
7747519
7747638
7747244
7747605
7747367
7747243
7747197
7747563
7747979
7747510
7747298
7747548
7747574
7747853
7747495
7747609
7747557
7747657
7747873
7747700
7747036
7747833
7747845
7747788
7747134
7747943
7747010
7747908
7747844
7747954
7747787
7747930
7747137
7747897
7747166
7747736
7747554
7747864
7747619
7747252
7747977
7747450
7747550
7747001
7747477
7747141
7747973
7747688
7747724
7747704
7747289
7747165
7747153
7747696
7747950
7747570
7747120
7747116
7747181
7747484
7747405
7747145
7747479
7747242
7747952
7747195
7747255
7747018
7747109
7747672
7747458
7747527
7747475
7747258
7747042
7747168
7747872
7747714
7747654
7747685
7747746
7747124
7747600
7747503
7747984
7747585
