1916267
1418894
1667653
1909434
1737770
1628224
1500555
1450627
1226506
1934200
1418446
1204770
1438814
1909522
1780953
1819608
1905736
1909519
1438495
1949374
1442304
1250899
1819329
1450418
1819712
1705718
1581887
1204819
1906422
1506897
1236901
1916996
1234410
1709746
1613433
1819208
1442220
1909705
1204962
1778870
1737980
1647522
1839201
1418570
1442237
1705644
1251648
1204419
1725666
1628222
1236867
1807598
1220900
1725219
1647874
1905912
1819905
1606657
1647721
1346754
1951897
1951229
1234268
1514701
1959444
1514968
1949279
1204821
1647612
1951472
1725300
1909265
1778776
1647469
1581991
1951497
1780995
1346814
1949975
1647501
1628200
1647271
1629256
1332373
1236516
1807626
1647916
1647716
1949572
1438334
1762529
1819201
1951404
1949555
1514502
1416951
1951544
1780913
1226868
1949887
1418732
1916617
1450821
1251277
1418929
1416605
1204609
1657242
1737237
1629244
1951541
1613806
1949432
1916659
1613743
1204494
1934949
1514605
1780231
1236464
1346350
1949308
1909269
1873910
1778887
1905464
1925351
1514887
1628264
1660570
1519979
1579390
1925430
1949813
1613462
1438938
1925360
1204746
1416264
1780224
1204785
1613864
1807472
1949230
1606465
1450525
1930210
1647782
1458227
1780916
1647862
1647281
1737667
1442283
1949842
1909332
1949280
1250588
1925364
1647227
1657250
1737299
1450231
1437241
1416903
1951310
1514617
1346371
1951477
1737372
1762383
1780832
1909225
1204881
1416209
1519701
1251292
1778706
1906280
1606356
1519532
1986888
1916994
1519466
1579699
1226344
1916809
1250996
1250537
1705739
1647391
1226843
1951581
1442360
1519827
1647531
1437228
1250213
1581688
1416294
1647339
1236237
1949771
1762352
1416434
1226260
1951629
1916206
1519804
1416458
1223246
1916947
1416997
1780214
1705791
1506461
1925497
1431388
1780884
1647998
1916603
1951375
1442200
1705477
1506860
1514601
1647717
1647343
1916205
1705499
1647938
1647668
1514677
1819921
1905460
1431374
1437800
1951426
1249500
1519660
1949880
1647808
1647928
1909490
1780850
1418905
1519281
1438798
1606224
1519816
1660956
1514331
1647242
1780940
1819291
1613485
1629210
1905401
1951453
1519318
1639997
1909244
1916471
1916698
1909576
1346384
1418380
1909450
1416985
1416457
1346413
1514831
1204355
1514424
1984484
1951207
1438728
1909543
1951240
1705446
1416316
1442219
1780991
1519857
1506804
1226201
1640224
1909609
1877459
1514942
1925234
1647216
1916807
1416571
1418209
1951282
1949424
1204797
1807823
1780247
1438985
1873353
1909782
1905242
1705255
1647212
1909365
1613794
1204212
1647295
1236979
1514376
1647894
1888936
1581268
1905348
1250813
1951357
1438828
1705872
1905642
1780370
1223229
1438404
1519673
1951585
1819674
1236761
1647987
1925667
1236863
1250692
1949439
1905975
1657347
1437536
1647609
1705971
1438725
1514799
1909771
1514582
1778723
1905910
1416488
1431275
1949401
1519317
1938946
1949421
1778232
1250641
1236622
1226272
1780498
1438320
1705380
1909560
1250802
1250739
1647648
1909218
1430240
1778879
1249353
1778710
1514884
1647283
1709771
1737289
1737990
1519566
1762215
1949233
1613716
1909520
1416816
1416807
1807628
1438836
1416835
1250469
1567323
1514690
1906466
1346412
1204620
1647296
1819290
1579800
1925567
1705943
1438921
1949784
1951396
1709694
1951530
1909720
1519377
1925353
1925308
1951459
1628252
1647505
1984977
1581617
1226241
1204333
1251504
1442332
1519441
1346704
1204396
1905971
1909213
1780221
1657337
1709690
1807627
1438225
1251362
1909210
1660343
1226688
1418770
1647382
1251421
1925262
1418561
1657410
1346282
1737615
1925640
1204218
1250419
1647297
1226899
1647285
1905973
1647521
1514476
1916824
1418454
1416841
1514262
1250308
1916738
1778900
1909614
1667320
1204381
1613241
1450560
1416873
1905687
1709680
1647831
1647535
1909333
1416898
1905995
1916459
1647778
1629254
1909736
1438812
1807633
1909561
1204998
1905719
1613204
1909708
1332217
1431410
1905519
1916890
1737781
1949633
1416618
1226504
1416270
1807624
1909358
1916712
1332215
1250315
1514862
1250640
1567248
1705238
1925577
1220270
1249669
1606229
1657252
1925895
1782414
1579560
1909685
1778321
1442484
1380212
1925642
1346438
1762249
1416895
1226456
1737222
1250266
1647472
1780707
1250801
1234205
1906914
1450521
1251313
1705562
1250246
1878212
1916546
1346812
1416909
1984369
1628207
1807770
1660973
1514928
1416565
1332258
1647269
1226501
1251408
1346252
1647765
1613296
1250203
1949273
1613884
1647893
1445333
1613929
1925978
1416768
1778302
1949545
1705417
1514293
1737637
1905914
1780805
1613316
1951323
1416670
1949599
1925421
1949500
1647852
1416839
1647859
1346773
1416551
1778230
1916256
1437227
1807854
1450370
1725500
1949228
1951291
1647705
1647491
1737346
1250920
1250870
1647377
1437229
1223212
1909267
1514978
1705313
1438871
1905960
1514265
1639470
1458246
1916769
1778586
1628220
1905641
1778551
1204599
1249630
1647300
1951367
1236800
1647462
1780827
1613266
1346300
1780380
1442456
1705243
1780404
1249521
1249879
1418318
1909645
1778835
1606232
1647302
1705351
1866663
1416888
1250255
1647760
1657357
1819213
1418297
1450802
1204332
1438765
1250581
1442260
1236335
1579730
1951551
1514321
1737881
1725577
1613888
1780937
1519943
1613875
1346760
1916200
1226238
1346351
1916896
1916507
1762234
1204698
1346344
1514416
1951350
1332207
1437999
1916662
1514449
1838201
1346280
1905457
1780914
1416580
1250719
1949267
1346425
1249701
1949652
1250487
1647882
1416722
1442324
1916621
1438878
1726610
1949679
1629255
1916870
1660541
1705657
1780257
1647575
1647867
1916562
1613651
1567825
1204817
1567674
1606240
1905928
1951385
1945208
1519437
1909997
1905853
1613324
1949607
1778215
1905837
1639590
1925658
1925812
1780903
1647836
1647773
1341345
1925628
1705646
1628204
1780709
1916290
1606235
1647400
1807220
1725243
1519495
1916849
1951287
1657238
1204997
1647464
1657352
1951466
1705626
1780245
1250607
1709996
1909524
1909635
1514655
1780242
1916778
1582322
1647546
1819360
1916300
1916591
1705848
1647544
1519577
1250466
1807355
1613715
1416305
1519535
1204965
1514500
1916812
1613327
1667335
1909942
1647677
1450999
1346493
1236983
1226507
1647887
1984239
1647656
1250869
1226854
1647503
1647924
1905714
1951269
1951576
1780280
1916694
1346449
1951523
1951807
1613464
1938336
1909846
1780297
1905980
1251379
1819680
1778404
1916305
1204914
1250946
1951345
1250470
1250485
1819269
1705230
1647489
1418399
1934212
1346312
1951317
1519702
1949615
1606308
1431452
1916897
1613897
1916743
1916293
1949527
1916514
1442307
1838910
1438349
1909656
1250329
1909456
1647861
1780984
1949677
1737224
1672367
1236990
1647686
1873940
1416319
1613262
1514777
1951977
1647456
1916390
1905458
1647379
1909441
1629468
1780719
1778789
1947465
1519868
1628667
1909510
1250845
1807789
1226580
1647571
1780512
1639381
1807853
1519619
1204324
1613551
1442242
1250572
1916871
1647955
1916229
1709630
1519450
1807464
1438490
1838697
1819801
1778886
1613809
1840465
1780318
1204392
1905875
1657248
1925594
1647685
1514833
1780999
1778882
1606571
1647896
1346284
1226974
1951380
1613410
1431812
1514589
1780817
1519982
1909654
1909890
1905999
1949493
1647866
1442236
1905466
1514771
1346338
1234237
1949642
1438377
1916524
1951522
1949690
1514721
1909569
1840207
1431303
1909633
1780614
1705955
1705826
1416272
1519476
1667355
1514691
1906231
1780919
1250818
1951228
1905510
1949331
1909786
1909395
1437333
1762289
1949594
1204839
1905465
1204794
1916204
1905716
1346228
1959217
1613440
1838206
1346297
1567258
1332200
1629444
1438833
1925352
1737610
1251228
1819609
1250792
1905758
1949510
1514432
1916316
1514346
1416838
1438455
1925200
1613417
1514679
1819328
1250205
1647482
1909758
1416742
1905606
1226551
1346234
1236412
1234931
1909462
1778846
1249501
1567301
1514889
1628226
1949324
1431531
1519680
1705770
1905801
1909774
1629203
1514622
1737240
1581392
1204981
1905417
1418313
1234650
1438488
1925723
1450204
1431400
1236638
1346255
1916934
1709770
1916281
1905301
1909583
1581333
1438496
1514820
1250253
1514341
1647839
1514755
1916913
1925871
1909228
1431815
1925207
1437224
1250215
1613885
1909435
1916505
1949309
1984268
1519596
1951473
1909264
1647985
1737225
1778952
1514434
1909297
1438931
1204485
1438368
1416727
1251301
1916693
1916741
1519584
1778875
1519971
1725218
1647525
1204461
1959242
1647898
1204798
1780616
1519984
1780499
1916803
1380900
1249315
1450712
1647655
1519563
1951765
1416844
1647526
1442400
1445465
1647984
1916587
1925478
1458600
1332251
1909674
1657200
1905252
1332203
1514772
1579381
1613799
1437972
1951447
1519998
1250503
1909961
1346316
1437837
1438807
1450558
1705878
1951394
1647922
1780667
1204648
1647518
1951808
1629206
1725225
1519404
1905447
1916639
1431877
1234218
1905977
1925660
1667273
1778697
1647321
1905922
1725208
1416556
1226971
1442294
1647886
1204471
1341529
1949357
1416676
1780617
1416219
1916416
1909703
1647622
1438872
1450236
1838388
1519831
1346313
1762233
1949798
1236788
1925967
1250533
1416899
1438925
1506271
1431554
1800356
1506878
1519215
1705303
1949667
1226724
1346208
1416856
1959999
1567250
1629262
1416908
1778732
1514984
1951591
1705298
1660264
1916600
1514245
1226898
1916671
1780885
1226778
1705933
1909362
1780263
1949445
1514271
1438937
1909579
1951325
1506395
1346599
1514206
1416251
1819241
1778994
1726444
1234888
1346393
1416917
1909274
1519694
1951422
1819277
1905903
1916710
1442333
1778770
1949689
1204901
1778318
1916352
1778906
1204782
1905933
1925963
1647446
1905598
1204470
1762583
1416579
1916805
1949568
1925849
1925752
1647631
1819574
1778873
1445444
1519630
1909256
1204331
1951834
1780399
1949878
1346515
1430775
1778714
1709702
1909252
1416723
1647268
1519819
1416540
1782365
1416732
1951409
1346441
1951933
1613400
1949416
1657246
1951579
1647649
1778868
1514808
1705698
1925261
1226918
1780977
1416939
1647710
1909644
1613292
1909229
1506701
1905431
1234255
1639390
1647637
1705998
1647740
1819623
1519777
1905359
1916944
1346261
1418575
1925319
1925899
1909443
1725232
1726205
1647828
1905449
1647632
1250289
1346946
1949864
1951587
1647640
1737206
1606272
1780239
1226757
1949872
1951303
1416436
1925580
1909764
1647678
1514430
1514977
1709800
1519903
1442317
1819743
1514758
1647213
1949292
1934220
1951824
1519331
1819664
1437775
1250852
1418520
1660460
1514462
1629216
1916500
1346932
1581239
1251923
1905751
1951263
1519401
1416417
1226880
1416318
1916759
1346416
1949561
1905883
1647510
1438399
1506447
1778558
1778688
1657358
1416803
1204880
1951231
1705618
1416357
1672515
1951232
1226980
1514570
1514910
1780704
1438410
1226337
1418928
1442270
1819570
1226820
1647741
1450803
1807629
1780878
1909994
1458228
1762282
1204816
1916596
1984220
1778862
1906289
1647403
1951391
1905867
1905848
1780910
1514797
1416818
1250480
1951205
1647833
1909762
1867222
1226378
1613299
1629772
1250612
1613552
1905941
1778983
1916467
1234303
1442266
1250986
1909343
1782301
1416258
1250219
1925338
1949275
1951665
1916616
1647200
1778884
1251300
1519617
1204803
1925788
1613986
1778238
1916547
1450421
1916248
1514757
1737280
1916208
1514213
1226600
1949726
1223220
1416553
1613803
1951458
1416806
1778240
1204870
1519757
1226374
1341314
1951432
1909856
1204384
1438342
1226858
1204242
1819349
1951427
1916705
1905921
1438300
1437324
1613769
1705930
1514625
1416913
1250800
1442225
1819923
1916406
1519531
1506549
1514222
1780872
1949584
1506651
1628249
1780518
1613570
1430502
1925570
1437925
1450626
1514775
1916508
1949923
1951751
1909534
1778212
1909702
1567224
1346762
1519381
1780915
1647643
1780717
1737766
1951224
1709984
1780710
1949519
1613217
1906203
1916931
1909719
1909678
1647530
1951250
1909521
1780935
1647968
1437217
1437215
1647804
1778580
1647588
1346660
1949929
1778837
1778863
1418952
1450752
1778985
1438462
1416991
1204522
1234564
1519994
1418740
1951703
1514224
1778987
1567377
1780340
1416825
1909240
1431887
1925437
1437997
1431456
1949630
1416505
1519560
1250430
1909470
1916708
1450646
1204970
1250797
1418409
1567251
1442258
1949236
1437388
1916696
1629240
1807698
1629999
1909655
1416990
1906675
1844731
1519608
1431722
1925428
1251207
1519402
1506440
1925997
1780837
1951741
1514549
1647794
1250961
1916280
1418609
1737828
1249496
1628268
1854777
1780305
1905666
1629259
1705896
1905630
1613618
1780205
1909747
1442224
1819960
1647303
1418559
1519386
1226885
1226505
1647272
1416575
1725262
1236361
1778598
1226802
1346395
1416500
1450639
1628267
1519332
1416419
1951573
1778682
1437981
1819425
1236313
1925389
1236333
1951418
1780690
1909938
1780862
1916494
1909204
1949210
1250863
1346288
1442367
1514726
1951479
1249318
1437236
1737300
1647282
1606401
1725221
1925549
1416561
1916589
1647628
1437262
1951252
1905244
1416625
1737216
1346389
1916501
1613900
1613602
1778898
1647465
1705521
1709691
1909689
1514891
1949391
1951880
1437980
1380222
1647336
1709572
1249877
1519569
1657377
1780993
1647930
1438929
1249565
1438936
1251309
1223322
1725710
1909373
1705297
1916768
1416700
1949664
1647230
1450900
1250293
1519807
1909533
1519870
1416936
1519635
1442599
1778349
1909544
1514730
1647901
1250858
1639393
1416802
1647205
1458292
1705507
1514240
1514260
1949735
1204793
1905467
1234799
1657800
1947800
1581909
1672220
1737477
1951423
1925664
1613295
1778222
1226753
1437256
1906284
1951775
1951443
1639318
1416464
1341386
1925557
1705828
1639394
1916904
1346242
1416720
1949419
1778744
1514704
1780441
1647719
1949353
1949466
1778388
1250851
1925917
1629230
1418478
1581681
1346277
1838243
1416648
1909500
1778235
1906555
1346373
1647873
1930207
1945444
1819281
1909346
1250891
1519389
1916512
1951823
1514512
1450807
1236986
1579391
1916539
1416606
1672722
1581318
1613732
1613639
1519524
1514246
1514823
1226402
1778402
1916221
1780905
1984227
1204973
1506889
1647267
1647892
1204410
1778323
1949755
1737276
1819576
1909360
1909215
1778791
1519493
1450577
1909545
1226338
1437234
1909919
1234521
1416301
1778387
1647309
1204293
1949695
1647519
1905683
1204340
1778242
1226860
1909573
1725228
1514915
1819598
1311555
1949295
1705706
1613882
1506886
1647979
1949698
1647885
1925487
1949247
1916495
1418654
1613314
1951840
1445208
1613627
1780527
1909471
1909845
1346801
1778878
1782825
1778251
1905440
1346317
1251242
1251281
1951560
1251391
1250516
1249449
1949534
1346268
1854854
1782207
1226581
1250574
1514616
1250306
1780818
1514943
1251895
1249359
1416576
1657373
1951463
1709704
1639540
1737677
1905966
1909257
1647855
1514970
1737273
1204380
1226229
1567405
1226788
1437239
1416781
1438403
1909600
1916284
1819755
1647406
1442212
1606541
1778808
1514560
1506759
1226212
1437996
1905320
1234284
1951855
1780237
1657261
1947282
1226555
1514965
1204509
1905814
1445209
1705794
1226931
1204955
1519378
1909527
1647627
1951393
1416698
1450522
1909485
1514574
1226246
1514813
1949910
1346488
1867332
1909437
1236881
1647809
1951634
1951553
1606594
1581985
1416624
1780316
1416993
1514946
1660492
1909542
1778784
1416456
1951390
1951491
1916412
1909754
1705441
1778653
1657295
1647727
1204205
1949300
1346264
1909637
1438825
1949683
1906370
1204960
1925413
1226927
1514296
1204995
1613263
1778201
1346324
1909921
1236513
1709764
1959208
1450233
1951539
1925219
1925395
1442244
1416525
1639560
1925212
1867333
1514699
1925318
1909972
1519995
1905925
1916566
1234231
1204297
1709277
1581618
1909670
1226668
1854222
1916664
1878255
1737802
1949478
1647707
1949942
1838839
1514834
1249632
1916291
1705288
1949891
1984212
1778689
1780655
1647883
1909438
1672906
1916628
1437326
1204408
1984298
1514882
1916476
1709693
1780779
1762224
1438408
1905631
1519400
1647528
1581305
1458300
1514318
1905749
1905317
1438401
1346448
1236862
1204868
1778997
1567360
1346386
1778888
1838229
1458229
1949306
1925785
1916216
1418254
1418265
1226348
1226200
1951569
1725200
1778922
1416953
1226798
1780695
1705938
1780792
1514885
1647724
1438896
1514966
1450400
1905334
1250681
1514944
1647691
1737888
1949392
1934414
1905772
1416693
1514576
1647554
1613583
1657203
1613912
1606875
1416887
1647679
1514627
1226340
1514969
1778823
1613222
1951836
1930666
1951704
1204588
1909241
1236760
1442615
1647335
1778378
1416885
1647564
1250551
1514415
1959456
1519919
1514962
1519651
1514924
1514219
1737701
1925663
1519257
1514220
1778385
1984238
1514378
1925852
1613677
1909342
1949202
1514612
1909723
1916335
1416743
1949356
1807699
1416474
1416779
1249486
1925989
1647220
1346298
1519955
1951768
1909658
1332282
1514606
1951348
1519980
1249508
1506267
1951821
1934884
1514608
1657239
1567246
1725216
1226857
1647286
1438226
1949383
1959333
1667262
1416996
1762356
1925584
1647868
1951498
1778883
1514804
1346901
1951852
1613712
1951439
1705529
1629335
1905802
1951452
1951850
1647448
1949325
1506226
1226785
1725334
1949632
1519884
1909324
1514951
1916670
1416697
1925525
1647624
1346907
1647512
1780268
1581984
1705653
1909992
1916350
1226500
1346359
1506890
1951536
1780619
1519991
1949933
1916538
1519497
1778674
1951218
1905617
1951520
1737203
1519379
1949456
1951264
1778715
1249702
1909859
1778953
1951505
1905257
1250490
1346319
1450742
1519496
1925759
1514621
1705440
1450232
1234320
1506304
1780802
1905409
1778709
1916207
1951450
1613813
1916531
1236334
1909301
1418956
1778939
1916598
1909361
1737843
1250814
1581999
1438838
1951300
1909331
1925470
1951796
1878203
1667900
1916287
1916793
1925202
1442216
1519751
1949231
1709660
1647972
1204295
1778668
1657288
1514559
1647838
1916306
1250436
1613539
1949569
1819763
1647960
1234249
1949372
1506429
1519942
1780266
1709325
1226577
1332877
1909247
1951642
1660200
1780598
1250462
1450771
1819913
1438266
1909454
1346610
1667219
1519598
1647617
1438988
1725244
1660853
1613246
1709571
1567333
1514812
1909316
1438880
1450910
1519996
1506364
1204903
1780235
1782333
1514497
1916758
1438990
1629888
1647504
1418750
1951474
1951258
1657845
1838444
1909684
1951588
1613608
1705801
1780271
1905979
1951309
1418262
1226377
1416346
1236302
1567241
1613827
1705920
1341222
1226234
1234244
1647218
1418957
1705768
1934284
1346243
1951816
1251769
1251339
1916607
1438521
1250951
1905299
1416824
1567220
1250360
1647921
1647646
1647576
1807235
1519729
1951324
1949616
1647223
1909446
1647370
1647761
1613883
1431858
1778955
1346831
1925900
1251230
1438939
1204861
1514216
1514344
1437881
1346900
1647961
1647395
1647523
1672868
1250617
1709740
1737414
1916273
1606269
1925400
1204898
1925348
1450350
1925324
1819210
1778901
1437347
1916813
1916661
1807252
1867335
1431489
1819700
1519614
1234201
1431412
1418717
1945217
1514949
1951335
1506704
1647389
1705888
1905541
1657456
1949239
1514916
1519993
1519546
1705970
1949922
1905706
1416836
1951223
1780350
1949257
1647745
1236838
1909567
1581481
1951529
1514718
1514838
1226920
1780228
1905967
1639384
1438526
1226373
1905515
1934944
1629246
1916243
1951637
1613325
1438883
1647294
1916969
1418283
1647797
1778918
1909513
1437747
1878378
1606255
1909843
1949214
1925844
1951307
1925872
1709765
1519572
1438680
1236889
1647299
1514250
1925819
1916220
1647207
1951259
1909648
1416317
1916873
1647607
1916431
1514817
1418264
1916926
1647616
1437375
1450822
1346276
1909472
1705257
1346813
1909580
1346363
1916274
1226932
1514913
1909687
1346379
1934799
1251554
1438341
1925339
1438928
1514475
1226936
1514980
1959201
1725234
1647993
1416822
1949533
1416528
1236586
1807275
1416821
1807620
1647290
1709589
1647669
1639296
1431813
1984223
1737484
1951719
1514444
1778988
1431337
1909735
1442235
1951451
1629207
1905380
1438508
1437219
1909636
1332235
1628529
1951217
1780385
1916993
1709533
1925270
1416493
1514347
1581700
1514290
1438392
1909565
1450436
1416268
1906282
1909307
1647639
1204500
1705543
1780951
1514696
1249805
1438483
1647468
1951202
1916298
1647203
1581275
1514796
1657522
1737345
1819989
1579385
1819357
1567257
1639825
1438275
1878688
1909205
1416878
1506248
1647963
1647570
1514604
1951723
1346364
1519933
1737230
1250498
1647671
1519954
1226678
1951790
1916817
1951555
1647830
1909234
1949363
1438337
1418444
1951557
1780381
1220999
1567249
1431336
1416830
1416358
1647708
1647783
1647970
1705363
1506467
1949291
1226387
1567420
1705710
1506305
1514232
1951742
1647636
1346446
1916747
1628758
1930208
1916266
1647824
1909640
1780362
1579399
1613915
1437238
1613206
1514781
1519951
1416562
1657225
1780897
1780514
1647989
1909649
1780907
1916838
1737263
1628888
1514573
1226346
1628243
1984363
1647274
1838202
1519890
1951261
1647466
1250806
1647991
1925551
1579488
1613276
1647545
1780778
1438503
1437974
1250212
1519520
1709763
1418809
1234830
1925391
1519717
1778384
1226455
1925393
1581703
1226789
1909417
1951326
1519790
1234274
1840444
1647533
1984867
1778548
1878271
1737702
1819412
1737297
1951204
1438677
1916458
1506282
1951249
1442303
1778895
1514377
1346361
1438862
1519990
1437288
1709743
1514883
1438220
1778231
1579485
1226787
1514945
1416877
1442290
1250938
1364202
1204230
1705935
1431373
1916719
1514358
1204908
1629225
1951206
1416451
1909586
1250218
1606626
1416729
1613255
1951722
1778839
1514999
1909419
1519803
1514435
1909314
1909317
1762236
1657666
1778966
1514767
1437984
1909657
1959220
1628265
1986201
1951306
1807787
1819212
1909969
1916420
1234206
1416904
1647633
1250270
1514973
1647550
1226706
1438885
1725724
1418802
1519721
1514994
1925238
1250522
1346289
1519709
1647574
1251930
1647407
1647927
1647620
1251302
1949705
1647825
1925416
1780265
1780782
1204856
1819209
1737344
1951638
1332323
1782356
1778779
1949525
1514587
1437223
1613220
1657445
1705491
1416737
1725735
1438402
1647834
1916860
1416315
1951235
1346321
1916571
1916430
1909731
1925813
1613293
1647460
1250727
1250278
1949547
1251490
1925586
1613795
1514632
1519588
1251328
1251234
1514247
1916317
1951314
1514893
1438355
1431278
1916502
1606225
1418291
1951546
1705229
1705559
1819580
1613513
1437971
1226448
1567293
1438223
1416567
1778288
1567324
1346244
1905407
1418839
1916704
1250682
1437993
1613371
1332209
1438520
1659221
1909641
1628266
1613302
1416432
1949312
1647235
1416735
1909605
1705627
1249563
1951901
1951750
1647770
1916975
1647786
1778838
1450775
1951347
1909734
1778861
1438873
1346454
1951318
1951946
1916320
1226886
1647869
1705221
1236887
1442264
1204813
1250256
1934223
1251442
1909503
1905906
1925322
1458220
1251223
1438448
1250741
1251455
1450264
1519589
1250819
1951203
1514261
1647871
1905965
1416333
1416409
1909368
1778536
1925699
1249492
1951388
1249876
1916365
1647280
1647718
1226747
1514654
1346278
1916642
1579599
1737333
1346265
1416628
1951334
1947207
1416886
1250667
1925818
1951454
1234517
1647923
1514709
1438499
1709749
1416550
1613612
1909681
1226929
1951623
1934234
1949873
1949354
1416262
1705528
1250409
1567269
1204502
1949254
1416702
1647787
1250651
1909688
1226236
1416303
1519716
1737742
1226219
1519212
1458212
1780536
1346391
1416879
1925787
1778986
1250309
1418455
1916410
1418222
1916548
1613401
1438321
1819318
1778960
1226975
1226774
1819800
1332248
1250884
1667770
1916949
1905324
1909697
1442241
1947204
1437788
1778645
1442339
1514236
1251244
1514394
1519383
1838882
1416554
1647713
1647812
1838837
1726582
1613706
1249505
1909528
1437286
1629800
1916289
1657254
1737281
1250735
1909917
1951331
1905599
1925444
1226704
1628236
1418665
1567275
1819918
1431200
1951848
1567236
1514894
1519564
1204325
1629251
1204990
1437679
1346970
1916637
1519216
1778847
1780604
1951201
1249327
1705690
1506989
1647241
1251862
1780807
1909491
1226750
1647875
1250686
1514836
1204312
1628269
1519270
1250208
1705790
1437539
1647641
1613662
1705345
1514728
1778594
1506875
1416428
1647981
1250263
1519370
1647888
1819639
1346666
1606872
1416574
1416200
1916529
1909268
1250210
1416931
1949241
1949215
1431305
1951294
1705333
1672786
1514659
1416476
1204228
1780296
1226919
1819272
1346818
1657340
1514867
1951284
1416948
1567296
1951842
1416871
1959209
1916882
1647485
1380203
1346332
1346260
1737212
1667304
1657257
1925550
1445234
1519722
1250889
1251751
1250318
1437216
1778840
1909261
1709687
1949546
1506471
1951870
1657789
1450234
1613600
1647524
1250816
1346221
1909701
1925783
1606367
1819919
1438389
1780996
1234525
1951392
1442278
1916239
1250589
1705715
1778686
1807357
1909285
1519274
1250631
1778761
1905271
1647702
1925316
1951564
1778707
1613698
1780289
1416984
1782508
1519703
1725373
1437328
1606416
1949232
1236882
1418572
1613801
1647675
1514465
1737296
1416427
1925317
1437522
1514653
1416558
1251209
1341777
1647899
1916343
1949606
1514661
1442900
1437232
1647291
1514863
1332254
1909367
1647937
1450990
1906275
1949877
1660351
1951428
1418473
1514207
1819593
1951238
1647926
1660202
1332237
1657366
1906869
1438395
1780203
1916801
1672572
1514441
1705677
1579589
1437374
1819469
1647800
1916879
1579577
1916604
1909639
1204371
1906458
1951227
1519501
1416804
1737231
1667207
1341799
1250575
1949337
1236518
1737213
1346394
1628253
1613791
1431866
1416655
1251210
1450600
1909581
1925381
1951395
1332238
1737270
1514248
1416831
1916822
1819500
1905644
1916647
1951566
1438357
1647674
1909975
1905360
1916821
1437928
1418922
1416477
1647667
1705207
1251229
1442444
1838207
1506470
1925266
1905471
1438558
1332205
1949836
1204761
1657201
1909453
1925565
1925948
1416827
1934216
1450962
1778361
1737277
1949467
1909838
1737262
1506663
1519760
1416709
1778685
1250217
1951410
1705928
1705918
1909275
1519865
1418998
1780777
1647471
1647615
1667308
1514996
1647608
1925848
1251487
1450497
1949244
1442233
1778788
1951956
1346392
1251600
1916490
1250354
1951297
1949779
1782234
1647331
1204573
1416407
1909908
1705669
1416454
1416431
1226240
1709280
1951786
1416918
1204823
1819461
1905570
1613880
1647706
1519829
1909725
1737228
1916308
1234738
1418573
1514998
1780880
1236878
1438396
1925303
1236883
1705358
1250879
1519741
1250302
1647821
1657474
1762258
1506328
1984262
1647704
1916474
1416480
1709907
1647514
1250689
1437335
1959200
1819690
1613297
1705702
1442327
1780715
1778220
1959222
1705771
1916314
1442354
1905327
1346390
1778745
1778628
1346433
1909413
1519835
1606303
1346899
1951220
1778269
1705956
1780900
1629204
1778601
1778721
1647992
1647463
1431347
1581398
1909562
1778708
1916799
1438923
1514869
1251677
1236314
1951772
1951542
1639449
1905333
1223206
1909749
1567328
1250900
1909293
1581265
1514291
1916709
1514717
1445888
1951507
1647474
1613700
1782551
1450675
1657253
1951489
1519766
1506260
1450651
1418906
1250262
1416578
1581234
1647333
1613717
1873230
1514839
1234219
1234232
1951603
1418456
1416998
1438459
1667305
1514917
1418934
1639956
1909401
1705988
1737999
1916889
1780349
1564232
1949736
1346404
1514362
1438821
1916582
1705241
1519200
1519881
1249569
1346239
1514647
1925278
1778963
1514774
1780288
1986999
1647567
1514800
1909208
1438502
1613261
1613676
1506790
1250718
1431205
1951370
1905877
1916918
1613606
1951379
1442515
1416731
1581309
1647801
1416986
1514295
1250883
1437987
1878847
1909494
1909230
1514431
1250556
1909906
1226930
1916337
1250713
1606585
1951867
1705923
1234246
1647907
1251767
1916706
1657243
1236988
1778281
1236512
1780217
1672784
1647913
1660498
1951389
1916770
1519574
1838833
1647409
1951200
1819303
1438227
1905878
1204867
1250616
1250545
1705321
1780573
1949350
1949649
1909536
1905410
1438493
1916342
1519902
1780886
1416508
1514371
1250709
1416797
1657400
1606706
1437249
1909420
1778814
1442263
1416433
1951446
1450280
1657319
1984202
1647781
1660525
1442280
1725236
1647527
1780808
1437774
1236906
1514903
1778681
1249201
1226339
1514814
1606568
1613816
1519261
1647939
1442214
1226559
1909258
1854999
1916680
1819355
1567899
1346287
1951214
1416659
1778679
1438831
1909319
1204963
1226270
1204510
1416708
1437994
1613808
1709725
1438509
1916388
1226749
1226922
1705367
1251307
1579809
1905715
1951692
1667229
1514568
1647270
1346452
1705805
1519932
1951992
1506343
1431803
1873354
1519282
1204590
1647895
1416889
1709290
1234259
1416523
1916690
1909704
1951275
1725220
1951758
1909963
1437237
1204227
1959282
1581997
1909666
1949656
1514806
1949866
1916620
1346232
1514217
1514967
1951292
1640220
1647509
1251265
1647919
1725699
1916997
1236858
1819534
1506899
1780246
1226926
1916594
1807700
1916599
1916945
1519895
1951332
1438799
1250720
1506336
1647517
1647772
1819434
1519498
1905697
1916509
1332216
1250552
1606288
1628600
1951482
1519854
1613526
1613548
1437226
1725235
1778389
1346804
1514809
1438255
1437685
1647239
1647688
1778363
1416271
1519897
1416848
1416230
1341666
1951315
1640800
1418617
1236304
1905259
1418789
1925597
1581345
1905328
1951329
1442600
1647917
1949369
1725207
1647325
1647470
1951518
1416823
1514961
1438527
1780975
1780660
1819383
1514451
1905708
1909499
1250240
1437255
1909833
1949822
1514746
1705984
1916378
1416857
1629234
1613790
1916475
1442231
1905435
1519744
1226752
1418969
1951502
1438889
1204619
1647673
1951965
1514237
1705645
1519771
1606390
1945400
1951924
1778877
1450261
1780722
1251303
1838599
1250317
1909968
1657333
1251284
1506625
1984218
1431335
1442271
1916960
1514229
1204891
1639317
1437992
1519788
1416560
1905520
1204294
1951503
1819271
1346779
1438797
1416809
1819519
1951783
1346283
1438876
1416832
1519754
1916270
1438763
1647355
1909717
1780233
1647980
1250701
1647529
1780966
1647793
1925341
1909835
1506650
1951500
1519956
1925336
1514803
1947555
1905621
1613804
1628232
1949329
1916385
1667212
1250740
1346341
1514501
1519697
1705465
1416999
1251363
1250304
1778256
1234285
1916257
1613917
1867988
1341800
1916761
1949436
1332201
1226978
1514941
1949205
1346874
1204720
1737239
1514663
1250918
1519742
1579258
1438530
1250305
1705444
1909991
1762994
1514550
1416880
1647393
1819701
1226850
1250550
1613601
1450881
1949993
1778636
1346381
1925698
1647870
1567274
1346418
1647799
1909742
1647879
1332232
1905730
1236332
1647502
1514952
1780668
1905325
1581280
1949330
1613349
1416518
1916792
1780686
1705934
1581922
1762227
1737444
1613893
1581748
1705980
1223214
1250268
1780938
1418576
1628300
1951512
1418389
1416906
1346304
1438994
1249629
1204557
1519613
1951293
1949672
1925446
1438580
1647657
1564464
1519322
1705492
1438506
1250567
1250538
1838529
1506721
1514588
1909289
1204229
1778917
1250532
1916307
1949516
1226781
1916682
1418714
1431631
1647214
1909440
1438390
1226977
1346254
1909993
1725543
1725502
1925329
1909851
1780904
1916872
1705266
1251213
1431307
1442250
1647606
1346306
1951215
1916836
1332234
1737287
1916345
1514742
1223209
1984358
1916330
1226239
1450888
1949558
1819660
1778991
1949610
1925363
1613983
1514716
1905442
1780293
1647949
1204952
1737899
1867670
1567218
1416418
1906257
1364999
1506686
1909894
1905717
1506261
1613561
1613970
1519503
1762203
1737202
1416690
1431304
1925325
1250808
1438926
1581382
1416400
1951254
1416937
1949381
1647918
1925888
1514404
1916968
1514386
1986203
1867445
1640600
1236558
1986837
1905517
1916544
1951212
1867334
1438622
1613869
1906239
1916820
1905516
1984888
1579590
1780964
1236997
1514603
1867689
1951286
1438501
1438837
1519633
1567686
1949333
1951464
1905424
1438815
1236989
1418564
1514710
1916380
1916724
1647495
1514516
1346201
1519357
1951746
1418623
1778522
1514234
1223217
1250619
1909844
1416598
1916217
1819805
1951966
1442251
1873288
1647988
1581706
1438869
1909766
1647457
1916832
1250949
1909363
1867446
1873269
1737201
1780893
1506292
1204219
1346320
1909506
1346777
1660207
1949514
1250715
1778931
1431277
1514463
1984292
1639806
1647229
1647746
1519983
1780772
1437246
1667228
1949614
1647537
1226791
1250508
1204451
1916716
1725356
1251262
1909999
1519301
1506307
1705346
1705968
1905358
1438393
1416669
1778949
1226388
1925448
1438233
1519808
1725696
1925265
1819260
1519817
1909676
1925477
1705570
1581204
1647323
1916936
1519852
1437331
1949359
1909964
1916283
1647680
1204890
1647795
1431807
1639571
1905323
1916409
1951478
1951397
1204799
1780819
1613334
1959215
1346789
1949536
1667213
1519940
1437688
1204479
1613240
1780218
1514503
1925876
1780232
1780270
1762218
1909325
1418997
1514466
1416573
1778317
1925639
1647876
1613793
1909568
1519639
1916606
1445207
1606776
1204899
1226700
1949556
1925784
1916990
1925858
1737235
1437779
1613218
1780674
1514586
1438346
1519736
1949285
1951285
1909372
1647865
1346257
1514334
1514995
1984260
1250540
1445202
1951376
1705542
1223333
1236514
1762209
1909709
1778700
1346354
1916678
1780881
1519240
1909353
1204688
1519929
1807467
1819695
1250507
1450800
1514662
1438888
1416902
1346370
1949800
1450613
1778223
1647973
1916581
1519791
1725214
1249358
1705717
1416460
1418948
1250320
1909642
1204723
1905964
1925980
1949524
1949618
1725257
1629245
1916299
1251414
1250783
1909201
1514567
1780970
1916752
1226792
1780861
1416671
1659977
1916656
1418538
1647226
1951514
1628299
1416249
1416592
1519280
1519841
1778345
1606226
1905261
1332250
1838235
1916477
1762585
1431668
1949307
1780909
1819993
1250830
1705561
1236777
1519365
1916902
1778344
1581619
1916755
1514575
1226966
1567256
1236808
1506580
1647854
1204402
1780691
1416688
1778990
1916613
1438816
1780753
1949423
1250224
1514458
1934201
1249961
1204515
1514292
1778512
1506802
1458206
1780566
1916586
1450809
1226503
1778908
1514922
1519373
1778932
1909789
1838262
1819692
1416602
1909732
1780718
1250793
1579389
1250704
1416543
1949943
1916521
1705817
1514481
1250600
1514660
1346719
1725201
1647975
1780852
1905926
1737747
1951666
1909898
1916469
1628345
1951999
1984400
1916224
1416678
1916226
1250417
1909495
1613294
1416992
1909831
1416629
1737219
1916730
1949299
1909978
1647388
1204979
1442295
1613709
1613697
1949835
1514929
1418450
1925766
1416819
1579775
1819661
1778773
1916241
1346710
1905651
1639398
1442254
1905531
1916914
1949892
1581272
1581269
1647206
1506871
1606369
1909977
1737336
1416557
1778751
1951609
1250580
1416568
1450496
1514267
1949742
1226907
1925719
1951616
1204781
1647532
1438877
1647507
1949351
1778889
1925451
1949382
1737293
1450559
1332220
1905588
1250803
1647326
1613862
1628219
1236975
1909330
1909224
1916247
1332202
1951805
1519221
1838200
1762946
1916847
1450278
1226280
1418670
1909541
1905699
1647642
1416519
1431688
1949505
1873300
1949373
1647966
1925695
1514979
1951547
1250415
1639740
1514629
1442218
1438409
1905484
1780974
1657236
1705206
1250216
1346248
1251317
1807228
1450440
1925406
1204961
1934789
1909408
1613558
1250328
1725400
1639480
1909753
1606795
1250615
1606203
1346329
1705419
1437221
1250661
1519272
1705784
1705279
1838330
1346345
1581988
1416854
1909518
1705475
1951456
1416526
1657213
1909547
1925208
1226546
1807234
1905391
1925800
1249498
1450977
1418350
1437344
1778828
1251752
1332210
1514585
1780799
1647978
1647581
1236479
1647909
1416356
1514802
1949537
1647863
1416243
1346285
1705500
1667206
1514707
1506233
1628246
1204999
1450512
1251401
1780327
1380214
1346309
1438378
1249635
1445600
1250618
1250337
1226312
1506502
1905461
1725263
1437855
1949212
1647967
1905622
1613286
1416220
1916519
1236300
1437247
1204724
1916707
1647376
1905920
1951691
1514591
1819238
1514600
1725233
1437245
1925286
1613867
1567244
1778792
1819421
1438920
1514443
1909761
1925490
1778233
1951257
1519981
1416450
1346303
1819592
1906420
1226973
1909559
1737226
1909907
1204400
1204602
1251269
1437701
1945216
1514609
1984244
1737251
1567408
1951364
1951271
1778859
1949678
1438274
1778214
1949591
1909575
1332263
1778227
1807356
1909841
1925321
1951322
1905399
1416989
1346410
1705796
1613408
1418730
1416276
1519781
1838333
1251447
1438995
1639471
1647375
1949288
1519859
1204773
1416277
1726245
1613391
1204304
1438345
1438601
1807630
1984242
1519871
1709649
1916912
1506733
1416840
1346263
1519732
1909680
1250939
1204290
1780876
1251422
1949332
1951488
1346465
1778869
1838934
1416845
1613483
1346256
1346251
1564544
1514963
1949991
1951288
1909288
1780200
1782823
1346400
1416826
1916735
1737221
1204712
1925922
1506643
1705760
1647638
1418387
1951475
1519223
1916699
1416833
1709427
1416254
1909292
1438505
1416837
1951237
1951208
1909507
1951801
1613227
1905996
1346772
1647697
1951243
1332999
1949315
1416890
1442234
1951667
1204906
1905981
1514824
1778938
1916957
1905462
1346302
1226347
1660243
1346775
1780708
1236888
1916234
1226228
1916643
1667231
1647244
1204887
1579790
1438778
1916465
1431588
1519321
1438600
1909716
1854529
1346406
1251314
1951299
1346387
1613777
1949378
1639388
1416875
1925330
1951902
1705304
1639998
1951764
1251227
1905685
1204223
1657289
1657877
1647447
1660815
1778896
1514571
1437220
1442215
1514792
1951239
1226970
1916826
1905439
1737733
1905609
1581615
1519504
1925918
1606794
1762436
1442340
1705741
1916740
1909781
1905429
1905392
1778867
1725777
1250221
1416677
1579580
1778237
1346383
1780887
1514638
1250706
1916798
1762500
1762760
1709707
1514706
1628628
1250895
1346443
1514935
1251599
1226401
1660398
1416949
1613978
1930205
1204872
1984234
1506588
1951448
1916848
1778928
1250888
1780842
1579520
1838288
1416399
1951567
1416891
1514572
1819431
1519671
1647450
1780972
1925382
1762226
1647818
1514975
1613234
1226755
1905246
1613798
1725203
1341895
1762303
1204330
1986910
1947229
1437370
1949335
1416617
1445214
1647209
1778836
1647572
1916504
1514805
1725261
1647763
1450561
1204572
1938356
1438398
1778956
1514436
1705413
1873277
1628333
1249989
1346757
1519320
1226773
1613301
1951813
1984219
1949322
1916530
1606923
1660537
1438809
1418955
1705341
1514602
1905673
1984250
1709216
1416829
1737267
1613330
1709400
1581682
1949702
1647408
1984206
1431831
1346402
1250534
1450465
1905626
1778554
1647577
1380799
1332699
1916360
1606584
1211555
1236457
1416527
1709689
1346322
1437218
1959202
1949371
1905518
1916751
1647240
1506703
1778855
1949304
1647621
1951241
1438829
1346450
1647986
1762294
1867444
1514513
1951441
1647995
1346888
1951289
1442279
1416799
1204520
1737234
1226737
1581886
1226606
1949462
1780545
1250300
1949600
1442256
1778995
1346236
1346424
1226979
1660619
1514793
1416569
1442232
1613863
1916956
1925705
1819817
1949648
1778902
1647261
1916588
1613614
1909775
1778951
1778977
1925216
1780267
1667202
1905961
1725333
1416726
1737510
1951963
1613219
1514464
1905512
1514739
1905745
1780504
1639536
1514266
1437684
1519521
1916254
1204892
1204825
1639395
1437990
1762333
1647234
1705406
1250499
1705783
1567395
1916580
1984207
1418558
1204801
1647540
1613878
1949612
1909952
1249491
1909927
1705740
1659902
1506427
1416876
1647494
1951436
1945214
1916627
1725245
1647878
1709215
1438522
1223204
1647561
1930999
1629237
1780926
1762888
1647974
1613550
1519222
1647906
1251644
1916701
1780299
1346432
1778872
1905923
1647792
1567560
1647569
1916292
1514972
1438886
1705424
1234238
1438830
1437244
1613619
1613530
1949344
1934777
1226972
1780716
1416587
1951712
1204714
1905601
1660493
1949338
1647498
1204483
1951496
1416705
1909572
1629261
1250988
1416302
1909379
1519358
1346714
1519750
1567694
1438804
1873455
1916618
1519567
1581259
1450531
1647455
1220465
1780446
1660259
1647390
1250514
1204818
1564444
1647238
1725277
1778582
1236993
1986497
1506888
1442249
1442300
1705647
1514683
1613894
1514235
1613265
1249700
1780238
1226376
1226268
1437776
1949303
1438270
1613898
1925408
1437886
1949544
1951899
1905341
1416453
1250204
1204259
1778680
1778982
1925453
1416805
1660292
1613663
1438686
1909281
1647210
1606560
1226988
1737302
1647287
1905550
1346529
1657500
1951941
1916749
1909272
1250862
1657757
1905929
1519670
1579388
1514619
1567239
1916532
1780902
1346420
1249360
1346843
1951833
1236886
1778245
1873920
1438822
1251597
1438406
1442297
1204209
1416524
1951552
1838239
1629243
1437248
1705795
1346362
1437233
1762758
1249297
1778549
1613604
1249357
1705919
1705443
1416662
1780394
1250413
1725267
1613914
1909488
1949573
1905924
1346203
1925532
1725212
1418271
1647539
1506961
1346431
1916397
1234265
1909260
1250777
1737808
1905733
1567277
1949293
1909279
1628699
1514926
1916329
1737285
1514231
1726206
1951837
1909322
1418896
1514402
1437242
1909436
1346342
1906281
1514243
1780934
1438934
1514297
1778718
1346305
1778926
1346767
1613282
1416435
1519987
1780215
1606396
1437240
1250371
1916953
1204809
1778654
1984255
1949449
1916203
1778919
1506469
1949532
1916510
1909694
1819444
1437985
1916579
1819432
1223207
1705879
1204894
1442363
1437230
1438930
1778729
1639840
1780863
1844335
1514754
1705806
1951847
1450858
1951556
1341500
1647402
1567215
1949492
1226350
1450328
1951756
1909957
1236681
1705349
1640203
1780679
1916237
1514829
1819962
1514531
1438863
1234600
1925949
1951545
1250804
1737218
1873301
1613866
1778392
1916790
1416820
1647225
1737708
1778954
1346308
1647224
1418633
1916825
1204851
1629200
1709486
1418480
1519641
1514700
1514843
1657600
1251434
1613921
1416920
1613447
1250857
1204245
1647625
1346664
1916597
1951987
1250885
1705433
1984344
1925768
1416233
1628227
1705262
1705845
1647562
1984464
1657271
1916877
1737271
1949400
1514208
1204806
1705482
1250505
1204296
1725248
1909682
1951336
1251220
1416388
1660214
1514880
1647982
1249634
1519350
1236688
1514244
1250299
1514641
1438998
1442529
1925399
1778678
1251385
1226383
1514947
1346766
1613281
1909276
1249570
1916695
1628213
1780721
1916549
1667261
1916850
1909549
1438229
1250261
1567290
1909602
1418977
1934208
1909662
1647394
1916214
1431775
1226208
1438394
1905806
1442275
1951973
1519752
1780803
1450230
1647891
1925301
1647404
1905818
1807358
1873355
1613805
1234272
1838242
1640777
1581803
1346732
1438221
1647237
1878257
1416537
1647829
1506251
1780983
1780965
1916396
1647293
1909769
1778246
1778267
1613725
1514712
1647890
1223237
1909280
1647889
1506990
1909455
1514561
1916892
1852555
1909773
1705220
1346917
1629241
1705999
1416791
1778892
1519323
1905718
1916880
1949619
1925493
1204430
1905351
1332239
1514233
1778677
1250732
1705305
1916764
1204930
1234281
1949874
1951663
1782625
1226457
1438870
1647774
1737274
1838380
1949485
1629213
1332214
1916804
1951578
1951972
1762344
1916910
1438835
1778890
1450662
1450916
1629202
1949743
1250486
1519636
1442253
1236866
1438738
1984444
1250878
1709727
1519384
1925726
1909320
1442355
1581777
1709685
1567868
1514553
1332799
1506238
1519277
1418907
1949680
1951265
1916236
1226845
1613360
1416414
1234529
1647513
1949422
1951445
1519494
1916715
1906569
1949512
1519573
1951442
1519578
1725910
1737215
1986236
1737256
1909744
1450897
1705840
1431448
1951437
1647864
1613291
1916272
1416770
1780603
1647278
1819668
1949235
1416843
1514923
1951363
1647573
1916868
1916276
1579361
1916407
1251721
1416938
1514566
1647914
1613323
1780281
1951415
1346717
1949686
1647458
1450501
1613879
1949528
1909402
1909802
1514562
1647780
1236682
1442800
1916269
1647549
1442217
1416570
1951707
1416522
1647385
1514299
1778684
1416559
1514651
1951349
1519492
1949751
1905807
1514448
1629777
1925457
1925961
1949294
1945209
1506567
1949939
1838227
1780522
1778798
1250377
1450544
1909724
1667678
1705300
1916585
1418571
1438832
1951575
1647803
1519328
1647248
1606307
1628999
1442353
1647835
1667777
1709700
1251689
1916541
1437214
1628468
1613909
1909646
1925875
1709541
1249749
1737900
1567343
1916837
1613341
1951809
1346218
1250896
1878670
1934336
1250465
1514668
1581245
1613413
1925520
1909442
1613449
1458213
1629201
1909763
1778829
1226748
1916595
1346310
1951429
1909278
1909222
1204796
1762309
1951543
1416710
1236795
1725247
1949973
1250960
1916333
1647957
1249878
1762241
1705761
1949522
1579387
1951213
1657226
1204232
1951419
1647619
1438806
1514618
1951312
1519362
1519374
1916260
1949201
1251842
1647520
1905321
1204941
1737217
1437339
1567644
1437580
1951660
1437772
1226844
1416919
1905536
1236865
1778871
1778822
1250488
1762267
1418805
1916841
1807697
1951563
1418658
1949390
1514825
1949259
1949226
1519324
1838385
1346273
1949274
1581996
1951538
1204802
1705205
1519477
1984265
1647784
1647410
1737278
1250558
1514282
1667298
1519691
1514515
1951548
1925890
1949326
1647451
1628288
1909979
1778772
1346225
1916893
1332252
1726888
1807631
1437771
1949554
1930217
1838228
1949541
1737400
1519500
1613617
1984245
1909509
1519319
1916201
1737232
1249298
1916370
1204299
1416347
1519719
1418930
1949659
1949413
1236890
1909571
1437488
1416912
1567205
1442274
1416660
1628363
1780264
1778762
1647222
1925575
1250710
1506229
1916432
1905691
1909615
1951216
1204390
1416968
1249503
1951236
1951577
1647654
1581998
1916834
1949592
1581978
1778893
1606315
1437533
1949386
1647696
1647228
1647877
1438899
1250327
1506500
1613501
1438504
1519936
1514991
1332213
1519802
1909525
1951460
1416894
1519375
1778239
1514209
1905404
1346500
1613438
1951782
1951481
1916717
1916903
1905396
1909380
1909743
1226751
1807407
1437970
1647497
1667240
1878777
1236668
1725206
1660641
1250301
1672869
1647338
1332240
1442291
1906241
1909693
1909496
1438498
1438992
1672870
1984217
1613668
1780898
1519763
1567710
1916622
1416995
1416206
1916472
1925548
1737717
1951633
1416452
1909348
1647298
1934210
1438932
1951533
1613415
1249221
1916425
1951383
1445777
1778583
1709219
1778980
1737247
1905375
1514953
1909232
1416509
1778999
1647231
1951416
1905213
1949981
1250877
1579795
1951251
1647204
1418999
1672369
1909904
1947201
1514886
1647250
1778228
1780860
1725465
1647490
1819321
1438630
1514552
1780298
1346399
1346270
1657900
1519818
1949245
1660473
1737600
1647542
1514298
1909965
1519209
1951595
1916215
1250826
1647768
1606362
1416564
1647236
1416577
1647563
1951499
1905616
1909955
1519860
1204795
1437998
1916559
1951281
1905876
1234901
1909800
1226710
1667209
1613252
1778319
1780632
1226224
1778229
1204841
1514294
1506612
1819975
1778984
1236380
1705344
1916303
1951399
1519570
1909532
1438491
1905830
1778316
1519731
1418569
1514993
1905434
1204918
1909334
1737233
1647292
1234718
1705498
1514815
1204570
1514713
1951407
1916498
1236330
1647425
1925305
1925864
1951743
1916479
1416725
1250463
1416786
1916835
1951295
1667379
1226881
1951970
1819588
1909251
1514778
1581203
1234256
1628234
1909837
1660620
1519755
1519688
1647819
1780812
1418268
1514433
1346475
1416471
1450329
1514992
1737703
1934758
1567331
1647767
1236880
1780729
1949697
1514312
1905731
1780908
1519977
1438525
1949405
1514592
1660631
1909631
1949791
1762251
1909730
1709699
1613203
1951374
1519616
1905339
1819230
1905432
1934444
1949617
1925375
1905251
1519949
1778858
1951490
1438866
1905866
1778998
1506607
1647365
1430244
1506503
1950555
1442229
1778885
1873389
1613453
1780918
1916842
1450332
1951425
1838219
1909638
1905658
1778903
1909552
1416716
1949636
1236885
1647806
1657296
1925282
1519820
1581243
1925337
1660864
1909315
1438792
1416704
1514705
1984215
1647580
1647687
1905978
1226855
1514545
1877366
1251290
1672333
1782509
1951795
1250668
1762257
1250258
1346318
1450489
1418725
1819831
1416312
1416801
1951892
1438458
1905505
1916202
1437345
1984389
1346367
1234817
1778866
1437235
1737895
1916806
1647454
1346365
1647262
1647232
1647858
1737529
1951894
1416717
1725977
1949531
1778989
1514238
1647856
1949438
1416473
1514714
1514895
1909643
1737205
1778308
1737465
1647720
1647762
1519580
1916955
1204480
1519939
1709980
1251978
1909896
1949601
1780307
1949696
1416273
1905746
1438308
1657275
1567247
1949767
1506533
1647208
1909516
1819506
1647219
1780901
1514827
1672202
1934786
1819307
1418932
1431349
1450924
1909967
1838217
1819319
1346240
1647354
1854202
1519774
1647202
1948555
1780201
1519792
1905808
1416834
1567938
1647964
1613355
1778386
1416930
1514974
1249631
1519259
1934942
1567510
1905472
1438336
1916660
1916833
1986689
1613818
1234222
1234855
1519602
1519505
1438993
1737243
1506647
1647534
1925596
1667289
1909284
1514816
1346577
1236772
1951230
1949395
1346422
1916295
1839500
1613540
1647700
1628270
1916212
1667237
1647785
1705730
1204213
1250230
1705315
1514258
1909344
1251254
1628202
1782366
1660238
1613762
1519778
1909203
1657272
1450235
1780806
1951757
1346333
1916578
1204271
1951627
1250812
1250691
1416817
1737666
1780700
1647308
1514214
1725227
1925350
1916583
1925758
1647802
1726203
1647201
1647771
1431541
1916213
1959777
1418951
1925214
1613889
1437922
1949200
1613406
1639826
1647822
1514594
1204771
1951355
1909546
1951531
1657205
1416459
1629238
1519229
1778322
1949521
1437983
1416389
1606215
1906362
1647823
1725230
1647557
1613328
1647920
1951480
1514692
1519488
1416668
1951381
1346617
1737618
1519718
1949529
1251350
1916856
1647568
1916238
1442899
1442238
1780815
1250922
1234863
1705875
1226237
1226582
1606220
1250515
1416274
1705808
1204638
1647372
1416828
1514268
1925285
1905783
1647473
1709697
1949463
1438881
1519999
1949358
1705822
1416897
1906367
1514583
1567315
1514607
1628240
1949468
1916634
1223848
1514442
1807276
1647551
1226345
1905781
1873655
1726777
1778924
1613361
1346369
1906379
1807861
1737248
1514210
1916862
1660247
1567204
1341465
1332288
1250307
1506962
1581258
1873930
1647405
1949774
1705713
1780656
1519851
1250864
1647383
1925683
1951333
1925435
1647936
1916225
1905329
1346382
1949613
1778909
1873875
1909996
1959500
1925984
1647273
1951337
1647499
1873970
1416712
1204292
1916884
1778676
1916952
1780405
1204996
1905286
1819354
1819775
1778400
1613407
1639396
1514770
1606283
1250729
1448444
1819856
1916658
1442319
1629248
1514212
1949473
1925323
1250855
1780625
1916844
1250897
1916829
1737332
1778401
1204291
1660221
1438875
1514242
1613720
1613404
1581702
1346213
1778644
1647779
1672368
1838237
1925436
1909452
1916626
1514927
1647613
1951550
1519590
1916932
1332230
1226808
1647284
1909745
1951421
1250703
1613834
1838241
1909200
1438407
1780292
1514554
1916513
1905767
1567207
1416707
1949246
1346212
1332228
1780920
1959239
1909243
1780932
1951818
1514452
1438927
1581222
1613213
1905872
1519872
1346702
1514577
1514892
1705309
1780978
1839206
1647676
1925678
1905773
1951377
1951990
1916905
1431451
1709730
1514593
1613920
1514544
1925206
1647217
1514506
1778833
1951338
1705323
1250432
1949375
1800661
1416455
1431338
1613402
1949302
1909808
1951651
1909539
1251786
1519300
1951526
1519490
1519992
1250809
1949290
1905809
1613979
1519312
1778552
1909287
1442380
1613290
1705340
1606261
1204840
1442281
1854855
1725600
1251656
1951675
1450694
1647330
1909235
1647999
1251253
1437777
1506476
1949266
1519502
1226821
1840999
1925489
1949903
1647459
1916633
1647766
1705869
1613315
1346216
1916674
1341208
1438391
1660249
1430255
1647401
1705688
1951907
1916640
1873688
1416420
1250948
1250517
1905864
1450358
1916218
1647904
1251725
1437889
1667310
1613796
1984500
1949429
1916917
1725266
1951283
1949540
1514409
1778712
1251699
1438325
1514349
1416788
1514569
1346444
1250395
1514919
1905869
1226458
1905330
1204514
1951515
1647381
1909695
1438989
1660233
1567305
1567245
1905226
1925255
1916533
1726300
1346291
1416892
1909578
1725780
1949412
1581240
1780831
1782820
1762231
1204523
1346377
1514795
1778899
1916301
1725250
1416275
1613620
1916346
1709363
1762212
1639382
1705662
1925293
1519770
1579990
1905782
1705977
1672218
1819924
1925209
1249800
1332400
1737932
1416970
1438855
1762246
1916666
1564204
1251337
1780278
1819909
1951727
1514518
1762208
1416795
1647233
1346677
1514702
1909587
1346414
1416858
1905578
1647449
1951568
1514743
1909242
1778320
1250444
1916745
1416402
1819825
1909286
1916470
1780712
1438808
1647994
1909659
1629239
1780680
1647971
1909850
1416884
1667786
1416520
1778533
1705987
1431276
1916869
1984269
1250319
1951316
1204630
1951532
1519878
1951435
1628215
1226790
1909515
1951298
1949394
1519242
1916398
1223205
1949501
1519329
1778927
1628254
1416320
1949297
1519965
1606634
1647722
1204805
1437995
1949682
1925915
1778513
1226961
1204807
1725599
1613848
1416225
1925499
1909282
1780906
1951599
1905537
1949289
1909618
1838226
1647983
1647996
1780990
1934205
1647699
1579400
1762207
1431408
1949566
1567225
1807728
1438405
1916995
1613285
1613868
1250882
1909553
1909634
1437231
1519861
1984221
1647962
1984999
1778996
1236458
1905220
1416893
1780220
1418863
1251423
1438868
1925786
1250361
1909855
1647739
1606930
1600555
1780809
1780315
1251255
1778865
1916296
1438523
1925518
1909721
1925808
1416290
1647618
1762283
1949434
1437973
1925357
1951467
1807738
1250886
1236877
1418933
1819679
1450921
1949637
1951462
1909223
1431507
1705868
1639827
1250683
1725242
1204481
1613903
1905441
1930209
1450330
1873770
1579300
1951525
1916718
1519615
1250815
1647327
1431212
1657282
1416896
1951519
1705990
1909660
1949310
1442347
1437361
1506406
1905723
1909246
1514909
1438922
1613870
1916757
1581578
1819640
1949377
1416771
1953555
1438764
1905580
1780706
1647328
1905902
1647807
1778651
1905984
1909737
1250520
1647880
1647853
1878222
1514557
1762400
1934207
1416721
1226984
1250571
1450530
1925727
1916384
1613277
1204741
1250847
1647221
1949370
1647769
1725240
1416738
1613264
1442306
1628286
1613724
1949945
1726213
1438979
1445500
1660568
1737402
1437929
1581293
1819510
1647860
1346971
1672999
1514546
1416846
1236818
1613981
1204951
1916753
1647881
1949393
1581264
1951305
1416686
1346290
1782641
1951906
1925522
1416410
1437833
1380213
1438397
1647969
1514703
1778929
1905931
1442202
1667203
1778957
1204792
1951534
1346600
1838282
1442230
1226408
1629231
1647884
1878379
1346307
1346368
1909294
1514249
1984528
1647614
1780236
1438347
1909489
1226256
1250202
1657364
1450473
1905483
1346219
1639389
1418655
1705929
1416627
1819323
1204791
1909492
1613581
1639397
1647915
1819292
1647850
1916228
1519591
1705331
1873376
1226962
1418261
1519275
1819239
1647500
1226220
1951858
1613242
1951255
1628444
1949430
1606428
1514794
1204298
1450288
1606412
1951420
1250833
1450361
1346245
1613577
1346360
1819699
1951501
1514727
1647990
1346331
1204526
1951640
1346763
1819797
1437770
1519901
1234956
1984302
1514826
1984224
1438884
1250702
1234703
1949506
1519551
1437989
1442207
1647712
1506474
1234386
1819571
1762300
1226894
1778968
1613243
1949460
1581707
1925359
1705989
1431302
1840209
1519575
1737500
1725867
1251257
1951219
1416566
1951961
1737404
1647965
1437780
1581990
1514578
1909973
1442226
1613890
1905815
1613331
1346235
1949355
1909231
1709985
1251643
1438924
1949207
1431457
1925708
1778581
1250613
1916223
1506720
1737537
1346376
1226998
1506259
1438978
1778683
1916417
1778834
1581849
1951290
1506977
1442309
1567203
1780649
1613389
1579221
1613899
1672772
1780994
1438882
1567307
1916612
1613985
1873200
1346701
1234542
1819342
1780243
1909675
1660345
1905954
1878302
1705716
1579744
1639418
1949441
1438793
1867993
1514715
1416278
1807621
1519830
1951382
1437991
1780312
1780554
1909738
1951398
1236700
1951760
1437986
1250981
1250634
1606310
1514348
1332331
1916517
1346326
1905336
1416248
1416910
1951662
1949282
1838236
1519278
1737288
1514776
1949278
1909671
1782482
1226343
1916271
1613223
1567227
1416300
1236607
1204612
1951483
1346314
1204250
1838205
1807907
1236868
1438834
1204362
1949433
1660342
1726216
1947225
1709728
1416994
1514264
1951234
1250859
1778350
1581982
1647701
1438722
1667321
1437988
1959210
1780868
1567273
1418332
1234301
1647764
1905868
1250228
1916987
1916478
1951403
1204583
1442320
1514473
1819266
1916534
1705975
1416466
1780742
1416666
1450424
1438701
1514918
1949760
1909374
1925998
1905593
1838240
1418509
1514649
1778881
1949748
1346774
1519239
1204441
1514623
1249564
1949674
1709235
1514688
1762685
1647289
1567303
1660723
1431777
1416859
1567271
1251513
1416706
1647467
1647694
1916402
1506378
1672514
1346401
1438228
1705643
1514581
1506532
1236996
1204226
1657529
1514898
1905741
1416728
1332236
1916765
1647548
1949426
1416371
1346429
1418653
1438879
1916846
1984222
1951412
1951733
1613876
1951378
1249499
1606748
1223203
1838945
1778241
1251233
1909809
1234788
1226235
1905650
1519969
1251235
1234263
1204558
1613251
1346803
1629899
1234716
1438933
1250947
1519376
1647832
1667225
1909816
1909714
1204721
1778874
1951260
1705742
1639999
1949870
1916796
1705410
1705606
1951233
1780618
1438299
1514779
1564202
1709682
1909538
1878444
1514686
1506874
1346229
1916899
1647496
1567260
1418680
1581983
1613770
1613807
1909449
1514912
1450502
1819334
1916550
1236502
1951903
1437778
1647629
1873730
1250714
1416882
1778764
1725239
1951440
1949520
1437600
1984305
1780222
1226218
1445400
1613797
1984289
1581372
1442273
1251404
1951732
1819857
1949701
1909263
1416616
1416988
1438777
1346715
1916230
1984233
1647515
1346419
1916672
1778325
1250751
1909254
1647929
1660679
1514426
1514830
1416529
1236978
1778891
1909827
1514437
1204869
1949482
1519809
1909461
1236902
1519562
1236998
1909757
1647444
1418215
1909236
1506499
1647709
1905870
1819635
1519784
1438497
1506755
1657262
1657342
1346349
1438373
1916382
1438969
1226759
1925595
1916261
1346606
1251680
1514652
1780699
1916601
1778766
1905379
1951313
1951210
1442999
1780622
1725222
1951565
1916895
1819410
1909767
1660324
1514865
1236233
1647703
1647997
1905962
