1630865
1217722
1847532
1773701
1773251
1312582
1847563
1847702
1773399
1708942
1773368
1312576
1312687
1312874
1847529
1312215
1217617
1309981
1773367
1773603
1872484
1331645
1708915
1815274
1779227
1630478
1847567
1312350
1847372
1309231
1630703
1708645
1312918
1630486
1815207
1630841
1708368
1847624
1708852
1773341
1312805
1217652
1224655
1618920
1217396
1217735
1872230
1773457
1779801
1773715
1618732
1708796
1708341
1224578
1773876
1217361
1630862
1224242
1331703
1847767
1312937
1773712
1630730
1815409
1708821
1847899
1708212
1773682
1224489
1630709
1708765
1779475
1708669
1872260
1630632
1630363
1708537
1847856
1309513
1773306
1224622
1708477
1630407
1312905
1847444
1708800
1312720
1773209
1773407
1630863
1847891
1618719
1312296
1815570
1217430
1773354
1312286
1630785
1630819
1312881
1847602
1312823
1312546
1708250
1708904
1217259
1312459
1331259
1331245
1847791
1312731
1224908
1779260
1312945
1815517
1312981
1312259
1630580
1312778
1630869
1708271
1224361
1224900
1312420
1708935
1630286
1847990
1815541
1847770
1773966
1708872
1847508
1331588
1331307
1773963
1773386
1708828
1224391
1773329
1630889
1815404
1224349
1630740
1312207
1224688
1630805
1224633
1847322
1312403
1847775
1815713
1708927
1847235
1312536
1815519
1618616
1618210
1331213
1815679
1773584
1224430
1312572
1217822
1217607
1630204
1773293
1815823
1217883
1630402
1847271
1773647
1331227
1224310
1630772
1773657
1708545
1773704
1312928
1224238
1618779
1773474
1618767
1312953
1815980
1630936
1312549
1618599
1312871
1630631
1309507
1618402
1224388
1309316
1630513
1331229
1331575
1847246
1309721
1618699
1773612
1224223
1217294
1773217
1773396
1630696
1708373
1708222
1773789
1847321
1847682
1217994
1847909
1773420
1217454
1847810
1312914
1630212
1224385
1630346
1224240
1773450
1312860
1815501
1217840
1773326
1773817
1847840
1312517
1309631
1630597
1815382
1779777
1312768
1708954
1224769
1217918
1224443
1630887
1630313
1224291
1618560
1630207
1224570
1815993
1224381
1630608
1708701
1312857
1630835
1847961
1217480
1708878
1773440
1773512
1309506
1312730
1815781
1312779
1630670
1618534
1309944
1312287
1779537
1630674
1872220
1708739
1773443
1773697
1708803
1708768
1217974
1708824
1773877
1708491
1618484
1217819
1847924
1773332
1708642
1224818
1224347
1224424
1217741
1815984
1630544
1309368
1309337
1773312
1773627
1815830
1309716
1872401
1773852
1773458
1847490
1224990
1773272
1630891
1331725
1312610
1312203
1773750
1309466
1773304
1708646
1630666
1773587
1708334
1815530
1630336
1618477
1708698
1217513
1847722
1773757
1312722
1224306
1773831
1217220
1630280
1847857
1309684
1847373
1312530
1312358
1224766
1630240
1815217
1773980
1708590
1708314
1224828
1773556
1708822
1872243
1708205
1312394
1708261
1224399
1708369
1630914
1630200
1217213
1224795
1312481
1312478
1630217
1224250
1779225
1708733
1708483
1847422
1872202
1773931
1630823
1309603
1815674
1217516
1872216
1815535
1779444
1331201
1847530
1618247
1708632
1708737
1224499
1773255
1630998
1847860
1773501
1773912
1847877
1847452
1815979
1312388
1309360
1618698
1847721
1773968
1217602
1815212
1217251
1815238
1618610
1217414
1630308
1312962
1773791
1773516
1773382
1773220
1773782
1312300
1630656
1309357
1773915
1224258
1872814
1312531
1779250
1630549
1815978
1630806
1331717
1847385
1312217
1630269
1217855
1847609
1224627
1224368
1309224
1217828
1815291
1331980
1773616
1309989
1217690
1773330
1217417
1224477
1630809
1708682
1773698
1773997
1312522
1773528
1773250
1630273
1773891
1312801
1224830
1847406
1630660
1618558
1630747
1847907
1708964
1217520
1708657
1708785
1618434
1773269
1224402
1630561
1773567
1815970
1779772
1708835
1224632
1312608
1331233
1312736
1872215
1815355
1773620
1630485
1312273
1847528
1224363
1773550
1773664
1630940
1773380
1224451
1630518
1847275
1630258
1815671
1773520
1815764
1224612
1224340
1773349
1309427
1224276
1309945
1815761
1312451
1630915
1847293
1708515
1312765
1773524
1847420
1224307
1815651
1618600
1309338
1224716
1309714
1708870
1630997
1224345
1309620
1309314
1872895
1312925
1773672
1847809
1779206
1312600
1708710
1309509
1630251
1217208
1312694
1847380
1630289
1312897
1708731
1773621
1224666
1312369
1224480
1708955
1224441
1224723
1773842
1815608
1847668
1224509
1312241
1312647
1630414
1815997
1217340
1773954
1847363
1309737
1217299
1217621
1630774
1217778
1815573
1815905
1773331
1224392
1847613
1773972
1309838
1312383
1847970
1312636
1309241
1312543
1224400
1224456
1630540
1847888
1312998
1630621
1708558
1708751
1773936
1708441
1312468
1708277
1815566
1708665
1847429
1773426
1630965
1773299
1312919
1779245
1773398
1773425
1618641
1224848
1630396
1309533
1224703
1618419
1773216
1773301
1708289
1224555
1847305
1773270
1773718
1815503
1224231
1708735
1815474
1847257
1773678
1224428
1217313
1847913
1309332
1618830
1773469
1618670
1618228
1217512
1312835
1847751
1773653
1309431
1630707
1618978
1815262
1773547
1312312
1815210
1224239
1773467
1312632
1773827
1708265
1773850
1773542
1630421
1309868
1630519
1224762
1708926
1708516
1630431
1618303
1815857
1773397
1773669
1618593
1618201
1630659
1630814
1773680
1708577
1815693
1872302
1847513
1773724
1872237
1224938
1309310
1217438
1815307
1630383
1630918
1708548
1217535
1708969
1708536
1708972
1312439
1773786
1630464
1773614
1309420
1847987
1847459
1217204
1312869
1630337
1312469
1630317
1708218
1618217
1217519
1618795
1309417
1312586
1217420
1312692
1815739
1224217
1773962
1224458
1630888
1312735
1309886
1773451
1815441
1708897
1773619
1773519
1708518
1773517
1312757
1618531
1217296
1312560
1847560
1618791
1773383
1815219
1618407
1815531
1217279
1331251
1773551
1847769
1708557
1708967
1630947
1773895
1309340
1217371
1224856
1331278
1773470
1618318
1708274
1217232
1630802
1217823
1630991
1708272
1224804
1630935
1773993
1618301
1773703
1779423
1224409
1708214
1312774
1312912
1847999
1773543
1815540
1708996
1630310
1708690
1847975
1708571
1815546
1779208
1224318
1872223
1815871
1309370
1618420
1312330
1312218
1312866
1773905
1815271
1312776
1630755
1618781
1217891
1618841
1815677
1312292
1708912
1773946
1309750
1847744
1872244
1815703
1224383
1630901
1224600
1312753
1847980
1847456
1312402
1312944
1618403
1708497
1773314
1779707
1224770
1217710
1773562
1773663
1708612
1773447
1847977
1847815
1217357
1708257
1312759
1217695
1708724
1312806
1630999
1847989
1847371
1224993
1708971
1847629
1773632
1224814
1224219
1217552
1312824
1630974
1618702
1815276
1708435
1708805
1708247
1331208
1815528
1309292
1815614
1630532
1847287
1708600
1331200
1773410
1312539
1815687
1312964
1630672
1224415
1312399
1708833
1217415
1815673
1773920
1312231
1708417
1773766
1773490
1872666
1630360
1217339
1815953
1217433
1708372
1331254
1224470
1630330
1618316
1815613
1815670
1224288
1618917
1773392
1708370
1773634
1815914
1630248
1847802
1708287
1708717
1847262
1312221
1217390
1773865
1708307
1630589
1331625
1773355
1847814
1708829
1815283
1630333
1773502
1872806
1847826
1773656
1630550
1708913
1708378
1630220
1815799
1217495
1708501
1815386
1312973
1309531
1618713
1773875
1847354
1630430
1331214
1217972
1847714
1630765
1872228
1779771
1773617
1708668
1815299
1224789
1708363
1630934
1872808
1847471
1815405
1331333
1618375
1630779
1630607
1312841
1708527
1847858
1331803
1630452
1309613
1630644
1217499
1224656
1630864
1312202
1708615
1331276
1224216
1224427
1312623
1217572
1312278
1773746
1224290
1217518
1773260
1312566
1224213
1630945
1309362
1773226
1708546
1815218
1312783
1312847
1309212
1312210
1872760
1217274
1312719
1630439
1773530
1847514
1312581
1779254
1217372
1847736
1779253
1217441
1618972
1312447
1708973
1312804
1847309
1630877
1312597
1847902
1773600
1708359
1217720
1312319
1309558
1309287
1224714
1630780
1630731
1224763
1773956
1847648
1309536
1773908
1309403
1224208
1312646
1309210
1708838
1630292
1847756
1618726
1224235
1630501
1773290
1773289
1773610
1630790
1217487
1331551
1312960
1312320
1331850
1217721
1630995
1630967
1847284
1630390
1618302
1224444
1224901
1618889
1224210
1708941
1773867
1331250
1224554
1217850
1773571
1847542
1309485
1618967
1773814
1312593
1224775
1217577
1312854
1630689
1773996
1312340
1630344
1847281
1773418
1847476
1847915
1312401
1708609
1847641
1815701
1815280
1224372
1630605
1312316
1217460
1872287
1312392
1708834
1815601
1309706
1773546
1708542
1224803
1312208
1847370
1773263
1630661
1630648
1708204
1630447
1773206
1309206
1773370
1708543
1847693
1630373
1847337
1630715
1618954
1224221
1217493
1630456
1312880
1217737
1630886
1224248
1773870
1773943
1815650
1312285
1309831
1224281
1815981
1217304
1312675
1224202
1773910
1224343
1630618
1224567
1309336
1224577
1847833
1815457
1630450
1224616
1224434
1773729
1312956
1630338
1773999
1708362
1630746
1312497
1847338
1815721
1309648
1312209
1815558
1630812
1312498
1847269
1618671
1773598
1309713
1773203
1630542
1708705
1224373
1815303
1312802
1815372
1312810
1217820
1217827
1708476
1708965
1630878
1815584
1618500
1815345
1217871
1630457
1630742
1815243
1224440
1630327
1708966
1309712
1217502
1312391
1312448
1312375
1773356
1847636
1815861
1872810
1708567
1815698
1708943
1224386
1312434
1630729
1309376
1773853
1630335
1773941
1773901
1708315
1630849
1773277
1847745
1847778
1815351
1312414
1217848
1773644
1708774
1217600
1224339
1847942
1630345
1618977
1815258
1618219
1773708
1847504
1773951
1847812
1618310
1847951
1779513
1224478
1309582
1708263
1217377
1224855
1773822
1847800
1217440
1815295
1224422
1630534
1630401
1708985
1309205
1847912
1847431
1224515
1224321
1773930
1224772
1309822
1847596
1312883
1312371
1630301
1773480
1312872
1217790
1847875
1331230
1630770
1217670
1708506
1630636
1331301
1312625
1773318
1773305
1312882
1217316
1618412
1773733
1312682
1309213
1630440
1630926
1779207
1312659
1309540
1630754
1630300
1847730
1708253
1773454
1773668
1630776
1224324
1630415
1815252
1708415
1847849
1773554
1847948
1708837
1309404
1312483
1708299
1630624
1312523
1847715
1708663
1224628
1217504
1630379
1331472
1708676
1618384
1224508
1630246
1224610
1847564
1773401
1708921
1815200
1847630
1630639
1217419
1773695
1847997
1773459
1630400
1618694
1224226
1773242
1630567
1309394
1630842
1312725
1331243
1773297
1815919
1224623
1872204
1630290
1773441
1708759
1224704
1773681
1217821
1217649
1815990
1815416
1815222
1708517
1815242
1224465
1708675
1224436
1708981
1847637
1773840
1779703
1815975
1630340
1872901
1224857
1224302
1217254
1872702
1773675
1708244
1224625
1331302
1773640
1630688
1630930
1312734
1773456
1217638
1815341
1773302
1618927
1872245
1630229
1312554
1708209
1630506
1224247
1847344
1708843
1708309
1773642
1618578
1217622
1630329
1217369
1312513
1773525
1815836
1309749
1309397
1872639
1312859
1847707
1618660
1872242
1773231
1217549
1618340
1847400
1618708
1847219
1224433
1630606
1331228
1217246
1847224
1847312
1847571
1630299
1630488
1630392
1224283
1630850
1708267
1309233
1309569
1217898
1708421
1630741
1312310
1224358
1847483
1312301
1618251
1618606
1847873
1312550
1815451
1630408
1773758
1773266
1708738
1708648
1847652
1224435
1217242
1773316
1708438
1630615
1708901
1708427
1847878
1773557
1217979
1872225
1618214
1224829
1331304
1309751
1217799
1847881
1815661
1309634
1773419
1312969
1773319
1847922
1630319
1847863
1872254
1773707
1708254
1217620
1847660
1847852
1630270
1773402
1708351
1773938
1708953
1224595
1815790
1708510
1224419
1847917
1312545
1815499
1618525
1773824
1312305
1773939
1773372
1708382
1331801
1708227
1618751
1309550
1815762
1217750
1773576
1618491
1773208
1773219
1708813
1309857
1217971
1630800
1630334
1224933
1773896
1309201
1224639
1224565
1872267
1630433
1331321
1773590
1708256
1309525
1224580
1779348
1630215
1630465
1773504
1815514
1773569
1773808
1312384
1217247
1217281
1773986
1618806
1618570
1618980
1847334
1217271
1847505
1224420
1779221
1773507
1312877
1312504
1312605
1217280
1847220
1312519
1312686
1312999
1847494
1217278
1773394
1618223
1708970
1630723
1630480
1312415
1618444
1815508
1630818
1618365
1815710
1331303
1630504
1224999
1773940
1773992
1217714
1224678
1217731
1847254
1773580
1708439
1872305
1312485
1815908
1630641
1773344
1630222
1773796
1217766
1312709
1708779
1708740
1618550
1773771
1312966
1618514
1309912
1309442
1630943
1618975
1312771
1217900
1630460
1815988
1847890
1224706
1618922
1224410
1618357
1847848
1708879
1224822
1217899
1630514
1773885
1630463
1217825
1224532
1847558
1309369
1773971
1618204
1773696
1224634
1815378
1224252
1708252
1872229
1224337
1224713
1630796
1630975
1815494
1708712
1217619
1331348
1630992
1331235
1847409
1815483
1331332
1630479
1773868
1309278
1331255
1847834
1773531
1847932
1618960
1312361
1773358
1312547
1773790
1224425
1773710
1847414
1872233
1309331
1224374
1312993
1847463
1309532
1708336
1630219
1815254
1773717
1618631
1773799
1331239
1309472
1847415
1312818
1773294
1224387
1618540
1779205
1312952
1815545
1815995
1217530
1708860
1708297
1708793
1847650
1773526
1618792
1312508
1779702
1630489
1773860
1217257
1309207
1708673
1630461
1618406
1815985
1773595
1773505
1847845
1630487
1312888
1708732
1630341
1708408
1815955
1312662
1224341
1224605
1630209
1630650
1847501
1224542
1847704
1312684
1331425
1224227
1779267
1630768
1708595
1815593
1224522
1815848
1773807
1630788
1618218
1847991
1773403
1217521
1708602
1815414
1773412
1312505
1708310
1773744
1872600
1217412
1815505
1331256
1618590
1630873
1773849
1773239
1224360
1217413
1708224
1312237
1815216
1309203
1630981
1309826
1224355
1312885
1224384
1708541
1224257
1224209
1630453
1630956
1773961
1815973
1773338
1847904
1312507
1224552
1312335
1773641
1773987
1224931
1312257
1312972
1708797
1331218
1312502
1815302
1309230
1224421
1708217
1217402
1708437
1847393
1309317
1217293
1708285
1217718
1630669
1217308
1708228
1708997
1630614
1847308
1773981
1708305
1224602
1773573
1773918
1773727
1618638
1224637
1708495
1708635
1224300
1312533
1815213
1773475
1217319
1309430
1309313
1309280
1630296
1708949
1708715
1217506
1847612
1312951
1872465
1312927
1630853
1815250
1630470
1815275
1773844
1708692
1630743
1773638
1630210
1630938
1815353
1815715
1847921
1309363
1773387
1630547
1224406
1815272
1708769
1773559
1618315
1618946
1312678
1217334
1618401
1630362
1708934
1312721
1312219
1331775
1815245
1312614
1312256
1618435
1773491
1708963
1312409
1815263
1312933
1773780
1773709
1312907
1815412
1847954
1773953
1773406
1847313
1773988
1630256
1224735
1773373
1630596
1312206
1815878
1815324
1224326
1773797
1708789
1773315
1630221
1618923
1773615
1773225
1708983
1872209
1312755
1630667
1773802
1847787
1773597
1217553
1815822
1815915
1708513
1312200
1708850
1847331
1773494
1224730
1779236
1630512
1815999
1847521
1872315
1773405
1217250
1779264
1773574
1630870
1815685
1847212
1708662
1224214
1847502
1815641
1312585
1331901
1773747
1773648
1815370
1630397
1773952
1309753
1815289
1815206
1708918
1630675
1630803
1773837
1309645
1815814
1630352
1773313
1312843
1847489
1312599
1312934
1773499
1630205
1773759
1773793
1630738
1309779
1773691
1847477
1773888
1312775
1847209
1312437
1312465
1773636
1309453
1224303
1312518
1224619
1331442
1773629
1815236
1773444
1773998
1331454
1630957
1312282
1630417
1618801
1309232
1630937
1224545
1618367
1708296
1224322
1312343
1312656
1773503
1872703
1773357
1815592
1847496
1847302
1224520
1773892
1224201
1312852
1872444
1708580
1224530
1708238
1312868
1312714
1630977
1618741
1312493
1630339
1217663
1312975
1312929
1630432
1708469
1815557
1312637
1773960
1773851
1312965
1217816
1815486
1773645
1312890
1773798
1773927
1630399
1312763
1217610
1618706
1773964
1847208
1630699
1224800
1847274
1217697
1312989
1312909
1309269
1815549
1708606
1630484
1224539
1309992
1773679
1847345
1630816
1630781
1847366
1708288
1309249
1773858
1708830
1217853
1708699
1872253
1618559
1708573
1847966
1224280
1815690
1312752
1708574
1773982
1224717
1331444
1872214
1618798
1630808
1312889
1708910
1217416
1630429
1630287
1773577
1630866
1708945
1618803
1815909
1309264
1312509
1312718
1708328
1312213
1331222
1309255
1312961
1815325
1224237
1312307
1847454
1217358
1217656
1815383
1847525
1847732
1618581
1708990
1217264
1630520
1847217
1630777
1224423
1847421
1815600
1224254
1630294
1618623
1872362
1773916
1630291
1630388
1773683
1708714
1630701
1773977
1872348
1847401
1630649
1312246
1872308
1847404
1773432
1815388
1312785
1224305
1217904
1708671
1331452
1331262
1773639
1773430
1708400
1618707
1618542
1773812
1217292
1872218
1217303
1773521
1847533
1773809
1630253
1847387
1312833
1630533
1773900
1773719
1773739
1708932
1217320
1309657
1847510
1217717
1224284
1872248
1331205
1773575
1630962
1847207
1773366
1224413
1708533
1224267
1708268
1872222
1630815
1224645
1708582
1217497
1217248
1708270
1708776
1708639
1312622
1815354
1630267
1773240
1708906
1618203
1224323
1773273
1815797
1815742
1630261
1312617
1773699
1872888
1847910
1630423
1630418
1847323
1872804
1618207
1312385
1779212
1224651
1217494
1708654
1309333
1815322
1309236
1309696
1815315
1773970
1773536
1708845
1331238
1708674
1773879
1312404
1779804
1312395
1708736
1872303
1312607
1708539
1224234
1773742
1872757
1773902
1773676
1872235
1815582
1773991
1309781
1630398
1224806
1773592
1872255
1630673
1224662
1224659
1779910
1815954
1224661
1331643
1312477
1630917
1309678
1312837
1312538
1815884
1708528
1773754
1224256
1773923
1847276
1815323
1630640
1773666
1773887
1773886
1217729
1708308
1312446
1773984
1217550
1618521
1708466
1630559
1815329
1773658
1773544
1312568
1815343
1224500
1618409
1847347
1847867
1630642
1224607
1815209
1815904
1618979
1872777
1309621
1847340
1224540
1872301
1815585
1708653
1618553
1815630
1630988
1217276
1217370
1773819
1630697
1847481
1773655
1779252
1630247
1847445
1815912
1217685
1815621
1630687
1708203
1309253
1630546
1773495
1708552
1708393
1815719
1815419
1224334
1312792
1847903
1331431
1224817
1708269
1224319
1773322
1708280
1708856
1618604
1708869
1773415
1708323
1630536
1309459
1309259
1630254
1773973
1815714
1773690
1779875
1217474
1312766
1773317
1815616
1217671
1224587
1224733
1847777
1309327
1815931
1309660
1331704
1618501
1630843
1312772
1224504
1779758
1224229
1331223
1224230
1815298
1224475
1815403
1773979
1618772
1847868
1708691
1815342
1618910
1630600
1312261
1815756
1630235
1708743
1309351
1779200
1708889
1708560
1224469
1217653
1630347
1618567
1773899
1773934
1224875
1773564
1224548
1773558
1217310
1773599
1773218
1331220
1872285
1708745
1630987
1708980
1815615
1773726
1773563
1847553
1708858
1847343
1773320
1224535
1773630
1773484
1708616
1773351
1224401
1217597
1217851
1224245
1312813
1847708
1773983
1773800
1217306
1217775
1815526
1312479
1708207
1618535
1708623
1312555
1779435
1773937
1773732
1312489
1618696
1847651
1224701
1630391
1773541
1312216
1815666
1815579
1708275
1224588
1630525
1815277
1309361
1217202
1217725
1708200
1872212
1773816
1779456
1872272
1309592
1773236
1217481
1708655
1630923
1773230
1618421
1217841
1312826
1815603
1224431
1309226
1331308
1708529
1618528
1224698
1309339
1847361
1773606
1224325
1872817
1312619
1309204
1773909
1773207
1217381
1773510
1312690
1773280
1708928
1312898
1630318
1773706
1224279
1708916
1224266
1217801
1815527
1773439
1773716
1847622
1630449
1773327
1708490
1630386
1815587
1312363
1708549
1224501
1815656
1630903
1331257
1773449
1872201
1217305
1312291
1847804
1312342
1708578
1630822
1309738
1312270
1847280
1618971
1309202
1847436
1312848
1331684
1331310
1708262
1815757
1815768
1815590
1224297
1773671
1217693
1708407
1815821
1872238
1773628
1773540
1224426
1708436
1618263
1630677
1312982
1618269
1618306
1217418
1224289
1815228
1312579
1773253
1224518
1708770
1309433
1224200
1815261
1773431
1224260
1224805
1815771
1630881
1309428
1630538
1847946
1309519
1224636
1773882
1312450
1312978
1708300
1773677
1708631
1773762
1630201
1847417
1847850
1815326
1847830
1331465
1217200
1847204
1847971
1773256
1773841
1331701
1708846
1217836
1708887
1773965
1773307
1630908
1708555
1815575
1312315
1217216
1815735
1773829
1847544
1312480
1815407
1708890
1309235
1815448
1815491
1618530
1630767
1708525
1224241
1618322
1224813
1773259
1847460
1309221
1773414
1224558
1872985
1331300
1217260
1312487
1773429
1815456
1847687
1815348
1773673
1312618
1618580
1773815
1224236
1224304
1630825
1309687
1217779
1224308
1217331
1779279
1708340
1708704
1618334
1217666
1872818
1872203
1847226
1630202
1630242
1224268
1309883
1630946
1630303
1630306
1815943
1815495
1708752
1773949
1312971
1630234
1217691
1708284
1847962
1312405
1618697
1708986
1224330
1708790
1872281
1708925
1847493
1309402
1847766
1630302
1630854
1708903
1224432
1708462
1815368
1847644
1312799
1309530
1224572
1872400
1708899
1224944
1630312
1224507
1773818
1312613
1708677
1630857
1618317
1312515
1847627
1708767
1309371
1773416
1618520
1217508
1872213
1331315
1312631
1312339
1217218
1630272
1847790
1224603
1618579
1309825
1773578
1331240
1630551
1773957
1708420
1708638
1847772
1630393
1630994
1773803
1630364
1630405
1708998
1224715
1847754
1217473
1630885
1773787
1630492
1708979
1217917
1773751
1630474
1224204
1630728
1618974
1224575
1708722
1309216
1217556
1630828
1773593
1708802
1312838
1708248
1618701
1312248
1630868
1331330
1630664
1773343
1779774
1309415
1630890
1779255
1331266
1312834
1708374
1224243
1630749
1309275
1773633
1618944
1312532
1309846
1618826
1618572
1331707
1224563
1708603
1815793
1217343
1630359
1847757
1708620
1779239
1309256
1224277
1331666
1224517
1630913
