1305301
1386624
1850293
1786253
1321239
1813646
1786589
1561308
1321872
1813580
1813475
1321999
1904376
1754999
1305354
1407718
1786971
1904318
1786308
1321512
1954758
1813927
1813279
1305927
1754800
1850461
1321946
1786213
1407373
1727804
1813331
1786705
1863937
1305766
1407603
1727344
1813732
1407967
1954868
1386688
1239867
1786359
1352632
1561307
1561448
1561212
1813952
1386689
1904422
1727333
1321360
1863547
1407541
1561644
1352541
1727424
1786443
1813816
1407535
1772473
1904655
1239365
1863934
1786607
1407837
1813380
1407932
1561449
1786575
1727365
1850559
1904239
1561577
1904476
1941313
1850890
1305970
1850888
1352575
1239842
1305424
1352219
1561337
1954869
1954666
1386383
1727543
1561599
1754367
1407947
1786613
1407219
1772324
1727836
1321436
1754801
1321754
1954815
1954629
1954990
1954378
1305857
1321557
1727767
1239248
1813728
1954833
1321821
1352870
1813532
1813360
1239877
1352361
1904861
1239571
1386214
1239280
1904303
1941248
1954837
1786830
1305788
1352282
1407446
1772213
1904297
1863969
1954594
1813399
1305491
1239240
1727735
1941266
1321689
1904999
1941661
1727215
1941580
1352547
1239333
1305834
1813944
1863250
1954665
1954999
1407433
1786296
1407868
1561294
1407724
1305923
1561322
1904200
1786373
1850443
1407529
1941713
1561502
1561829
1561532
1321667
1786760
1863446
1954203
1727755
1786475
1813381
1786400
1352536
1727293
1321373
1321337
1786387
1772291
1850207
1561674
1352321
1561619
1863864
1954559
1904665
1786799
1813400
1352606
1727666
1407432
1786495
1850346
1561567
1352551
1941538
1850316
1561568
1813502
1727262
1386837
1786933
1561932
1863213
1772284
1813541
1407385
1561893
1786822
1561812
1954702
1941250
1941465
1727498
1813397
1561451
1863228
1850598
1772773
1407414
1954226
1786298
1321276
1321566
1786610
1850292
1239290
1863417
1305367
1813277
1754234
1407613
1305799
1941304
1863633
1352455
1305951
1786306
1786271
1786257
1850368
1407590
1786721
1954467
1954417
1754400
1407495
1813467
1239849
1407900
1954865
1305342
1863869
1786350
1954289
1786582
1772501
1407451
1386931
1772267
1786408
1239348
1954256
1786801
1954248
1305484
1727900
1352682
1305915
1407501
1321408
1321238
1813297
1786502
1239362
1954651
1786685
1561526
1239214
1239470
1904576
1954995
1386457
1954325
1813668
1754267
1954932
1954673
1305879
1305469
1850382
1904923
1239284
1954501
1407730
1813418
1786764
1850597
1407808
1786644
1786694
1321330
1904738
1561870
1941962
1786660
1813525
1772607
1561800
1850586
1754260
1407919
1727249
1850603
1850217
1786869
1786590
1754300
1407537
1561503
1904680
1954812
1407493
1954604
1561358
1904753
1407300
1954859
1786627
1352871
1727608
1954708
1786664
1239438
1386547
1850313
1386507
1813781
1727492
1786435
1904484
1941284
1813434
1813493
1954554
1727301
1954642
1561810
1786559
1941586
1321354
1786719
1850329
1904528
1954263
1954214
1863398
1941245
1850428
1561714
1352457
1813892
1754202
1813847
1813324
1954380
1561409
1954297
1786473
1321697
1305322
1239322
1727277
1954326
1813863
1954857
1305450
1305582
1754444
1305676
1407929
1786985
1786752
1941840
1239244
1407488
1754201
1813743
1786407
1904429
1561880
1772946
1813451
1727422
1239231
1561679
1813431
1850902
1863812
1386281
1407616
1727902
1941855
1941321
1813804
1305345
1305554
1904814
1813900
1954321
1321848
1754249
1863510
1954756
1863412
1561455
1386275
1321446
1352807
1727403
1561901
1754247
1561914
1850273
1305477
1904554
1352857
1239770
1239210
1786624
1386409
1386205
1239707
1786780
1850420
1954667
1813539
1239420
1904955
1786606
1786499
1321252
1772362
1786290
1850450
1786954
1305333
1863589
1386225
1941993
1850966
1954980
1772913
1954615
1305713
1407921
1863845
1813534
1561464
1954612
1305323
1561348
1305761
1786755
1813494
1904349
1407915
1305343
1786744
1786678
1954489
1954419
1754308
1941623
1863797
1786658
1813293
1727888
1305542
1321340
1786843
1954242
1863452
1786445
1786683
1407821
1786630
1813556
1813337
1321439
1786574
1786224
1772341
1786578
1727389
1305903
1321320
1941769
1813305
1754946
1904333
1305733
1352235
1786635
1954682
1305487
1561899
1727723
1727953
1863449
1941348
1813298
1813859
1407221
1941257
1772217
1786479
1954393
1904383
1786970
1239289
1954701
1941592
1407448
1305842
1727647
1813365
1305467
1850291
1786492
1407902
1561598
1321806
1813415
1941499
1850768
1850460
1561814
1850637
1954802
1305853
1850288
1321272
1754888
1813368
1813943
1904517
1941730
1305360
1941441
1239253
1941221
1305908
1786282
1305639
1954643
1321800
1941405
1561931
1561400
1904316
1904924
1813680
1321202
1813812
1954658
1727259
1407638
1305771
1727387
1786704
1954861
1786676
1407655
1786670
1941877
1954515
1352770
1772828
1813751
1407480
1305608
1352874
1727642
1239560
1813708
1904572
1904300
1239826
1407922
1407398
1561250
1954275
1407663
1904828
1786427
1850803
1407781
1727324
1786453
1561715
1941416
1321442
1321294
1813836
1786819
1561768
1850305
1772233
1561517
1321305
1305773
1561779
1352573
1941779
1239499
1813406
1813453
1813361
1850774
1407738
1321877
1727916
1561909
1239703
1239645
1407723
1407536
1352660
1321746
1407350
1863430
1813523
1727748
1727686
1941979
1561480
1386742
1850339
1407312
1727432
1386693
1786763
1813384
1305510
1863263
1352533
1850800
1561465
1561235
1786425
1407953
1305720
1863617
1786631
1850241
1239908
1754254
1407202
1813808
1772480
1305707
1786382
1561359
1727998
1904412
1407416
1386316
1813477
1904305
1813573
1904712
1561246
1407752
1904901
1407698
1954707
1321460
1954448
1772807
1850426
1561206
1305431
1321514
1813482
1954636
1813764
1904796
1850512
1941529
1305310
1786862
1727270
1863349
1813417
1239202
1813614
1904982
1813376
1321482
1813296
1352789
1407353
1850694
1904608
1863303
1941780
1954889
1754269
1305877
1305224
1561523
1772647
1772410
1772418
1954622
1786394
1904495
1904631
1904489
1727520
1850545
1786413
1813858
1786863
1941879
1772261
1786818
1407309
1727252
1407907
1850901
1239241
1305778
1813480
1954817
1786847
1954882
1786829
1813693
1813476
1786365
1786325
1850737
1386643
1954696
1239919
1786580
1786527
1407755
1813815
1954516
1305901
1954348
1813597
1850508
1407913
1772207
1813389
1786508
1941421
1813598
1239216
1813809
1954205
1954422
1321333
1772646
1352317
1786600
1754241
1561865
1954821
1954661
1772302
1305203
1407797
1786259
1386957
1850281
1813546
1727304
1407795
1305610
1727655
1305846
1239246
1305397
1386882
1239766
1407923
1386453
1321402
1561797
1941782
1904415
1352693
1386416
1863440
1813240
1954905
1352346
1786835
1772519
1321960
1786327
1561566
1954955
1239276
1239603
1786338
1305794
1954449
1904535
1561346
1321599
1786316
1772677
1813352
1786857
1941387
1904993
1786348
1772774
1813504
1786328
1863781
1786651
1850776
1863712
1904397
1863608
1321270
1954298
1561524
1954646
1954477
1407791
1305316
1954274
1863517
1813359
1754399
1561475
1813577
1407979
1786337
1352406
1407799
1786930
1561541
1954498
1754301
1813995
1850695
1813285
1407497
1954678
1239304
1561319
1407468
1561385
1321228
1904914
1407848
1754237
1954913
1850300
1786772
1786786
1954899
1850782
1954556
1850228
1727877
1727619
1786351
1863206
1407505
1321317
1954864
1863632
1813992
1786592
1941740
1786227
1863535
1954683
1352214
1754600
1941253
1954743
1305331
1407640
1786782
1786577
1954362
1727294
1786436
1813478
1863399
1321289
1727239
1321343
1407462
1321297
1786346
1561866
1786562
1305299
1727678
1321474
1407990
1863254
1561225
1954880
1786571
1863288
1239233
1305546
1561240
1561222
1407674
1813956
1813967
1305302
1239823
1954931
1561531
1850685
1850567
1407687
1727776
1786776
1407684
1239691
1954676
1727253
1239745
1904505
1941548
1727612
1727463
1239980
1941524
1786901
1772444
1813205
1772579
1954918
1813355
1904241
1239220
1407466
1352805
1904881
1305606
1786374
1727999
1754213
1941803
1863245
1754253
1941504
1850628
1352497
1561843
1772360
1813704
1561725
1813624
1786496
1813765
1813703
1352362
1352428
1786915
1786757
1850572
1954487
1561214
1904742
1813753
1786909
1786923
1863624
1321246
1407760
1239345
1321525
1863212
1407777
1561389
1786961
1813713
1813942
1813517
1727490
1786523
1904327
1954849
1813648
1850629
1786712
1863458
1561251
1561707
1561386
1321290
1786470
1786671
1954870
1352360
1386490
1352262
1305609
1786300
1813439
1561351
1407279
1786633
1813860
1561904
1407952
1850221
1305710
1386785
1850225
1727221
1754971
1239271
1863229
1754302
1941744
1352283
1561969
1813527
1863582
1786603
1954405
1305502
1321505
1850480
1352286
1772633
1813766
1941306
1407454
1954494
1786716
1561352
1305931
1813255
1727766
1407675
1786697
1407538
1941536
1786468
1352777
1786625
1352242
1407732
1727366
1813521
1305399
1561677
1352585
1407722
1904769
1561703
1850377
1407910
1904701
1305202
1786914
1407394
1954607
1561602
1904607
1850528
1813435
1813897
1786748
1941238
1813304
1305781
1727485
1239675
1352408
1813784
1813919
1754250
1321372
1386938
1850764
1863488
1786516
1321614
1813303
1786569
1772713
1305967
1305389
1561801
1407705
1954553
1786602
1305922
1754231
1561388
1813278
1352665
1941527
1305709
1813946
1561853
1407635
1407866
1561847
1561398
1727710
1239887
1813588
1239839
1850338
1407474
1954546
1561245
1754245
1407883
1305690
1813869
1813391
1954278
1321304
1727358
1772882
1321335
1561299
1941254
1941914
1863486
1786231
1941467
1727487
1386341
1786838
1727243
1305204
1407272
1239318
1352226
1407800
1941557
1813428
1786319
1786449
1727478
1407906
1904654
1321274
1863623
1772240
1561537
1561819
1561335
1321888
1786788
1863255
1352557
1863242
1352572
1407346
1813299
1727212
1386385
1850710
1754242
1904352
1904437
1813543
1386666
1352708
1305528
1863289
1954945
1561578
1786245
1321503
1407756
1941201
1772201
1772206
1352356
1386679
1904487
1786498
1786219
1561254
1321576
1407413
1305517
1813770
1561755
1863447
1850889
1786366
1386937
1850375
1954669
1407227
1813625
1954268
1786774
1727488
1954790
1941232
1954357
1754707
1305319
1727456
1754736
1786286
1352212
1813505
1850755
1813918
1772588
1863860
1772321
1863595
1904525
1561356
1321634
1407744
1941681
1904293
1305619
1561441
1305376
1786310
1904413
1352639
1386697
1321374
1863664
1813263
1941402
1941374
1863448
1754802
1321914
1904566
1904386
1954663
1321365
1850493
1727542
1863451
1786815
1352328
1904616
1813405
1850723
1954249
1386515
1321424
1407561
1239758
1407242
1863444
1352260
1386479
1850554
1813777
1561377
1561670
1407761
1786464
1850741
1727501
1407780
1239355
1305281
1954803
1786675
1954902
1786609
1863701
1941468
1863529
1954684
1321417
1772224
1772446
1786587
1407680
1786397
1904307
1727656
1863602
1407725
1813330
1239822
1239357
1786593
1305753
1850341
1786295
1727452
1786833
1904615
1727906
1386852
1727688
1850815
1239850
1786292
1786525
1786942
1941220
1239471
1754465
1239338
1321989
1239888
1561529
1941330
1561543
1561667
1863521
1386564
1850974
1786532
1561613
1954579
1954692
1561236
1561420
1786226
1727808
1941921
1954657
1954709
1352304
1561232
1786570
1386801
1305250
1954839
1813373
1407502
1786208
1954662
1786542
1904424
1321977
1561891
1813601
1850781
1954279
1561693
1813395
1904612
1954317
1941626
1239898
1786814
1305885
1786667
1407470
1305812
1813420
1904661
1813599
1239989
1813820
1786614
1786536
1239228
1904563
1754256
1813515
1863368
1786285
1813465
1786816
1813404
1407748
1786848
1561373
1850619
1561315
1813968
1954694
1561371
1727337
1321223
1561446
1772349
1561612
1561628
1954826
1561494
1727313
1786200
1954621
1813955
1786634
1321536
1863558
1561722
1561856
1954329
1352363
1321362
1407719
1352263
1239237
1786557
1407509
1561252
1352424
1850851
1754224
1754348
1386314
1561990
1352464
1561324
1239222
1863253
1954479
1850372
1786992
1239572
1321263
1786329
1850735
1941787
1786547
1772212
1954614
1954867
1305200
1954497
1786303
1239628
1904891
1727359
1863512
1352610
1386569
1386315
1305562
1727453
1813325
1954928
1786731
1850860
1305767
1786657
1305926
1941559
1813203
1904347
1407949
1786636
1954744
1786604
1786920
1239778
1727370
1352875
1863513
1239218
1850630
1239946
1850760
1727345
1321508
1407701
1850653
1954228
1941929
1561635
1727330
1904728
1850405
1561370
1321749
1786795
1941549
1813702
1727580
1239324
1321626
1561597
1727476
1239309
1386366
1786812
1813316
1321895
1786832
1954482
1941737
1239878
1941999
1904640
1813407
1786715
1321287
1239295
1813313
1407914
1786521
1386473
1954593
1727218
1407664
1352391
1850730
1863450
1727437
1786509
1321366
1813468
1407453
1727480
1772238
1850543
1786457
1941806
1305439
1239256
1772254
1772227
1407429
1904669
1305492
1561718
1863256
1850373
1850509
1850566
1727272
1813430
1727285
1407204
1305775
1239404
1407212
1754236
1786203
1786294
1561353
1813340
1786301
1941336
1386402
1954908
1786620
1813444
1321720
1941812
1954842
1305218
1954296
1727220
1561572
1786753
1786201
1727371
1561723
1727336
1727560
1754345
1904806
1941447
1772663
1850465
1786212
1850391
1772777
1813310
1407534
1786973
1352308
1561906
1904405
1813590
1954608
1239784
1321323
1727709
1786800
1305801
1407283
1954670
1850322
1407516
1850631
1305874
1941301
1954358
1954210
1813701
1305742
1786784
1904710
1305465
1407985
1786459
1561629
1321616
1727335
1407864
1786769
1786251
1239266
1772388
1305992
1954290
1321947
1727858
1727325
1561939
1941587
1954934
1321696
1321203
1850321
1813928
1850361
1407625
1954695
1904888
1863563
1561945
1813966
1850404
1850276
1941320
1786696
1850470
1954650
1386451
1786793
1305563
1813767
1813608
1239330
1941666
1239443
1786859
1407483
1941915
1239243
1786384
1786855
1904545
1386295
1407492
1941724
1813378
1941981
1407308
1305215
1352281
1954213
1786861
1850865
1904887
1813605
1813462
1954406
1954270
1239462
1321831
1407965
1305607
1352233
1407712
1239321
1321412
1813787
1954952
1386237
1561418
1786349
1321587
1850209
1954907
1727380
1321210
1941565
1727400
1850544
1786674
1850501
1386956
1904673
1813652
1305768
1863243
1786872
1561877
1786966
1786395
1786484
1954526
1954595
1904662
1321277
1407988
1239265
1954336
1954200
1813567
1786375
1407709
1786396
1954637
1813690
1352355
1561878
1941264
1239658
1786805
1305340
1863855
1904866
1239227
1850287
1239785
1561601
1352586
1813924
1772834
1904432
1407587
1786309
1786778
1352509
1786809
1850357
1850304
1305993
1305413
1941343
1954232
1941916
1352801
1561777
1850980
1727641
1727224
1850525
1850982
1786750
1772300
1407694
1239209
1786975
1954540
1850712
1772666
1813557
1813607
1904885
1850380
1786491
1386299
1727777
1321229
1850775
1813283
1954818
1813687
1904532
1321591
1407402
1305457
1561862
1941822
1727439
1305338
1561334
1321325
1352843
1954625
1813566
1321517
1772332
1813731
1786250
1407393
1386344
1786344
1813377
1407917
1772400
1407881
1239529
1786506
1786767
1863840
1407379
1561306
1850393
1321350
1239672
1813830
1813508
1954395
1352210
1305741
1863657
1305762
1727504
1305384
1954410
1786438
1352816
1561763
1941896
1561756
1772203
1561261
1407450
1239634
1786779
1561462
1813514
1904325
1786423
1954465
1305615
1407692
1305240
1954398
1786451
1850251
1321236
1863244
1727318
1850200
1813466
1850218
1786398
1407287
1754715
1352208
1850524
1850640
1754209
1561900
1305763
1813290
1941705
1813562
1407946
1813459
1786745
1786480
1941286
1786302
1904234
1305496
1786999
1850323
1954397
1352287
1954647
1786906
1305414
1904252
1239860
1407633
1954655
1305785
1727340
1727377
1727503
1850601
1786262
1863241
1850565
1954303
1772559
1941920
1786876
1904510
1813678
1386249
1305205
1813481
1941412
1561271
1863581
1407286
1954591
1863247
1305409
1561740
1321231
1954324
1727945
1850459
1941423
1786687
1813564
1813450
1321878
1954901
1813335
1904707
1941961
1813760
1727692
1305440
1305525
1239293
1786274
1863325
1772530
1813547
1786747
1352619
1904613
1863585
1561633
1786550
1786417
1407383
1786746
1407820
1305298
1352204
1954271
1407942
1561770
1813347
1772837
1352454
1352421
1239699
1352284
1561983
1904207
1772403
1305873
1305824
1561379
1321603
1786877
1561570
1813695
1954299
1786287
1786405
1727421
1813997
1352727
1239349
1850445
1305989
1904862
1813810
1407575
1321295
1850502
1727282
1813694
1786291
1813401
1727809
1305213
1727722
1813309
1786916
1239205
1941277
1386361
1863257
1352519
1850532
1786393
1954993
1754228
1407885
1786214
1850266
1561634
1954740
1786360
1863473
1305930
1407637
1786254
1561701
1772812
1239351
1352895
1561838
1786725
1941555
1561460
1407669
1321339
1561213
1813895
1813364
1321431
1321318
1786922
1904323
1239367
1813531
1727296
1305282
1941312
1786531
1772634
1305726
1904534
1727482
1850849
1727260
1386984
1239281
1954461
1813854
1786283
1813351
1954830
1850240
1407520
1321364
1850582
1904672
1352300
1954520
1850704
1561275
1407728
1786444
1786622
1321663
1813560
1786512
1321201
1863225
1941380
1786637
1813392
1786372
1813898
1904729
1305490
1904439
1754204
1786376
1352207
1786754
1786899
1904549
1407861
1239340
1305985
1386506
1239331
1305206
1305772
1786572
1407924
1772940
1727484
1904868
1954394
1904314
1813440
1754757
1407455
1407271
1954768
1561926
1941875
1407747
1786820
1239287
1352476
1941404
1239398
1305889
1561513
1321353
1561344
1850570
1561516
1813526
1850491
1239821
1321622
1772494
1321370
1786342
1954470
1850866
1561803
1305987
1305878
1561412
1352949
1352364
1904444
1239555
1954668
1321306
1407627
1305527
1727967
1863208
1305497
1321666
1941281
1850556
1904450
1305560
1904434
1772200
1941214
1727743
1786679
1407491
1813666
1786518
1813300
1407743
1561671
1305910
1352239
1904463
1813510
1904428
1904780
1786230
1954412
1239580
1561267
1239285
1786403
1772486
1727315
1850324
1321917
1904649
1904575
1850381
1561268
1727409
1954729
1305318
1321299
1561995
1321396
1352800
1813220
1941944
1407790
1786665
1727410
1352441
1305336
1813647
1850841
1904708
1239384
1954295
1305498
1305332
1954300
1786908
1850520
1352745
1786416
1954654
1863270
1754244
1954903
1954376
1239425
1352901
1407494
1786486
1561310
1813600
1386717
1407364
1754732
1954218
1239327
1954245
1772485
1754270
1352434
1386631
1407337
1772453
1786656
1352470
1786209
1904651
1305748
1352584
1813649
1407706
1786410
1786668
1786247
1850673
1561440
1561350
1813426
1386843
1904226
1954675
1561506
1561201
1352678
1407632
1954305
1813846
1786280
1850483
1352445
1239747
1321732
1954529
1863500
1407592
1754703
1863409
1561788
1786223
1305613
1813817
1305699
1561706
1863835
1954648
1941271
1727919
1386871
1813291
1786616
1727434
1954480
1321480
1941539
1863456
1239286
1407484
1754217
1941400
1772405
1786693
1305303
1850661
1407982
1954759
1772243
1786910
1772226
1321549
1321344
1239451
1813585
1786858
1786353
1941345
1407818
1407807
1786539
1786727
1727614
1321213
1561907
1407406
1561685
1813618
1727385
1727349
1754208
1352812
1772763
1321342
1850840
1321830
1850449
1813518
1863614
1727458
1727276
1954408
1863273
1813965
1407256
1727201
1352602
1954512
1772342
1321247
1786488
1954292
1352988
1305764
1386235
1407622
1305432
1727414
1321371
1727510
1352630
1407588
1407342
1321527
1352616
1786823
1813786
1561935
1850714
1407758
1850415
1813516
1407867
1813452
1813495
1321406
1786333
1850462
1863634
1305988
1850238
1786482
1561672
1239692
1863269
1727348
1321745
1561253
1863640
1954854
1863838
1786586
1813492
1561231
1352504
1786576
1850259
1813235
1727288
1863313
1727459
1305998
1904524
1850326
1954624
1786447
1904294
1863557
1239299
1786526
1786454
1954543
1941815
1321427
1239530
1863801
1321334
1407334
1352359
1772323
1386336
1727328
1772617
1954800
1407601
1941894
1786707
1352535
1786205
1954492
1786510
1813833
1561289
1813789
1941302
1786334
1727207
1727312
1813699
1786991
1772310
1786717
1321986
1954627
1954618
1407486
1407371
1813606
1904703
1561929
1954829
1813217
1754317
1786299
1305290
1407444
1305395
1786641
1239298
1407810
1561980
1352818
1305724
1786568
1786380
1941376
1561766
1561806
1850977
1954404
1386601
1786552
1561859
1407367
1786379
1786904
1786385
1561530
1954399
1786270
1561584
1786907
1941585
1407666
1786472
1954610
1305907
1850398
1904626
1904235
1754264
1904966
1407341
1786813
1321217
1754265
1954838
1407405
1352444
1954314
1813750
1727534
1239353
1352999
1727266
1772318
1813593
1727433
1727831
1850687
1904601
1954778
1407325
1321805
1239961
1772214
1954649
1239224
1954582
1954822
1239601
1407745
1727687
1863662
1407729
1813998
1850819
1239503
1727899
1850590
1813522
1754422
1321230
1321443
1954893
1321607
1904599
1813507
1561402
1786972
1813267
1727307
1321428
1850816
1786585
1407461
1561345
1407574
1863323
1305495
1321785
1863214
1863455
1407735
1352268
1352494
1954391
1407766
1863852
1352246
1954977
1407361
1321314
1941720
1321394
1727267
1305810
1786483
1772971
1321426
1352973
1772209
1321543
1850490
1786490
1954816
1407437
1786804
1561888
1407615
1786794
1786646
1813706
1813412
1239410
1305407
1904237
1904465
1786419
1407508
1863227
1305300
1863843
1727855
1305304
1239364
1786682
1407989
1786868
1727240
1561666
1813461
1305906
1772260
1941900
1321655
1941276
1352702
1772359
1813774
1561291
1407496
1305347
1407995
1321326
1407994
1954415
1813362
1850516
1561360
1786734
1321594
1239851
1941303
1786642
1727815
1352615
1863508
1863224
1386562
1352325
1954664
1386320
1941928
1727741
1954532
1407948
1386327
1407430
1904832
1321300
1407927
1305305
1904445
1786792
1352431
1407579
1786529
1786873
1239595
1386302
1786320
1863732
1386747
1850464
1850758
1305359
1239994
1407417
1407280
1407721
1321465
1850399
1850615
1904860
1850376
1786256
1407404
1904214
1904713
1863308
1904382
1407749
1954493
1561581
1754207
1850703
1850503
1561298
1941525
1321284
1352636
1850312
1727235
1407715
1305370
1239734
1954469
1305572
1727364
1813842
1850466
1813323
1813501
1904657
1239476
1954940
1407630
1407319
1850754
1239200
1239363
1727320
1239339
1786281
1321352
1352316
1813454
1305904
1863282
1305815
1772242
1786278
1786315
1904930
1239841
1786738
1754215
1561290
1954224
1850390
1407731
1321208
1772626
1786431
1407545
1386273
1813536
1954588
1904994
1727200
1954871
1813446
1941225
1786409
1850510
1321332
1321430
1786326
1727390
1407338
1407733
1352446
1407757
1727600
1321301
1941202
1786229
1321419
1850247
1754551
1305647
1813748
1352213
1786340
1954850
1352433
1561329
1904315
1954505
1727460
1561313
1305850
1772348
1850261
1904826
1386334
1786381
1786608
1352396
1786402
1305797
1321356
1850993
1239350
1786355
1954548
1352215
1352554
1352348
1386283
1813294
1407255
1813424
1813819
1561961
1239315
1786856
1727203
1352322
1407853
1561760
1561255
1813545
1941212
1813763
1321218
1407802
1941726
1561410
1561818
1561309
1954638
1904501
1786762
1813312
1850232
1407457
1561827
1352247
1407276
1321355
1786599
1941448
1727382
1561997
1352227
1561401
1561713
1727667
1941259
1904238
1954994
1850529
1321358
1351666
1407301
1239710
1239221
1754262
1407765
1850686
1941957
1407274
1904895
1786673
1850610
1904801
1941799
1863612
1407770
1786505
1305747
1850832
1386748
1863207
1954547
1561876
1813724
1786252
1305847
1321347
1786722
1239296
1407775
1727232
1813470
1813568
1786691
1561704
1954601
1813679
1954600
1727244
1561708
1772361
1239689
1786626
1561301
1904755
1239940
1352397
1561504
1954716
1239900
1954551
1786318
1813705
1352201
1850387
1863388
1904910
1386290
1850756
1813671
1407580
1786537
1321369
1813416
1786339
1850728
1305283
1305905
1813535
1772924
1954381
1863337
1305684
1813843
1786232
1850988
1239313
1305600
1407782
1786619
1904361
1786422
1813388
1954573
1786897
1786699
1727515
1561559
1850347
1954240
1863800
1786597
1321662
1727401
1321363
1727677
1863885
1321832
1786955
1772307
1239204
1352530
1352477
1954347
1386589
1772281
1386898
1863322
1352598
1786233
1904544
1407803
1850798
1305216
1561573
1904723
1239258
1727537
1863605
1352418
1561727
1754281
1813442
1727254
1954599
1941518
1321506
1727457
1352217
1754368
1904802
1813595
1239682
1407984
1863484
1813379
1407970
1305504
1941350
1386365
1863258
1954806
1954779
1863301
1321324
1954471
1561260
1941544
1754246
1561414
1727271
1813260
1772216
1813852
1321288
1321437
1561699
1904592
1786489
1813230
1786420
1786728
1904947
1786879
1321367
1386546
1407435
1813729
1941236
1727306
1954541
1786669
1813591
1954354
1407490
1813579
1561889
1813486
1305965
1850446
1941615
1813215
1813414
1407652
1386219
1561376
1772251
1813369
1754777
1954496
1786386
1813419
1305909
1305263
1407552
1727281
1727204
1954881
1863233
1727417
1561692
1407639
1561752
1352277
1561234
1954400
1941807
1863944
1407247
1941246
1813538
1305680
1786493
1863259
1813578
1941258
1239791
1850716
1727483
1813990
1407608
1407443
1239738
1239789
1561279
1727379
1786515
1561507
1561632
1954580
1786643
1239316
1954991
1407340
1941243
1786771
1407569
1772205
1321759
1786520
1386262
1407549
1305522
1786317
1321361
1850419
1954873
1813328
1954751
1813489
1850672
1239464
1407912
1407844
1954440
1561239
1772532
1786913
1727237
1850481
1954616
1754366
1305458
1407259
1754200
1904469
1321423
1786865
1786554
1954383
1727744
1850830
1786367
1954895
1305334
1386848
1863844
1813712
1561702
1407750
1239651
1321307
1561302
1407686
1850602
1813922
1407966
1754230
1407591
1727517
1941224
1813838
1321586
1786450
1813610
1239310
1813896
1954243
1239255
1352223
1813696
1786307
1813834
1954235
1813315
1239549
1407289
1321537
1863332
1305508
1954736
1561365
1786458
1786724
1727506
1850702
1407456
1904557
1954558
1407556
1561631
1954444
1863268
1786702
1850206
1407759
1407668
1786790
1772584
1813665
1727643
1351201
1941685
1407460
1407619
1904629
1863777
1850693
1813382
1239935
1239247
1407683
1941876
1386795
1954260
1954310
1786356
1321380
1239373
1904624
1561317
1352872
1786765
1786241
1305725
1850517
1239328
1904704
1772353
1772631
1813403
1352514
1954860
1407235
1941662
1941575
1772408
1239336
1727857
1407485
1904799
1786563
1407222
1904602
1904496
1786265
1786698
1813385
1407419
1239910
1954531
1850227
1813445
1561283
1321795
1727565
1786266
1813793
1941759
1786837
1786238
1954488
1321310
1407401
1863709
1407409
1813845
1772204
1786314
1954318
1904472
1786218
1941210
1954589
1727290
1407607
1954552
1407440
1813727
1904233
1386279
1904258
1941270
1305394
1727846
1786653
1813551
1904635
1727495
1904719
1786440
1386264
1772301
1407558
1813999
1239777
1321459
1727303
1321215
1754218
1954795
1813245
1941899
1772475
1904504
1321652
1786202
1813602
1407223
1904553
1239848
1407369
1772979
1321316
1863877
1386209
1954416
1863832
1786659
1786842
1305494
1863588
1386405
1954338
1954592
1727729
1941800
1321266
1239201
1407543
1386215
1561525
1954909
1941451
1351333
1904502
1407779
1727505
1954887
1407335
1772529
1786828
1786261
1850766
1305297
1786371
1352425
1786481
1239834
1727564
1407408
1305770
1239306
1786414
1954495
1321758
1754423
1850549
1352327
1863668
1561729
1352256
1239896
1727418
1954774
1305509
1786546
1850496
1904790
1352279
1786288
1813334
1813797
1239302
1863215
1850354
1813390
1850812
1561720
1850280
1352216
1239677
1754271
1754779
1727420
1941909
1863414
1813436
1850557
1352696
1813455
1407412
1786239
1850401
1786825
1305744
1954605
1813528
1321262
1352460
1954251
1386276
1754252
1786690
1850967
1239329
1813320
1786663
1352426
1954560
1561574
1321291
1407236
1407595
1786343
1305422
1305924
1407708
1754226
1561676
1850699
1305433
1727238
1954557
1727873
1904403
1863236
1772218
1954568
1352613
1813499
1407785
1407506
1863722
1786391
1786267
1407427
1407618
1321890
1863660
1786369
1813697
1786867
1786710
1561396
1321432
1904377
1407764
1786383
1352272
1407973
1321948
1954988
1561654
1786925
1407620
1772643
1941462
1386301
1386306
1772905
1772708
1813716
1321225
1954937
1407234
1407702
1407310
1772333
1321346
1813682
1561467
1786770
1904831
1954288
1813758
1239361
1321222
1321802
1305962
1786806
1954681
1954687
1786362
1386675
1727465
1786695
1407878
1239219
1561985
1239895
1754457
1786567
1352427
1786766
1407969
1786248
1941228
1407267
1941242
1321522
1321750
1305851
1561209
1941940
1407920
1786886
1727637
1941676
1727455
1786808
1954760
1727263
1321501
1813244
1772801
1941952
1754667
1813519
1786357
1954330
1727946
1321735
1863698
1850625
1561716
1904909
1786412
1727309
1954706
1904449
1754273
1813644
1561286
1352206
1386414
1904537
1321544
1904864
1305780
1850499
1954371
1772919
1904660
1352651
1407550
1954204
1813650
1904716
1386627
1954799
1386216
1239206
1786775
1813730
1954888
1954804
1850844
1407431
1786503
1305219
1941809
1904228
1321449
1863272
1813358
1305804
1321613
1850378
1786853
1407305
1850924
1786237
1813422
1786545
1813512
1863606
1321216
1863618
1813458
1941249
1863232
1904894
1813850
1863993
1407573
1321243
1754261
1904451
1407285
1904859
1954439
1321704
1863358
1305632
1813356
1352507
1786672
1727768
1407916
1904945
1727481
1850388
1305731
1850333
1786759
1813520
1904521
1727489
1727758
1954825
1813327
1786501
1352318
1305239
1863427
1850439
1904838
1954939
1321271
1941763
1786831
1239250
1407624
1321541
1954598
1863644
1305393
1727512
1561562
1561436
1954544
1321312
1941567
1786549
1407925
1239405
1321458
1941223
1863419
1305928
1813993
1786273
1352250
1386212
1321200
1954652
1727331
1813841
1407874
1561808
1786649
1786474
1561563
1904705
1727491
1407893
1754303
1727648
1786689
1305929
1727430
1850358
1786618
1754304
1305790
1904775
1561215
1813284
1727742
1305902
1786538
1772249
1561618
1813953
1813370
1863546
1954749
1305946
1813449
1727423
1407530
1321698
1863600
1813565
1239510
1727798
1305401
1727599
1863604
1813479
1904222
1954603
1321710
1407399
1754702
1561774
1239300
1786860
1321987
1863528
1786887
1407209
1954699
1786426
1850208
1850960
1863441
1813785
1850996
1321331
1904329
1727773
1352552
1786826
1321275
1727342
1754225
1904610
1904536
1813574
1904509
1954257
1904650
1786234
1321621
1561468
1850797
1863307
1407726
1407449
1561485
1954639
1239234
1786681
1386232
1305972
1904254
1863669
1561229
1305968
1561665
1954832
1863205
1321577
1727944
1863231
1850855
1239314
1954730
1786269
1850527
1941757
1561339
1407693
1352804
1239488
1786477
1786390
1321730
1813912
1407961
1305900
1813474
1786246
1863949
1813226
1772285
1863410
1954534
1954674
1786661
1754251
1850284
1561846
1813317
1786277
1813802
1321240
1305916
1727657
1941932
1352222
1954445
1786629
1863286
1305807
1813409
1754581
1561805
1786204
1727871
1727497
1727992
1352484
1786617
1352638
1904302
1813790
1786448
1321863
1305558
1727479
1772563
1305890
1352225
1305586
1772766
1904962
1954451
1561860
1727225
1239223
1786487
1305588
1407690
1407576
1561281
1561452
1863279
1813345
1954319
1239269
1407375
1407873
1727415
1239610
1352942
1239308
1386268
1407349
1321444
1904418
1305505
1407697
1850319
1754214
1954309
1407421
1813393
1407739
1786623
1813957
1954801
1305390
1754610
1352897
1954261
1863277
1813640
1863234
1850320
1305814
1863267
1904334
1904470
1904571
1786743
1305917
1904589
1786322
1754900
1813344
1954635
1772528
1850400
1321440
1954513
1850362
1772985
1786297
1786810
1786714
1813938
1727226
1727251
1904442
1352556
1561223
1305479
1954947
1813778
1239450
1321313
1407489
1321209
1904271
1786378
1772380
1941237
1863874
1352502
1850274
1407463
1321388
1786428
1786864
1850204
1407218
1561662
1407714
1561258
1941718
1305501
1305549
1561946
1321418
1239264
1561510
1407314
1954997
1954628
1904735
1954401
1561512
1321420
1786389
1305664
1407415
1305849
1321978
1407832
1813723
1352577
1904718
1305321
1954350
1305746
1786654
1904477
1941725
1407793
1863559
1850541
1352900
1561284
1786399
1954691
1239986
1321961
1904210
1561614
1850497
1321261
1904508
1786485
1863904
1954789
1850290
1351209
1786210
1954294
1407473
1786543
1321438
1786370
1786564
1561202
1786583
1904759
1904789
1407533
1561287
1786953
1904370
1954483
1754272
1239776
1904520
1904614
1786706
1305755
1904600
1754837
1305776
1772538
1727860
1786797
1239245
1352209
1407968
1321258
1786332
1863651
1941268
1786478
1772539
1754248
1813849
1954856
1727470
1305590
1407963
1407978
1863978
1786312
1850226
1754816
1305833
1786677
1352266
1561951
1321349
1904760
1305896
1941263
1954562
1863670
1561781
1786263
1561603
1941706
1754212
1561927
1407960
1954225
1727851
1407577
1407954
1305252
1850900
1863873
1239272
1561719
1239317
1850495
1321588
1305519
1813856
1904903
1786718
1863280
1754235
1352451
1904514
1954798
1863738
1813500
1561809
1904874
1352255
1954982
1786777
1321624
1239270
1813398
1772999
1904540
1561789
1786463
1954851
1954304
1941204
1863266
1850818
1954732
1239288
1352301
1954254
1407230
1321303
1305423
1239788
1407840
1863509
1239825
1305898
1813253
1352661
1954632
1863261
1863278
1239292
1954773
1321280
1786584
1863805
1352258
1941735
1407604
1813484
1813947
1754332
1786442
1754220
1850624
1352501
1386517
1305417
1941357
1941526
1863370
1407710
1850463
1386559
1786956
1786275
1407459
1813857
1954234
1813550
1786638
1239238
1813410
1786553
1352978
1305244
1954266
1813981
1351218
1863445
1407653
1786740
1786781
1754364
1954287
1321608
1727771
1727278
1863262
1386343
1813210
1863381
1813441
1786824
1239537
1786304
1786217
1239574
1407288
1786739
1954644
1786548
1305335
1352474
1863991
1786361
1772404
1863968
1561762
1786650
1305984
1305783
1786258
1904699
1561709
1727631
1321405
1727819
1786222
1904402
1813363
1305975
1850295
1863635
1321368
1772672
1321359
1407243
1407617
1321400
1407487
1904304
1863210
1904400
1850210
1904591
1754799
1786216
1813394
1954328
1813613
1786514
1813735
1352653
1813239
1239667
1561445
1727493
1386585
1727859
1561305
1813951
1954609
1941773
1863397
1305994
1407860
1727644
1305308
1954464
1407879
1305803
1239465
1305986
1954770
1305230
1786439
1305721
1305587
1813503
1954237
1863913
1904345
1786735
1321433
1941888
1407928
1850573
1239633
1954775
1904322
1786647
1904805
1786878
1754221
1904414
1786980
1352642
1561403
1954549
1754232
1954831
1321507
1954892
1850212
1239203
1850485
1305798
1863221
1813970
1727853
1786452
1407813
1786541
1561312
1321900
1954253
1305978
1407284
1813421
1904343
1813506
1954809
1786579
1239370
1813638
1786494
1561248
1863899
1407458
1561273
1305796
1239666
1786255
1786441
1850910
1813775
1321265
1863940
1786461
1904236
1407676
1407955
1727275
1386523
1561646
1904609
1813460
1813822
1941323
1904269
1561332
1850294
1321945
1941203
1786406
1863599
1407789
1407716
1954766
1786803
1754243
1786655
1863276
1239319
1407253
1305979
1954630
1850519
1786424
1904720
1786352
1239236
1786709
1954504
1850879
1813447
1561262
1863808
1305570
1321315
1727551
1239440
1786566
1954998
1954914
1772277
1754356
1786827
1786305
1786758
1850264
1407452
1727698
1850867
1561908
1561993
1786244
1386983
1904401
1239600
1850691
1321682
1904803
1305387
1305330
1941777
1850585
1813619
1772370
1352403
1561596
1850846
1727514
1352278
1321604
1813438
1239478
1407962
1305434
1407318
1954258
1786720
1850748
1786560
1772202
1786556
1407244
1772800
1813464
1850895
1863393
1941275
1239687
1786662
1813485
1305420
1813862
1786236
1305728
1351207
1850359
1954446
1321504
1941600
1941667
1954536
1727601
1786773
1850814
1813469
1772595
1941704
1813755
1850591
1239565
1754255
1850621
1954478
1305934
1786354
1561463
1786368
1941545
1850345
1813270
1321278
1786870
1813448
1561293
1813498
1727326
1813570
1352512
1321615
1954793
1786768
1863610
1904583
1850408
1321695
1786260
1754210
1407773
1239810
1850933
1239273
1727286
1850530
1561207
1239297
1786817
1407360
1561542
1305793
1772722
1386846
1954761
1941307
1941650
1850740
1954805
1407252
1850692
1786519
1850396
1863348
1786284
1863677
1813437
1786612
1561767
1954734
1321245
1407600
1813408
1407233
1386855
1407865
1813720
1407376
1786469
1321279
1561758
1407257
