1802559
1802371
1802353
1802822
1802735
1802249
1802231
1802356
1802357
1802376
1802409
1802380
1802881
1802309
1802224
1802556
1802451
1802363
1802430
1802310
1802441
1802440
1802473
1802289
1802236
1802316
1802748
1802238
1802458
1802299
1802279
1802323
1802377
1802272
1802266
1802215
1802503
1802952
1802745
1802505
1802760
1802498
1802595
1802751
1802566
1802343
1802338
1802209
1802424
1802522
1802558
1802342
1802281
1802345
1802779
1802673
1802578
1802373
1802752
1802855
1802636
1802465
1802318
1802368
1802782
1802585
1802870
1802369
1802535
1802417
1802999
1802461
1802370
1802922
1802495
1802917
1802871
1802399
1802321
1802455
1802230
1802328
1802490
1802904
1802391
1802738
1802698
1802734
1802747
1802274
1802526
1802793
1802393
1802355
1802291
1802445
1802243
1802829
1802425
1802324
1802335
1802923
1802497
1802582
1802431
1802598
1802579
1802661
1802777
1802349
1802696
1802683
1802327
1802532
