1740466
1216507
1216365
1747242
1513438
1740764
1330703
1419773
1747252
1440949
1513638
1216973
1216767
1330809
1216337
1513237
1419554
1937802
1614948
1216487
1513349
1216408
1747234
1614704
1513659
1419504
1937207
1740616
1614558
1513400
1937825
1440538
1937993
1937896
1330704
1440570
1330559
1440789
1330598
1330779
1513543
1330904
1937716
1937668
1614484
1937586
1330506
1614806
1513313
1614483
1216255
1440610
1419780
1330760
1419265
1513519
1216545
1513679
1513335
1513444
1419260
1614974
1513866
1216312
1614726
1419957
1740972
1614371
1614381
1513981
1513255
1740257
1440384
1216201
1747724
1419261
1740304
1419236
1330473
1747265
1513535
1419407
1937238
1440487
1330354
1513265
1330417
1330327
1419571
1614506
1216225
1216533
1216240
1440463
1419709
1513615
1937930
1330853
1937631
1513815
1513795
1330967
1747333
1216772
1740297
1740485
1513918
1216386
1216554
1216242
1937508
1440414
1330812
1216762
1614218
1513307
1216659
1614501
1937952
1513594
1513403
1216260
1937545
1937715
1216375
1513885
1216972
1330396
1216559
1743444
1513413
1513823
1937250
1440488
1330983
1216647
1937718
1216860
1937829
1614664
1937217
1330843
1937728
1440334
1937475
1216254
1614917
1330371
1216575
1440796
1419721
1330946
1513276
1330654
1330361
1614571
1330702
1330789
1216414
1513604
1513557
1216804
1747244
1330357
1937414
1216924
1614593
1440591
1937539
1614419
1216571
1614907
1513926
1513773
1440328
1216548
1513498
1513828
1937615
1330237
1216218
1614203
1614636
1216678
1513487
1419890
1937701
1440990
1614747
1614271
1740483
1216785
1419705
1330442
1330201
1330518
1747294
1937657
1330597
1740400
1937610
1937239
1216401
1419548
1216808
1513532
1216296
1513810
1216205
1330416
1614517
1614352
1614446
1216324
1419614
1330355
1513602
1216780
1330317
1614929
1513225
1513510
1513580
1740512
1614581
1614395
1614769
1743203
1740961
1330316
1440904
1216399
1937369
1740457
1740516
1937815
1440364
1419973
1614560
1513641
1440263
1330236
1747281
1513259
1513317
1513968
1216385
1513706
1513686
1513257
1513571
1216306
1330383
1513915
1747600
1513592
1614753
1216825
1216816
1740646
1330850
1330806
1937705
1614999
1513806
1419733
1747232
1740584
1513900
1216672
1513809
1216612
1747279
1740821
1330501
1330998
1419681
1440317
1747230
1419654
1330410
1216965
1614373
1743999
1513289
1513515
1216406
1216410
1513952
1216450
1440793
1216239
1513374
1937605
1216799
1747271
1419513
1740716
1740381
1419633
1330984
1419464
1216308
1614589
1937581
1513312
1513550
1740406
1330618
1440731
1747243
1937877
1419689
1937305
1513708
1216316
1440318
1513284
1513331
1419632
1216773
1419779
1330523
1513658
1614565
1937470
1440799
1440613
1513621
1937286
1513492
1740491
1614332
1614504
1513978
1513677
1330208
1216712
1419889
1740350
1216282
1419389
1513306
1419419
1419356
1937259
1513692
1330261
1740497
1937902
1330348
1513464
1440728
1614535
1513536
1937817
1740395
1419343
1614572
1513908
1216802
1513903
1419601
1740276
1614975
1440844
1937244
1216339
1330347
1440785
1330245
1743210
1740328
1419902
1513382
1440915
1440308
1614546
1614666
1513478
1419357
1614402
1330407
1614633
1419934
1440319
1937542
1440508
1440371
1440336
1937557
1330934
1440420
1419348
1614505
1937500
1740879
1937205
1330486
1216209
1614971
1937963
1419909
1419461
1747291
1330614
1440723
1937520
1330432
1513430
1614333
1330941
1614512
1747257
1419314
1419631
1513778
1513581
1513620
1513760
1747202
1513240
1216315
1614702
1330409
1216213
1216673
1330265
1614471
1330625
1216202
1330510
1513547
1330601
1937419
1513283
1216346
1330951
1419320
1614681
1614204
1937301
1330464
1440522
1216956
1513623
1614296
1614638
1513972
1740708
1740260
1740352
1330257
1513657
1740500
1740493
1747786
1513309
1513378
1937564
1937503
1614364
1937260
1740550
1216858
1216509
1330999
1330714
1419819
1740561
1216468
1614626
1440669
1419341
1440724
1440429
1419288
1614867
1740258
1747476
1440552
1330283
1614531
1330268
1330430
1330203
1513250
1513263
1513290
1937727
1440622
1216435
1937505
1330209
1614283
1330233
1614338
1513600
1216250
1513267
1937424
1419688
1743217
1937231
1513724
1513282
1330708
1937726
1330840
1330621
1747283
1937626
1937830
1216347
1419287
1330259
1440530
1513597
1330281
1614326
1440376
1614370
1747609
1440714
1513824
1740343
1747204
1216882
1440759
1330401
1513613
1216570
1330313
1330289
1330546
1937527
1747288
1513800
1330360
1740803
1330391
1513300
1330314
1614456
1440321
1440541
1419350
1513453
1614312
1216392
1216270
1330671
1747225
1513757
1330795
1747263
1614719
1740853
1937206
1740591
1419936
1513235
1216926
1216219
1747688
1747336
1330565
1513612
1614735
1440387
1330428
1419799
1740975
1937553
1216577
1614348
1330553
1513939
1330256
1614385
1614946
1419496
1937321
1614316
1614425
1513991
1216278
1614818
1440653
1513206
1419768
1419765
1937725
1330507
1216978
1614699
1614499
1216336
1747267
1747999
1216644
1614772
1440821
1614758
1513302
1937638
1937712
1419460
1747239
1740430
1740215
1747266
1740390
1614625
1614441
1216645
1440444
1419379
1513477
1614516
1330619
1614400
1330845
1614584
1740409
1740248
1614965
1330592
1614931
1740370
1614432
1513404
1740418
1513847
1419540
1740364
1216303
1513445
1614648
1330577
1419972
1513304
1419345
1614495
1513716
1513673
1330285
1614595
1330937
1419575
1216415
1419271
1937944
1937917
1513216
1330604
1614282
1740899
1937597
1216256
1330488
1747203
1330329
1440855
1937573
1330207
1740470
1740319
1440895
1513405
1937624
1614698
1440822
1419205
1747224
1740562
1419250
1614360
1513488
1614780
1216376
1747377
1747500
1614357
1937269
1614477
1440544
1216287
1513720
1330564
1440461
1513497
1614736
1740447
1513804
1614390
1614254
1419467
1216758
1937609
1330556
1937673
1513393
1330974
1513582
1937219
1614887
1216418
1216421
1614377
1440279
1513295
1614955
1937658
1614570
1216206
1614827
1614918
1330573
1614382
1419315
1216566
1937602
1440657
1330705
1937681
1937674
1937296
1419606
1216513
1513320
1740704
1513675
1614620
1513833
1216536
1937396
1740978
1330634
1614615
1614588
1330834
1513506
1937303
1216870
1513384
1216425
1216650
1614973
1937604
1330694
1440476
1330701
1330321
1614594
1614599
1513253
1740606
1440382
1513334
1216832
1440227
1937230
1513227
1440417
1330807
1216904
1419701
1740504
1614314
1740275
1614554
1614315
1330953
1614356
1216778
1513348
1216553
1747301
1614208
1740861
1216273
1513694
1937798
1440600
1216317
1216903
1740314
1740334
1440221
1419650
1330944
1614943
1513869
1747900
1614956
1330356
1330461
1747235
1513889
1440781
1740407
1614774
1216272
1330715
1747255
1419508
1330691
1216710
1614285
1614849
1937709
1747305
1513319
1330397
1216217
1747226
1614815
1614743
1216402
1330903
1740637
1614922
1216470
1740817
1614824
1937797
1614809
1440251
1216404
1513748
1513807
1513432
1440581
1740955
1419559
1419771
1614288
1216200
1747259
1440930
1937469
1614653
1440396
1614226
1513954
1614465
1440506
1330915
1614951
1216848
1614641
1513568
1513314
1614981
1614561
1937408
1440281
1216609
1937559
1513520
1216358
1419617
1937908
1419351
1937831
1440223
1440409
1740964
1440787
1740629
1330907
1937672
1747231
1513633
1216374
1937782
1440212
1513356
1330388
1440773
1614843
1513739
1216544
1419231
1937441
1614420
1937789
1513383
1614915
1419619
1419305
1330605
1614933
1513666
1740816
1614256
1740751
1740270
1740908
1513596
1330307
1440935
1513443
1740993
1330607
1216835
1330301
1937287
1216333
1513448
1330310
1740338
1440665
1747356
1513226
1937765
1330243
1740217
1740402
1937368
1614362
1937546
1513207
1513315
1937641
1419481
1419306
1216754
1216471
1513567
1740443
1740671
1216354
1937471
1419279
1330636
1419953
1513370
1513417
1513805
1216704
1740428
1614654
1740434
1419731
1614649
1419388
1216910
1330696
1614556
1937974
1747529
1747388
1216774
1216269
1440252
1330620
1740784
1513883
1747344
1330234
1740571
1747666
1614634
1937216
1614368
1216403
1614353
1614214
1747227
1747228
1513713
1330842
1747285
1330766
1614597
1440661
1216212
1330780
1937371
1440339
1513468
1419280
1330540
1740229
1330885
1937409
1330988
1937750
1440670
1330814
1440666
1330718
1513548
1419673
1937969
1330962
1614795
1740359
1216482
1614928
1216820
1747270
1614216
1937683
1740391
1614705
1330730
1419905
1513593
1614439
1937367
1513545
1216776
1330274
1216702
1419233
1614327
1937752
1216220
1419788
1330596
1419410
1216682
1513238
1747256
1330606
1513428
1513491
1937506
1513280
1440637
1614551
1216244
1740398
1330439
1216307
1513340
1419266
1440434
1740604
1513275
1747800
1740488
1440596
1216532
1330495
1216856
1330936
1419708
1513410
1513252
1419576
1740331
1513888
1216268
1740815
1216394
1614825
1216396
1513617
1513591
1937756
1216387
1740868
1440725
1513781
1740647
1614618
1740645
1937781
1513886
1440823
1216366
1216299
1740781
1614301
1330824
1513850
1513429
1747400
1743895
1614568
1513919
1440536
1440537
1513494
1747389
1937751
1614329
1216413
1419367
1216855
1330472
1330832
1216744
1614394
1937776
1419307
1330921
1440320
1330490
1740834
1419494
1614526
1419215
1419490
1216310
1513750
1513928
1740339
1216798
1216618
1740684
1419378
1937594
1216713
1740744
1614260
1419304
1614684
1330217
1440986
1614580
1216314
1513525
1330815
1419442
1513205
1440752
1937551
1330979
1440503
1513504
1937266
1513390
1740581
1513728
1419408
1740415
1513967
1614656
1614964
1614354
1614537
1747254
1937307
1330520
1216505
1216630
1937893
1937612
1330861
1740225
1440840
1330980
1419376
1614519
1419956
1216246
1747334
1440668
1419371
1216556
1216905
1740358
1513388
1740424
1740970
1747474
1440342
1440659
1419203
1614448
1614622
1614207
1330277
1937903
1740492
1614592
1440213
1513465
1740877
1216400
1740503
1419290
1740476
1513872
1419852
1216214
1440850
1513292
1330787
1419989
1937430
1937519
1614954
1440794
1614963
1216777
1216352
1937707
1419409
1513446
1747241
1614270
1513680
1330398
1216789
1330460
1330341
1513827
1330323
1216319
1614530
1330338
1513344
1330575
1937405
1419670
1330231
1937722
1330906
1937283
1216236
1513913
1216681
1330212
1614962
1937346
1747249
1440742
1330774
1440715
1216288
1330990
1513518
1614897
1614906
1937694
1937818
1330541
1614363
1216534
1330808
1419690
1614817
1513560
1937826
1937304
1740408
1937213
1747248
1740547
1330881
1419506
1216417
1614309
1614767
1740256
1330332
1513365
1614678
1747296
1513260
1614405
1330612
1513310
1614398
1740346
1216854
1614496
1614335
1614668
1937476
1614266
1614754
1513614
1747246
1330312
1513431
1216714
1747210
1440485
1937661
1513505
1330641
1614829
1747260
1330298
1513572
1513512
1747276
1937578
1216906
1614756
1937478
1614935
1937462
1419665
1216409
1513420
1513630
1419764
1419561
1937608
1330206
1419584
1740502
1330282
1513462
1216849
1740209
1513693
1216276
1440817
1513470
1513392
1513884
1440514
1440370
1513616
1513690
1614949
1513678
1513767
1747217
1513578
1614725
1513696
1513509
1330801
1513288
1937889
1937243
1937450
1740274
1747238
1216203
1747250
1747240
1440862
1440458
1440521
1513780
1614707
1216727
1614966
1513479
1216952
1330271
1937284
1419717
1614813
1513301
1440305
1419377
1937941
1614900
1937760
1747200
1937422
1937813
1937971
1614695
1740506
1419438
1419777
1614591
1440590
1330931
1330969
1330631
1216512
1513212
1513904
1513608
1740404
1330441
1419651
1937583
1614835
1513254
1740313
1216925
1614284
1330800
1740602
1216633
1937248
1216456
1440296
1740207
1216370
1747214
1419310
1937821
1216563
1614404
1440754
1513570
1614403
1513743
1419552
1330651
1419392
1330267
1216496
1216990
1937819
1330635
1614800
1330421
1440529
1513200
1216600
1937935
1513503
1740250
1419295
1513551
1419296
1419901
1513973
1216215
1330569
1513223
1614202
1440472
1937518
1330880
1216334
1216632
1419277
1419309
1937985
1440554
1513834
1440226
1614306
1440655
1216440
1330828
1937684
1614330
1937793
1330571
1513628
1419605
1614805
1614302
1330524
1937763
1419827
1419340
1937467
1513328
1513291
1937729
1216210
1614600
1614460
1740919
1513652
1614563
1513394
1937677
1440749
1747292
1440497
1419787
1740610
1614687
1747220
1330402
1614914
1740396
1440465
1614783
1614714
1614967
1614623
1440482
1513599
1614886
1440856
1747221
1513305
1440219
1747272
1330942
1513816
1937463
1747877
1740405
1216801
1330221
1440527
1740739
1216635
1330275
1330503
1216237
1330734
1740481
1330805
1740294
1614557
1513256
1740974
1513854
1440499
1216527
1513449
1513266
1419329
1614569
1747477
1614779
1330351
1513669
1740273
1937418
1330333
1614440
1216551
1513375
1216688
1614706
1419206
1330697
1513296
1747322
1614822
1747258
1747253
1614507
1614206
1419944
1614619
1614273
1614325
1513609
1740513
1513835
1614996
1937733
1937380
1513435
1747229
1614397
1937956
1513646
1330844
1216224
1440837
1614205
1216356
1614313
1513785
1513401
1216543
1614500
1513704
1440829
1419516
1614361
1614733
1440678
1440258
1513501
1419699
1614307
1419908
1740249
1216262
1513766
1330858
1614318
1513676
1513236
1740507
1440941
1440879
1614937
1614596
1747755
1440292
1513485
1330447
1614290
1513940
1513377
1330835
1513371
1747223
1937203
1330390
1513476
1747208
1614745
1330219
1937800
1419921
1937543
1740448
1330727
1513687
1513399
1740649
1513368
1740771
1614674
1419450
1513490
1440231
1216323
1740244
1330350
1216326
1513917
1937474
1440654
1937951
1614961
1513814
1330819
1937319
1740317
1937591
1216243
1513709
1419754
1513817
1419466
1216280
1937671
1614749
1216407
1513725
1440220
1330557
1419202
1216970
1330419
1614908
1419514
1614452
1740438
1330968
1419543
1937768
1614639
1614578
1419603
1614787
1419789
1419656
1747269
1440616
1513460
1740243
1216868
1330550
1330475
1330373
1330260
1740479
1614927
1747275
1937580
1740360
1440344
1419258
1216373
1614549
1330754
1330205
1937699
1513258
1440315
1440225
1419704
1419577
1440265
1513912
1740525
1937856
1216313
1419239
1614603
1937516
1440865
1330418
1419421
1740285
1513362
1440532
1937770
1614670
1743213
1216309
1937977
1419349
1937225
1614680
1614679
1740521
1740538
1740624
1747295
1614905
1440969
1216899
1440241
1614607
1614264
1419230
1440539
1937271
1614717
1513293
1513544
1614547
1937510
1614586
1330554
1740347
1937603
1419344
1513605
1330389
1419569
1513325
1419769
1513294
1419564
1937215
1614632
1747206
1216294
1614323
1937361
1937901
1614845
1440392
1614940
1330328
1513526
1937360
1513546
1330324
1740300
1440650
1937654
1419302
1330414
1614804
1614832
1614209
1216640
1740590
1330749
1216526
1513607
1614972
1330933
1216971
1614601
1440940
1513836
1513508
1440897
1937416
1937620
1419346
1440479
1614746
1216235
1513342
1614598
1614738
1440390
1937972
1614579
1440520
1216760
1440954
1614374
1216501
1330204
1216466
1614582
1330717
1216703
1330240
1330603
1747274
1216258
1440623
1937228
1614489
1440567
1440645
1216338
1216699
1614286
1216232
1216322
1513456
1740701
1419560
1614657
1937965
1513373
1740542
1513999
1513502
1216253
1614369
1614406
1216340
1440810
1419566
1419672
1513714
1216233
1614893
1614816
1330608
1513376
1330622
1330400
1614378
1740706
1440533
1937270
1440343
1216372
1440525
1216259
1513703
1513837
1216469
1740237
1330910
1937312
1614655
1740505
1330284
1440452
1937682
1937241
1614508
1740707
1440864
1440494
1740278
1740336
1419784
1740731
1419297
1614902
1614562
