1918504
1405818
1405370
1918518
1580339
1918370
1405875
1405742
1405339
1918214
1405414
1405380
1580216
1918691
1918889
1405865
1918954
1580651
1580318
1918607
1405297
1580603
1405886
1918600
1918897
1405816
1405243
1405210
1918699
1405836
1918972
1918586
1918348
1405780
1918740
1918849
1580475
1405532
1405737
1918645
1405826
1405889
1918345
1405537
1580977
1580478
1580564
1918871
1918888
1405982
1405412
1918856
1405564
1405204
1580789
1405500
1405819
1918850
1580548
1918810
1405238
1405277
1405283
1918304
1918289
1405802
1405612
1918406
1405229
1918264
1918892
1580471
1580522
1580649
1405894
1405934
1918448
1405596
1580521
1918845
1918938
1405965
1918899
1405919
1405301
1405421
1405305
1405250
1918530
1918857
1405438
1405348
1405923
1405266
1405296
1580768
1580595
1918977
1405413
1918623
1405824
1405410
1918964
1918637
1918513
1918409
1405201
1405823
1918360
1918291
1918285
1405900
1918373
1405868
1918727
1405820
1918442
1580399
1405406
1918940
1405757
1918206
1405393
1918981
1918261
1918231
1918935
1405246
1405513
1918625
1405306
1405345
1405913
1405997
1580484
1918934
1405550
1405626
1405937
1405669
1405501
1405431
1918613
1405673
1405430
1405693
1405830
1405589
1918606
1405610
1580760
1580736
1918914
1405719
1918277
1580284
1918734
1918973
1918399
1918886
1405474
1918933
1405659
1918640
1580630
1918284
1405706
1405300
1580402
1580236
1918650
1918260
1405465
1405853
1580483
1918987
1405642
1405543
1918924
1918675
1405812
1580421
1918728
1918506
1918813
1918715
1918329
1918955
1918428
1580317
1580510
1918557
1918425
1918520
1405448
1918808
1918896
1918779
1918210
1405586
1405227
1918937
1918397
1405213
1918575
1918921
1405740
1918629
1405906
1918798
1918774
1405416
1918840
1580540
1405320
1918292
1405221
1405822
1405510
1918860
1405512
1405415
1918229
1580490
1918841
1405613
1918315
1405255
1580458
1580920
1405641
1918521
1918883
1918814
1405996
1405541
1918219
1405400
1918200
1405222
1405568
1918616
1580447
1918318
1580370
1918633
1918410
1405274
1405835
1918805
1918704
1405476
1918864
1918991
1918982
1405558
1405766
1918577
1918851
1405888
1405863
1580279
1405281
1405845
1918559
1918398
1918706
1918721
1405464
1918636
1918992
1405488
1405761
1405653
1405657
1405796
1918931
1405403
1580372
1918515
1580394
1918404
1918644
1918713
1918208
1405623
1405332
1918946
1918770
1405590
1405493
1580647
1918815
1580775
1918688
1405896
1918212
1918381
1918876
1918340
1580641
1918350
1918471
1405650
1918816
1918470
1918804
1580273
1405881
1405618
1405834
1405209
1405436
1405503
1405388
1405287
1580316
1918302
1405535
1405795
1918907
1405259
1918346
1580367
1405335
1918839
1918564
1405968
1405837
1580754
1405885
1918695
1580668
1918801
1405538
1580380
1405361
1918235
1918852
1918495
1918998
1580695
1405458
1405308
1918500
1918527
1405549
1918550
1918378
1580235
1405921
1918570
1405371
1918244
1580740
1918822
1405408
1580677
1405439
1405417
1405783
1405922
1918926
1918519
1580917
1580406
1405694
1405402
1405365
1918906
1918268
1918716
1405708
1405249
1580264
1405230
1580470
1918351
1405926
1918574
1580309
1405323
1918568
1405801
1918908
1918440
1580461
1918863
1918764
1405800
1918361
1580441
1918232
1918766
1405977
1918313
1580340
1580919
1918282
1580732
1918875
1580951
1405206
1580504
1918990
1918516
1580665
1580744
1580375
1918630
1405687
1405239
1405446
1918861
1918265
1405353
1918413
1405551
1405640
1580341
1405496
1580302
1405902
1405905
1405556
1918209
1405604
1918207
1405609
1405463
1405979
1918344
1405203
1580551
1405517
1918508
1918639
1405762
1918928
1405505
1918601
1918812
1405428
1918916
1580678
1918325
1405384
1918859
1918724
1918457
1918605
1580500
1918671
1918873
1918430
1580306
1405765
1405637
1405924
1918323
1580660
1405585
1405326
1405317
1918269
1405764
1580320
1405269
1405679
1918760
1405473
1918902
1405698
1405614
1918944
1405397
1405974
1918809
1580618
1918900
1918237
1405920
1918205
1918230
1918951
1405420
1405314
1405821
1405887
1918694
1405471
1918949
1918525
1405443
1918407
1580574
1405772
1405445
1918729
1918882
1405696
1918736
1405467
1918236
1918829
1918720
1580916
1405882
1918658
1918438
1918391
1580791
1405600
1405514
1918807
1405481
1405426
1580747
1918697
1580310
1918853
1405808
1405625
1405519
1918565
1580301
1405990
1918510
1918915
1918384
1405202
1918619
1405226
1580231
1918319
1580559
1405962
1918402
1918978
1405312
