1308216
1402516
1402850
1402937
1308636
1402504
1308385
1402212
1308390
1308672
1402706
1308888
1402580
1402250
1308750
1402203
1402883
1402443
1402813
1402490
1402219
1402446
1402769
1402955
1402253
1308207
1402707
1402806
1402578
1402637
1402416
1402418
1308380
1402319
1402830
1402968
1308392
1402503
1402659
1308325
1402807
1402885
1402304
1402936
1402860
1402281
1402360
1402480
1308991
1402792
1402708
1402401
1402321
1402905
1402812
1402680
1402432
1402615
1402730
1402620
1402301
1402921
1402960
1402209
1308643
1402440
1402889
1402208
1402309
1402972
1402290
1308220
1308675
1308391
1402560
1402809
1402314
1402210
1402541
1402681
1402214
1402601
1402509
1402651
1308930
1402990
1308641
1402276
1402913
1308214
1402902
1402609
1402216
1308289
1402429
1402499
1402679
1402300
1402695
1308833
1308778
1308258
1402710
1402639
1402961
1402984
1308233
1402804
1402590
1402649
1402413
1402910
1402278
1402840
1402906
1402389
1308339
1402348
1308430
1308730
1402217
1402340
1402298
1308340
1308746
1402508
1308281
1308318
1402213
1308321
1402258
1402381
1402750
1308235
1402507
1308539
1402676
1308650
1402201
1308227
1402881
1402909
1402981
1308566
1402987
1402617
1402305
1402515
1402238
1308320
1308303
1402424
1402547
1402442
1402714
1402380
1402753
1402359
1402817
1308882
1402683
1308370
1402450
1402674
1402871
1402999
1402297
1308530
1402880
1402517
1308201
1308250
1402218
1308293
1402709
1402669
1402317
1308708
1402312
1402612
1402215
1308304
1402718
1402992
1308383
1402270
1402613
1402890
1402404
1308629
1402784
1402415
1308920
1308830
1308631
1402646
1402943
1402657
1402540
1402320
1402570
1402370
1402367
1402350
1402202
1308440
1402316
1308660
1402677
1308850
1402980
1308663
1402306
1402739
1402670
1402318
1402598
1402310
1402770
