1701866
1701590
1701645
1701527
1701380
1701347
1701205
1701433
1701739
1701264
1701609
1701520
1701212
1701368
1701450
1701988
1701690
1701833
1701658
1701599
1701498
1701975
1701232
1701318
1701880
1701495
1701630
1701840
1701430
1701730
1701426
1701566
1701269
1701373
1701640
1701805
1701818
1701226
1701620
1701399
1701213
1701648
1701471
1701301
1701240
1701595
1701339
1701215
1701587
1701403
1701721
1701629
1701299
1701793
1701885
1701888
1701340
1701540
1701898
1701200
1701937
1701300
1701361
1701317
1701770
1701936
1701390
1701799
1701425
1701412
1701740
1701893
1701203
1701319
1701405
1701436
1701581
1701491
1701500
1701864
1701978
1701934
1701409
1701391
1701720
1701715
1701404
1701261
1701781
1701353
1701541
1701729
1701891
1701415
1701334
1701394
1701429
1701330
1701260
1701552
1701251
1701371
1701578
1701899
1701367
1701343
1701360
1701850
1701230
1701219
1701680
1701441
1701526
1701659
1701505
1701651
1701695
1701580
1701220
1701509
1701400
1701238
1701570
1701202
1701306
1701713
