1202935
1202909
1202718
1202280
1202925
1202507
1202650
1202945
1202330
1202427
1202656
1202704
1202246
1202760
1202536
1202964
1202207
1202256
1202276
1202765
1202769
1202792
1202445
1202946
1202281
1202779
1202491
1202430
1202557
1202681
1202378
1202905
1202258
1202520
1202368
1202553
1202967
1202820
1202579
1202372
1202288
1202733
1202300
1202600
1202923
1202509
1202748
1202818
1202615
1202277
1202938
1202329
1202617
1202251
1202531
1202734
1202977
1202870
1202476
1202809
1202394
1202766
1202590
1202957
1202810
1202735
1202375
1202836
1202688
1202680
1202568
1202465
1202677
1202250
1202393
1202892
1202344
1202725
1202247
1202701
1202428
1202215
1202612
1202567
1202384
1202907
1202560
1202516
1202487
1202839
1202697
1202695
1202803
1202968
1202297
1202505
1202999
1202853
1202830
1202556
1202876
1202498
1202794
1202422
1202787
1202679
1202851
1202400
1202486
1202413
1202578
1202856
1202550
1202922
1202315
1202299
1202420
1202840
1202409
1202489
1202904
1202843
1202747
1202642
1202607
1202446
1202379
1202848
1202438
1202494
1202696
1202439
1202604
1202320
1202459
1202683
1202813
1202914
1202819
1202798
1202709
1202834
1202845
1202292
1202716
1202359
1202355
1202888
1202506
1202869
1202883
1202684
1202503
1202746
1202584
1202539
1202793
1202369
1202913
1202948
1202754
1202878
1202808
1202594
1202321
1202902
1202308
1202365
1202480
1202290
1202731
1202714
1202997
1202345
1202350
1202908
1202279
1202271
1202285
1202415
1202631
1202880
1202910
1202676
1202528
1202534
1202423
1202710
1202210
1202213
1202317
1202658
1202253
1202425
1202597
1202674
1202309
1202906
1202750
1202891
1202257
1202984
1202841
1202222
1202469
1202380
1202449
1202361
1202460
1202471
1202540
1202569
1202390
1202451
1202903
1202596
1202306
1202982
1202717
1202983
1202360
1202796
1202609
1202304
1202894
1202875
1202517
1202730
1202341
1202669
1202450
1202200
1202995
1202603
1202601
1202641
1202660
1202255
1202937
1202558
1202960
1202262
1202403
1202817
1202956
1202916
1202629
1202652
1202327
1202412
1202340
1202758
1202497
1202703
1202499
1202421
1202971
1202790
1202630
1202705
1202336
1202495
1202740
1202440
1202436
1202998
1202431
1202980
1202738
1202866
1202381
1202573
1202230
1202805
1202351
1202386
1202657
1202492
1202763
1202591
1202570
1202912
1202770
1202952
1202944
1202538
1202500
1202744
1202931
1202867
1202855
1202203
1202286
1202651
1202847
1202802
1202525
1202374
1202302
1202926
1202209
1202478
1202940
1202468
1202227
1202670
1202441
1202527
1202270
1202807
1202294
1202640
1202702
1202352
1202873
1202243
1202316
1202236
1202821
1202549
1202823
1202664
1202924
1202644
1202864
1202812
1202816
1202751
1202577
1202391
1202826
1202437
1202424
1202470
1202854
1202389
1202580
1202749
1202780
1202815
1202417
1202322
1202932
1202743
1202773
1202706
1202868
1202274
1202981
