1803991
1864915
1803312
1803971
1864934
1803814
1864254
1864206
1864761
1803504
1803645
1864770
1803968
1864370
1803530
1803741
1803480
1803596
1803292
1864373
1803983
1803607
1864775
1864626
1864353
1864621
1864412
1803833
1803730
1803646
1803230
1803287
1803246
1803915
1864689
1803514
1803795
1864270
1803404
1864252
1864435
1864542
1803888
1864354
1864419
1803960
1864534
1803579
1864367
1864477
1864617
1803800
1864763
1864280
1864357
1803743
1803602
1803413
1864838
1803200
1803529
1864828
1864533
1864518
1803447
1803479
1803402
1803804
1864576
1803207
1803408
1864631
1864304
1803509
1864809
1803574
1864377
1864603
1864553
1803745
1803522
1864363
1803942
1864515
1864680
1803844
1803361
1803440
1864490
1803464
1803320
1864330
1864324
1803719
1803455
1803767
1803389
1803209
1803876
1803206
1803891
1864337
1864216
1864873
1864850
1803487
1864315
1864940
1803291
1803467
1803816
1864990
1803686
1803416
1864572
1803463
1864389
1864591
1864407
1803318
1803412
1803370
1803272
1803466
1864398
1864349
1864320
1803760
1864210
1864982
1864710
1864437
1803759
1803984
1864360
1803638
1864457
1803459
1803629
1864200
1803417
1864908
1864569
1803608
1864999
1864309
1803640
1864593
1864423
1803347
1864491
1864616
1864567
1864884
1864713
1864985
1864209
1803216
1864508
1864321
1864800
1803226
1864541
1864788
1803577
1803920
1803846
1803381
1803565
1803513
1803517
1803261
1864764
1803881
1803636
1803269
1864340
1864962
1803868
1864590
1803665
1803900
1803445
1864905
1864682
1803348
1803904
1803556
1803371
1864707
1803856
1803622
1864207
1803849
1864907
1803331
1864341
1803493
1864322
1864483
1803546
1803604
1803979
1803580
1864361
1864498
1864266
1803552
1864504
1803225
1803316
1803834
1803387
1864549
1864313
1803322
1864380
1864607
1864420
1803582
1864473
1803687
1803210
1864921
1864375
1803496
1864580
1803961
1864386
1803260
1864612
1864867
1864772
1864557
1864305
1864735
1864608
1864404
1864406
1803605
1864350
1864310
1803718
1803317
1864624
1803397
1864466
1864303
1803414
1803549
1864325
1864581
1864784
1803784
1803873
1864391
1803300
1803460
1864532
1803630
1864359
1864983
1864387
1864399
1864499
1803682
1864597
1803940
1803386
1803667
1864449
1864946
1803727
1803981
1864642
1864650
1864293
1803603
1803998
1864478
1803627
1864933
1864992
1864448
1864301
1803642
1864356
1803919
1864274
1803766
1864256
1803922
1803724
1864497
1803237
1803543
1864475
1803354
1803205
1803238
1864378
1803271
1864247
1803240
1864238
1803507
1803649
1803576
1864971
1864275
1803669
1803295
1803542
1864371
1864554
1803673
1803391
1864814
1864323
1803693
1864871
1864762
1864903
1803768
1864556
1803470
1803351
1864601
1803553
1803235
1864492
1803406
1864421
1864245
1803928
1864494
1864202
1803558
1803415
1864918
1864381
1803735
1864208
1803448
1864958
1864441
1803566
1803468
1864561
1803770
1803521
1864436
1864484
1864385
1803341
1864326
1803360
1864431
1803769
1864566
1803525
1864376
1864634
1864777
1803606
1803477
1803610
1803748
1803662
1864787
1864417
1864637
1803704
1864525
1803334
1864425
1803670
1803342
1864901
1864517
1864980
1864300
1864920
1803337
1864205
1803288
1803305
1864382
1864810
1803450
1864705
1864872
1803524
1803825
1864887
1864706
1864684
1803634
1864981
1803357
1803367
1864516
1803923
1864283
1864712
1803738
1864520
1803215
1803761
1864414
1864501
1803319
1803729
1864641
1864978
1864837
1803410
1803883
1864347
1803336
1864201
1803236
1803270
1803281
1803431
1803471
1864551
1864894
1803650
1803250
1803949
1864346
1864314
1803740
1803570
1803705
1864671
1864535
1803879
1864577
1803372
1864415
1803554
1803847
1803293
1864434
1803840
1864909
1864409
1803659
1864444
1803806
1803422
1864485
1803280
1803239
1864844
1864221
1803403
1864724
1803465
1803306
1803379
1864804
1803609
1803807
1864328
1803762
1864670
1864344
1864655
1803307
1864714
1803508
1864633
1803616
1803228
1864618
1864401
1864384
1803257
1864430
1803586
1864702
1803526
1803664
1864529
1864625
1864906
1864952
1803325
1803757
1803624
1864640
1803528
1803626
1803310
1803908
1803476
1864526
1803999
1803989
1803383
1803443
1864630
1803614
1864365
1803917
1803977
1864723
1864395
1864747
1803801
1864754
1803944
1864993
1803274
1803378
1864720
1803862
1803721
1803446
1864674
1803290
1864316
1864666
1803429
1803902
1803651
1864692
1803707
1864605
1803201
1803439
1864451
1864977
1803967
1864704
1803845
