1605335
1605440
1605376
1605484
1605517
1605407
1605347
1605521
1605350
1605499
1605630
1605310
1605290
1605222
1605409
1605354
1605868
1605370
1605359
1605291
1605360
1605415
1605280
1605461
1605937
1605940
1605377
1605210
1605728
1605691
1605699
1605655
1605431
1605268
1605380
1605840
1605951
1605722
1605530
1605881
1605838
1605880
1605858
1605545
1605228
1605681
1605206
1605468
1605269
1605403
1605661
1605622
1605496
1605400
1605695
1605906
1605597
1605595
1605877
1605863
1605389
1605212
1605760
1605515
1605570
1605302
1605929
1605660
1605941
1605987
1605220
1605309
1605351
1605381
1605645
1605569
1605644
1605705
1605580
1605592
1605890
1605651
1605641
1605690
1605553
1605321
1605897
1605215
1605999
1605401
1605214
1605988
