1317531
1317871
1260268
1260515
1765759
1317670
1765914
1812901
1219379
1812374
1317201
1812552
1765734
1765605
1317420
1812241
1574532
1812266
1219510
1574209
1260710
1317992
1260433
1317766
1812391
1812525
1765243
1317413
1812646
1812454
1812559
1574903
1219292
1765669
1574575
1317752
1219369
1317653
1317677
1765505
1317296
1317842
1765722
1260673
1812589
1219508
1812964
1765215
1317724
1765274
1812223
1317238
1574226
1812549
1219617
1317289
1812912
1317772
1765994
1812547
1765860
1219384
1812205
1219252
1812681
1574520
1574339
1765480
1574274
1219516
1765341
1317447
1219765
1219386
1219863
1317620
1317965
1317340
1812308
1260415
1812585
1260557
1219716
1260241
1812691
1765239
1812625
1765314
1812518
1260224
1574849
1765388
1812340
1812227
1574370
1260452
1812343
1574931
1219309
1317408
1765513
1812581
1812456
1317603
1317504
1317432
1219248
1812603
1317372
1317755
1812404
1317616
1765438
1219604
1260318
1317520
1812861
1317524
1765372
1574999
1260702
1317532
1219336
1219808
1812568
1260553
1260704
1317966
1765831
1317838
1260571
1219742
1765867
1219381
1765244
1260758
1317407
1317800
1317763
1317798
1317714
1765808
1812773
1812269
1765422
1812650
1574767
1317579
1219331
1317753
1765507
1765667
1574323
1765418
1317628
1812530
1317665
1812403
1317294
1219406
1317282
1317742
1219577
1219775
1219344
1317850
1317339
1765291
1317430
1812320
1260438
1317370
1812214
1317597
1574222
1260250
1219985
1317649
1812272
1317402
1812215
1219615
1574303
1260273
1765210
1260267
1260609
1317487
1317695
1219576
1219851
1317941
1260205
1219718
1765585
1219262
1812298
1765602
1765432
1765716
1765407
1317442
1219413
1317809
1812738
1765227
1765571
1812493
1765277
1219221
1317625
1260494
1219257
1812322
1765772
1260450
1317981
1260413
1765376
1260541
1765283
1765840
1219945
1812249
1317385
1317909
1219614
1765421
1219940
1812899
1812987
1317496
1260445
1317557
1574612
1765510
1812312
1317667
1219210
1219218
1260201
1260479
1260209
1317486
1317464
1317459
1812785
1812221
1317529
1317410
1812360
1765729
1812239
1317741
1317654
1765278
1260210
1574310
1317652
1219398
1317354
1219871
1812201
1317409
1812225
1765719
1219314
1765891
1812263
1765714
1317919
1260449
1574286
1317699
1260416
1765637
1574347
1574406
1765247
1765588
1812661
1812510
1812414
1317414
1317908
1317601
1317682
1219202
1260368
1812614
1574514
1317668
1812760
1219713
1317840
1765469
1219644
1219204
1219746
1219318
1260336
1812351
1317995
1219702
1219885
1219939
1812639
1812514
1765479
1317281
1219661
1574304
1317452
1260242
1574387
1317710
1317538
1812890
1765610
1260251
1317506
1260203
1317666
1219476
1317779
1765365
1260503
1317640
1219484
1317627
1260229
1317731
1260820
1812531
1317446
1317525
1317494
1812489
1260215
1219678
1317712
1765761
1260226
1219433
1812314
1317795
1812341
1574377
1317412
1765318
1765621
1812606
1574835
1219427
1574358
1765205
1260823
1317922
1812878
1317599
1260234
1765212
1260442
1260271
1574302
1765650
1260797
1317488
1317286
1317515
1260760
1219243
1260977
1317748
1765661
1574327
1317453
1260232
1219916
1812829
1219402
1317440
1574316
1765499
1219545
1260443
1260633
1219393
1317205
1765404
1260414
1260282
1219380
1260410
1317771
1317332
1812657
1260908
1812361
1260341
1765389
1317353
1574596
1317732
1219973
1317224
1765969
1812557
1765201
1765749
1812593
1317499
1812306
1219912
1317997
1260585
1219201
1219256
1765242
1812914
1812631
1765863
1260920
1317777
1219781
1812827
1812545
1812725
1317607
1317417
1219276
1574386
1260687
1219902
1765351
1219895
1260467
1574501
1317726
1317316
1574252
1317319
1574326
1317986
1219613
1317550
1219816
1317363
1317658
1317792
1812213
1317249
1260849
1574341
1260387
1765820
1219315
1574540
1317694
1219316
1812822
1765300
1317415
1812370
1574551
1317443
1765591
1317727
1574707
1765287
1219302
1317471
1260403
1317746
1260237
1317349
1765702
1317364
1765481
1317498
1260909
1219798
1317612
1812924
1812783
1260508
1765508
1317960
1812243
1260235
1812278
1765363
1812599
1765635
1317935
1765624
1260265
1260281
1765746
1317775
1574309
1812297
1765586
1317696
1317250
1812801
1765607
1219487
1812755
1765561
1765720
1317213
1317734
1260666
1574350
1574329
1765335
1574400
1574383
1260466
1317902
1765491
1317279
1317223
1219405
1317918
1317730
1765488
1317514
1765225
1219488
1317998
1317600
1219793
1812392
1260228
1219561
1812553
1219688
1812483
1317664
1219214
1219512
1260221
1317716
1317400
1765592
1260417
1260223
1317749
1574703
1317796
1574536
1574336
1219308
1317513
1219671
1812990
1260446
1260504
1812913
1317929
1219359
1317457
1317833
1765580
1812556
1765295
1317747
1219290
1317987
1219743
1219333
1219802
1812204
1765337
1219587
1812707
1765748
1219313
1317341
1812447
1317806
1317366
1260348
1317217
1317790
1317389
1317608
1812327
1219898
1574352
1317565
1765701
1812850
1317679
1219207
1765623
1219670
1317200
1317979
1219809
1317938
1260418
1812881
1574584
1317448
1812449
1317793
1317292
1574217
1317519
1765327
1317656
1765271
1812802
1812240
1219677
1219999
1765960
1317970
1317379
1812258
1219307
1317645
1812390
1260498
1574314
1812230
1812406
1317690
1765413
1219501
1317626
1317374
1812781
1317835
1812217
1260206
1219552
1317371
1765430
1317602
1260715
1219306
1574549
1812633
1317719
1574292
1574202
1317985
1260277
1812677
1812968
1219242
1260444
1812900
1317251
1317518
1765217
1812764
1317891
1317750
1812286
1317702
1219208
1812535
1317797
1765357
1574952
1260319
1812653
1812453
1812989
1219293
1219575
1574306
1317606
1317360
1812573
1260570
1812664
1812480
1219796
1812698
1219200
1765509
1317855
1812701
1812459
1317261
1219240
1765536
1317401
1765516
1317284
1219669
1219229
1812617
1317650
1317999
1317315
1317502
1219588
1765250
1317439
1317864
1260460
1317405
1219519
1260705
1317460
1219238
1317900
1765461
1765744
1219334
1765775
1260782
1765428
1219682
1260202
1219628
1317418
1765609
1812558
1317698
1317516
1812767
1812584
1765997
1765601
1317313
1317937
1812671
1317445
1260327
1812248
1317946
1317397
1812679
1317657
1317854
1812670
1574601
1765426
1219232
1260525
1317989
1317429
1219805
1765366
1812630
1812350
1317778
1812561
1765506
1260388
1260431
1574320
1219600
1317384
1317474
1219555
1260729
1260580
1574228
1219951
1219877
1812319
1317517
1219801
1219629
1812219
1812457
1574355
1317828
1765490
1574299
1765670
1574229
1317492
1317762
1260330
1574238
1317956
1317903
1765620
1574850
1219789
1812870
1765265
1219666
1317209
1317629
1219608
1574361
1812704
1260804
1317378
1574709
1317478
1317717
1574261
1219465
1317830
1574485
1317495
1219395
1317619
1219363
1219707
1219841
1219448
1812305
1260600
1812742
1765553
1765476
1317441
1317586
1260212
1317822
1260275
1812592
1317744
1260254
1317610
1317508
1574360
1317728
1812719
1317604
1317260
1219689
1260385
1812209
1260564
1812431
1574215
1812517
1812499
1765977
1765686
1317590
1765437
1812508
1765346
1812746
1812369
1317560
1317509
1765656
1260409
1812296
1765233
1574298
1317740
1260519
1317847
1574440
1812498
1574465
1317764
1219477
1574333
1317548
1219814
1317500
1812207
1317507
1317969
1219873
1317435
1812572
1317910
1260573
1765425
1260243
1317361
1812598
1317419
1317490
1574218
1219296
1260305
1812281
1765652
1812532
1812953
1317993
1317523
1219989
1317331
1765894
1260312
1219285
1765543
1765681
1812264
1317476
1317737
1219771
1812887
1574702
1812309
1765549
1812582
1574505
1317697
1317306
1317501
1317473
1317767
1765603
1317939
1317709
1317258
1765546
1317373
1812697
1317692
1219776
1219616
1317431
1219455
1317851
1765427
1765409
1574742
1812325
1317437
1765245
1765414
1219928
1260402
1765967
1317489
1260766
1219274
1219730
1574265
1812528
1317236
1317820
1765204
1260214
1812550
1317701
1812619
1765606
1260468
1219407
1317827
1765209
1574312
1317982
1317362
1765307
1765412
1260367
1219263
1765631
1317983
1812216
1812344
1317345
1219779
1812546
1219869
1812262
1765721
1317556
1317675
1260246
1765532
1574348
1812777
1765398
1574315
1812212
1317617
1812798
1765275
1219370
1317503
1317646
1317691
1765807
1765301
1219741
1317760
1260740
