1808300
1808669
1808436
1808888
1808250
1808635
1808779
1808265
1808365
1808387
1808384
1808321
1808255
1808722
1808391
1808256
1808726
1808497
1808652
1808754
1808725
1808651
1808866
1808295
1808798
1808936
1808445
1808673
1808271
1808375
1808454
1808600
1808746
1808468
1808451
1808670
1808727
1808268
1808940
1808485
1808353
1808344
1808482
1808359
1808224
1808426
1808489
1808280
1808990
1808769
1808518
1808364
1808292
1808294
1808461
1808369
1808430
1808878
1808931
1808291
1808597
1808649
1808217
1808799
1808383
1808306
1808636
1808204
1808838
1808868
1808475
1808633
1808282
1808462
1808234
1808429
1808308
1808724
1808785
1808554
1808729
1808304
1808640
1808491
1808385
1808208
1808443
1808756
1808859
1808463
1808220
1808557
1808748
1808275
1808666
1808266
1808495
1808352
1808937
1808728
1808987
1808783
1808476
1808386
1808351
1808398
1808382
1808218
1808638
1808389
1808620
1808895
1808829
1808892
1808634
1808219
1808585
1808269
1808277
1808478
1808201
1808315
1808960
1808345
1808284
1808227
1808777
1808372
1808927
1808209
1808499
1808753
1808258
1808285
1808721
1808356
1808542
1808232
1808687
1808260
1808707
1808230
1808452
1808222
1808840
1808202
1808339
1808457
1808740
1808520
1808393
1808444
1808354
1808780
1808679
1808206
1808953
1808450
1808464
1808747
1808494
1808517
1808228
1808797
1808630
1808896
1808264
1808498
1808515
1808298
1808561
1808979
1808469
1808388
1808589
1808741
1808824
1808203
1808347
1808683
1808989
1808757
1808781
1808397
1808342
1808796
1808738
1808312
1808778
1808381
1808954
1808470
1808371
1808854
1808283
1808348
1808938
1808639
1808319
1808286
1808225
1808460
1808278
1808688
1808281
1808346
1808870
1808349
1808772
1808205
1808419
1808200
1808551
1808343
1808699
1808657
1808428
1808809
1808758
1808221
1808368
1808276
1808723
1808782
1808853
1808793
1808852
1808367
1808341
1808546
1808223
1808233
1808492
1808366
1808392
1808313
1808825
1808214
1808650
1808590
1808212
1808755
1808479
1808631
1808658
1808226
1808861
1808330
1808358
1808333
