1267316
1717215
1484955
1570817
1412871
1570269
1267280
1610655
1610505
1267310
1267442
1484735
1717994
1484889
1717296
1717874
1267227
1267673
1610299
1717914
1724553
1215907
1215203
1215909
1215910
1724313
1570533
1267559
1215500
1412863
1610925
1570709
1717782
1267667
1717418
1215450
1724719
1570580
1267776
1717371
1610585
1610733
1484252
1484350
1724882
1215475
1814812
1412977
1570995
1814282
1412452
1717602
1814403
1215939
1412759
1570731
1814883
1215778
1717813
1215514
1412329
1215980
1717956
1610675
1267283
1484507
1610454
1267405
1267228
1267378
1610914
1412758
1412520
1484995
1610905
1215713
1267562
1717634
1570604
1610416
1724840
1267892
1724979
1610842
1215539
1215499
1484706
1610726
1267353
1267397
1215347
1610749
1215530
1267213
1267815
1267806
1267389
1610818
1267297
1267231
1724747
1717265
1610996
1215896
1484787
1610757
1412874
1610235
1717701
1724612
1412310
1724971
1412780
1484516
1814580
1412737
1724912
1412607
1717434
1267255
1610551
1717447
1814882
1412230
1412972
1717598
1724797
1412517
1215983
1412541
1724420
1814881
1717329
1814441
1267882
1215828
1610780
1215407
1412491
1724413
1717470
1610737
1215888
1267652
1484447
1215206
1267237
1215498
1484661
1267206
1267257
1717770
1610755
1215913
1570982
1717495
1484781
1570456
1412326
1215307
1717368
1610638
1484797
1724605
1484678
1724544
1267714
1412420
1610607
1717689
1484769
1267668
1215390
1610712
1610802
1610823
1215479
1610732
1267982
1484645
1484469
1412892
1717681
1215882
1267371
1570259
1610406
1717406
1570977
1814602
1267897
1267589
1814358
1412757
1267626
1724859
1724657
1412861
1267421
1717740
1484474
1610513
1724366
1717839
1215262
1717513
1814753
1215881
1717341
1717247
1412952
1570974
1267733
1215879
1814379
1814502
1724433
1484626
1717224
1484364
1717572
1724525
1215618
1267474
1570332
1267586
1717658
1267917
1484550
1724579
1267770
1717466
1215432
1267986
1724610
1412397
1570637
1412571
1215570
1610482
1267333
1267264
1267602
1570643
1267747
1610621
1412956
1412313
1814598
1610425
1267444
1724321
1267319
1267570
1412723
1610840
1724810
1267888
1484484
1484753
1610453
1717554
1412475
1484326
1412613
1724312
1412598
1484599
1610334
1724516
1215768
1215495
1215783
1484606
1267881
1215800
1215617
1267318
1610413
1267640
1412448
1215874
1717575
1484655
1215399
1267991
1267734
1412953
1724601
1570565
1215738
1267331
1267207
1814969
1610742
1724219
1570590
1814977
1484784
1724931
1717714
1484343
1412880
1724888
1610554
1267709
1267902
1717750
1814233
1724984
1267909
1717660
1267266
1412965
1717816
1412302
1215966
1814962
1610549
1610864
1484745
1610529
1724506
1610620
1610659
1412740
1717271
1484471
1215298
1412660
1215410
1215850
1610931
1717710
1717327
1484574
1484274
1717615
1717300
1267348
1412883
1484843
1267482
1814321
1484598
1484426
1717678
1484300
1570809
1610470
1267495
1717279
1814807
1484880
1215290
1724902
1484542
1717654
1412320
1484477
1267239
1610441
1267386
1610936
1717405
1412418
1717698
1717953
1484358
1267918
1412513
1570640
1717916
1610751
1814426
1412583
1215870
1724961
1267642
1717317
1724419
1814464
1215873
1484627
1724494
1267377
1484764
1267337
1267819
1267694
1215807
1412621
1717462
1717639
1717873
1570242
1484314
1570441
1267799
1717314
1717318
1267277
1267877
1412960
1570814
1724709
1267778
1267767
1267252
1267984
1215353
1267469
1215681
1412555
1724739
1610781
1610390
1412401
1610787
1267912
1267898
1814553
1717580
1484560
1484664
1717538
1267324
1267317
1610960
1412265
1412979
1215313
1215779
1412253
1215834
1610731
1412652
1267876
1267832
1267615
1215866
1215801
1484719
1814243
1267437
1484571
1717551
1570687
1412287
1610753
1570436
1717984
1267428
1267521
1570660
1412910
1484506
1570536
1570419
1484640
1610773
1814737
1610810
1412245
1215595
1267970
1814981
1215678
1484420
1814283
1570790
1215264
1717715
1717672
1814746
1267904
1412848
1215813
1717342
1724355
1717370
1610241
1724991
1610704
1215789
1412592
1267566
1717461
1412657
1717747
1724504
1215820
1412941
1724801
1267679
1267945
1814245
1412690
1215201
1570852
1484597
1267535
1412403
1484750
1610614
1484651
1215805
1484998
1610405
1267674
1814521
1484832
1724713
1717954
1267225
1484366
1484513
1215378
1267210
1267408
1724316
1267212
1267825
1724554
1724513
1267608
1412618
1717408
1267820
1814414
1570209
1412877
1215720
1215605
1717471
1215578
1724208
1484554
1717395
1610909
1267973
1412532
1814327
1724757
1570262
1267774
1717599
1267325
1724487
1484459
1215962
1267978
1570902
1267538
1267298
1412933
1610703
1412523
1610937
1215715
1412682
1610800
1717578
1814636
1570926
1570240
1610209
1215704
1814447
1814232
1412309
1610730
1215370
1215901
1717904
1814571
1484810
1267974
1717607
1484273
1724288
1215430
1724505
1267221
1724622
1814724
1267278
1267344
1814937
1717802
1814512
1215406
1412719
1215650
1267443
1724799
1814558
1717659
1717706
1267328
1717686
1610709
1215651
1610509
1267259
1267441
1717962
1267270
1412303
1724624
1267274
1215317
1484743
1484614
1215397
1717968
1267391
1267639
1412334
1724944
1724518
1610880
1412545
1814659
1267939
1215449
1215403
1814316
1484535
1717799
1717628
1724762
1412855
1724691
1570802
1717315
1267403
1267585
1412728
1215669
1717856
1484557
1267315
1610563
1267499
1717900
1267853
1717389
1267850
1814762
1717608
1412218
1610804
1610848
1570472
1267218
1570260
1570620
1215802
1267545
1717472
1814932
1717922
1724685
1267685
1267394
1412339
1570807
1267625
1484716
1814931
1215990
1215470
1215260
1267788
1267463
1267736
1814934
1570540
1570430
1717504
1717862
1724893
1570335
1610740
1484479
1215809
1717454
1484791
1267273
1215827
1814482
1717823
1610283
1570574
1610663
1484226
1570478
1267367
1412540
1717725
1412580
1814500
1267527
1267730
1215989
1717319
1717889
1215987
1724318
1814996
1610803
1717567
1570847
1267234
1267506
1267258
1570336
1717683
1267951
1717925
1412388
1717582
1267792
1484345
1570765
1267824
1484866
1267628
1717688
1814631
1267968
1717788
1484695
1814397
1610500
1215753
1717620
1724816
1412639
1215582
1267517
1412315
1267916
1610273
1267312
1570594
1717419
1814504
1215421
1215821
1570460
1724680
1570354
1570337
1412818
1570453
1724351
1724841
1484802
1610322
1570228
1610592
1484282
1412853
1412335
1717886
1724480
1724237
1610360
1484809
1267455
1484926
1717309
1267643
1717515
1570994
1215804
1267584
1215219
1717475
1610238
1570490
1717222
1724372
1215398
1717277
1412314
1610306
1610301
1724972
1412616
1814343
1267496
1717275
1814360
1412275
1412865
1814315
1267262
1215266
1215429
1717203
1717601
1267400
1215416
1267905
1717377
1717857
1267203
1610400
1215324
1267969
1267355
1724833
1610559
1717768
1814273
1412862
1267342
1610701
1267699
1610836
1724249
1717487
1412889
1717696
1412735
1610999
1215869
1717254
1610844
1724856
1814591
1412463
1215839
1814323
1215552
1267621
1484541
1267490
1267314
1717961
1484644
1570334
1717303
1724699
1215594
1570234
1484636
1724434
1717756
1412852
1267504
1412573
1724809
1814328
1484470
1484868
1570328
1412801
1484238
1267407
1267503
1267836
1412277
1484544
1570331
1484772
1570582
1215460
1484602
1412480
1267772
1717344
1215287
1724636
1267946
1267393
1267864
1570445
1724814
1724298
1724698
1814616
1267860
1484515
1267796
1814592
1267994
1484901
1215620
1267826
1717586
1717574
1724651
1484684
1717629
1724650
1724396
1570413
1484332
1484258
1570399
1484269
1814907
1717514
1717209
1570600
1267784
1484849
1412713
1215494
1484336
1412465
1724464
1215508
1267345
1717877
1610908
1717413
1570751
1267972
1717699
1814688
1610888
1412935
1814395
1267797
1267339
1215609
1717381
1610483
1610350
1412603
1267657
1484795
1412506
1610906
1724707
1610428
1814852
1412894
1484837
1267357
1610812
1717348
1267648
1215586
1570250
1717424
1412760
1610983
1267622
1267781
1267356
1267965
1484888
1412995
1814880
1267275
1412291
1412901
1215272
1814850
1717430
1267993
1412510
1814860
1412566
1267588
1484425
1717339
1484378
1267629
1717446
1484268
1717380
1717510
1267349
1717330
1215919
1717579
1484855
1412706
1215251
1267703
1814249
1610961
1267632
1412398
1717479
1215817
1717305
1724469
1717738
1267884
1215771
1570293
1717769
1717439
1724406
1724417
1717449
1484794
1267374
1717990
1610589
1215833
1412407
1717693
1215558
1267290
1412600
1717425
1267650
1570850
1267296
1570575
1717635
1717356
1215756
1412285
1412478
1717553
1570703
1215554
1215385
1267253
1570357
1724454
1570855
1610724
1412543
1610805
1267466
1484431
1814795
1267414
1484264
1267530
1610314
1267971
1814935
1724300
1724910
1610714
1724594
1484478
1814590
1570535
1610248
1267845
1717676
1717307
1215920
1267229
1717205
1570862
1724581
1814429
1267738
1267716
1717869
1484758
1267399
1724584
1610716
1215360
1717982
1717324
1724397
1814826
1267276
1267751
1412783
1412584
1814254
1717870
1484665
1814758
1610573
1570702
1814386
1412327
1570573
1215531
1570778
1724531
1717353
1412419
1717621
1717585
1814790
1717503
1724634
1267924
1215588
1610910
1717723
1267401
1814248
1484947
1717752
1570506
1267595
1267614
1267438
1267351
1412721
1412916
1267304
1215292
1267693
1267908
1215758
1570593
1610329
1267718
1267423
1267563
1814490
1267579
1412961
1717679
1267242
1484942
1717363
1724508
1215281
1267247
1412897
1724986
1484354
1814329
1610574
1412638
1717557
1267370
1717947
1412810
1610656
1267798
1570316
1570616
1267800
1484934
1610984
1570394
1484725
1412990
1215239
1412500
1484375
1215316
1412973
1267457
1267476
1610605
1610568
1412856
1717383
1412582
1717880
1814923
1412427
1814470
1267894
1215847
1484966
1412538
1267975
1484433
1717517
1484523
1267461
1215900
1412656
1610220
1717505
1267680
1717644
1717350
1570309
1267590
1610637
1412913
1484262
1267366
1484643
1267245
1717926
1717304
1215740
1717451
1484369
1267816
1215285
1610972
1610504
1570998
1267549
1484437
1412614
1570493
1610806
1610657
1215512
1570677
1267616
1724263
1717980
1412819
1484892
1610662
1215520
1267883
1267516
1215863
1570774
1215687
1267810
1215668
1814574
1570991
1724493
1215532
1717404
1215391
1267241
1267240
1484744
1267546
1610764
1570412
1814682
1717336
1610331
1412266
1484460
1570899
1267467
1610765
1610417
1610698
1267847
1610966
1570589
1215303
1570614
1412246
1610587
1610930
1724322
1814448
1267475
1610762
1484948
1484553
1267746
1412290
1412508
1484619
1484319
1724500
1724456
1267644
1717606
1610580
1412709
1412680
1570350
1215688
1570396
1215859
1267742
1610612
1814310
1717473
1412377
1484561
1215760
1717930
1215601
1570898
1412954
1267671
1724989
1610945
1484883
1412304
1267780
1484999
1267597
1610468
1570762
1570846
1814599
1570740
1610233
1267786
1570704
1267564
1412906
1215917
1484867
1412294
1267320
1215284
1717521
1717253
1570452
1484239
1570856
1717680
1215240
1484486
1412554
1267256
1215237
1215941
1814806
1717497
1267979
1814566
1412214
1724207
1267987
1570690
1570442
1610883
1610398
1717977
1717437
1267424
1267406
1717360
1484796
1814384
1717409
1412932
1717443
1267373
1267591
1717617
1267385
1267528
1610392
1267678
1717622
1570578
1215359
1267596
1267977
1412867
1717229
1814585
1267980
1724569
1717919
1267664
1484818
1610790
1267844
1610304
1484714
1412841
1484246
1215764
1412292
1717808
1412559
1412980
1412651
1717887
1814769
1570364
1412654
1570267
1717818
1215667
1570235
1412370
1717830
1610348
1484941
1267754
1412770
1814457
1215509
1484632
1267577
1412414
1717565
1215803
1717636
1610357
1814462
1724401
1717824
1717882
1215622
1814954
1717821
1267265
1412944
1412945
1717875
1267473
1570468
1215908
1570362
1570800
1484620
1215349
1267854
1267235
1717881
1717480
1267581
1724590
1215692
1724591
1724812
1484908
1484333
1484682
1610927
1215971
1610349
1267454
1610609
1267587
1215565
1215791
1267567
1610203
1215906
1412636
1215921
1717400
1717893
1570656
1610223
1717810
1610310
1412258
1267896
1215589
1610750
1412716
1412330
1215268
1570801
1610653
1215934
1215485
1717860
1610745
1570768
1610686
1724517
1267432
1717386
1215930
1570880
1412352
1724562
1717372
1724244
1215208
1267934
1267230
1610291
1267822
1717422
1267582
1267606
1610715
1484686
1267323
1267536
1610335
1484788
1724987
1215380
1412902
1484767
1724291
1484685
1215718
1724992
1724647
1717376
1215868
1267322
1724309
1724255
1724369
1610547
1484680
1267507
1814873
1267992
1215510
1215782
1215584
1717781
1484538
1717729
1717387
1724317
1570579
1717208
1412443
1267670
1412925
1610938
1412405
1267601
1267838
1412726
1570236
1215796
1570274
1412503
1267361
1484705
1412694
1215452
1717992
1412225
1267990
1412527
1267436
1215253
1717333
1610216
1484707
1215207
1717746
1814920
1717364
1267901
1610710
1412445
1724732
1267431
1267575
1610215
1267593
1570352
1610613
1717559
1717398
1412733
1724272
1412589
1610741
1215607
1267666
1267306
1267251
1215356
1484755
1267300
1724333
1814383
1570766
1215278
1610743
1267907
1814897
1215375
1215300
1215519
1724466
1267388
1717999
1215767
1570561
1610234
1570520
1717805
1724803
1267216
1484861
1570498
1267481
1412720
1724448
1610242
1717773
1484984
1267271
1215384
1717562
1610570
1717803
1814207
1814350
1717278
1267449
1724939
1610368
1267761
1724340
1717825
1717745
1610393
1412918
1814289
1717758
1570231
1412860
1717798
1724561
1412629
1814528
1610952
1610484
1570815
1267269
1717577
1412891
1610998
1412514
1610324
1610515
1484374
1814242
1215436
1267250
1570406
1215354
1717201
1717490
1814547
1484219
1610633
1412915
1267560
1724551
1412354
1610462
1717708
1267779
1412626
1724777
1412727
1484773
1570397
1814577
1484547
1484957
1215501
1610991
1610476
1570930
1484634
1412477
1570550
1814657
1267288
1724395
1717343
1717216
1267981
1267891
1484845
1814656
1484929
1570439
1814933
1484509
1412968
1267244
1215280
1814312
1412773
1717675
1267769
1814221
1215696
1412260
1267303
1267205
1484370
1412535
1267827
1215528
1267574
1717283
1717440
1412736
1814661
1412708
1610202
1484276
1412849
1610877
1484786
1267529
1717648
1267707
1215970
1724827
1484213
1484517
1412999
1570401
1484522
1267446
1412628
1610564
1412328
1215279
1267471
1724866
1267879
1717797
1717460
1484903
1724815
1724808
1724884
1610433
1814203
1814771
1484904
1610858
1814460
1724681
1412579
1814218
1412668
1215431
1267384
1570954
1814331
1267691
1814687
1267505
1484225
1215301
1267750
1412273
1724712
1717587
1215816
1570497
1412387
1717450
1484774
1484838
1717552
1215214
1724301
1724953
1267452
1267243
1610579
1610496
1484650
1484201
1717576
1724596
1570599
1814634
1484631
1717819
1570710
1610249
1215433
1610545
1484410
1267338
1610606
1724614
1484340
1484751
1215730
1717917
1267565
1267439
1814777
1717817
1814515
1610451
1717885
1484862
1215815
1814341
1717847
1610506
1412498
1267777
1412337
1267713
1717973
1484432
1412996
1717951
1412924
1484848
1412951
1717677
1267456
1814421
1215490
1412499
1610679
1267721
1215459
1814844
1484886
1610533
1570237
1484524
1717507
1215872
1717844
1610550
1215960
1717316
1610507
1412216
1484649
1412576
1267760
1724710
1570617
1724328
1717512
1717491
1267450
1724672
1717826
1610809
1215806
1724831
1215221
1724600
1610739
1570780
1267647
1267509
1267541
1412609
1610772
1267764
1724996
1570417
1717250
1215880
1484721
1724648
1412551
1717809
1610420
1267254
1610297
1717476
1570202
1570794
1717833
1717719
1215680
1215518
1570952
1570691
1610316
1610427
1814215
1814404
1412692
1267726
1724674
1724787
1814548
1717379
1484633
1267688
1724403
1215634
1570608
1484353
1412436
1717650
1717433
1570764
1267997
1215626
1570892
1610401
1267683
1717753
1814442
1484983
1215808
1610415
1814952
1717891
1215327
1717478
1215543
1484949
1267379
1484804
1267307
1267665
1610608
1215526
1717623
1412799
1610517
1814279
1724290
1717778
1484467
1610761
1215603
1484529
1484894
1570730
1570239
1724875
1267236
1267773
1610333
1215200
1724822
1412601
1484325
1610969
1215776
1412482
1570470
1412595
1814377
1215527
1215932
1484878
1717465
1570369
1484224
1412608
1724602
1215954
1717401
1724766
1484919
1717571
1215350
1814857
1717666
1814691
1484347
1717357
1814541
1570301
1484951
1814244
1717820
1412289
1412496
1610442
1610955
1724714
1215602
1215593
1724599
1267343
1267624
1570955
1267261
1412596
1724462
1267936
1814270
1215840
1267592
1717858
1610247
1267895
1717829
1570517
1267702
1484860
1717331
1610457
1412983
1267334
1717669
1717614
1412519
1215205
1215948
1570591
1267935
1412715
1610763
1267809
1215439
1412215
1412537
1717995
1814715
1215435
1215837
1717836
1484987
1215824
1412888
1610389
1610463
1814673
1717420
1412606
1610721
1267209
1610213
1215694
1215341
1610477
1267938
1484519
1412295
1215274
1717414
1717321
1412417
1814823
1717592
1484280
1215964
1717653
1717943
1610986
1267933
1570218
1570933
1724496
1717902
1610577
1215275
1814699
1412345
1610212
1412779
1215891
1267248
1717863
1267903
1267226
1267410
1267571
1814450
1724364
1814271
1610993
1610308
1215858
1724470
1484250
1412363
1484466
1267272
1717645
1724630
1267515
1267831
1717690
1267368
1717468
1215515
1215630
1724679
1724664
1570216
1267808
1717421
1267807
1724813
1215915
1717736
1570867
1267498
1570972
1570238
1610256
1267752
1610227
1267885
1610639
1412495
