1269240
1616666
1734436
1989341
1231570
1313598
1269930
1586960
1810228
1269447
1313230
1810922
1313880
1313727
1313683
1517215
1989737
1248390
1616717
1517575
1248840
1248716
1313550
1248759
1313626
1734395
1586707
1313759
1313315
1616594
1586995
1989318
1313591
1313784
1248842
1248701
1810599
1734891
1616632
1313663
1313465
1313374
1313624
1269838
1231459
1616334
1989372
1586257
1313590
1231442
1586224
1269944
1989482
1269929
1269365
1616548
1269290
1313406
1989992
1313307
1313655
1269220
1313986
1313903
1248900
1248571
1313854
1248460
1248765
1269364
1616319
1586525
1313758
1586765
1586303
1586804
1248346
1734308
1269753
1313471
1616634
1810564
1810730
1517447
1269816
1586838
1248385
1586354
1231429
1989289
1517740
1248590
1734672
1313949
1616291
1313505
1586563
1231580
1517375
1269903
1248761
1810432
1989355
1313518
1989250
1989714
1989798
1616446
1517366
1269275
1269760
1313595
1269598
1248907
1616610
1231999
1248308
1269270
1734545
1248496
1313559
1616272
1517879
1734258
1313502
1616821
1313728
1616481
1989572
1810953
1231349
1616389
1248631
1248269
1734625
1734624
1269861
1989600
1810407
1313789
1313652
1248289
1989217
1989464
1313799
1616251
1248515
1810666
1269601
1810618
1313725
1616589
1616546
1517214
1734351
1231886
1734219
1269213
1248202
1248703
1734493
1517894
1734985
1586522
1231268
1269375
1269330
1989326
1313790
1313394
1248462
1616295
1313908
1586200
1734358
1313306
1269569
1616427
1231651
1313460
1313338
1734502
1248508
1269303
1313623
1313802
1616335
1313686
1231742
1734516
1248495
1734320
1810360
1248420
1231284
1248943
1734735
1313515
1734957
1810537
1248789
1248278
1313926
1616737
1313788
1616930
1810531
1248785
1989277
1269332
1616437
1313485
1586265
1231846
1517358
1248622
1989494
1313352
1989450
1810824
1313404
1313455
1248563
1989980
1734639
1517438
1810877
1517500
1231622
1248897
1517812
1517455
1734819
1231206
1313960
1517388
1616901
1734373
1586701
1586713
1734752
1269355
1616419
1313675
1313989
1248929
1313826
1517763
1989906
1517755
1734679
1616886
1313982
1616401
1989854
1989533
1313442
1517442
1586504
1313574
1248946
1313221
1248408
1231247
1248891
1248981
1248794
1734629
1313690
1517488
1586322
1734323
1517918
1989745
1269414
1586552
1734250
1586663
1313573
1616206
1810577
1616308
1517403
1313919
1586883
1616881
1517980
1313820
1616262
1313549
1231218
1269547
1616304
1517512
1810441
1586764
1810288
1313614
1810295
1616329
1586453
1734276
1269271
1734476
1231881
1616402
1616540
1616318
1517974
1248906
1517513
1313721
1231212
1734748
1269308
1734800
1269986
1313488
1313319
1734741
1248260
1810471
1517300
1313413
1517304
1810627
1616570
1248730
1248739
1517647
1586899
1248870
1989954
1313333
1586942
1734612
1313454
1248962
1810844
1248890
1248417
1313701
1231866
1517745
1517505
1616795
1616836
1734673
1616902
1313969
1313461
1269338
1616322
1313288
1734808
1248653
1734845
1810734
1313424
1517292
1248302
1248660
1313649
1248330
1810919
1616406
1269247
1248309
1616379
1248361
1734263
1313706
1810247
1810223
1616238
1248914
1989280
1734216
1313327
1517242
1269348
1269625
1248860
1616279
1989294
1313478
1989370
1586298
1810841
1269744
1989287
1313266
1248245
1810845
1269370
1248872
1734626
1586894
1810322
1586464
1269567
1517624
1989327
1313570
1616283
1248808
1269888
1586871
1734346
1734864
1989271
1586237
1616337
1248667
1616264
1616284
1734582
1313205
1269806
1248825
1248971
1810348
1734833
1734660
1989573
1989239
1989984
1616537
1517490
1313739
1734353
1231944
1517539
1248928
1517867
1313699
1269228
1517936
1248482
1810333
1313603
1313704
1517719
1810265
1248249
1734239
1248843
1517615
1616273
1248821
1734292
1313948
1313671
1269535
1734486
1248296
1248568
1269208
1248710
1313318
1734777
1231578
1734776
1313283
1269325
1313819
1734769
1248813
1810355
1313644
1616516
1248802
1810206
1248670
1248850
1231282
1248412
1616498
1734972
1231499
1734262
1616644
1269267
1810444
1586719
1313378
1313251
1989293
1734775
1734341
1313402
1810300
1248845
1313234
1616840
1313952
1989244
1248763
1616813
1517927
1616259
1810965
1248379
1586946
1313856
1313212
1616368
1313358
1810336
1616752
1248832
1586372
1313720
1231313
1313681
1248917
1248225
1734765
1313300
1517260
1313418
1989297
1313324
1734309
1231747
1586306
1313423
1248688
1313420
1616617
1586214
1616848
1586277
1616723
1734716
1313971
1989619
1231392
1734707
1616552
1517290
1517990
1810814
1269352
1616780
1734419
1989751
1231343
1616835
1734718
1248459
1248301
1616801
1269312
1231887
1313452
1586676
1313939
1313269
1248867
1248506
1734552
1248675
1313456
1616635
1248550
1313564
1616535
1586248
1313765
1231613
1248935
1734560
1231907
1269873
1810321
1810580
1734334
1517256
1810588
1810956
1231670
1269241
1734709
1734483
1231620
1616843
1734306
1734329
1616215
1616422
1734635
1248378
1313778
1313805
1313525
1734268
1616822
1734727
1248402
1616285
1616260
1248791
1231292
1810287
1313293
1248760
1248325
1231388
1248259
1586803
1313433
1810273
1248376
1269251
1616325
1734755
1734531
1810887
1231265
1231855
1313284
1313895
1313878
1517247
1616500
1734652
1517200
1248704
1810516
1248255
1810624
1586256
1616287
1734260
1313707
1586738
1313917
1517902
1734546
1313316
1734796
1586383
1810553
1313285
1269509
1313407
1616430
1231729
1248636
1248798
1517962
1313717
1248924
1810359
1269719
1269697
1586646
1734771
1313974
1269779
1313742
1734693
1248795
1586204
1616856
1269449
1616819
1231624
1517803
1248228
1313910
1517480
1248762
1313985
1231740
1269207
1248824
1313772
1810545
1616214
1231994
1248470
1248892
1313492
1248881
1616690
1810515
1313918
1269767
1810835
1734585
1734331
1313335
1734646
1734307
1616490
1269223
1810853
1586904
1269626
1586457
1269350
1248613
1517285
1517414
1269291
1616970
1734882
1989763
1734772
1248961
1313506
1734890
1248955
1734680
1313687
1616438
1313403
1313808
1989808
1517914
1313645
1586850
1517202
1313308
1313443
1269876
1616275
1313618
1248505
1231633
1231571
1517258
1989225
1231437
1231290
1734787
1517977
1517303
1313427
1248807
1586806
1248901
1734328
1734737
1231270
1616432
1616990
1313548
1989498
1248983
1586935
1248982
1313468
1313520
1248500
1231283
1734288
1248607
1313350
1810869
1616755
1616551
1586612
1231557
1989390
1586665
1313980
1616638
1269276
1231492
1269317
1616828
1313236
1248574
1248274
1269259
1517641
1313587
1989588
1989317
1517243
1734773
1313657
1989657
1248687
1586925
1248421
1616293
1313279
1269501
1810459
1313258
1734897
1810936
1517410
1313719
1313310
1734945
1517648
1517416
1989295
1313213
1734322
1616510
1989640
1810404
1989233
1616820
1248697
1517462
1313204
1231330
1313896
1313929
1734363
1313523
1248345
1269993
1734756
1586246
1616228
1616301
1517614
1248242
1616369
1810347
1248709
1586808
1616210
1269578
1313801
1989569
1231750
1810569
1517712
1231883
1517402
1734915
1810499
1313886
1269491
1248250
1989941
1616648
1313265
1810513
1269650
1248925
1231715
1810241
1989214
1313740
1517819
1810262
1313320
1269910
1586668
1248722
1734686
1586244
1248773
1810285
1517317
1269998
1517888
1248912
1517703
1810357
1231720
1586343
1313444
1231340
1248787
1313800
1248835
1586329
1989931
1734822
1231497
1269363
1313632
1734892
1517395
1734213
1248882
1616450
1810543
1616706
1989400
1616862
1810689
1586217
1810399
1313329
1734770
1734578
1586201
1810358
1231412
1586422
1989350
1810525
1989493
1248659
1313694
1734347
1517599
1586255
1616232
1517282
1734621
1586495
1269329
1734589
1616302
1810660
1231510
1989459
1248818
1616773
1248894
1313643
1248463
1734795
1586922
1269455
1734512
1248392
1616292
1616606
1231590
1616209
1248520
1616879
1586574
1616528
1989621
1989329
1734217
1269369
1517526
1586206
1734730
1586202
1989444
1248321
1248633
1313207
1248661
1810259
1248558
1313215
1248219
1269823
1989860
1586216
1231303
1231667
1313457
1248755
1313944
1248866
1269635
1989204
1989461
1313970
1248212
1616216
1248877
1313244
1248231
1989402
1313412
1586339
1734674
1586675
1517206
1313303
1248605
1269565
1313775
1586381
1313977
1810874
1248778
1248207
1734604
1248525
1586283
1248993
1313231
1989220
1810610
1248766
1810820
1248413
1313346
1989891
1269408
1248804
1248978
1248895
1313558
1313467
1248756
1248797
1517525
1616566
1269252
1248298
1248880
1734572
1313617
1248672
1313736
1313670
1989963
1810813
1616826
1734333
1313246
1989424
1586801
1517320
1989403
1616384
1248931
1248690
1231632
1269512
1248445
1248285
1810334
1810938
1616841
1313768
1313877
1586842
1586549
1989283
1248837
1517881
1734664
1734478
1313674
1248480
1231733
1616350
1616920
1248388
1586419
1313757
1231286
1517231
1313289
1734846
1269588
1248240
1734444
1616420
1248839
1734377
1616536
1313247
1269599
1616633
1269548
1517515
1248732
1734277
1616328
1313995
1734233
1313384
1810394
1248217
1269313
1248990
1313955
1313414
1231736
1313463
1313722
1734450
1517404
1313282
1989988
1313615
1248884
1248312
1734865
1269470
1810447
1586744
1810969
1248533
1517985
1517204
1586498
1248210
1616550
1989996
1269832
1989264
1989933
1313743
1313495
1269999
1269339
1248342
1313580
1616541
1248425
1616299
1248499
1586344
1810882
1810656
1269217
1517715
1616965
1517294
1313850
1313588
1989827
1810691
1517920
1248974
1586337
1313870
1313648
1313782
1616218
1616581
1231794
1616788
1248444
1313576
1313575
1586819
1248779
1734720
1810597
1734968
1269277
1313348
1248933
1989291
1248939
1269420
1313290
1231253
1989708
1269286
1313434
1810449
1313641
1989307
1734270
1231519
1734417
1269341
1248770
1313600
1269818
1313528
1313401
1313732
1269804
1734620
1734330
1248826
1313392
1269351
1734366
1248277
1313695
1231598
1248497
1517607
1616403
1989285
1616558
1586944
1616307
1810728
1989660
1586703
1517240
1313888
1616344
1734383
1989501
1517917
1734548
1810875
1810955
1734601
1989670
1586610
1810908
1517574
1269689
1734489
1517441
1313748
1248251
1313898
1313286
1313529
1269615
1989889
1586718
1586623
1989916
1269254
1734829
1313524
1313474
1269419
1586473
1586884
1231409
1616485
1734628
1248767
1810363
1313542
1989404
1269425
1517249
1248514
1248956
1313828
1734999
1313629
1734747
1989330
1734649
1269529
1313264
1616469
1248820
1248229
1248686
1734497
1248953
1313445
1269214
1248949
1248534
1734606
1313415
1313815
1989475
1313915
1517528
1313946
1734245
1616727
1586219
1248410
1586873
1231852
1586565
1313899
1616951
1248904
1517420
1313729
1616375
1313737
1989455
1231468
1313992
1231420
1231642
1734757
1810384
1269319
1248403
1248705
1313451
1231629
1313287
1810923
1734812
1313914
1734905
1313855
1269830
1313752
1248930
1313530
1248783
1586872
1248561
1248247
1810224
1586489
1734855
1248878
1989484
1231342
1734834
1269953
1586484
1616745
1734869
1248396
1586864
1248679
1616410
1616502
1269430
1231638
1989252
1989550
1313509
1734883
1517816
1734255
1734299
1248214
1269224
1734925
1231903
1248431
1231760
1248752
1248954
1517795
1248595
1734658
1989245
1313978
1616227
1269849
1313622
1248662
1517862
1616340
1586666
1248910
1313243
1269762
1269673
1734550
1231335
1248310
1269720
1517759
1810852
1248657
1810391
1734751
1248805
1248885
1586362
1517775
1616460
1313656
1517212
1616312
1313268
1517494
1313680
1734895
1517449
1313344
1616298
1810210
1248205
1313522
1810240
1734634
1734462
1269209
1810772
1616729
1248736
1616258
1248315
1248937
1248790
1313330
1313220
1616890
1810941
1586945
1248698
1989292
1734210
1313312
1616916
1248238
1734218
1313405
1734821
1313909
1248781
1810221
1517898
1248602
1269359
1248295
1269405
1313400
1989820
1248678
1248619
1248727
1616405
1313459
1734657
1231920
1313296
1616818
1269716
1269357
1269759
1616204
1989388
1616655
1616443
1517896
1989351
1248861
1989513
1517885
1248996
1810293
1269769
1313536
1810252
1313688
1810858
1734272
1734934
1248318
1517861
1734623
1734280
1734933
1810937
1586262
1734790
1734352
1810423
1313703
1734536
1616915
1586365
1989492
1269221
1313380
1810625
1248535
1734717
1586222
1616466
1586859
1989306
1616212
1810429
1231350
1269204
1231878
1586243
1810345
1313241
1586443
1313829
1616414
1248303
1616834
1517280
1734645
1313673
1248750
1269226
1248554
1313408
1810519
1734678
1231564
1313715
1517281
1616914
1517225
1810434
1517545
1248979
1313753
1248567
1248494
1248254
1248639
1313806
1269377
1586567
1248977
1313385
1313608
1231414
1616250
1810243
1517883
1734386
1248220
1248719
1989313
1248464
1517944
1989884
1248331
1313844
1810493
1313770
1810650
1313920
1616719
1586843
1313217
1231245
1248469
1616290
1517899
1313818
1517230
1313653
1248915
1248227
1616257
1989721
1989310
1248632
1269985
1313399
1586292
1810705
1517331
1248918
1269443
1248275
1248921
1810342
1517677
1231683
1313469
1313662
1586290
1269274
1269336
1269808
1734904
1313425
1734355
1586604
1313646
1313953
1231645
1586854
1734231
1810986
1810623
1517749
1313658
1586855
1248875
1313203
1734724
1248989
1313398
1313769
1248812
1586690
1248252
1231833
1313349
1734304
1313779
1313472
1313334
1586295
1248606
1231250
1616710
1517858
1616929
1734430
1616824
1586404
1313228
1248343
1248521
1734788
1313410
1586229
1313999
1313585
1616777
1231360
1989623
1248721
1313409
1248320
1313475
1248630
1989255
1313421
1734644
1734406
1989408
1248854
1810964
1231252
1616366
1248404
1313482
1313938
1810406
1586615
1734223
1734799
1248720
1989750
1248224
1248635
1517486
1517297
1313544
1313677
1269568
1734740
1734767
1616724
1313377
1231288
1616888
1616560
1586980
1248871
1734205
1989272
1734558
1248909
1269895
