1816965
1314570
1636330
1314348
1314585
1636429
1816606
1314422
1573692
1636212
1314712
1314448
1816514
1314330
1314208
1417385
1573268
1816299
1314682
1314354
1314240
1417294
1417530
1314201
1816499
1314719
1573612
1636697
1417773
1816772
1816261
1816895
1314216
1417414
1636328
1573382
1314280
1314322
1573342
1816621
1636219
1816260
1417669
1417459
1314461
1636393
1314489
1417763
1816982
1636675
1417576
1636388
1314920
1314809
1816683
1417521
1816785
1816441
1417863
1314852
1636222
1636221
1573239
1314249
1816646
1816289
1314881
1816905
1314775
1636515
1314376
1573567
1816448
1417310
1314471
1314546
1816617
1816838
1636775
1417509
1816213
1417592
1636235
1417569
1636237
1816645
1417880
1816878
1816394
1417372
1314776
1314960
1314761
1816919
1314626
1816809
1573337
1816810
1314282
1417355
1816739
1573631
1314856
1573529
1314665
1816278
1417241
1417712
1816351
1636798
1314520
1816547
1816756
1314952
1636395
1314440
1816562
1314303
1314225
1314574
1816582
1636368
1636375
1573944
1816598
1573230
1636236
1636866
1417737
1816674
1314973
1314502
1314640
1314356
1816724
1816399
1417247
1417489
1636584
1816590
1314478
1573292
1636734
1636233
1417389
1816716
1417551
1816916
1417850
1816599
1314458
1314296
1816888
1636699
1816461
1314513
1417559
1314922
1636459
1314795
1314329
1573245
1314732
1314402
1816283
1816801
1314438
1816585
1314753
1636226
1314550
1314301
1816665
1417771
1314396
1314600
1816565
1314325
1816328
1417849
1314745
1636346
1314501
1636778
1314287
1314791
1417210
1816946
1816703
1417986
1573450
1816588
1417319
1314596
1636312
1816752
1816209
1314361
1636263
1573673
1314749
1314346
1314843
1417379
1816589
1816572
1314756
1816686
1816429
1314456
1314704
1314297
1314312
1417631
1816332
1636345
1816714
1816377
1314221
1314224
1816715
1573825
1816309
1816384
1636243
1636259
1816845
1314646
1314616
1417456
1314736
1816806
1314530
1314254
1636232
1417493
1314808
1636891
1417464
1816912
1816210
1816365
1816522
1417830
1417346
1314628
1816237
1816359
1314591
1636306
1816777
1636322
1417593
1573320
1417499
1636248
1636362
1816529
1636633
1636358
1816226
1636686
1417342
1816709
1417598
1816225
1314202
1417650
1573864
1417337
1314599
1816865
1816312
1816679
1816516
1314445
1314255
1636432
1314954
1314817
1636524
1816379
1314313
1314391
1417335
1636400
1314793
1314924
1417316
1636744
1417630
1314384
1573397
1816301
1573220
1417388
1314300
1816704
1573466
1636578
1573606
1573489
1314624
1417293
1417616
1314630
1816206
1417392
1573819
1816449
1816295
1314675
1816682
1314717
1636439
1314728
1816205
1636422
1816349
1314885
1636577
1417768
1314755
1816651
1816663
1816294
1314363
1816446
1314210
1816882
1417380
1417793
1417205
1816721
1816203
1314561
1816337
1314578
1314660
1314410
1314933
1816868
1314288
1816564
1816825
1636208
1573330
1816844
1636594
1314482
1573544
1314495
1636485
1417207
1636443
1816591
1417270
1816813
1417366
1417213
1314939
1636359
1573718
1816612
1573717
1314341
1573253
1636698
1417812
1314764
1636448
1816647
1636288
1314496
1816482
1816787
1314882
1816548
1417839
1816398
1816385
1314901
1573821
1314714
1573289
1314327
1417249
1573836
1816281
1816768
1314695
1314541
1314853
1314778
1417901
1636484
1417496
1314323
1314368
1816345
1314488
1636497
1636387
1636293
1816509
1314891
1816799
1314562
1816248
1314357
1816723
1417312
1314203
1417230
1314278
1816812
1314406
1314601
1816267
1314556
1314420
1314782
1314320
1314526
1573822
1314497
1417239
1816215
1314713
1816918
1314265
1816719
1314390
1573586
1816447
1314409
1314650
1314441
1816805
1816290
1636587
1314813
1314677
1816681
1816308
1417356
1314480
1314267
1816284
1314683
1417755
1314581
1417545
1314780
1314680
1417838
1636392
1314258
1816786
1417221
1636377
1417529
1314679
1314642
1816388
1314799
1417770
1314465
1314804
1573919
1573217
1417952
1314625
1314708
1816258
1816376
1417439
1417251
1314279
1816883
1636627
1417894
1417299
1816832
1314919
1816550
1314709
1314956
1417291
1573270
1816728
1816216
1573842
1816815
1314915
1816344
1417258
1417989
1314644
1314337
1573296
1816804
1314315
1314681
1314742
1314737
1314971
1573953
1573375
1573578
1816319
1573353
1417522
1816382
1417317
1314358
1314801
1636338
1417848
1636409
1816807
1417297
1314604
1816330
1816694
1417234
1816304
1417259
1816291
1816729
1573647
1314651
1816745
1636310
1816629
1573777
1636275
1816749
1314305
1314218
1816536
1816306
1417655
1314760
1573210
1314620
1314669
1636336
1314517
1314943
1636538
1314606
1816334
1314629
1816207
1314484
1314269
1816897
1417827
1314532
1816824
1816521
1816908
1816204
1636383
1417425
1573300
1314319
1573421
1314486
1314941
1636575
1816933
1816853
1314540
1816401
1816655
1816616
1573795
1314623
1417274
1314498
1314598
1573808
1417413
1816368
1314730
1314896
1314276
1636253
1314897
1816885
1816423
1314250
1816695
1816500
1314710
1816430
1314560
1314397
1417844
1816977
1314803
1314379
1816854
1417619
1816558
1314324
1816269
1314766
1417383
1314825
1417973
1636542
1573639
1573814
1314435
1314277
1816835
1417444
1417434
1417689
1314583
1417254
1417861
1314378
1816437
1816560
1417396
1417229
1636357
1314696
1314295
1816518
1573999
1816259
1816491
1636317
1314308
1816223
1314930
1314238
1636386
1636206
1314309
1314707
1816602
1314814
1636751
1314365
1314828
1417588
1816490
1314614
1417815
1314302
1636323
1816372
1573424
1816872
1573723
1417365
1816266
1816506
1417825
1816769
1314662
1314800
1314789
1314602
1573406
1816315
1816341
1417323
1314528
1417621
1314359
1417321
1314605
1314304
1314343
1816305
1314223
1417327
1573286
1314691
1816527
1314239
1573205
1573820
1573378
1417296
1816673
1636591
1417450
1314230
1314580
1417920
1314413
1816343
1573757
1573776
1314873
1816400
1417766
1417231
1573600
1417955
1573987
1417718
1314805
1314283
1816217
1816797
1314703
1816718
1816469
1636544
1573604
1816803
1816662
1314475
1417343
1636579
1417860
1816859
1816457
1573240
1417988
1314537
1636667
1314477
1816659
1816534
1816820
1636466
1314503
1636875
1417288
1816830
1816517
1636299
1417437
1816256
1417416
1573304
1573356
1314757
1636649
1816405
1314724
1417252
1417209
1314565
1636227
1314866
1417429
1417536
1417298
1314374
1636541
1816433
1314398
1314443
1573355
1314326
1314518
1417505
1636284
1417664
1417402
1314236
1573470
1816678
1816200
1636399
1314686
1314740
1417691
1314769
1314699
1636742
1816642
1636215
1816699
1314226
1314857
1314243
1816286
1816389
1816668
1816456
1314307
1816778
1573708
1314349
1314437
1636517
1417840
1816877
1314609
1314685
1314688
1314912
1816419
1573291
1417872
1636390
1314566
1314974
1573310
1573308
1816520
1314786
1636498
1816886
1816866
1816264
1314779
1816876
1573388
1417926
1636795
1636384
1816535
1816643
1314401
1417709
1816462
1417693
1816914
1314610
1816915
1314479
1314701
1314369
1417741
1314705
1573541
1816219
1573760
1816519
1314536
1314898
1314494
1314807
1816656
1417322
1314229
1314899
1314932
1816352
1816489
1314643
1573259
1314504
1314285
1573433
1816730
1314607
1573481
1314563
1417422
1314306
1816898
1816262
1816288
1314452
1314763
1816255
