1662312
1601951
1769303
1601549
1601595
1601934
1228383
1601702
1601757
1601212
1228213
1601323
1228918
1601504
1601780
1601407
1228697
1662386
1228870
1769203
1662404
1601278
1769524
1769300
1769274
1769428
1228304
1601671
1601347
1601672
1601550
1228627
1601270
1662371
1228369
1662415
1662897
1228806
1228366
1228218
1662750
1662536
1662308
1601529
1601447
1662209
1601809
1601282
1601862
1601896
1601479
1662822
1662425
1601260
1601715
1662313
1601618
1228233
1601316
1228671
1662772
1228226
1601310
1228263
1769759
1769224
1601668
1228238
1601884
1601965
1601844
1662616
1662497
1662551
1601568
1228617
1228355
1769231
1662715
1601927
1662402
1601869
1769208
1601863
1228239
1228314
1228256
1769213
1662400
1601283
1601201
1601214
1662625
1662488
1228437
1662317
1601751
1601551
1601317
1769692
1601966
1662985
1601850
1601842
1228243
1601497
1662591
1662664
1601543
1228202
1769895
1228493
1601508
1662660
1601500
1228363
1662687
1769800
1769798
1662571
1601600
1601730
1228447
1662418
1662668
1662279
1662299
1601596
1601760
1601307
1601946
1601880
1601513
1228257
1662322
1601490
1662740
1601454
1662934
1601937
1601604
1662801
1228280
1601807
1228324
1228265
1601756
1662275
1601357
1228860
1662671
1228209
1601410
1662288
1601429
1228861
1601741
1228249
1228669
1228326
1769240
1769237
1601525
1601455
1601689
1601723
1228297
1662858
1662883
1769230
1662587
1601533
1228217
1228382
1601660
1601597
1601530
1662910
1769204
1601381
1228761
1601506
1601791
1601955
1601488
1601669
1601480
1601434
1228224
1662580
1601867
1662315
1228229
1601854
1228563
1228216
1228332
1228471
1601994
1228313
1601408
1662231
1662295
1662448
1662863
1769600
1601297
1662665
1601462
1228271
1769222
1601540
1601339
1601938
1662871
1601569
1601748
1662253
1662574
1769487
1662760
1662902
1662212
1662435
1228707
1769226
1601501
1228591
1601415
1601341
1228299
1228800
1662803
1662809
1769926
1769666
1601258
1662436
1228282
1601761
1662816
1769444
1601954
1601384
1769257
1662882
1228281
1601759
1601336
1601813
1769888
1769610
1601209
1662416
1662889
1228567
1662548
1601291
1662695
1228623
1228223
1601691
1601207
1228200
1601259
1228547
1662549
1228327
1662586
1601494
1662832
1601308
1228712
1601754
1662316
1601521
1601441
1769233
1601248
1662408
1662617
1601606
1662630
1662654
1601803
1662565
1769243
1769218
1228357
1601433
1601918
1662380
1662417
1662582
1601470
1662361
1662736
1601514
1769242
1601374
1662292
1228990
1228343
1601697
1662255
1228219
1662477
1228546
1601818
1662567
1662297
1228731
1228234
1228596
1601421
1601720
1601577
1601517
1662931
1228235
1662420
