1203692
1203725
1860218
1860234
1860773
1203515
1860460
1860500
1860256
1203554
1203415
1860818
1203218
1860712
1860374
1860734
1860746
1860804
1203805
1203444
1203724
1203440
1203822
1475470
1203558
1203681
1860960
1860904
1860768
1203516
1860798
1860796
1860930
1203901
1860909
1860255
1860823
1203507
1860997
1860575
1203812
1203402
1475500
1860549
1203807
1860913
1203494
1203816
1860652
1203314
1860212
1860294
1860576
1860387
1203772
1203905
1203565
1203257
1860971
1203824
1860577
1475666
1860814
1860951
1860970
1860590
1860878
1203921
1203982
1203578
1860853
1860209
1203627
1860236
1203343
1860655
1860302
1860617
1203832
1203208
1203892
1203904
1860839
1203360
1860724
1203590
1860287
1203313
1203726
1203908
1203666
1860591
1203505
1203448
1475419
1203331
1203537
1203945
1860258
1860846
1860600
1203514
1203907
1475359
1860268
1860308
1860866
1860934
1203559
1860326
1860982
1203884
1475731
1860984
1860634
1203350
1203767
1203300
1203841
1203500
1860926
1203800
1860491
1860717
1203843
1860830
1860868
1203600
1860510
1860840
1860573
1203974
1203588
1860729
1860638
1860215
1203605
1203668
1860552
1203644
1203363
1860785
1475882
1860916
1475255
1203295
1860216
1860502
1860356
1203520
1860692
1203676
1860771
1203768
1203206
1860272
1203641
1475259
1203677
1203427
1203916
1860877
1860834
1203690
1203491
1203745
1860639
1203964
1860790
1860941
1203214
1860881
1203592
1860690
1860918
1860809
1475216
1203423
1203202
1203414
1475233
1860299
1203710
1203545
1475434
1860890
1203560
1203985
1475313
1860869
1203633
1860786
1203658
1860214
1860553
1860578
1203233
1203747
1203910
1860471
1860614
1860483
1475227
1860402
1203442
1860336
1203508
1203556
1203383
1203260
1203502
1860986
1860874
1203809
1860816
1203979
1860949
1203704
1475283
1203858
1203671
1475206
1860965
1475775
1203613
1203856
1203833
1860468
1203240
1860637
1203513
1203957
1860857
1860964
1203548
1203895
1860899
1203524
1203528
1203372
1475655
1203632
1203572
1203988
1203631
1475231
1203868
1203939
1203253
1860861
1203621
1860864
1860867
1203395
1203650
1860917
1203499
1860249
1860306
1860597
1860671
1860367
1860931
1203914
1203814
1203509
1860324
1860801
1860883
1203417
1203530
1203915
1860910
1860488
1203249
1203595
1860803
1203859
1203267
1860334
1203917
1203642
1860865
1860550
1860706
1860518
1860201
1860992
1860501
1203918
1203207
1860806
1475557
1475215
1203470
1203718
1860400
1860200
1860532
1203506
1203706
1203231
1203581
1203241
1203598
1203912
1860205
1860331
1860961
1860207
1203980
1203299
1203675
1203410
1203619
1860328
1203534
1475298
1860280
1860835
1860833
1860455
1860977
1203361
1860304
1860836
1203871
1203561
1860593
1860498
1860751
1860431
1860515
1860204
1203536
1860849
1860428
1203512
1203273
1860419
1860710
1860377
1860461
1860891
1203902
1860685
1203970
1203609
1203823
1860815
1203296
1860929
1203510
1860436
1860827
1860884
1203803
1475688
1860368
1860474
1203617
1203667
1860906
1203501
1860548
1475225
1860876
1203850
1860351
1860628
1203990
1860407
1860940
1860817
1860682
1860967
1203571
1860933
1203490
1203628
1860581
1475559
1203391
1203615
1203721
1203887
1203962
1860989
1203935
1860338
1860924
1860281
1860322
1203684
1860656
1860389
1860519
1860424
1475232
1860780
1203246
1860259
1203764
1203808
1860514
1860452
1203522
1860995
1475330
1203379
1860227
1203544
1860422
1475345
1203216
1860416
1203873
1860936
1860921
1860754
1203543
1203947
1860378
1203818
1860202
1860993
1203209
1203437
1860709
1203848
1203306
1860726
1203309
1203525
1203815
1203804
1860625
1203599
1203604
1203836
1475209
1860574
1203651
1860508
1860395
1203969
1203362
1860942
1203687
1860420
1860819
1203344
1203794
1860426
1203898
1860810
1860481
1860922
1475258
1475319
1203928
1203527
1203889
1203518
1860248
1860985
1860777
1860301
1860538
1860681
1860800
1203610
1203526
1203460
1203461
1203435
1860733
1203307
1203984
1860990
1203770
1860900
1203419
1860230
1860795
1203693
1203584
1475237
1860307
1475405
1860705
1860414
1475266
1203496
1203694
1860309
1860772
1203999
1203228
1203523
1860598
1203464
1203519
1860494
1860852
1860490
1203223
1203224
1860882
1475325
1203583
1203612
1860300
1203297
1203568
1203997
1203751
1203455
1860994
1860885
1860663
1203308
1860938
1203393
1203722
1203993
1203996
1203715
1860888
1203909
1203450
1860824
1860605
1203695
1860384
1860418
1203645
1203321
1203587
1860391
1860380
1203400
1860417
1860722
1203312
1860620
1203219
1860371
1203376
1203482
1203293
1860966
1203589
1203736
1475675
1860459
1860908
1860237
1860716
1203540
1203819
1203443
1203200
1860558
1203492
1860912
1203817
1203738
1203781
1203707
1203998
1203394
1475260
1860725
1203434
1203883
1860333
1860221
1203942
1203779
1860480
1203788
1203733
1203802
1203504
1475204
1860680
1860797
1860560
1203564
1203275
1860305
1203829
1203449
1860270
1860608
1203212
1203673
1860944
1860879
1203893
1203640
1203286
1860983
1860794
1203305
1860264
1203913
1203298
1860271
1203529
1203242
1860253
1203948
1475414
1203446
1475256
1203906
1203465
1475201
1860713
1860808
1203994
1203339
1860477
1203258
1860539
1203451
1203716
1860335
1203428
1475292
1860968
1203739
1860478
1860758
1860357
1203828
1203278
1475449
1203535
1475800
1475281
1860505
1860752
1860303
1203927
1475282
1860792
1203317
1860901
1203943
1203638
1203252
1203274
1203326
1203952
1203826
1860250
1203247
1860339
1860604
1203551
1203430
1860782
1203290
1203691
1203900
1860222
1860789
1203919
1203837
1860622
1860978
1860208
1860382
1475236
1860829
1860329
1203358
1475988
1203864
1860463
1860449
1860543
1203550
1203953
1475685
1860630
1203585
1860841
1860759
1203479
1860718
1860404
1203503
1860365
1203280
1203570
1203648
1203385
1860919
1860265
1860701
1860670
1203606
1203885
1475300
1860559
1860826
1860372
1860770
1860920
1203539
1203215
1860383
1860778
1203923
1203727
1860348
1203243
1475223
1860707
1860629
1860805
1203213
1860392
1203954
1860438
1860937
1860946
1203924
1203521
1203981
1203685
1203886
1203217
1203820
1475218
1860450
1203285
1203654
1203623
1203737
1475558
1860776
1860601
1860662
1203232
1203517
1860462
1860748
1860886
1203601
1203731
1475312
1475213
1203424
1475355
1860719
1860394
1860610
