1307370
1307217
1307343
1307277
1307213
1307253
1307315
1307441
1307231
1307752
1307212
1307299
1307369
1307226
1307314
1307438
1307227
1307680
1307203
1307209
1307257
1307363
1307855
1307421
1307372
1307248
1307751
1307630
1307368
1307331
1307407
1307275
1307887
1307690
1307371
1307321
1307250
1307200
1307679
1307920
1307996
1307761
1307921
1307886
1307797
1307272
1307409
1307316
1307286
1307240
1307258
1307254
1307760
1307431
1307259
1307338
1307214
1307660
1307267
1307941
1307349
1307302
1307220
1307689
1307399
1307300
1307631
1307413
1307389
1307256
1307274
1307388
1307670
1307439
1307534
1307650
1307221
1307278
1307763
1307655
1307851
1307365
1307287
1307359
1307696
1307640
1307850
1307215
1307262
1307225
1307429
1307202
1307922
1307699
1307251
