1603344
1603689
1603930
1603986
1603400
1603678
1603247
1603781
1603686
1603769
1603812
1603892
1603359
1603828
1603852
1603995
1603818
1603260
1603205
1603965
1603391
1603448
1603566
1603231
1603283
1603845
1603477
1603661
1603860
1603306
1603969
1603475
1603738
1603817
1603443
1603275
1603246
1603377
1603312
1603396
1603978
1603706
1603573
1603514
1603417
1603767
1603303
1603203
1603568
1603933
1603866
1603219
1603728
1603321
1603674
1603318
1603418
1603833
1603486
1603262
1603921
1603703
1603440
1603943
1603406
1603931
1603520
1603362
1603496
1603315
1603218
1603502
1603261
1603554
1603923
1603809
1603918
1603715
1603320
1603775
1603793
1603305
1603799
1603867
1603491
1603313
1603716
1603854
1603553
1603748
1603582
1603557
1603339
1603264
1603361
1603455
1603493
1603841
1603856
1603714
1603540
1603820
1603387
1603848
1603489
1603401
1603953
1603998
1603718
1603266
1603620
1603548
1603345
1603731
1603897
1603236
1603660
1603204
1603233
1603490
1603413
1603509
1603831
1603494
1603785
1603289
1603505
1603254
1603858
1603759
1603770
1603801
1603234
1603560
1603277
1603438
1603498
1603341
1603300
1603290
1603340
1603531
1603508
1603682
1603209
1603465
1603903
