1801512
1801414
1385307
1435864
1801309
1435272
1435666
1801357
1801388
1801503
1385482
1385253
1435216
1801668
1385352
1435406
1801694
1801721
1801940
1801882
1385270
1801735
1801739
1801530
1385201
1801258
1435225
1801607
1385722
1435677
1385375
1385770
1801420
1801300
1385414
1801550
1385258
1385441
1435374
1435772
1385349
1801404
1385354
1801494
1435233
1801834
1435252
1801602
1385628
1801702
1801839
1435238
1435618
1801649
1801560
1801857
1801361
1435262
1801232
1801953
1385271
1801513
1801358
1435690
1435215
1801663
1801604
1435840
1385302
1801636
1801889
1385268
1435879
1801903
1435244
1801641
1435671
1385626
1801859
1385389
1435603
1435592
1385227
1801554
1435572
1385296
1435729
1435212
1435776
1435412
1801427
1801781
1385251
1385787
1801564
1801368
1801991
1801800
1435512
1435513
1801367
1385238
1801389
1385208
1801919
1435255
1801662
1435695
1435962
1801529
1435232
1435724
1801509
1801896
1801558
1801623
1801613
1385267
1801455
1385336
1435994
1801657
1801518
1801866
1801856
1801719
1801428
1801890
1385229
1801971
1801557
1385343
1385539
1435979
1801472
1435602
1435275
1435554
1801915
1801709
1435429
1801928
1801419
1801360
1435518
1435261
1385309
1801654
1385299
1385313
1801725
1385775
1435841
1435862
1385265
1801661
1801837
1435459
1435203
1801717
1435999
1435660
1435922
1801666
1801330
1801462
1801793
1385455
1435310
1801616
1435619
1435890
1435314
1801809
1435265
1435881
1385252
1385422
1801960
1801835
1801916
1435226
1385474
1385499
1385303
1801505
1801635
1801703
1385377
1801884
1385359
1385285
1801791
1801452
1801921
1801520
1435764
1801638
1801430
1385492
1801500
1801318
1385219
1801319
1435322
1435659
1801328
1801634
1801228
1801828
1801499
1801686
1435823
1435260
1801589
1801643
1435289
1385332
1801556
1435295
1435640
1435654
1801628
1435730
1435503
1435359
1801400
1385557
1385225
1801599
1801350
1435256
1385289
1385242
1801874
1385477
1801548
1385287
1801209
1801541
1801547
1801471
1801425
1435714
1385277
1801918
1435339
1801696
1801671
1801906
1801615
1385254
1801792
1435522
1385288
1385351
1801829
1801200
1435562
1801830
1801231
1801755
1801706
1435375
1435531
1801243
1801347
1801854
1801624
1435915
1385450
1385272
1385246
1385338
1435901
1435770
1385444
1435919
1435799
1801870
1385266
1385371
1801718
1801815
1435650
1801808
1435680
1801516
1801336
1435580
1801850
1801381
1801577
1801680
1385222
1801655
1385206
1801707
1385423
1435201
1801362
1435299
1435705
1801810
1801864
1801897
1801949
1801865
1435231
1435302
1801656
1435313
1435612
1801386
1385239
1801390
1385394
1385445
1801477
1435800
1385298
1435851
1801510
1801647
1435849
1435669
1385347
1801573
1801441
1801699
1801885
1385519
1801979
1435248
1801746
1385383
1385210
1801819
1801633
1801860
1385260
1435850
1435754
1435300
1385424
1801644
1801673
1385223
1801410
1385448
1385368
1801935
1385233
1801608
1801332
1801380
1435296
1801833
1385439
1385315
1801637
1801867
1801687
1801540
1385401
1801413
1385528
1801651
1435749
1435393
1801376
1801395
1435229
1435559
1435496
1801244
1385301
1801907
1385231
1385393
1801645
1435828
1385695
1801803
1435760
1801931
1801750
1385221
1801888
1435210
1385224
1801502
1801842
1801205
1385529
1435720
1385549
1385419
1801941
1385400
1801326
1435363
1435241
1801946
1435421
1801201
1435236
1801598
1801281
1435263
1801690
1801652
1801448
1801822
1801913
1801450
1385264
1801369
1801708
1801648
1385333
1435590
1801688
1435740
1435243
1385367
1435239
1385427
1435219
1435757
1385249
1801762
1435691
1801898
1385498
1801574
1801660
1435817
1435553
1385226
1801698
1385447
1385465
1385495
1435563
1801458
1385337
1801230
1801669
1435213
1435609
1801682
1801674
1801403
1385314
1801821
1801618
1385207
1435773
1435703
1435287
1435277
1801695
1385479
1801787
1385216
1385280
1801831
1801592
1801631
1801726
1801891
1801678
1801349
1801970
1801440
1801580
1801722
1385245
1385484
1801600
1801920
1801473
1801544
1801492
1385405
1801597
1385420
1385236
1801814
1801879
1801875
1801895
1435525
1801710
1801391
1435230
1385505
1385215
1801712
1801603
1435625
1385209
1435355
1385274
1801310
1801691
1435655
1801995
1801759
1435790
1801675
1801372
1435632
1435383
1385985
1435668
1801989
1385230
1801664
1435469
1801259
1801382
1801900
1801836
1801910
1435630
1801824
1385434
