1901406
1931743
1423312
1901402
1901351
1931993
1865566
1865385
1865661
1931408
1423284
1865335
1615600
1865320
1615290
1931304
1901501
1615972
1865507
1931330
1615260
1615636
1901247
1931901
1423504
1901502
1615289
1931952
1931224
1901833
1865803
1731267
1731445
1615504
1901483
1901320
1931308
1931210
1901229
1615732
1901831
1615389
1931551
1615830
1615568
1615475
1931219
1901343
1865247
1731307
1901399
1931980
1615200
1865306
1931638
1931412
1731437
1615925
1865203
1865761
1931797
1931644
1615861
1931268
1931774
1615429
1615349
1423529
1615625
1931307
1901218
1615335
1865243
1615445
1615915
1423320
1615930
1931808
1615626
1865412
1931241
1615755
1615579
1615498
1901338
1901552
1865789
1901846
1615420
1423277
1901568
1931217
1423580
1423681
1865200
1615674
1731220
1423645
1931310
1615238
1865399
1931629
1865232
1731589
1865607
1615801
1423304
1901389
1731438
1615955
1423528
1731402
1423243
1615808
1615807
1615572
1731747
1615638
1615243
1901603
1901413
1615926
1901337
1901834
1615540
1865548
1865463
1731334
1731310
1615720
1615486
1865310
1931263
1731868
1865556
1615487
1423616
1901808
1865242
1615828
1865455
1901791
1731200
1615426
1931449
1865850
1615987
1865254
1423368
1931349
1931389
1615738
1901562
1615992
1423552
1901513
1423316
1931259
1865437
1615448
1901288
1931212
1901545
1865334
1901210
1423259
1731460
1931623
1731609
1615574
1731845
1901364
1615578
1931246
1901444
1423430
1901212
1615396
1901554
1615967
1901209
1615618
1423438
1615587
1731592
1615300
1901509
1423602
1615900
1865441
1615913
1901495
1615682
1615519
1731695
1931205
1423200
1423205
1615946
1901649
1865386
1865898
1931624
1615423
1615975
1931320
1865602
1615542
1865809
1615928
1615431
1423290
1423440
1865296
1731415
1731733
1423782
1615481
1931881
1615414
1931378
1865378
1865224
1901230
1615902
1865228
1615920
1615775
1731879
1423650
1901299
1615556
1931698
1423432
1423281
1865771
1615293
1615997
1615231
1931249
1865352
1865323
1731798
1615784
1615484
1615853
1615877
1931553
1615823
1615617
1615906
1615909
1901600
1615205
1865201
1615956
1901304
1615715
1865660
1901907
1615681
1615430
1931279
1423298
1931235
1615606
1901643
1901608
1901500
1901606
1865919
1731503
1423208
1615852
1615862
1865375
1423421
1865755
1901446
1865307
1423794
1901628
1901672
1615342
1423216
1931536
1865603
1423737
1615714
1615364
1901605
1901842
1615573
1615545
1901356
1615557
1931981
1615964
1615479
1615516
1901612
1731796
1615918
1931247
1423676
1423413
1615569
1865471
1615818
1731413
1865223
1865964
1901530
1931262
1865696
1901461
1615689
1865366
1615957
1423255
1901236
1615512
1901484
1865770
1615457
1423620
1615692
1615635
1901325
1901303
1901512
1901503
1615299
1731388
1731694
1615240
1901569
1865202
1931273
1423465
1615282
1615628
1423506
1615596
1615477
1423377
1901258
1901277
1615507
1865621
1901471
1615438
1901644
1901414
1615974
1615869
1423599
1423817
1615857
1731316
1865266
1423341
1931581
1865313
1615482
1901647
1865466
1615480
1931628
1423227
1931244
1901848
1423667
1931253
1731618
1615663
1865387
1615609
1931905
1931251
1423723
1615478
1901949
1901604
1423460
1615549
1901331
1901481
1615336
1865321
1901518
1865924
1615330
1423767
1901619
1901930
1931982
1423682
1615554
1931450
1901231
1865806
1423454
1615394
1901286
1901468
1423381
1731400
1901409
1615602
1901479
1865888
1931291
1901201
1615739
1423653
1615310
1615973
1615390
1615586
1901289
1423273
1901279
1615804
1615812
1731313
1931807
1931206
1931639
1901671
1901827
1901557
1615870
1931239
1615582
1615495
1615347
1901361
1615686
1901520
1615810
1865255
1615919
1615927
1615705
1865394
1931584
1865272
1615252
1865773
1615374
1423426
1615947
1931561
1901921
1901219
1931871
1731614
1423777
1423375
1615968
1901438
1615809
1901387
1615751
1423242
1931300
1865214
1865300
1423342
1931801
1615896
1865371
1615608
1865679
1731535
1865824
1931278
1731213
1731980
1931505
1423716
1423748
1615500
1931280
1865347
1901488
1931526
1615406
1865309
1931636
1615795
1865765
1615439
1865382
1931334
1423327
1615772
1615892
1423666
1901268
1423503
1731610
1865297
1931567
1615267
1901734
1423505
1865724
1931257
1865210
1931494
1615977
1901653
1615642
1615880
1615462
1731907
1423355
1901359
1615208
1731217
1615631
1901426
1865318
1931265
1731234
1423237
1731225
1615491
1931516
1615710
1865389
1423598
1615419
1423394
1731989
1423314
1615513
1931492
1901283
1423391
1731315
1931223
1931802
1615766
1615878
1865936
1931209
1615693
1423480
1865236
1731612
1731298
1931477
1931343
1901634
1615266
1901237
1423557
1865304
1901443
1615218
1931218
1423433
1931316
1901585
1615734
1901464
1615510
1731514
1615802
1901412
1865617
1731504
1615320
1865364
1615485
1931896
1931619
1615768
1423802
1865355
1423306
1931626
1615584
1901319
1931401
1931452
1615944
1901900
1931261
1731343
1423202
1423219
1901610
1615474
1931787
1615593
1865332
1865867
1615756
1865604
1931200
1615999
1901646
1615607
1865742
1615655
1615401
1931272
1423335
1901297
1901558
1865370
1865361
1865985
1865446
1615497
1615393
1901832
1931933
1615603
1423464
1615648
1865396
1615678
1615416
1901335
1423617
1865503
1865776
1615339
1901455
1615730
1731886
1615319
1423321
1865235
1931266
1865443
1931580
1865640
1865719
1931269
1615935
1865801
1615624
1901428
1901674
1615270
1731803
1615210
1865213
1931292
1423403
1615440
1423315
1615521
1423834
1931337
1901450
1615427
1931284
1931703
1865282
1901238
1423424
1901494
1901878
1865338
1901570
1731418
1615499
1615525
1865368
1423220
1731607
1901480
1731325
1615543
1865804
1931994
1865384
1931607
1731326
1865217
1731616
1901291
1615943
1931709
1931532
1615979
1423635
1865207
1865440
1865705
1423262
1901922
1423612
1865469
1901860
1423544
1615305
1615496
1901589
1615939
1615788
1931542
1865745
1865356
1865583
1731446
1865456
1615212
1615815
1901560
1901538
1901581
1615613
1731293
1615879
1615268
1901467
1615881
1865712
1615971
1901275
1931286
1615864
1865312
1615605
1423310
1931675
1615332
1901550
1615668
1615202
1901417
1865951
1731676
1901336
1615315
1615679
1615594
1931302
1615662
1615916
1615560
1615938
1865271
1931538
1615948
1901453
1615984
1615397
1931231
1615856
1731501
1931305
1615428
1615736
1615598
1901493
1901849
1615337
1901213
1615506
1423383
1865591
1865748
1901691
1931446
1731910
1615839
1931397
1423603
1865274
1615707
1931216
1615767
1423330
1423803
1615995
1423534
1615318
1901265
1901315
1931338
1931215
1901497
1423578
1731212
1615294
1731699
1423608
1615945
1901590
1615546
1423516
1865934
1865406
1615752
1931510
1865419
1615424
1901617
1615203
1865680
1865275
1931576
1615388
1423609
1931478
1865367
1931539
1865407
1615604
1423231
1615796
1865208
1615719
1865851
1615836
1615630
1731394
1615806
1615821
1615403
1901264
1731335
1423525
1865409
1901430
1423661
1615432
1865405
1731358
1423218
1615580
1615601
1901722
1615418
1615780
1865414
1615670
1615924
1901239
1931413
1901287
1615351
1901292
1615985
1615691
1931575
1423271
1931529
1901246
1615571
1901486
1423488
1615585
1865360
1615713
1901826
1901830
1865258
1615425
1931237
1931447
1865684
1901487
1865522
1901208
1931841
1901496
1615400
1423364
1731697
1901314
1731324
1901620
1423693
1615717
1615589
1615785
1901736
1901456
1615894
1615552
1931303
1615843
1931409
1931632
1865973
1615456
1901240
1731206
1423278
1931398
1615561
1615509
1615753
1901235
1865805
1865209
1731257
1423367
1901422
1901574
1423240
1901825
1901340
1865599
1423677
1423445
1615969
1865963
1423508
1615769
1615473
1901857
1615359
1423489
1615308
1615298
1865980
1615207
1901498
1615981
1615306
1615779
1901626
1931588
1615219
1615275
1931214
1615970
1731442
1615526
1615417
1615261
1901215
1901599
1615483
1423539
1423305
1731571
1931252
1931220
1423427
1901270
1615762
1901864
1901517
1615415
1901607
1931472
1931805
1931571
1931652
1931260
1423714
1615854
1931410
1615522
1423741
1615988
1615782
1901482
1731432
1865654
