1970673
1970682
1720439
1970308
1970706
1719744
1719203
1303241
1303349
1970261
1719639
1970985
1719240
1970215
1719548
1720517
1720763
1719930
1720618
1719458
1970222
1970360
1970210
1719200
1720277
1970520
1303877
1303808
1720709
1720602
1720465
1970773
1720369
1720253
1720308
1720999
1720416
1719888
1720758
1720447
1303994
1970310
1720288
1720680
1720419
1720410
1970366
1720236
1720301
1719580
1970355
1720620
1303324
1970209
1720206
1719496
1720563
1720496
1303999
1719388
1720400
1720442
1720655
1720208
1303913
1720240
1303210
1970975
1970769
1720256
1720254
1970481
1720371
1720642
1720877
1720649
1970901
1720456
1970333
1720878
1720255
1970660
1720437
1970274
1720830
1970793
1720724
1720840
1720691
1720202
1970497
1720727
1970631
1720869
1719649
1970214
1970347
1719304
1720883
1970580
1720331
1720266
1303585
1719696
1720276
1303960
1720651
1720324
1719460
1970409
1970708
1719691
1719422
1970629
1719553
1303435
1970989
1719619
1720617
1970638
1719766
1720809
1719452
1719539
1720560
1970229
1970331
1970977
1719530
1720250
1303704
1720580
1970317
1720326
1303587
1720451
1970567
1719343
1303949
1719251
1720258
1720257
1720812
1720582
1720304
1303505
1970640
1303229
1720234
1970742
1720990
1970217
1720635
1303902
1303918
1303775
1303807
1970768
1303944
1303917
1720730
1970778
1720810
1303579
1303856
1970324
1720472
1720243
1720774
1970571
1720600
1719640
1720807
1720260
1970213
1970404
1720907
1970466
1720391
1303598
1720791
1719371
1970315
1970518
1719459
1720470
1720350
1720762
1720316
1303378
1303489
1720612
1719454
1720966
1719244
1719931
1303847
1720675
1720315
1720365
1720341
1720579
1720616
1970361
1720984
1720392
1720375
1719778
1970231
1970744
1303907
1720275
1303875
1970367
1719347
1720309
1720595
1970616
1719360
1970402
1720921
1720537
1303668
1720771
1970356
1720486
1720388
1303956
1719292
1720299
1970729
1970701
1719568
1720725
1303396
1720934
1970534
1720539
1720219
1720291
1970237
1970699
1719233
1720606
1719393
1303981
1303845
1303819
1719728
1970389
1720351
1720543
1970451
1970433
1719849
1970978
1970380
1719492
1719588
1720384
1303437
1303204
1720607
1720822
1719258
1720327
1970291
1970439
1303478
1719404
1970820
1720445
1303961
1720716
1719431
1720382
1970302
1720739
1720776
1719659
1970405
1719212
1719722
1303941
1720207
1719645
1720908
1970988
1720467
1720476
1719373
1720227
1720233
1303501
1970396
1719252
1720971
1720628
1970987
1719246
1303968
1719725
1720329
1720761
1970397
1720989
1720280
1719600
1720656
1720688
1720646
1720520
1970415
1719602
1719217
1719651
1970846
1720919
1970426
1303521
1970678
1720499
1303919
1719209
1720551
1720402
1720443
1970286
1720229
1720506
1719400
1720671
1719695
1720421
1720885
1303506
1970614
1719482
1719238
1970601
1720300
1970470
1720556
1303901
1970685
1719751
1720626
1720473
1720323
1303565
1970370
1719237
1970576
1720289
1970779
1303929
1719494
1720480
1303525
1970373
1719999
1970456
1970443
1720347
1970430
1720380
1303260
1970844
1303330
1720731
1720591
1720569
1720217
1970930
1720625
1720550
1970289
1719341
1720608
1303549
1720471
1720362
1720755
1303842
1970800
1970290
1720742
1720736
1719922
1970573
1720397
1719271
1720438
1720418
1720481
1720298
1719205
1719839
1719581
1720572
1720568
1719320
1720212
1970589
1720668
1720792
1719447
1719440
1720683
1719529
1719394
1970965
1720827
1720666
1720225
1719717
1720838
1720926
1719359
1719377
1719406
1719641
1970697
1303419
1303963
1720690
1970939
1970379
1303594
1720672
1719924
1720454
1720938
1719671
1303332
1720373
1970617
1970381
1720909
1720498
1719799
1719661
1970376
1970694
1303809
1720597
1720980
1720660
1719650
1720951
1303815
1719493
1720238
1970716
1720417
1720461
1720518
1303257
1720453
1720203
1719221
1720813
1719339
1719291
1719207
1303328
1970372
1720383
1720682
1719963
1303667
1720930
1970879
1303618
1720903
1719351
1303589
1970391
1720271
1720985
1720377
1719286
1719213
1303908
1303886
1303868
1720753
1720514
1970689
1720545
1970313
1720415
1720636
1719294
1720245
1303408
1719323
1303641
1719398
1303859
1303903
1970364
1720775
1720837
1720623
1970371
1303246
1303319
1970309
1970473
1720829
1719307
1720252
1970739
1303720
1303931
1970667
1970312
1720702
1719425
1303669
1303916
1720975
1970445
1970457
1719800
1720491
1719232
1303834
1720251
1720644
1720643
1719432
1720557
1719370
1720357
1720312
1720334
1720468
1303927
1719321
1720218
1970759
1303305
1720355
1719429
1720519
1970201
1720295
1303518
1303995
1719358
1720577
1970749
1719308
1970318
1720955
1970420
1719332
1970799
1720751
1970252
1719354
1720900
1719571
1720363
1719960
1720530
1970712
1720756
1720527
1303883
1720216
1720764
1720281
1970250
1720422
1719413
1720317
1970645
1970502
1303717
1719210
1720949
1303550
1719301
1720854
1303921
1719204
1970200
1303564
1719338
1719430
1720501
1719331
1720385
1970590
1303359
1720361
1720850
1970818
1303523
1720466
1720230
1970980
1970403
1970281
1719329
1719229
1719505
1720891
1720599
1970300
1303625
1303476
1720261
1719470
1719502
1720292
1970556
1970822
1720689
1720360
1719469
1719439
1303884
1720670
1720806
1303829
1720378
1720701
1719499
1720440
1303905
1970946
1719310
1719426
1303434
1970216
1970549
1303817
1303990
1719299
1720789
1720935
1719330
1303794
1303870
1720495
1720364
1970406
1970825
1719355
1970390
1720778
1720339
1720474
1970632
1720226
1719250
1970393
1720589
1303882
1303475
1719629
1970234
1303748
1719415
1719660
1719582
1720561
1720779
1720272
1970232
1970623
1719282
1720621
1720862
1970566
1720609
1303709
1970299
1303906
1720390
1720525
1303619
1720429
1303597
1719491
1720325
1720338
1720244
1720297
1720307
1720322
1720285
1720387
1720492
1303519
1719657
1303898
1970702
1719680
1970817
1303946
1970812
1303358
1970301
1303915
1720526
1720695
1303601
1719820
1719208
1719468
1720404
1719290
1719362
1719309
1970634
1719361
1303263
1719428
1720998
1719420
1720713
1719466
1719367
1719644
1719822
1720841
1719821
1719850
1720398
1303386
1303569
1720413
1303638
1303828
1719306
1720947
1720940
1970560
1970756
1303945
1720353
1970964
1970619
1970531
1303912
1720409
1303548
1720434
1720800
1720232
1720610
1720694
1720979
1720629
1719838
1720653
1303520
1720448
1303335
1719761
1719648
1970889
1303325
1720710
1720205
1303421
1303887
1720209
1720485
1720296
1720836
1720435
1720842
1719463
1970306
1720633
1970305
1303557
1970219
1720356
1719642
1720726
1970823
1720484
1970294
1970703
1720320
1303818
1303718
1970599
1720204
1303810
1720475
1970423
1720532
1720431
1303472
1720882
1720937
1719716
1720412
1720676
1303947
1970388
1970903
1970596
1970618
1970452
1720767
1719284
1719216
1720641
1720273
1303356
1303345
1720757
1719369
1719419
1719337
1720705
1303588
1720220
1720549
1970270
1303888
1720773
1720215
1720787
1720394
1303250
1720987
1719287
1719243
1720707
1720648
1720614
1720717
1719664
1720237
1303547
1719666
1303249
1720459
1970787
1719231
1970888
1720290
1970417
1303570
1303514
1970761
1303483
1719989
1720662
1970666
1303517
1720503
1970260
1970319
1970471
1720576
1970342
1970401
1719352
1720876
1719484
1719322
1720781
1720679
1303885
1719896
1720224
1970343
1720665
1720586
1970786
1303827
1720487
1720749
1303513
1970412
1970515
1720477
1720336
1719424
1303495
1719755
1303304
1720366
1720386
1719313
1970444
1720436
1303746
1720965
1719964
1970581
1970948
1970440
1720403
1719985
1720722
1720592
1719285
1720546
1303591
1720766
1720401
1720819
1720917
1970831
1970584
1303503
1720803
1970841
1720684
1303726
1303895
1720248
1970691
1970218
1719433
1303710
1720318
1303243
1303725
1720201
1720839
1719464
1720249
1720933
1720687
1720231
1719342
1720581
1303481
1720645
1719557
1720982
1970620
1303507
1720346
1719992
1719416
1303880
1720988
1970692
1719551
1970690
1720352
1720314
1720335
1719201
1720808
1720333
1720692
1720585
1720899
1719480
1719344
1720879
1720732
1719281
1970519
1970966
1720505
1970819
1303323
1970630
1720278
1970840
1719565
1720828
1303596
1720345
1720427
1720678
1719679
1303551
1720737
1970714
1720588
1970485
1719688
1720590
1719500
1719517
1303642
1720723
1303910
1720603
1719334
1719920
1719298
1970644
1720650
1720785
1720490
1720284
1720936
1720270
1303522
1303576
1719940
1970275
1970652
1720428
1720939
1720441
1970539
1719235
1719453
1720469
1719686
1970227
1970832
1303909
1719510
1970815
1720534
1303881
1970688
