1212498
1347894
1914882
1315748
1516904
1917243
1917434
1845341
1347420
1917371
1716984
1845248
1718838
1917942
1716393
1646699
1631690
1516528
1516728
1516288
1718482
1347501
1631742
1917819
1516818
1646306
1914703
1518649
1516650
1518730
1631746
1845536
1315696
1315316
1516269
1914881
1585560
1929519
1631295
1845461
1516824
1716338
1929501
1914303
1914441
1646884
1516833
1347706
1845770
1631521
1917299
1917600
1315577
1516640
1631507
1516831
1518210
1347859
1718787
1518571
1347437
1917603
1718809
1347901
1347857
1315879
1516226
1845303
1347219
1585510
1917509
1716598
1585313
1845546
1646545
1516907
1845673
1917658
1646354
1585485
1347903
1917202
1631897
1929287
1212804
1718229
1917740
1716260
1518384
1347770
1347971
1646418
1718954
1917736
1631455
1646618
1718806
1929228
1929257
1646739
1716348
1845396
1315949
1929318
1585735
1917684
1516661
1315916
1516455
1929392
1646685
1929303
1646698
1631505
1718551
1631717
1646200
1929238
1631576
1716208
1917922
1914386
1585325
1347206
1631215
1845499
1718884
1607371
1914312
1914719
1631773
1716236
1718419
1718335
1716807
1631579
1716821
1516695
1631606
1315200
1646710
1929620
1917554
1716861
1518265
1917325
1646341
1347760
1914396
1631524
1914494
1646535
1516241
1917318
1646424
1917344
1917302
1516636
1516434
1347688
1585993
1718851
1315975
1929275
1347576
1845519
1718753
1914354
1646964
1347339
1845317
1347846
1917900
1718629
1716290
1917688
1518919
1718223
1516871
1929339
1315345
1631948
1718640
1716490
1631636
1347915
1845490
1646513
1516782
1646225
1347462
1347695
1631335
1929393
1518226
1718219
1315730
1646714
1518965
1929340
1914895
1917568
1914364
1914272
1347541
1914427
1347387
1631946
1929497
1917529
1914671
1914760
1718764
1914987
1518225
1347242
1914467
1518579
1516366
1646687
1631430
1212951
1917387
1347944
1516862
1646525
1347756
1914996
1646694
1347784
1516605
1518567
1516727
1646610
1716279
1518565
1914980
1607441
1718872
1347608
1631793
1347780
1516822
1845641
1914346
1347777
1716231
1347517
1646592
1347771
1646391
1585208
1315595
1646982
1347288
1585386
1716940
1347863
1631355
1607216
1646283
1646402
1917406
1716936
1516816
1929342
1315563
1917414
1845323
1646938
1845893
1347331
1718717
1516688
1347967
1631784
1347551
1845706
1917363
1914258
1929300
1646579
1914224
1347558
1516853
1917533
1518577
1518461
1917701
1646730
1516800
1716981
1646832
1347920
1914267
1646272
1516524
1718678
1518375
1917751
1518652
1716313
1646209
1518903
1347573
1917627
1929616
1631284
1646841
1929290
1347230
1646596
1917907
1646649
1347785
1516920
1347503
1917797
1347803
1347431
1315868
1518742
1917553
1607333
1929366
1347934
1917764
1646430
1516902
1914527
1929272
1646640
1929331
1917612
1646669
1845504
1646873
1347480
1631667
1347255
1917576
1631259
1845401
1646241
1347310
1347359
1718473
1646361
1347374
1845901
1646538
1646601
1585732
1718869
1631358
1518810
1518403
1917647
1845663
1845309
1347575
1585449
1917848
1516982
1646464
1347257
1917341
1347234
1716951
1646829
1845891
1646379
1631905
1718804
1516710
1347938
1718483
1518229
1347802
1315335
1516376
1315546
1585880
1516852
1718822
1347496
1315278
1929895
1631480
1718590
1917705
1914837
1516449
1718500
1607228
1518379
1646378
1929452
1718536
1631513
1917842
1929344
1917586
1917334
1347768
1516469
1516498
1347726
1347822
1347820
1646849
1845629
1845476
1914483
1716860
1929480
1914659
1631741
1929337
1516879
1315651
1315571
1914406
1914255
1718354
1347839
1518925
1929309
1646325
1845240
1845370
1917635
1646742
1718685
1518620
1212807
1718880
1212671
1315352
1917860
1917648
1631291
1646385
1315663
1516926
1518310
1929900
1917880
1212961
1315935
1917562
1716243
1631776
1347990
1914539
1585623
1516427
1347702
1718755
1929488
1917636
1845999
1516361
1518469
1716949
1716864
1631861
1917518
1716352
1516838
1347819
1646245
1518815
1631461
1917680
1917443
1347265
1718772
1585662
1315427
1646799
1631707
1716432
1631268
1917836
1914240
1516232
1845652
1646233
1315870
1347628
1631633
1347504
1347403
1347351
1212641
1212945
1646448
1646401
1516506
1347404
1716327
1716576
1718666
1914297
1516543
1646369
1917940
1347945
1646671
1845520
1716292
1631660
1646598
1518307
1585250
1646403
1646858
1631522
1646772
1917301
1347951
1929500
1212991
1315679
1631346
1914263
1646355
1516424
1585404
1845800
1347761
1917454
1347383
1315558
1347993
1315807
1347836
1929922
1518630
1929371
1315886
1518533
1516885
1718413
1917951
1607377
1646416
1845204
1516321
1929533
1718510
1646897
1646286
1631206
1917257
1917929
1845604
1516270
1929522
1518357
1917640
1914933
1518223
1646204
1716560
1518530
1914514
1347525
1631644
1914843
1646392
1646256
1631909
1917536
1347998
1646477
1347884
1646872
1917703
1646239
1585285
1716906
1585857
1585255
1347602
1585943
1315212
1315725
1917304
1845861
1315330
1914315
1585205
1929446
1929472
1646797
1845656
1631450
1917728
1315880
1585978
1347267
1914247
1845238
1646474
1518636
1646926
1845551
1716523
1518727
1718751
1914513
1646360
1718526
1917246
1631612
1917805
1516765
1646670
1718704
1347634
1518954
1646210
1845850
1646493
1845633
1917215
1516205
1347906
1646431
1315981
1631300
1518847
1347594
1347422
1315567
1914233
1347829
1347685
1631624
1929473
1631299
1917877
1718662
1585736
1914336
1845270
1631833
1917519
1631787
1516916
1914309
1347596
1518527
1929370
1631921
1718930
1716867
1845512
1646675
1631479
1516325
1631532
1607208
1518624
1646915
1518520
1929445
1718593
1347889
1347905
1518495
1716946
1845304
1347737
1585622
1929372
1716248
1315481
1914275
1516384
1315201
1518361
1917539
1631641
1914409
1607339
1646488
1929530
1917710
1718504
1914912
1631759
1518698
1914848
1646824
1347202
1929293
1347935
1917455
1516421
1917242
1646490
1845588
1518330
1646624
1917889
1917500
1716548
1716799
1929202
1646765
1347499
1914325
1917939
1914365
1518389
1718350
1518960
1347481
1917528
1646427
1347694
1607287
1347238
1516247
1917774
1347397
1914362
1347899
1929246
1716214
1914261
1516513
1845532
1929319
1914826
1917254
1631848
1516557
1347303
1716254
1347362
1718925
1646314
1929398
1631771
1315404
1914564
1929464
1917749
1917338
1917573
1315528
1929407
1646641
1914318
1518524
1914450
1718309
1929227
1631693
1516404
1718674
1631721
1718415
1646689
1914446
1917373
1716342
1631682
1631620
1917208
1718451
1585512
1315447
1631885
1518921
1516675
1315506
1646510
1646309
1929249
1917825
1917881
1607793
1631381
1646874
1631618
1347567
1518893
1516590
1518598
1845866
1585261
1914435
1518415
1845271
1917672
1917892
1646326
1914879
1516851
1917561
1516477
1917855
1516761
1716578
1347432
1716994
1917209
1646712
1716603
1914200
1716258
1646750
1716604
1646621
1718669
1718213
1585257
1631449
1845787
1914656
1716267
1631988
1929283
1516734
1516446
1914398
1845395
1516943
1631307
1347330
1646879
1716710
1646226
1646787
1716502
1347260
1716213
1646406
1716417
1718967
1631383
1646651
1716791
1631487
1646940
1518435
1845206
1518281
1518977
1347924
1917846
1347357
1646808
1516512
1646905
1917810
1315762
1917943
1929822
1646294
1347613
1347258
1315272
1929382
1518918
1917251
1518816
1518334
1917319
1347483
1914319
1631702
1585760
1845694
1646522
1212684
1347981
1914918
1914326
1929582
1917293
1631438
1631809
1929325
1631992
1929282
1347367
1929410
1631769
1917885
1716413
1718757
1347293
1929420
1607232
1929414
1315366
1607605
1716935
1631838
1631913
1518852
1646668
1516707
1914863
1718825
1631792
1518763
1929295
1646491
1929349
1914349
1914250
1518560
1516865
1347601
1518732
1646951
1929200
1518291
1347675
1607972
1347783
1929387
1631312
1347871
1646823
1929424
1917259
1917270
1646650
1646753
1518478
1347600
1347734
1347272
1716495
1917999
1917781
1914642
1646530
1718404
1718514
1929384
1518450
1716660
1646939
1914662
1646223
1607229
1631413
1315395
1585524
1917696
1212786
1518610
1315259
1917843
1716602
1516701
1585710
1917841
1347308
1347466
1347285
1917374
1646301
1516287
1347957
1914803
1631652
1917407
1917750
1646299
1716908
1914787
1347335
1347536
1518749
1718883
1347419
1914755
1716909
1516588
1585520
1585690
1646733
1607444
1347291
1845243
1518491
1845857
1315484
1718610
1516899
1315580
1646719
1516504
1914391
1607661
1646723
1718578
1646731
1914310
1631533
1516462
1347864
1716866
1929361
1518596
1631745
1516810
1347776
1518526
1646305
1716218
1845264
1518428
1917386
1212222
1917698
1347360
1516458
1929232
1917938
1646436
1929219
1646334
1631290
1917693
1646801
1347779
1631356
1516850
1718964
1929226
1845558
1718970
1917817
1347673
1631229
1718249
1631804
1315552
1347456
1716858
1845327
1929451
1607373
1516971
1516545
1347392
1929484
1347522
1845405
1516382
1518986
1607368
1518818
1646228
1929317
1631333
1646662
1516296
1914295
1516576
1315632
1646703
1631796
1585536
1607280
1315849
1518386
1518949
1716225
1516730
1516285
1347805
1917328
1631857
1929239
1347352
1716680
1929390
1718307
1518645
1646708
1518354
1646644
1347790
1212495
1718414
1631415
1917962
1631332
1347766
1929494
1347436
1917468
1631241
1914473
1347348
1347327
1347623
1315452
1917273
1516280
1917588
1845299
1516658
1518860
1718583
1917972
1347284
1917873
1845548
1716579
1917662
1347739
1917734
1917327
1718971
1914246
1646941
1914447
1315329
1716789
1347478
1929240
1845422
1516655
1716669
1646599
1347679
1516472
1631903
1646393
1516428
1716402
1716244
1929335
1516805
1347589
1646453
1585673
1516480
1914448
1716271
1718552
1315516
1518260
1518953
1347251
1646450
1646889
1646322
1917821
1929842
1631428
1917909
1646717
1845410
1914294
1631664
1845594
1845664
1917993
1646852
1929338
1929263
1917214
1917601
1585360
1718559
1347223
1929259
1347256
1929306
1516474
1212542
1646549
1516820
1585764
1845242
1914314
1518681
1646417
1845580
1914220
1518376
1716997
1914573
1917383
1929230
1518394
1631463
1315262
1631599
1631371
1917714
1315297
1347590
1914588
1585354
1631398
1917548
1347216
1917977
1646398
1646528
1347735
1212209
1917435
1585206
1716425
1914984
1518313
1917514
1716275
1516319
1585734
1518232
1845807
1518888
1646275
1631223
1516492
1631860
1347831
1718844
1929466
1646785
1516355
1315267
1347781
1518894
1917804
1718644
1516242
1516582
1929528
1347955
1631314
1914338
1631961
1929201
1917945
1646553
1347651
1914276
1646606
1845553
1914500
1646738
1917620
1347410
1718207
1347984
1845720
1585755
1516489
1347755
1646648
1347451
1914574
1716224
1845843
1347650
1718889
1518857
1347928
1917623
1585474
1631394
1518722
1212920
1518637
1845263
1516316
1518360
1914433
1646751
1518331
1585439
1518833
1646867
1917916
1929394
1917445
1518254
1646320
1917622
1518557
1716491
1917828
1516375
1631456
1646266
1631982
1347982
1917418
1212255
1914602
1917626
1516643
1516450
1914217
1631855
1607316
1585414
1631908
1516660
1516359
1917480
1718408
1716717
1646925
1631338
1347850
1646639
1631672
1347854
1631671
1914388
1347757
1646295
1347200
1929541
1518322
1347987
1845661
1914565
1315415
1631974
1631508
1347793
1646458
1631994
1347430
1631440
1347582
1315565
1845330
1347585
1585284
1929320
1315649
1914510
1347489
1631836
1914270
1347772
1518605
1646904
1917470
1516601
1631772
1646804
1646206
1929244
1631294
1631888
1646531
1914304
1917348
1845754
1929855
1347290
1646456
1631525
1646415
1914213
1516348
1347717
1516842
1646500
1718586
1917451
1347869
1315729
1845774
1585500
1516592
1347891
1646705
1347721
1917531
1516776
1914907
1917267
1212844
1914340
1585615
1845775
1718288
1631640
1631374
1315796
1347740
1845905
1646571
1516464
1516996
1646429
1914566
1347730
1347681
1917284
1585727
1646413
1518755
1646715
1914689
1516567
1518802
1516725
1718530
1518706
1716263
1631872
1347338
1607331
1716704
1716474
1929369
1518303
1516589
1585737
1516813
1716253
1646461
1716804
1585749
1631526
1914623
1845796
1518378
1347439
1646483
1929327
1845234
1914257
1929378
1914775
1716378
1646819
1315876
1516413
1718395
1347680
1917440
1212534
1347873
1585748
1929523
1917580
1646830
1518243
1917456
1929285
1646263
1716485
1607738
1646894
1845721
1518487
1518990
1516491
1347448
1516672
1347963
1646661
1347845
1914216
1631627
1646370
1716573
1607241
1607215
1845262
1631933
1718791
1518466
1646330
1646542
1347809
1917946
1347307
1518653
1631205
1845464
1917722
1929724
1631304
1929235
1929457
1646512
1607235
1631384
1347386
1917902
1518940
1845662
1845777
1516412
1646628
1718808
1347301
1518479
1917412
1347692
1518332
1518902
1716461
1646656
1631680
1917544
1646287
1518534
1516748
1718878
1516263
1929385
1917520
1516972
1716303
1347207
1718406
1347690
1315621
1315777
1646973
1718371
1646896
1585355
1914504
1917733
1212366
1716444
1929423
1716559
1845413
1914704
1917379
1646372
1631805
1716982
1646764
1716815
1718340
1718290
1607227
1845649
1718372
1917745
1917890
1631803
1607778
1914375
1516778
1631559
1718790
1845224
1917309
1518241
1646463
1917941
1347581
1917596
1646543
1929345
1518365
1929386
1845416
1646781
1929438
1347678
1646778
1917238
1914886
1929521
1917420
1631687
1917992
1347529
1516849
1212477
1315830
1718577
1585498
1315466
1845750
1917862
1845502
1716430
1518879
1929990
1646578
1845522
1914329
1518770
1347876
1631433
1347605
1917776
1631800
1718269
1718812
1718801
1646920
1914608
1315657
1917570
1631334
1516713
1315628
1347401
1929251
1347316
1917447
1716220
1716707
1347815
1585784
1516721
1646893
1315491
1585705
1917803
1646554
1518612
1917226
1518669
1917690
1516587
1347630
1516254
1929408
1917664
1845926
1646251
1718697
1914643
1518522
1914898
1929610
1917482
1516522
1917966
1646667
1646966
1347349
1347693
1516992
1718502
1516666
1516401
1516308
1646744
1646479
1347543
1646489
1607483
1929584
1347554
1646693
1716217
1347745
1929428
1929538
1914815
1716462
1585750
1845427
1631552
1518961
1607261
1646468
1516659
1718687
1914414
1716812
1646428
1518633
1516855
1347858
1518705
1914351
1585698
1917572
1716735
1631506
1518564
1914715
1718387
1914350
1518812
1315956
1516304
1518523
1646757
1917863
1607684
1917932
1914426
1315715
1585957
1315414
1929229
1917495
1646975
1716215
1347320
1917507
1914218
1631315
1315525
1914202
1585402
1914479
1347881
1315237
1646234
1914888
1315497
1718879
1516819
1347668
1929248
1516993
1518317
1917370
1347449
1646541
1315702
1347494
1347546
1516574
1347277
1347485
1929525
1914417
1716426
1917292
1347632
1518312
1516260
1516456
1347975
1347453
1716531
1646655
1315403
1845222
1646643
1845554
1914646
1347537
1347421
1646337
1347765
1917912
1845704
1516425
1646363
1516749
1845978
1518788
1607327
1347728
1347659
1646953
1516218
1646637
1914393
1646984
1646374
1516407
1315225
1718427
1347220
1347447
1212588
1347930
1518914
1585441
1347617
1914501
1917498
1516307
1718521
1845423
1845820
1914610
1914793
1347642
1718570
1631747
1315271
1646248
1845372
1845506
1716410
1718915
1845537
1518507
1315398
1516998
1914860
1716325
1917277
1631448
1347344
1585278
1518915
1347208
1585330
1914487
1716287
1347515
1929264
1315955
1917232
1718208
1347484
1718710
1646509
1718877
1315521
1518542
1646259
1315559
1929992
1347610
1929485
1631786
1585576
1646258
1631459
1646678
1347520
1718639
1646724
1315450
1315560
1917399
1845667
1516497
1718799
1845214
1917692
1315480
1516817
1929346
1518441
1585455
1716719
1518704
1917282
1929350
1347458
1347821
1347824
1518369
1631973
1917813
1646634
1516398
1718866
1718681
1518751
1315372
1917346
1631829
1585314
1917652
1347417
1516967
1929250
1914279
1914920
1518867
1716286
1315664
1585683
1631365
1845825
1518420
1646898
1315280
1347229
1516495
1845200
1646630
1646974
1347798
1315923
1917532
1646296
1315219
1917886
1518401
1347266
1716517
1631879
1716796
1914612
1716200
1518590
1518294
1646756
1518613
1845287
1315726
1929418
1917604
1718839
1631901
1646825
1315326
1716381
1917583
1516697
1518339
1917291
1347639
1518301
1347406
1716818
1646748
1716530
1845803
1607437
1716696
1718431
1315359
1929358
1315708
1646400
1917605
1646957
1347323
1845428
1716533
1347542
1212380
1347644
1347446
1646726
1347988
1718478
1646419
1347599
1929301
1646335
1516846
1347965
1716330
1718793
1716238
1347500
1315263
1716310
1347624
1929204
1646577
1631816
1914300
1347609
1914721
1917265
1347399
1631839
1716730
1646600
1914505
1716638
1929321
1917615
1518804
1631379
1929688
1347549
1315944
1914226
1315514
1929213
1914861
1518300
1718310
1516216
1914821
1516340
1631310
1718437
1718775
1518930
1212602
1607282
1917923
1315323
1914589
1518618
1845826
1347991
1516303
1914265
1845945
1845746
1518718
1516978
1347995
1646373
1716416
1646559
1646420
1347523
1347865
1929435
1631949
1929343
1845326
1631275
1516508
1917306
1516841
1917831
1347827
1929270
1518744
1315706
1631264
1718973
1929355
1845797
1631568
1646859
1347593
1518258
1646821
1845570
1315742
1347748
1631678
1315417
1646221
1716520
1914733
1347893
1347972
1585754
1646727
1845596
1917497
1347232
1516286
1347559
1646216
1347933
1845590
1718702
1347848
1607362
1845682
1347322
1585376
1718286
1631714
1914291
1646345
1585438
1646338
1315449
1347378
1917526
1845842
1518716
1845760
1929531
1716438
1646441
1516244
1516780
1646856
1347382
1929316
1917979
1315257
1917231
1917545
1716990
1347578
1516580
1716777
1315247
1716545
1718807
1518980
1347244
1646886
1516596
1646836
1518423
1845406
1347345
1516591
1518381
1518602
1845418
1607240
1347612
1585944
1347490
1929322
1917809
1716481
1585626
1845300
1845653
1718509
1516988
1914557
1347263
1631723
1347691
1315939
1646567
1914979
1845819
1716367
1646961
1929412
1315857
1347840
1917280
1845762
1716469
1518429
1845453
1347724
1845699
1845275
1646388
1845290
1631681
1347213
1845577
1845707
1347334
1914469
1914221
1845389
1917991
1631504
1347226
1347709
1516209
1631889
1845731
1917557
1718864
1646270
1518353
1718312
1347569
1347657
1585771
1516300
1646244
1929471
1347813
1718722
1929460
1929416
1347595
1917985
1607262
1929365
1516282
1914474
1917994
1917792
1347463
1929888
1646603
1516341
1845670
1347547
1646826
1631353
1347922
1347759
1518646
1347506
1917716
1516886
1347615
1315882
1585496
1718668
1845559
1347319
1917463
1631542
1917678
1716575
1315681
1929206
1315243
1917935
1917937
1718308
1646881
1516441
1585729
1315436
1518821
1917829
1347539
1929409
1716499
1716335
1631538
1347286
1716479
1845608
1518547
1914655
1718501
1518588
1929535
1845376
1718730
1516457
1845518
1585613
1917854
1917682
1929363
1516712
1315489
1718450
1929400
1718490
1845674
1917657
1518380
1718517
1631572
1315625
1929324
1315741
1914287
1917432
1718715
1646389
1716588
1718540
1917903
1646548
1917355
1347471
1516509
1516633
1914652
1347989
1631688
1631336
1917324
1315420
1631710
1917417
1646499
1917975
1347970
1917436
1914308
1585451
1914359
1516453
1929482
1917275
1516373
1315488
1646853
1347860
1914488
1917558
1917952
1917279
1516637
1516673
1917594
1917720
1518709
1631481
1646994
1914584
1716510
1585207
1845637
1914413
1516324
1315456
1917484
1631571
1917858
1516500
1516252
1917675
1516859
1347524
1315418
1631401
1716237
1607953
1914552
1718942
1718673
1845366
1607305
1347656
1929222
1917754
1917628
1917416
1347985
1347603
1646833
1914629
1917815
1914268
1646837
1914645
1917250
1631233
1631729
1646761
1315806
1347753
1646734
1631210
1914819
1917207
1646346
1347855
1585282
1914582
1315364
1716868
1607760
1347833
1516265
1347445
1646438
1631339
1718664
1631891
1585820
1914475
1646344
1347666
1585689
1347538
1718928
1646547
1716863
1315766
1914229
1607349
1516754
1716307
1516743
1646696
1347328
1845793
1917731
1631764
1646504
1929552
1212810
1347493
1646945
1718344
1347746
1607768
1315256
1315214
1516615
1716508
1716259
1585356
1516400
1914384
1914280
1518396
1347379
1914256
1518956
1516906
1347956
1347283
1914489
1585739
1929459
1917753
1607725
1914804
1718675
1347898
1929492
1347545
1845283
1631830
1929930
1347964
1212603
1516419
1631626
1646255
1315767
1929841
1585233
1917727
1518545
1646633
1716913
1518935
1929977
1716572
1607379
1585384
1631980
1917618
1716436
1607761
1646243
1347653
1845392
1518688
1315941
1929281
1917535
1347931
1914606
1347527
1315832
1315709
1315294
1347996
1315783
1917755
1315945
1631923
1631625
1845659
1585678
1607220
1347358
1929510
1516984
1914471
1716397
1315515
1917673
1585202
1929503
1347415
1917578
1516306
1914260
1646745
1716512
1315601
1516402
1929216
1646269
1718759
1646342
1516548
1631942
1347592
1646506
1917403
1917378
1929422
1646321
1585406
1716584
1607222
1914438
1518929
1518703
1347764
1315496
1845527
1646546
1518257
1518231
1347482
1516360
1929354
1631278
1917502
1917670
1929507
1315284
1646954
1212459
1929920
1347408
1212882
1845612
1914305
1917771
1631494
1585230
1646769
1347217
1929447
1646260
1646629
1212962
1718961
1516521
1914577
1315380
1347661
1914372
1518255
1929262
1315751
1585766
1516602
1518944
1917767
1631377
1646329
1929381
1516544
1718607
1718737
1516787
1716222
1646581
1646861
1516619
1347371
1516949
1518285
1516395
1929545
1917947
1347751
1914466
1518629
1914627
1917567
1607246
1516834
1646201
1646805
1929543
1516225
1929999
1716498
1315744
1585329
1631639
1347237
1347636
1929529
1347221
1845727
1585214
1646257
1929310
1718374
1631565
1716623
1716341
1914403
1914800
1917459
1718646
1347450
1646505
1917833
1929454
1347744
1347394
1929276
1347879
1631252
1646755
1716988
1315920
1917530
1914436
1347395
1646267
1516639
1347754
1914850
1315600
1917582
1917826
1646349
1585969
1516317
1518628
1315341
1914412
1516610
1914230
1845239
1646591
1516467
1347697
1347878
1845801
1347528
1845394
1845293
1917832
1914204
1631202
1631408
1917288
1718924
1716228
1631236
1347440
1315992
1518572
1917742
1917769
1929367
1646620
1607342
1914262
1516790
1914259
1845584
1607624
1845729
1845616
1607527
1646706
1917559
1845324
1518872
1716361
1929405
1347904
1914290
1631867
1914207
1631375
1607313
1607435
1347614
1716939
1718328
1631935
1845332
1914534
1914424
1315314
1845824
1516448
1347664
1631720
1631605
1516788
1845702
1917982
1646773
1315542
1516732
1518488
1845316
1914714
1646789
1347268
1347986
1516468
1917868
1518368
1845867
1917421
1347926
1845709
1917806
1716597
1347204
1585975
1914278
1917936
1929389
1518836
1347465
1917543
1646934
1646895
1631305
1716715
1917981
1518421
1347281
1516840
1917200
1929268
1347306
1716538
1646713
1914820
1516681
1315405
1631484
1718294
1347807
1516757
1917617
1646421
1917882
1347571
1315283
1212729
1631372
1516515
1917283
1315794
1516784
1718416
1631813
1917566
1917930
1929247
1347279
1718916
1631546
1917655
1631835
1315877
1516559
1929575
1516460
1845388
1516435
1914223
1347902
1845798
1347828
1646280
1917560
1917704
1646215
1315802
1929236
1917757
1716370
1646972
1347273
1607651
1631922
1585267
1646995
1716420
1347842
1929336
1917476
1212868
1347510
1845745
1646944
1716418
1516203
1315728
1585224
1518992
1585773
1929487
1347259
1718908
1347997
1917359
1646526
1347633
1716830
1929436
1347385
1646298
1516789
1212585
1631518
1347302
1347635
1929304
1646207
1917773
1631947
1347645
1518268
1315381
1914525
1347491
1347801
1929800
1718581
1917853
1585664
1585738
1631575
1929462
1917597
1347654
1518335
1347340
1646532
1631943
1929432
1631245
1646289
1929217
1347622
1347248
1716464
1718458
1646796
1845597
1845216
1646996
1917581
1929402
1914374
1646716
1718938
1929253
1917847
1917744
1347752
1718840
1315396
1917702
1347968
1718470
1718912
1929444
1646407
1585326
1347425
1646771
1347861
1917723
1929341
1917244
1914839
1646883
1315240
1917834
1929242
1716998
1347723
1631997
1917609
1347467
1718576
1315378
1347579
1347475
1516717
1718608
1845640
1929928
1347376
1347514
1917261
1518937
1716380
1929732
1347979
1347247
1914906
1929323
1631629
1212518
1212362
1929442
1646544
1914236
1631873
1518221
1631647
1917689
1845863
1585543
1929399
1516614
1718362
1716445
1917478
1929413
1315529
1914727
1631894
1516729
1516451
1716581
1315399
1929255
1929578
1917796
1845253
1516983
1845630
1347370
1347262
1646423
1718781
1929450
1929508
1929404
1631740
1845507
1716316
1315269
1646282
1646496
1845325
1646763
1646573
1516439
1347638
1516234
1917763
1845636
1646247
1347789
1347940
1929391
1718683
1845269
1631469
1914801
1516669
1716314
1212731
1917671
1845452
1646288
1845219
1646943
1585507
1718749
1646408
1718887
1917453
1347488
1914299
1315273
1917743
1347637
1347271
1716431
1585281
1917336
1914502
1518791
1845381
1914774
1914451
1914348
1347686
1929441
1716698
1347966
1718619
1212390
1347444
1646457
1929666
1718200
1315401
1516652
1585364
1607423
1845281
1914954
1347652
1347564
1212444
1347856
1585380
1845467
1212300
1914429
1716785
1518480
1845985
1347774
1917719
1516581
1347907
1917789
1585490
1607358
1347749
1347366
1518644
1718612
1917679
1914400
1347518
1716640
1716880
1845542
1845260
1516302
1516320
1347205
1917699
1315719
1607242
1646868
1845853
1716401
1516551
1631235
1347235
1646300
1716440
1516318
1347994
1347804
1516974
1917933
1845751
1929214
1917225
1917768
1716351
1347816
1929377
1347939
1646467
1646992
1516534
1646422
1347832
1518573
1585491
1929395
1646835
1914874
1646481
1347837
1845545
1516507
1917807
1646279
1929284
1516965
1631953
1646399
1716607
1516532
1518528
1718785
1347932
1929427
1845379
1929551
1646232
1646351
1631219
1929215
1914841
1716778
1646812
1716828
1315604
1347952
1929433
1917634
1917442
1917460
1929406
1929532
1631551
1917510
1917837
1347473
1914370
1347720
1516836
1917523
1518502
1929233
1516305
1631520
1631220
1631918
1646946
1917681
1917513
1929469
1917893
1646238
1347849
1646986
1347867
1585305
1607351
1631416
1585478
1845274
1917524
1646220
1315439
1646683
1315408
1631578
1917499
1518410
1518366
1347353
1631820
1631984
1914490
1646887
1646866
1315641
1518932
1347606
1516279
1929426
1631906
1607431
1845345
1585465
1516274
1518275
1845902
1718568
1516476
1646942
1347398
1516298
1212691
1518687
1646318
1315985
1716482
1914462
1917575
1646589
1315221
1914751
1914343
1631604
1914432
1917683
1929539
1347372
1607243
1347607
1929417
1646980
1718313
1917971
1917870
1929210
1929241
1646377
1917428
1516499
1315264
1845245
1315816
1929513
1917650
1585315
1585645
1631601
1646927
1914306
1917310
1212842
1845598
1845480
1347616
1347424
1347882
1845305
1718370
1914410
1646660
1585489
1716536
1917295
1917822
1516779
1646315
1347375
1347350
1845768
1347741
1646677
1914548
1718438
1646520
1917340
1845494
1315885
1914369
1516238
1718300
1518578
1917747
1631896
1631352
1716480
1718974
1347556
1347992
1929434
1929208
1646784
1716726
1347667
1914227
1516704
1631560
1315778
1607707
1646906
1347534
1917409
1516309
1315374
1646387
1315391
1917593
1518201
1917589
1516939
1914420
1347413
1631208
1516563
1917485
1845665
1929526
1917361
1716993
1347665
1631828
1718705
1315383
1516351
1718316
1518859
1518898
1315527
1347535
1347486
1718696
1718301
1929271
1315289
1631819
1917654
1845514
1914770
1347289
1516418
1845213
1347808
1315704
1518817
1585415
1917294
1347591
1929602
1917780
1917818
1631704
1607300
1914943
1516564
1347962
1646623
1518481
1347925
1516708
1347254
1516668
1914650
1516426
1917642
1347336
1516604
1516369
1607346
1716449
1917260
1646701
1631260
1516526
1914712
1631912
1718650
1347572
1646575
1607968
1646709
1646878
1518391
1716771
1347563
1646498
1716308
1845367
1914960
1914893
1718873
1347203
1929245
1718434
1347788
1646469
1929258
1347294
1917494
1518227
1516444
1607206
1716551
1212777
1516880
1347662
1518708
1315224
1516737
1516870
1516875
1716708
1631645
1718503
1212960
1929401
1347264
1315351
1929299
1917659
1917337
1607360
1646916
1646842
1631509
1315640
1347698
1917391
1845450
1917960
1212470
1646472
1585268
1315813
1646574
1585218
1585752
1631466
1585410
1631553
1646533
1917838
1917224
1631313
1631432
1716609
1914461
1917741
1929955
1516806
1631418
1315210
1347658
1917564
1315842
1917577
1212608
1347297
1315551
1347896
1914387
1212723
1516647
1347852
1516667
1516406
1845466
1607745
1347714
1347278
1646285
1347239
1516554
1315982
1631965
1516527
1718564
1646626
1631603
1315586
1929353
1646492
1845375
1646702
1917365
1716262
1585503
1718591
1347682
1845445
1347324
1518323
1716562
1631634
1929396
1347313
1347647
1646991
1845420
1315909
1845541
1315416
1585721
1646242
1914327
1917656
1631977
1585775
1716435
1845377
1585210
1646312
1914598
1516860
1718734
1716390
1347407
1646901
1347391
1315771
1716817
1518904
1518892
1607744
1716255
1646647
1518641
1315520
1516738
1631748
1646515
1845821
1315534
1646775
1917663
1716398
1929496
1631303
1845642
1914320
1646249
1646382
1347364
1716593
1716912
1646229
1516662
1917725
1631834
1347672
1914274
1716289
1646519
1631204
1315412
1518776
1347791
1914249
1914653
1917687
1347712
1716803
1914580
1914708
1845654
1646552
1917667
1914572
1315644
1516937
1585568
1518512
1347677
1845249
1631388
1347913
1718663
1646331
1845849
1716816
1917547
1718508
1718747
1585304
1347847
1914330
1518775
1315754
1518928
1716725
1347838
1347355
1212682
1516353
1518878
1716679
1917549
1917213
1914357
1347557
1315717
1845492
1585900
1347373
1631361
1516473
1347583
1646875
1585319
1929359
1917364
1347438
1585794
1646265
1631496
1716400
1917864
1917790
1631697
1716969
1716207
1646250
1917439
1646565
1631406
1646597
1516388
1914454
1716666
1315765
1929499
1917592
1516856
1914522
1917504
1347977
1718962
1518364
1212203
1914437
1917924
1917676
1845814
1914415
1518261
1718614
1646455
1347844
1917266
1929360
1518496
1518209
1516768
1845319
1585309
1347775
1646851
1631972
1929243
1917775
1646276
1315636
1315903
1347570
1917569
1914523
1718690
1718909
1914799
1929231
1929453
1917402
1718820
1646358
1516642
1929536
1631766
1929388
1716525
1716574
1518774
1646537
1347584
1917565
1631214
1212464
1315572
1607210
1917669
1914282
1917584
1914536
1347769
1845258
1646937
1929603
1516284
1607759
1585802
1315835
1917715
1347886
1929498
1516641
1646919
1917957
1516430
1646922
1315569
1347782
1518728
1914908
1631939
1631807
1631827
1718575
1646529
1929733
1646410
1516724
1212400
1914661
1347409
1631691
1516273
1718885
1646857
1585704
1845430
1631297
1914529
1347309
1914341
1845741
1914496
1917686
1646494
1347841
1929461
1646262
1917396
1315286
1716713
1516919
1917405
1917330
1845235
1516547
1347707
1718926
1212202
1845307
1646339
1646899
1929403
1347418
1347792
1716270
1646645
1347927
1914519
1631464
1585709
1718255
1518795
1716983
1347423
1914484
1347270
1631902
1631904
1631530
1718693
1845320
1516680
1516417
1347443
1516530
1917326
1347948
1914560
1845645
1917808
1315848
1718729
1607279
1347641
1347241
1917983
1917542
1914720
1518202
1347325
1929490
1347249
1212365
1929468
1631404
1917921
1516578
1315779
1718598
1347598
1347329
1315873
1929448
1917216
1845500
1646409
1646617
1917830
1845217
1347280
1914335
1914830
1646752
1716478
1585347
1518764
1518414
1585509
1914481
1646316
1518321
1845728
1917538
1516726
1917272
1646963
1914419
1646625
1347245
1845701
1516343
1716467
1585332
1518338
1929314
1631263
1516289
1845549
1347561
1631871
1347479
1516461
1646776
1929475
1347830
1315922
1631617
1917697
1845742
1718459
1518683
1516595
1518256
1646923
1631730
1631831
1607319
1718541
1315878
1914648
1518881
1914517
1518593
1315400
1518207
1631512
1631916
1585967
1315409
1585259
1347243
1347797
1716553
1917607
1315790
1518215
1518832
1347942
1631708
1347731
1914482
1646790
1914625
1347498
1929375
1631676
1718496
1845282
1646352
1917312
1516206
1347853
1914672
1914621
1631495
1347433
1718689
1631954
1631258
1845781
1929374
1718813
1845459
1716251
1631790
1929425
1929356
1917602
1845624
1917392
1917335
1929280
1347405
1631987
1718306
1631703
1607372
1646659
1315723
1516857
1631655
1516342
1347381
1315486
1315968
1607542
1845337
1646956
1716622
1516987
1315795
1646246
1646806
1917525
1518505
1516503
1917385
1917512
1347874
1518726
1716230
1929777
1516385
1347640
1917748
1516313
1347565
1929624
1917621
1631514
1646323
1518796
1646666
1518626
1917794
1585280
1718285
1347441
1347455
1716960
1516830
1646508
1718744
1718507
1347552
1845817
1917770
1347954
1914690
1917488
1718802
1518615
1929305
1646970
1716245
1929601
1347553
1631452
1646664
1718905
1646425
1845668
1646704
1929429
1631920
1347969
1585532
1315382
1516312
1914772
1917913
1718314
1631882
1716941
1516690
1917624
1347738
1347631
1631637
1914355
1917856
1646261
1845625
1631866
1518779
1914418
1845443
1716496
1718986
1516314
1917501
1914382
1347429
1646302
1347314
1917969
1646208
1347300
1347722
1646319
1917783
1929273
1347671
1845538
1718810
1845321
1718902
1347530
1347961
1716374
1929383
1315325
1914817
1845600
1845521
1716239
1212321
1917239
1917297
1347862
1917332
1315888
1917685
1646627
1718283
1718876
1516301
1516250
1929302
1631482
1917891
1315840
1315444
1518912
1646484
1607592
1347880
1845417
1716472
1585733
1347513
1516670
1914439
1917287
1646462
1315350
1914924
1646912
1347233
1718433
1347400
1347356
1914846
1347326
1518569
1716524
1516808
1518994
1917639
1347626
1845517
1347361
1845818
1607244
1917708
1518858
1518448
1716291
1646384
1917263
1716345
1646907
1347729
1845479
1585333
1646580
1716546
1929357
1585209
1607727
1917376
1631875
1646707
1914434
1631944
1845764
1929261
1929326
1347227
1212249
1718636
1929289
1347580
1607269
1914380
1646359
1646691
1347225
1716423
1914563
1929421
1716901
1914356
1646981
1929509
1914317
1347703
1518866
1315222
1929256
1716697
1917353
1929605
1516606
1516632
1516478
1646960
1585287
1716748
1607621
1914786
1929225
1518240
1347885
1585703
1929288
1914562
1516607
1347502
1917449
1347733
1347574
1347497
1347495
1347719
1646595
1516884
1347897
1716359
1516770
1845380
1929351
1917732
1646460
1917450
1929810
1929307
1516380
1315532
1585200
1716907
1917446
1516698
1516644
1518908
1347299
1929479
1631662
1646725
1516807
1516709
1631555
1718795
1718736
1518752
1516220
1516502
1646584
1516941
1516864
1917515
1516445
1917444
1917721
1347388
1917633
1646732
1315800
1646291
1347337
1347457
1917613
1716414
1631598
1347835
1212571
1917709
1585317
1516322
1347743
1929364
1718913
1917865
1718688
1716403
1347892
1917756
1914953
1718475
1716272
1518586
1347872
1929476
1845987
1646340
1585301
1845421
1347454
1646653
1518333
1347416
1929505
1347533
1518417
1929467
1929330
1718322
1516888
1516523
1315406
1917737
1716266
1347228
1315440
1716954
1845543
1347261
1716429
1929312
1646736
1917595
1917477
1347531
1716234
1347562
1917645
1914619
1929431
1929419
1646236
1315250
1845689
1646902
1917717
1607352
1929562
1347786
1347912
1646831
1347705
1914622
1929278
1917587
1631951
1646921
1845505
1914530
1516613
1917963
1718341
1585746
1646593
1718637
1929308
1607463
1646523
1347472
1718532
1315246
1585629
1914885
1917496
1516415
1518248
1914771
1347236
1347282
1716241
1914554
1845772
1607664
1347806
1917974
1845837
1516443
1631387
1516514
1646271
1917349
1315204
1585201
1716628
1347218
1646877
1347866
1347304
1646721
1914809
1718947
1917204
1631316
1607434
1315570
1347210
1845531
1646284
1646281
1347295
1516207
1646684
1917631
1347742
1929557
1914497
1646854
1917859
1518697
1516330
1585469
1646807
1917995
1516423
1716931
1516510
1347369
1845913
1631255
1347276
1718358
1315898
1631276
1347604
1315854
1315705
1646932
1917608
1631566
1914649
1917915
1845578
1315313
1347683
1646240
1347476
1929334
1646594
1315863
1917691
1646864
1516350
1914334
1718709
1347909
1718304
1646847
1212283
1646202
1917217
1716705
1516271
1917400
1914806
1716246
1347834
1585815
1347701
1845489
1718360
1315921
1716392
1929218
1518482
1646327
1516236
1646818
1914208
1347715
1518504
1347414
1347393
1347224
1631887
1607207
1631402
1914575
1607643
1607221
1646397
1631327
1347937
1315587
1631991
1646988
1646217
1347526
1646371
1631767
1845313
1917474
1718627
1917816
1516946
1607391
1917342
1716471
1347317
1347870
1315991
1347346
1631357
1917574
1315260
1917268
1516459
1646353
1347435
1315928
1585260
1516835
1917660
1315203
1716795
1347825
1716229
1646357
1929348
1347469
1917517
1646235
1631806
1646264
1516715
1914281
1716930
1516603
1917438
1716720
1914456
1914512
1716544
1914486
1929544
1646918
1845799
1917887
1315244
1929332
1718708
1347342
1347231
1631926
1516356
1646478
1917968
1347377
1845806
1646203
1212767
1315279
1518316
1607237
1917563
1516233
1718761
1845671
1347209
1845942
1914463
1929362
1347461
1585358
1516410
1347341
1716563
1347586
1929274
1516903
1516229
1347818
1518269
1347512
1516531
1347949
1845220
1315430
1631609
1917674
1929502
1718603
1631445
1347684
1315209
1929329
1646527
1917345
1516262
1518309
1585747
1914609
1646673
1516281
1315727
1917362
1845544
1518390
1347794
1607438
1929560
1631213
1914758
1718594
1917599
1917724
1917579
1646642
1929801
1718724
1516758
1914373
1646434
1929313
1716493
1516928
1518445
1518606
1585448
1518253
1718210
1929373
1631460
1631517
1718679
1516403
1315254
1315370
1914844
1917861
1646657
1917795
1631966
1914640
1917653
1347460
1646568
1518424
1716846
1631782
1516519
1347670
1716903
1917375
1718600
1516815
1347725
1646737
1914316
1914620
1845705
1347883
1917415
1917541
1646404
1347919
1718506
1718216
1631877
1646979
1585519
1718440
1929514
1347452
1914252
1917331
1917322
1516297
1646465
1845591
1646924
1347296
1914498
1347459
1917651
