1207267
1207441
1207432
1207994
1207752
1207773
1207289
1207660
1207890
1207631
1207595
1207400
1207877
1207402
1207800
1207701
1207300
1207756
1207416
1207401
1207815
1207355
1207319
1207227
1207716
1207671
1207852
1207614
1207505
1207292
1207939
1207698
1207217
1207808
1207579
1207310
1207900
1207977
1207747
1207762
1207294
1207481
1207538
1207518
1207570
1207423
1207670
1207515
1207315
1207468
1207251
1207230
1207205
1207831
1207624
1207730
1207239
1207408
1207240
1207274
1207387
1207691
1207332
1207619
1207613
1207830
1207272
1207699
1207542
1207415
1207367
1207577
1207689
1207344
1207206
1207312
1207228
1207446
1207322
1207318
1207303
1207208
1207632
1207944
1207356
1207576
1207347
1207351
1207569
1207370
1207475
1207557
1207625
1207343
1207618
1207266
1207975
1207843
1207360
1207341
1207604
1207530
1207329
1207458
1207522
1207640
1207861
1207200
1207254
1207245
1207233
1207837
1207479
1207710
1207313
1207945
1207330
1207420
1207650
1207299
1207956
1207578
1207391
1207694
1207460
1207482
1207242
1207450
1207659
1207403
1207478
1207346
1207706
1207409
1207461
1207405
1207504
1207664
1207431
1207284
1207553
1207880
1207252
1207314
1207798
1207331
1207907
1207794
1207766
1207616
1207605
1207554
1207509
1207317
1207745
1207491
1207889
1207231
1207703
1207210
1207790
1207270
1207447
1207974
1207358
1207649
1207248
1207612
1207754
1207593
1207653
1207232
1207841
1207838
1207263
1207951
1207607
1207751
1207749
1207249
1207323
1207440
1207321
1207807
1207844
1207610
1207598
1207776
1207712
1207949
1207275
