1401490
1401318
1401651
1401421
1401543
1401343
1401526
1401280
1401788
1401414
1401439
1401829
1401390
1401286
1401500
1401599
1401548
1401648
1401205
1401263
1401919
1401298
1401378
1401338
1401617
1401222
1401363
1401349
1401808
1401485
1401241
1401256
1401536
1401480
1401578
1401584
1401533
1401442
1401516
1401473
1401374
1401594
1401440
1401636
1401426
1401660
1401771
1401388
1401585
1401952
1401369
1401556
1401529
1401641
1401525
1401230
1401219
1401837
1401597
1401419
1401479
1401588
1401282
1401649
1401450
1401447
1401742
1401432
1401497
1401616
1401451
1401285
1401567
1401428
1401575
1401659
1401474
1401225
1401679
1401859
1401365
1401403
1401835
1401339
1401209
1401744
1401580
1401345
1401305
1401441
1401559
1401470
1401830
1401347
1401415
1401413
1401257
1401265
1401266
1401622
1401214
1401714
1401252
1401654
1401678
1401996
1401391
1401248
1401359
1401346
1401207
1401862
1401595
1401499
1401261
1401245
1401626
1401408
1401306
1401323
1401356
1401767
1401425
1401258
1401465
1401481
1401375
1401696
1401743
1401477
1401868
1401270
1401632
1401612
1401787
1401316
1401662
1401965
1401275
1401297
1401864
1401524
1401644
1401768
1401486
1401699
1401999
1401692
1401400
1401545
1401309
1401855
1401688
1401600
1401204
1401243
1401572
1401464
1401601
1401332
1401935
1401753
1401255
1401663
1401304
1401749
1401340
1401834
1401579
1401712
1401226
1401527
1401741
1401379
1401498
1401301
1401368
1401487
1401639
1401793
1401405
1401523
1401658
1401489
1401954
1401210
1401457
