1406500
1406788
1406468
1406794
1406529
1406249
1406317
1406853
1406416
1406570
1406409
1406533
1406579
1406560
1406202
1406594
1406770
1406290
1406544
1406360
1406261
1406223
1406607
1406425
1406564
1406291
1406600
1406899
1406341
1406422
1406420
1406850
1406531
1406250
1406325
1406465
1406580
1406201
1406505
1406595
1406301
1406792
1406229
1406471
1406331
1406493
1406698
1406589
1406647
1406304
1406697
1406530
1406230
1406451
1406925
1406274
1406459
1406430
1406581
1406200
1406672
1406270
1406390
1406302
1406800
1406546
1406690
1406702
1406272
1406498
1406490
1406491
1406612
1406890
1406260
1406210
1406961
1406209
1406696
1406599
1406763
1406403
1406309
1406370
1406220
1406224
1406880
1406489
1406480
1406855
1406539
1406431
1406820
1406253
1406781
1406208
1406404
