1907441
1907359
1907370
1907699
1907343
1907980
1907321
1907841
1907290
1907242
1907947
1907888
1907251
1907398
1907830
1907306
1907347
1907301
1907229
1907202
1907602
1907350
1907756
1907412
1907220
1907365
1907570
1907854
1907401
1907978
1907555
1907519
1907230
1907388
1907952
1907227
1907513
1907299
1907723
1907715
1907378
1907799
1907687
1907231
1907903
1907782
1907545
1907957
1907744
1907631
1907500
1907953
1907414
1907491
1907399
1907538
1907617
1907362
1907750
1907758
1907244
1907440
1907831
1907521
1907351
1907360
1907250
1907712
1907843
1907444
1907223
1907795
1907252
1907771
1907385
1907315
1907821
1907518
1907419
1907317
1907891
