1617290
1617548
1781366
1617301
1774272
1413326
1339226
1413848
1978501
1978588
1978995
1781658
1617963
1508734
1617646
1413896
1774245
1857500
1857499
1857971
1617608
1774495
1857228
1978719
1617447
1617416
1508277
1617717
1617763
1774340
1617939
1857313
1781336
1978608
1857504
1857206
1781879
1617586
1617480
1978364
1781521
1617459
1617774
1617485
1413801
1857217
1781526
1617894
1617650
1857221
1978483
1978241
1857352
1781520
1774312
1857399
1617366
1781883
1781504
1617620
1617710
1413306
1774994
1413406
1508340
1508441
1508309
1978223
1413310
1617797
1978983
1617470
1508818
1978855
1617893
1617344
1508837
1857990
1857268
1978822
1508826
1781412
1978880
1617874
1508579
1508492
1339205
1508813
1774329
1781491
1617982
1339215
1978631
1781742
1978228
1774381
1617519
1781816
1978621
1857312
1978849
1781703
1413236
1781799
1774434
1617974
1617645
1508955
1978578
1857891
1781540
1781492
1857529
1617593
1413244
1413218
1978873
1617487
1617257
1617953
1413884
1978288
1508974
1857258
1781240
1617938
1413949
1413212
1781590
1508400
1508536
1413364
1978645
1508904
1508383
1617877
1781820
1857321
1413316
1978790
1978833
1978807
1978265
1617219
1508577
1617359
1857325
1617468
1978440
1781824
1857407
1978473
1978204
1508310
1774778
1857261
1413313
1978559
1857260
1413404
1508377
1774316
1857626
1781524
1774849
1413854
1781708
1978941
1413379
1857308
1857294
1508958
1508243
1978654
1413251
1508344
1508654
1617817
1774315
1774208
1781350
1617263
1413591
1413459
1774535
1978593
1857333
1978996
1978398
1781752
1617967
1781755
1508790
1978595
1978577
1617850
1774521
1978707
1617926
1617694
1617438
1508450
1617750
1978551
1781249
1508745
1774298
1617888
1978515
1774999
1978604
1978846
1339832
1857200
1413847
1617365
1978809
1774230
1508641
1617749
1774823
1857310
1781951
1781401
1617529
1978237
1978494
1413693
1857271
1413336
1413575
1781290
1781541
1781361
1978269
1978854
1978902
1339218
1413221
1781385
1781605
1413519
1617921
1978629
1857329
1774581
1857816
1617803
1774328
1774297
1781619
1774266
1978702
1857287
1508308
1774644
1617202
1978884
1781856
1774515
1617898
1774701
1413351
1781796
1978327
1508423
1857340
1617271
1857498
1774502
1857269
1978761
1857214
1857285
1857373
1857763
1339223
1508202
1617407
1774376
1413200
1413526
1781269
1857338
1508496
1781698
1774810
1508320
1978290
1857247
1857318
1508627
1978767
1774234
1781342
1978710
1617538
1413834
1774326
1857295
1774210
1978417
1508221
1339987
1978423
1978419
1781964
1857753
1978413
1978852
1617794
1774367
1508493
1781258
1781485
1978635
1774303
1508313
1413478
1978641
1413829
1617690
1978821
1508364
1508827
1413441
1413231
1617872
1508816
1781636
1978381
1978943
1413233
1774264
1781962
1617584
1781502
1978918
1978942
1617435
1781733
1978414
1857205
1978409
1781929
1508446
1617947
1508776
1617543
1774249
1781720
1774571
1617575
1413427
1617818
1413386
1508906
1774252
1978764
1413345
1413977
1617279
1508991
1978607
1781388
1617799
1978479
1774430
1978944
1617594
1781236
1339502
1781801
1413356
1413822
1508868
1774804
1781496
1508961
1508665
1978989
1774236
1617903
1978856
1508942
1978683
1774615
1978879
1339200
1617957
1508269
1617767
1413682
1857837
1774826
1781927
1978795
1978273
1617640
1774372
1978866
1508212
1617547
1857243
1781510
1781414
1978587
1774358
1857858
1413296
1339793
1774327
1781738
1781915
1857233
1978408
1617716
1508733
1774322
1508662
1413777
1617309
1617966
1774270
1978835
1617899
1774777
1857288
1508274
1617362
1978509
1781831
1781629
1617448
1617833
1774414
1339444
1508245
1508970
1857385
1508254
1978394
1857719
1774338
1978938
1413821
1617281
1617605
1617895
1413287
1508405
1617631
1781780
1857520
1781215
1978857
1339204
1617221
1857267
1413265
1978382
1508360
1508589
1617229
1339364
1617990
1781859
1781351
1978323
1781715
1978404
1508932
1617599
1413584
1774296
1857366
1617272
1781691
1774556
1978798
1978655
1978242
1617955
1413769
1617909
1617230
1781375
1978685
1781400
1857770
1857505
1617816
1339927
1781330
1413222
1774268
1774244
1774273
1508207
1978310
1617910
1978302
1857231
1617352
1339309
1339933
1857762
1978726
1617952
1617504
1617901
1774517
1774212
1508567
1978994
1978844
1781367
1413841
1781690
1413658
1508864
1617798
1508560
1857319
1978972
1978987
1978352
1781460
1781876
1413636
1978609
1617704
1617959
1978871
1774464
1781844
1781316
1617835
1774992
1774204
1508371
1617869
1508918
1857544
1978712
1508667
1978328
1774200
1774333
1617861
1774382
1857345
1774278
1774287
1508901
1508409
1413504
1857417
1413657
1413297
1978895
1978530
1857346
1508873
1774722
1617293
1774380
1617308
1978230
1617571
1781513
1413517
1774441
1617678
1857240
1774374
1781686
1508840
1508685
1857202
1617860
1617943
1978435
1781420
1857212
1978979
1781405
1508498
1617458
1781778
1413687
1857355
1857320
1978998
1781588
1774419
1781726
1857222
1508397
1617386
1413552
1617686
1857488
1774402
1413559
1508507
1617729
1781262
1413449
1978766
1857408
1857997
1617733
1857220
1617791
1978601
1617792
1617615
1857445
1857208
1781990
1774462
1508315
1978387
1413784
1774563
1781884
1774261
1617676
1508930
1857334
1781244
1978622
1339237
1781812
1617461
1617905
1508326
1774991
1413512
1978235
1857326
1857300
1857264
1774487
1413474
1413648
1781291
1508414
1978529
1617510
1774526
1413727
1617507
1339216
1617999
1781268
1413507
1508373
1774275
1617276
1508273
1413355
1617401
1978284
1617864
1978293
1413566
1857209
1413255
1857577
1857234
1781264
1413695
1781201
1508969
1978317
1617838
1508259
1413387
1978434
1508989
1413446
1774400
1774444
1617581
1774269
1857347
1508762
1413272
1508740
1413299
1781534
1413309
1617449
1617784
1413330
1774427
1617892
1617997
1774290
1781560
1413612
1857279
1978826
1978888
1978877
1857919
1781512
1781666
1617347
1781640
1617840
1857265
1781888
1413230
1978594
1781872
1857425
1774545
1413303
1857349
1781584
1617633
1781913
1774451
1617540
1508494
1781827
1978786
1857218
1413548
1774330
1781689
1978533
1857253
1781975
1978962
1857701
1978424
1978808
1978805
1781426
1617962
1617390
1508216
1413471
1339368
1774276
1774239
1978906
1774712
1413752
1781857
1413270
1857210
1978810
1978618
1978289
1978908
1781202
1617285
1413348
1781654
1781223
1774259
1857654
1508542
1857888
1413853
1617610
1781774
1781803
1978500
1413217
1978912
1617639
1617518
1339208
1413425
1978770
1857249
1413489
1413278
1978460
1413770
1617970
1617545
1508463
1617549
1617218
1978496
1508264
1413426
1857998
1413505
1413668
1978754
1774670
1978932
1508280
1617652
1617332
1978853
1857331
1978580
1978350
1617380
1978650
1978831
1617820
1781570
1617590
1978320
1978602
1617413
1781353
1781775
1781434
1339206
1978836
1413250
1978407
1857335
1781731
1774216
1857383
1508215
1857256
1781789
1774704
1774707
1508517
1508241
1617671
1617592
1781813
1774285
1413530
1978493
1413281
1617755
1781870
1978746
1413219
1508631
1781898
1508887
1508742
1774392
1774301
1774504
1413883
1774993
1978566
1617825
1978270
1978325
1781628
1781234
1857999
1413522
1413329
1508965
1781413
1857615
1774855
1413374
1774218
1413232
1413301
1781626
1978314
1413626
1508416
1617842
1781838
1857526
1508282
1781250
1781315
1617391
1978896
1978876
1339330
1781424
1781547
1413234
1781454
1774503
1857317
1774225
1857939
1617653
1774258
1617530
1617318
1774494
1857540
1413246
1781484
1781261
1774319
1857600
1617467
1413595
1857274
1413640
1617306
1617602
1413686
1413391
1617992
1339529
1413378
1857376
1774520
1774407
1508332
1617708
1978870
1617213
1774248
1781498
1774360
1781467
1857636
1781974
1508317
1617490
1774201
1508333
1774226
1857251
1774930
1413417
1413314
1774602
1508521
1617312
1617851
1774292
1617930
1781214
1774240
1617870
1978930
1857829
1339201
1617780
1617669
1617429
1508458
1857302
1978490
1857284
1781854
1774254
1774386
1781363
1339970
1508239
1857225
1781864
1978360
1617980
1781999
1781608
1413537
1508617
1774309
1774477
1781777
1978319
1978429
1978333
1339999
1508951
1857290
1857207
1508596
1508524
1508769
1774762
1508395
1339674
1857230
1781763
1857880
1774540
1617683
1508688
1781493
1508425
1617369
1781288
1617834
1978201
1774608
1617259
1774776
1857991
1781656
1978973
1508208
1339235
1413885
1781439
1413214
1857492
1339788
1781679
1978305
1508374
1781243
1774405
1413436
1857361
1508570
1617388
1508847
1978476
1413496
1978914
1617291
1978885
1857246
1781971
1508283
1781488
1617680
1508314
1617721
1413276
1781866
1339545
1978868
1413433
1617741
1978337
1339212
1508691
1617224
1781706
1978489
1508615
1774291
1774552
1617922
1781389
1781333
1508468
1978340
1413539
1508367
1857236
1508633
1774510
1617512
1508410
1857756
1781217
1857800
1339221
1857472
1617397
1781408
1857928
1617520
1508523
1339222
1413394
1781568
1617412
1339440
1978386
1857241
1857452
1978606
1978886
1781858
1617372
1781759
1413563
1339500
1978208
1781334
1617991
1781850
1617415
1978495
1781518
1774922
1978257
1617417
1413400
1339210
1774633
1413624
1508232
1978267
1781718
1508723
1978504
1508905
1617987
1978393
1978569
1774262
1508479
1781632
1978520
1774314
1413273
1508514
1781960
1774406
1978421
1978326
1617606
1781727
1774424
1617275
1774498
1781332
1857395
1508726
1781354
1978837
1774304
1978916
1508401
1978332
1617335
1978304
1978751
1781786
1508865
1617406
1413579
1781428
1978315
1508380
1781582
1508525
1781985
1413209
1413667
1413347
1978760
1413204
1413357
1978956
1774280
1617319
1978763
1774207
1781599
1857410
1617968
1339244
1508415
1617651
1781853
1413237
1413308
1413315
1617304
1978420
1617697
1774325
1857400
1413429
1978648
1978828
1508558
1781309
1857201
1781500
1978728
1774222
1774836
1413597
1774447
1339232
1508987
1413262
1781724
1774228
1617595
1413627
1617712
1617862
1857203
1508265
1857266
1413424
1508451
1617378
1617223
1617528
1774263
1774223
1978686
1781747
1978703
1774534
1413302
1781267
1413363
1978518
1413275
1508566
1978743
1508962
1857204
1617240
1413717
1978954
1617756
1774770
1617201
1774641
1508902
1617795
1978869
1508863
1978395
1617516
1781248
1774737
1508714
1781506
1413475
1508944
1617251
1508663
1774279
1508846
1413388
1774473
1978652
1617212
1774888
1617377
1781910
1508971
1617867
1617875
1413338
1617515
1774418
1508341
1617913
1978605
1978584
1508735
1774452
1774288
1413205
1413437
1508808
1774721
1413369
1978427
1781901
1413210
1617477
1774364
1617513
1617331
1508954
1857867
1617719
1774470
1508217
1413588
1978729
1508801
1617465
1978512
1857324
1413346
1508612
1978905
1857406
1413206
1781956
1617771
1978491
1617855
1857415
1508648
1617800
1617824
1978701
1774293
1978799
1857364
1617270
1857576
1978727
1508713
1781840
1774757
1781462
1413557
1781475
1774205
1413333
1617902
1978505
1978592
1781204
1978677
1617286
1617387
1978457
1781298
1774955
1508564
1508784
1413409
1774253
1413992
1857930
1617659
1413242
1617778
1508250
1413768
1617396
1413564
1774696
1857250
1508680
1978406
1617320
1857316
1508562
1508369
1617455
1781307
1774480
1781941
1617971
1617334
1508353
1781561
1781635
1774454
1978239
1508964
1978802
1617863
1413531
1978758
1857389
1978872
1857402
1774437
1413553
1978590
1617596
1781499
1781710
1978801
1508287
1774217
1781346
1857869
1978412
1857363
1978549
1781790
1978881
1339532
1508728
1978806
1413544
1413291
1978985
1339225
1508272
1978893
1978335
1774606
1617283
1774213
1508237
1857232
1781417
1413325
1413523
1781486
1413335
1781696
1978397
1978376
1781995
1617777
1774365
1774310
1617759
1508933
1857237
1617849
1617682
1781825
1774332
1774559
1857453
1413353
1508709
1774284
1617579
1774271
1781300
1508658
1339526
1774613
1978503
1781535
1781757
1617481
1781325
1617460
1781386
1617858
1617699
1617935
1617685
1508246
1508821
1508963
1774417
1617832
1781882
1774286
1781539
1781732
1978227
1978502
1781479
1413824
1339224
1774305
1413888
1978401
1781530
1617648
1774242
1617827
1617505
1978221
1508982
1617580
1781987
1413735
1617785
1774946
1774331
1508687
1857353
1781808
1978697
1774573
1617642
1781572
1857330
1857381
1781219
1508361
1781953
1413239
1617775
1508330
1978771
1508981
1978552
1617821
1774251
1617233
1774420
1774899
1508812
1781952
1978467
1978541
1508789
1617368
1508335
1781983
1617634
1781507
1774413
1774277
1781296
1978793
1857277
1781707
1617915
1413497
1781771
1508649
1781697
1617506
1774289
1978850
1508736
1413271
1978907
1781254
1617823
1781660
1857350
1978614
1617852
1774368
1413561
1781226
1617483
1413323
1781558
1413344
1617949
1978400
1774409
1617981
1857272
1774274
1413464
1413361
1978390
1413241
1978875
1617735
1617751
1617314
1774238
1617420
1617637
1508345
1617462
1978804
1781896
1508292
1774448
1781606
1774257
1508534
1617688
1413367
1508737
1857242
1781469
1774232
1774578
1978660
1774219
1781600
1978259
1978210
1774313
1339229
1857707
1857341
1857523
1857299
1413331
1781299
1508561
1857424
1781545
1857244
1413454
1413324
1617828
1508304
1617501
1339203
1781228
1774294
1617216
1339234
1978430
1781308
1413535
1508936
1781603
