6422024
6422025
6422026
6422027
6422028
6422013
6422497
6422014
6422016
6422493
6422494
6422495
6422496
6422012
6422019
6422046
6422047
6422048
6422042
6422043
6422044
6422045
6422030
6422036
6422039
6422060
6422061
6422068
6422069
6422064
6422066
6422057
6422059
6422083
6422080
6422081
6422086
6422087
6422088
6422089
6422073
6422074
6422070
6422075
6422077
6422078
6422096
6422091
6422097
6422099
6422507
6422501
6422502
6422522
6422527
6422528
6422529
6422523
6422525
6422526
6422509
6422516
6422517
6422519
6422512
6422514
6422515
6422541
6422300
6422543
6422309
6422304
6422547
6422305
6422530
6422531
6422533
6422534
6422535
6422564
6422560
6422561
6422325
6422567
6422327
6422328
6422310
6422311
6422312
6422313
6422318
6422314
6422315
6422102
6422103
6422345
6422588
6422581
6422340
6422582
6422583
6422342
6422589
6422107
6422574
6422572
6422573
6422123
6422366
6422367
6422126
6422368
6422120
6422362
6422363
6422127
6422128
6422590
6422354
6422596
6422597
6422598
6422599
6422350
6422593
6422352
6422353
6422358
6422359
6422385
6422386
6422378
6422137
6422130
6422132
6422139
6422160
6422162
6422167
6422169
6422163
6422165
6422166
6422392
6422151
6422398
6422157
6422399
6422158
6422159
6422152
6422394
6422153
6422155
6422184
6422189
6422187
6422171
6422172
6422173
6422174
6422175
6422176
6422193
6422191
6422196
6422197
6422198
6422199
6422600
6422602
6422619
6422621
6422626
6422628
6422629
6422622
6422608
6422609
6422615
6422618
6422640
6422400
6422643
6422401
6422406
6422648
6422644
6422647
6422630
6422631
6422632
6422633
6422635
6422428
6422429
6422424
6422426
6422410
6422411
6422653
6422412
6422650
6422417
6422419
6422413
6422655
6422898
6422656
6422657
6422658
6422687
6422680
6422682
6422683
6422431
6422673
6422674
6422671
6422439
6422677
6422678
6422436
6422679
6422438
6422464
6422461
6422463
6422468
6422695
6422454
6422697
6422455
6422456
6422692
6422699
6422458
6422480
6422486
6422475
6422476
6422478
