6420490
6420495
6421170
6421171
6421177
6421178
6421179
6421173
6421175
6421176
6421160
6421161
6421166
6421167
6421168
6421169
6421162
6421163
6421164
6421165
6421191
6421192
6421193
6421190
6421199
6421197
6421198
6421180
6421181
6421182
6421183
6421188
6421189
6421184
6421185
6421186
6421187
6421210
6421211
6421212
6421213
6421214
6421215
6421216
6421217
6421201
6421202
6421207
6421208
6421209
6421203
6421204
6421205
6421232
6421233
6421234
6421235
6421230
6421231
6421236
6421237
6421238
6421239
6421222
6421223
6421224
6421229
6421225
6421226
6421227
6421228
6421254
6421256
6421257
6421250
6421251
6421253
6421258
6421259
6421243
6421244
6421245
6421246
6421241
6421242
6421247
6421248
6421034
6421276
6421277
6421035
6421278
6421036
6421279
6421037
6421030
6421273
6421031
6421032
6421033
6421038
6421039
6421260
6421265
6421266
6421267
6421268
6421261
6421263
6421264
6421269
6421292
6421050
6421293
6421051
6421056
6421298
6421299
6421057
6421058
6421059
6421052
6421294
6421295
6421053
6421054
6421296
6421055
6421297
6421280
6421281
6421040
6421045
6421046
6421288
6421289
6421047
6421048
6421041
6421042
6421043
6421044
6421286
6421049
6421070
6421071
6421078
6421079
6421074
6421075
6421076
6421077
6421060
6421061
6421062
6421067
6421068
6421069
6421063
6421065
6421066
6421111
6421114
6421110
6421119
6421115
6421116
6421118
6421100
6421101
6421103
6421108
6421109
6421104
6421105
6421106
6421107
6421133
6421134
6421135
6421136
6421130
6421131
6421132
6421137
6421138
6421139
6421122
6421123
6421124
6421125
6421120
6421121
6421126
6421127
6421128
6421129
6421150
6421155
6421156
6421157
6421158
6421151
6421152
6421153
6421154
6421159
6421144
6421145
6421146
6421147
6421140
6421141
6421142
6421143
6421148
6421149
6428404
6428403
6428408
6428420
6428418
6428411
6428430
6428437
6428462
6429773
6429777
6429123
6429129
6429200
6429291
