9656380
9656658
9656636
9656661
9656557
9656620
9656518
9656659
9656505
9656574
9656589
9656678
9656987
9656573
9656690
9656002
9656038
9656666
9656626
9656633
9656615
9656239
9656430
9656909
9656604
9656907
9656045
9656996
9656981
9656365
9656763
9656508
9656294
9656963
9656644
9656030
9656696
9656482
9656456
9656700
9656391
9656252
9656067
9656601
9656695
9656637
9656583
9656153
9656649
9656437
9656713
9656320
9656584
9656228
9656777
9656396
9656062
9656532
9656535
9656551
9656775
9656720
9656994
9656904
9656366
9656553
9656593
9656098
9656111
9656577
9656660
9656947
9656628
9656776
9656196
9656664
9656502
9656905
9656704
9656672
9656648
9656859
9656657
9656182
9656706
9656722
9656995
9656902
9656037
9656697
9656170
9656685
9656643
9656901
9656703
9656645
9656769
9656222
9656928
9656761
9656575
9656559
9656570
9656004
9656638
9656594
9656705
9656201
9656687
9656520
9656930
9656515
9656180
9656517
9656674
9656701
9656507
9656951
9656582
9656619
9656285
9656563
9656343
9656033
9656371
9656606
9656997
9656073
9656641
9656654
9656647
9656908
9656065
9656035
9656519
9656998
9656992
9656498
9656966
9656048
9656882
9656681
9656027
9656668
9656099
9656691
9656651
9656960
9656923
9656344
9656767
9656621
9656500
9656077
9656031
9656652
9656576
9656773
9656444
9656007
9656609
9656627
9656822
9656596
9656683
9656271
9656993
9656744
9656172
9656169
9656600
9656094
9656040
9656550
9656677
9656964
9656939
9656629
9656043
9656095
9656778
9656569
9656001
9656650
9656564
9656965
9656506
9656096
9656068
9656561
9656770
9656999
9656003
9656510
9656602
9656072
9656667
9656552
9656679
9656671
9656766
9656632
9656682
9656540
9656818
9656610
9656558
9656591
9656608
9656790
9656730
9656501
9656698
9656512
9656069
9656046
9656614
9656676
9656617
9656084
9656164
9656896
9656662
9656693
9656047
9656599
9656511
9656006
9656039
9656041
9656598
9656592
9656613
9656933
9656060
9656432
9656560
9656888
9656768
9656123
9656074
9656895
9656984
9656234
9656612
9656709
9656726
9656270
9656504
9656585
9656708
9656063
9656032
9656756
9656555
9656611
9656567
9656493
9656653
9656536
9656961
9656009
9656036
9656151
9656333
9656044
9656860
9656694
9656779
9656364
9656386
9656566
9656990
9656836
9656503
9656635
9656688
9656968
9656093
9656586
9656640
9656670
9656008
9656967
9656071
9656280
9656470
9656618
9656314
9656772
9656005
9656049
9656023
9656991
9656631
9656942
9656941
9656699
9656076
9656415
9656075
9656572
9656605
9656603
9656571
9656112
9656813
9656398
9656663
9656205
9656680
9656578
9656107
9656579
9656556
9656624
9656034
9656665
9656581
9656064
9656752
9656097
9656019
9656184
9656686
9656634
9656061
9656580
9656378
9656760
9656513
9656066
9656070
9656630
9656481
9656565
9656903
9656597
9656625
9656514
9656989
9656616
9656884
9656962
9656051
9656673
9656622
9656587
9656078
9656900
9656655
9656764
9656646
9656554
9656362
9656771
9656656
9656976
9656079
9656568
9656906
9656973
9656711
9656106
9656684
9656707
9656692
9656042
9656623
9656689
9656516
9656090
9656762
9656765
9656590
9656639
9656669
9656000
9656162
9656774
9656588
9656595
9656675
9656091
9656969
9656211
9656856
9656642
9656509
9656562
9656834
9656607
9656278
9656092
