9655803
9655436
9655216
9655771
9655517
9655658
9655734
9655125
9655793
9655187
9655146
9655074
9655166
9655595
9655537
9655757
9655178
9655172
9655994
9655666
9655369
9655034
9655582
9655027
9655554
9655543
9655590
9655502
9655521
9655777
9655529
9655389
9655501
9655107
9655121
9655179
9655519
9655675
9655112
9655687
9655726
9655009
9655535
9655010
9655082
9655562
9655540
9655591
9655321
9655029
9655007
9655513
9655005
9655805
9655169
9655073
9655063
9655095
9655743
9655583
9655720
9655002
9655414
9655021
9655096
9655566
9655167
9655003
9655049
9655164
9655115
9655545
9655656
9655618
9655383
9655395
9655050
9655516
9655660
9655987
9655420
9655111
9655016
9655117
9655642
9655144
9655597
9655160
9655573
9655536
9655175
9655553
9655462
9655532
9655533
9655787
9655031
9655359
9655059
9655061
9655555
9655398
9655098
9655127
9655832
9655564
9655453
9655012
9655102
9655570
9655054
9655569
9655520
9655514
9655651
9655575
9655013
9655008
9655040
9655014
9655153
9655664
9655035
9655509
9655077
9655159
9655134
9655133
9655067
9655176
9655156
9655015
9655560
9655733
9655581
9655556
9655542
9655131
9655703
9655151
9655170
9655080
9655099
9655129
9655045
9655301
9655319
9655122
9655087
9655639
9655528
9655428
9655526
9655255
9655011
9655055
9655162
9655518
9655032
9655114
9655020
9655667
9655948
9655044
9655104
9655806
9655177
9655068
9655093
9655028
9655086
9655546
9655561
9655065
9655577
9655512
9655592
9655090
9655812
9655124
9655248
9655652
9655158
9655629
9655574
9655019
9655203
9655145
9655083
9655845
9655531
9655252
9655036
9655043
9655037
9655665
9655023
9655765
9655504
9655584
9655006
9655830
9655110
9655616
9655579
9655527
9655653
9655563
9655017
9655052
9655039
9655118
9655905
9655663
9655572
9655084
9655106
9655171
9655755
9655515
9655004
9655070
9655136
9655060
9655662
9655668
9655101
9655089
9655785
9655596
9655992
9655190
9655541
9655375
9655700
9655887
9655076
9655661
9655081
9655888
9655168
9655530
9655109
9655161
9655550
9655152
9655137
9655260
9655041
9655524
9655103
9655681
9655749
9655132
9655046
9655943
9655600
9655100
9655092
9655565
9655062
9655547
9655650
9655057
9655094
9655494
9655306
9655654
9655018
9655587
9655078
9655657
9655694
9655589
9655578
9655143
9655885
9655119
9655154
9655022
9655523
9655289
9655064
9655762
9655669
9655511
9655549
9655105
9655659
9655593
9655138
9655126
9655163
9655042
9655222
9655123
9655433
9655714
9655901
9655079
9655952
9655576
9655503
9655149
9655120
9655157
9655715
9655116
9655500
9655957
9655946
9655141
9655000
9655069
9655772
9655557
9655155
9655286
9655853
9655571
9655075
9655548
9655655
9655165
9655091
9655551
9655033
9655945
9655056
9655071
9655030
9655058
9655038
9655588
9655352
9655150
9655580
9655568
9655139
9655066
9655025
9655538
9655459
9655559
9655506
9655225
9655522
9655026
9655599
9655552
9655534
9655140
9655608
9655173
9655539
9655130
9655072
9655424
9655147
9655024
9655440
9655525
9655097
9655672
9655001
9655799
9655108
9655510
9655426
9655925
9655051
9655508
9655048
9655085
9655730
9655053
9655792
9655174
9655863
9655113
9655128
9655148
9655507
9655739
9655586
9655585
9655838
9655697
9655047
9655088
9655630
9655297
9655558
9655856
9655339
9655135
9655598
9655505
9655594
9655544
9655250
9655142
9655304
