9659940
9659211
9659858
9659908
9659702
9659780
9659690
9659441
9659764
9659091
9659710
9659776
9659745
9659472
9659901
9659604
9659946
9659009
9659408
9659758
9659473
9659674
9659440
9659493
9659227
9659932
9659095
9659248
9659554
9659445
9659039
9659619
9659751
9659740
9659907
9659804
9659800
9659945
9659885
9659066
9659474
9659990
9659267
9659556
9659880
9659743
9659853
9659406
9659714
9659959
9659852
9659661
9659936
9659672
9659606
9659733
9659707
9659978
9659801
9659162
9659144
9659194
9659021
9659419
9659685
9659735
9659558
9659977
9659816
9659002
9659881
9659496
9659136
9659712
9659371
9659999
9659963
9659695
9659774
9659910
9659883
9659403
9659898
9659848
9659871
9659939
9659893
9659717
9659790
9659763
9659456
9659696
9659559
9659928
9659935
9659917
9659995
9659952
9659807
9659748
9659477
9659225
9659802
9659313
9659677
9659152
9659787
9659749
9659221
9659985
9659862
9659887
9659698
9659931
9659110
9659934
9659670
9659471
9659899
9659894
9659520
9659038
9659264
9659809
9659892
9659673
9659836
9659762
9659808
9659741
9659667
9659470
9659969
9659609
9659805
9659092
9659699
9659925
9659857
9659929
9659664
9659602
9659586
9659794
9659922
9659205
9659791
9659526
9659693
9659107
9659772
9659607
9659622
9659826
9659779
9659875
9659001
9659767
9659983
9659613
9659030
9659905
9659965
9659125
9659226
9659974
9659337
9659600
9659722
9659986
9659797
9659913
9659411
9659981
9659761
9659061
9659742
9659783
9659302
9659490
9659988
9659647
9659796
9659008
9659665
9659000
9659601
9659004
9659803
9659909
9659958
9659768
9659649
9659669
9659926
9659778
9659409
9659721
9659954
9659447
9659508
9659368
9659552
9659675
9659732
9659553
9659920
9659982
9659937
9659832
9659947
9659481
9659750
9659680
9659972
9659497
9659416
9659890
9659043
9659854
9659548
9659872
9659723
9659639
9659752
9659771
9659993
9659568
9659444
9659400
9659022
9659786
9659957
9659007
9659388
9659343
9659864
9659915
9659930
9659054
9659961
9659859
9659354
9659950
9659795
9659407
9659584
9659333
9659765
9659799
9659494
9659096
9659660
9659324
9659739
9659005
9659730
9659919
9659018
9659956
9659782
9659944
9659916
9659900
9659224
9659679
9659678
9659933
9659784
9659770
9659716
9659756
9659728
9659888
9659376
9659412
9659769
9659967
9659948
9659401
9659023
9659404
9659392
9659498
9659878
9659991
9659418
9659989
9659997
9659668
9659222
9659788
9659976
9659666
9659724
9659897
9659506
9659098
9659097
9659111
9659987
9659755
9659326
9659876
9659759
9659193
9659120
9659715
9659856
9659228
9659691
9659187
9659663
9659994
9659923
9659896
9659746
9659727
9659423
9659951
9659835
9659850
9659895
9659886
9659492
9659964
9659662
9659495
9659543
9659006
9659927
9659873
9659223
9659973
9659838
9659891
9659744
9659094
9659984
9659608
9659711
9659941
9659076
9659766
9659396
9659255
9659550
9659979
9659747
9659099
9659694
9659415
9659942
9659614
9659968
9659874
9659980
9659443
9659781
9659738
9659737
9659616
9659736
9659633
9659101
9659479
9659671
9659731
9659906
9659953
9659158
9659316
9659773
9659785
9659544
9659889
9659962
9659068
9659996
9659220
9659551
9659753
9659603
9659275
9659912
9659949
9659754
9659446
9659851
9659970
9659109
9659798
9659713
9659183
9659209
9659719
9659914
9659879
9659757
9659825
9659053
9659475
9659789
9659718
9659966
9659775
9659605
9659402
9659882
9659414
9659499
9659833
9659570
9659574
9659410
9659478
9659870
9659720
9659659
9659855
9659904
9659433
9659734
9659971
9659347
9659806
9659229
9659405
9659003
9659557
9659198
9659413
9659760
9659998
9659154
9659960
9659417
9659725
9659627
9659491
9659877
9659793
9659090
9659451
9659093
9659729
9659448
9659449
9659500
9659903
9659884
9659911
9659555
9659726
9659992
9659924
9659251
9659777
9659938
9659955
9659395
9659697
9659676
9659921
9659918
9659442
9659902
9659975
9659943
9659692
9659792
9659476
