38598921
38599627
38598951
38599834
38599417
38599067
38599128
38599211
38599346
38599691
38599017
38599149
38599918
38599813
38599359
38599900
38599030
38599439
38599461
38598994
38598980
38599204
38598956
38599349
38599862
38599690
38598160
38599556
38599651
38599394
38599949
38599372
38599663
38599076
38599599
38599167
38599328
38599555
38599111
38599025
38599061
38599172
38599993
38599041
38599967
38599671
38599476
38599705
38599547
38599085
38599407
38599106
38599866
38599451
38599206
38599303
38599121
38599563
38599166
38598192
38599066
38599743
38599054
38599154
38599783
38599301
38598132
38599469
38599435
38599895
38599554
38599418
38599160
38598990
38599959
38599920
38599480
38599102
38599870
38599148
38598133
38599039
38599212
38598901
38598940
38599823
38598906
38599553
38599775
38599709
38599186
38598937
38599188
38599535
38599064
38599233
38598974
38599777
38599416
38599083
38599947
38599194
38599708
38599990
38599026
38598962
38599450
38599607
38599825
38599355
38599570
38599474
38599457
38598912
38599882
38599741
38599208
38599792
38599805
38599140
38599103
38598989
38599762
38599528
38598902
38599672
38599516
38599941
38599225
38599448
38598176
38599357
38599069
38599944
38599234
38599227
38599697
38599600
38598178
38599693
38599546
38599710
38599785
38599007
38599360
38599125
38599376
38599787
38599115
38599562
38599163
38599633
38598981
38599374
38599379
38599680
38599201
38598997
38599137
38599274
38599766
38599578
38599022
38599560
38599130
38599534
38599455
38599598
38599858
38599284
38599564
38599421
38599309
38599195
38599090
38599196
38599265
38599221
38599828
38599517
38599577
38599759
38599845
38599504
38599875
38599150
38599704
38599086
38599492
38599745
38599332
38599910
38598905
38599113
38599754
38599341
38599987
38599656
38598910
38599780
38599984
38599748
38599812
38598180
38599938
38599744
38599832
38599145
38599654
38599375
38599609
38599810
38599933
38599258
38599434
38599447
38598920
38598183
38599165
38599958
38599913
38599899
38599249
38599876
38599385
38599168
38598928
38599903
38599818
38599318
38599049
38599116
38598172
38599613
38598933
38598977
38599056
38599722
38599222
38599992
38598174
38599236
38599398
38599769
38599966
38599315
38599488
38599662
38599886
38599253
38598931
38599988
38598189
38599429
38599038
38599458
38599770
38599119
38599081
38599219
38598918
38598930
38599215
38598953
38599299
38599686
38598198
38598960
38599781
38599844
38599732
38599793
38599071
38599232
38599174
38599202
38599567
38599620
38599700
38599123
38599523
38599891
38599410
38598948
38599015
38599644
38599481
38599884
38599836
38599580
38599566
38599594
38599273
38598976
38599540
38599983
38599388
38599881
38598161
38599795
38599371
38599345
38599877
38599127
38598935
38599519
38599643
38599657
38599711
38599860
38599581
38599815
38599666
38598903
38599342
38598925
38599373
38599118
38599529
38599507
38599098
38599906
38599367
38599129
38599364
38599175
38599977
38599925
38599837
38599362
38599280
38599786
38599767
38599432
38599336
38598932
38599524
38599873
38599459
38599074
38599702
38599514
38599352
38598170
38599961
38598987
38599533
38599333
38598961
38599006
38599285
38599978
38598181
38599043
38599806
38599889
38599164
38599682
38599720
38598909
38599951
38598165
38599159
38599412
38599848
38598922
38599593
38599585
38599228
38599989
38599606
38599962
38599047
38599715
38599031
38599226
38599351
38599213
38599896
38599628
38599579
38599230
38599624
38599153
38599487
38598952
38599205
38599184
38599248
38599559
38599852
38599011
38598191
38599871
38599583
38599473
38599133
38599934
38599869
38599912
38599321
38599499
38599405
38599104
38599573
38599395
38599674
38599842
38599865
38599485
38599901
38599378
38599831
38599684
38599200
38599817
38599726
38599271
38599773
38599419
38599878
38599217
38599629
38599645
38598164
38599180
38599036
38598938
38599331
38599874
38599659
38599392
38599809
38598919
38599393
38599497
38599365
38599802
38598992
38599283
38598913
38599171
38598177
38599791
38599016
38599768
38599483
38599396
38599649
38599146
38599835
38599000
38599185
38599885
38599576
38599330
38599446
38599982
38599294
38599468
38599647
38599890
38599093
38599536
38599819
38599571
38599436
38599292
38598971
38599484
38599677
38599198
38599854
38599544
38599719
38599433
38599950
38599368
38599964
38599549
38599752
38599126
38599814
38599867
38599387
38599904
38599800
38599241
38598185
38599028
38599551
38599751
38598917
38599177
38599635
38599630
38599312
38599695
38599608
38599930
38599005
38599381
38599742
38599506
38599687
38599929
38599089
38599619
38599220
38599820
38599322
38599191
38599004
38599051
38599356
38599124
38599078
38599120
38599257
38599179
38599493
38599894
38599240
38599508
38599587
38599244
38599931
38599013
38599370
38599453
38599713
38599707
38599189
38599214
38599616
38599427
38599293
38599826
38599723
38598929
38599415
38599758
38599024
38599638
38599008
38599495
38599477
38599841
38599027
38598162
38599541
38599911
38599859
38599590
38598135
38599986
38599927
38598988
38599602
38599112
38598137
38598941
38599971
38599132
38599261
38598167
38599035
38599275
38598190
38598979
38599667
38598986
38599589
38599879
38599139
38599295
38599851
38599231
38599340
38599037
38599414
38599915
38599998
38599338
38599922
38599673
38599399
38599928
38599779
38599199
38599079
38599218
38599264
38599558
38599625
38599110
38599029
38599615
38599182
38599676
38599259
38599380
38599465
38599857
38598942
38599020
38599538
38599512
38599584
38599452
38599572
38599872
38599245
38598908
38599009
38599698
38599256
38599406
38599908
38599735
38599383
38599297
38598916
38598965
38599262
38599289
38599888
38599058
38599660
38599135
38599057
38599478
38599808
38599203
38599937
38599532
38599954
38599329
38599247
38599764
38599588
38599611
38599822
38599747
38599048
38599650
38599522
38599997
38598949
38599703
38599018
38599942
38599193
38599725
38599543
38599270
38599291
38599863
38598966
38599001
38599919
38599935
38599207
38598972
38599716
38599855
38599462
38599525
38599339
38599155
38598947
38599400
38599846
38599068
38599108
38599976
38599286
38599642
38599699
38598973
38599494
38599921
38599955
38599849
38599141
38599097
38599109
38599088
38599302
38599738
38599864
38599847
38599282
38598968
38599856
38599839
38599965
38598138
38599753
38599084
38598957
38599597
38599237
38599224
38599960
38599561
38599604
38599636
38598139
38599040
38599829
38598967
38598984
38598970
38599489
38599972
38598179
38599520
38599386
38599694
38599326
38598134
38599631
38599968
38599260
38599963
38599176
38599187
38598969
38599445
38599727
38599943
38599574
38599665
38599586
38599892
38599956
38599861
38599158
38599449
38598943
38599325
38599548
38599162
38599308
38599542
38599552
38599413
38599062
38599100
38599675
38599923
38599014
38598927
38599070
38599238
38599425
38599279
38598955
38599603
38599914
38599437
38599107
38599755
38599420
38599281
38599288
38599999
38599263
38599688
38599363
38598958
38599926
38599763
38598995
38599092
38599250
38599136
38599401
38599317
38598983
38599771
38599887
38599319
38599730
38598950
38599898
38598923
38599073
38599055
38599994
38599640
38598991
38599142
38599905
38599539
38599361
38599916
38599268
38599936
38599023
38599156
38599431
38599621
38599466
38599626
38599658
38599032
38599197
38599304
38599095
38599816
38599343
38599010
38599389
38599714
38599557
38598936
38599728
38599190
38599618
38599669
38599443
38599568
38599778
38598907
38599840
38599382
38599981
38599266
38599945
38599122
38599034
38599050
38599502
38599442
38599746
38599731
38599306
38599310
38599147
38599756
38599712
38599369
38599774
38599408
38598187
38599569
38599210
38599664
38599772
38598173
38599440
38599614
38599526
38599509
38599223
38599605
38599685
38599883
38598184
38599701
38599170
38599052
38599042
38599422
38599979
38599760
38599316
38598985
38598163
38599143
38599077
38599324
38599706
38599617
38599718
38599798
38599348
38599091
38598197
38599467
38599853
38599803
38599739
38599678
38599209
38598188
38599527
38598914
38599298
38598168
38599681
38599320
38599178
38599479
38598131
38599366
38599151
38599486
38599794
38599117
38599957
38599276
38599799
38598195
38599337
38599757
38599776
38599347
38598996
38599897
38598964
38599152
38599277
38599827
38599353
38599980
38599940
38599717
38598194
38599939
38599498
38599531
38599515
38599491
38599390
38599314
38599868
38599740
38598169
38599729
38599192
38599409
38599789
38599545
38598171
38599183
38599750
38599278
38599087
38599216
38598954
38599838
38599334
38599969
38599550
38599471
38599424
38599575
38599683
38599082
38599784
38599946
38599646
38599511
38599335
38599255
38599045
38599134
38599917
38598926
38598944
38599033
38598939
38599612
38599830
38599991
38598963
38598998
38599907
38599679
38599880
38599105
38599464
38599454
38599254
38599181
38599438
38599144
38599503
38598946
38599012
38599696
38599661
38599272
38599131
38599311
38599287
38599521
38599582
38599637
38599843
38599404
38599096
38599307
38599537
38599482
38599252
38599782
38599044
38599463
38599019
38599243
38599456
38599807
38599801
38599428
38598959
38598900
38599811
38599591
38598166
38599065
38599653
38598934
38598175
38599296
38599689
38599733
38599267
38599358
38599850
38599975
38599824
38599490
38599173
38599377
38599157
38599634
38599305
38598904
38599403
38599002
38598196
38599595
38599269
38599821
38599426
38599737
38599974
38599623
38598911
38599924
38599668
38599652
38599099
38598193
38599610
38598130
38599059
38599423
38599902
38599948
38599565
38599242
38599350
38599788
38599796
38599749
38599251
38599430
38599235
38599932
38599655
38599518
38599970
38599313
38599003
38599973
38598186
38599736
38599724
38599323
38599072
38599080
38598978
38598982
38599114
38599063
38599169
38599046
38599530
38599639
38599460
38599505
38599721
38599734
38599648
38598915
38599592
38599641
38598136
38599833
38599444
38599953
38599060
38599411
38599441
38599397
38599101
38599075
38598975
38599470
38599692
38599384
38599513
38599797
38598945
38599501
38599402
38599995
38598182
38599239
38599290
38599161
38599761
38599996
38599053
38599500
38598993
38599344
38599601
38599475
38599985
38599670
38599632
38598924
38599472
38599804
38599510
38599138
38599622
38599765
38599909
38599391
38599327
38599496
38599790
38599300
38599893
38599021
38599354
38599246
38599952
38598199
38599596
38599229
38599094
