59399664
59398224
59399647
59398223
59398209
59399675
59398218
59399602
59399619
59398235
59399689
59398229
59399645
59399636
59399629
59399605
59399621
59399630
59398214
59399628
59399639
59399627
59398239
59398220
59399622
59398243
59399671
59399612
59399661
59399650
59398210
59398202
59399615
59398238
59399655
59399637
59399692
59399631
59398231
59399681
59398204
59399682
59398221
59398233
59399644
59399608
59399663
59398211
59398248
59398217
59399695
59398212
59399684
59398236
59399654
59399625
59398242
59398215
59399603
59399672
59399653
59398206
59398226
59399662
59399610
59399635
59398245
59399638
59399669
59399687
59399658
59399626
59398203
59399604
59399643
59399667
59398201
59399607
59399648
59399652
59399646
59399601
59398237
59398241
59398225
59398244
59399656
59398234
59399624
59398246
59398228
59398232
59399668
59398230
59398222
59398227
59399697
59399606
59399660
59398240
59399641
59399677
59399618
59399609
59398200
59399688
59399699
59398208
59399613
59399686
59399683
59399694
59399665
59399600
59399632
59399614
59399670
59398216
59399690
59399685
59399620
59399623
59399691
59399649
59398213
59398219
59399617
59398247
59399640
59399642
59399693
59399659
59399676
59398205
59398207
59399674
59399657
59399698
59399680
59399673
59399651
59399696
59399634
59399678
59399679
59399611
59399616
59399633
59399666
59398249
