59399551
59399282
59399869
59399850
59399899
59397802
59395812
59398322
59398302
59397928
59398719
59398791
59399807
59399810
59398723
59398433
59397829
59398344
59399273
59397884
59395856
59399998
59397888
59395880
59395834
59398762
59399291
59398348
59398375
59398785
59397891
59395873
59399260
59398393
59398427
59399588
59399586
59399905
59397934
59399985
59398713
59399846
59398423
59398790
59398357
59398405
59395847
59398443
59396900
59399830
59397851
59398307
59398419
59398466
59399590
59399501
59398330
59399892
59399840
59398325
59399541
59398734
59399287
59399253
59399847
59398382
59399587
59398469
59397939
59395865
59395897
59398316
59398709
59397883
59399874
59398315
59398388
59395885
59398783
59399252
59398718
59398726
59395862
59399549
59395830
59399809
59398376
59398795
59399857
59399975
59399867
59399996
59399808
59398705
59399548
59398486
59398313
59396903
59397816
59398406
59399976
59398495
59398404
59395849
59398477
59397916
59398407
59395851
59398482
59399856
59395835
59397813
59399970
59398415
59398471
59395888
59398740
59399565
59399819
59395887
59398453
59397852
59398736
59398355
59398304
59398724
59395892
59398473
59395858
59398402
59397849
59397895
59395817
59399848
59398310
59397841
59399593
59399595
59398489
59398746
59398700
59395870
59398345
59398493
59395860
59398420
59399563
59397907
59399568
59398428
59398756
59398319
59399882
59399511
59398317
59399295
59398321
59398747
59397874
59399504
59395894
59399845
59395831
59399864
59399254
59398706
59398342
59399971
59398318
59399289
59398707
59396906
59399263
59399997
59397838
59399804
59397817
59398356
59399877
59398498
59395899
59399570
59399557
59398397
59395878
59397832
59399258
59395836
59398383
59397823
59398411
59398424
59399841
59399558
59398337
59398403
59398767
59395839
59397835
59399521
59397886
59397854
59399896
59398753
59398432
59399803
59397923
59399866
59398779
59397892
59395868
59399977
59395810
59399527
59399816
59397850
59399863
59398439
59399987
59398499
59397857
59399516
59397885
59395864
59398485
59395848
59399255
59397810
59399509
59399530
59398436
59396904
59397814
59397921
59398739
59398720
59399271
59395855
59398797
59398749
59398377
59398472
59397904
59397909
59399270
59399582
59398776
59399544
59398450
59397899
59398766
59397866
59399872
59399851
59399556
59397843
59395802
59397878
59399505
59398387
59399995
59395805
59395837
59397862
59398750
59399844
59398479
59399991
59395827
59395813
59395823
59399294
59399555
59399573
59399829
59398384
59399986
59398708
59398358
59397918
59399902
59399834
59398371
59399580
59398435
59398497
59399862
59398748
59397833
59399299
59398380
59399924
59399572
59398737
59399571
59398312
59398339
59399566
59399984
59398359
59395867
59399853
59397915
59398335
59399553
59397882
59395829
59399257
59399835
59399865
59397870
59397887
59399280
59398780
59398716
59395809
59395846
59398490
59395801
59399990
59397840
59397807
59399800
59397803
59399537
59399878
59398765
59397822
59398763
59398778
59395820
59399921
59399889
59398774
59398396
59397877
59399574
59397932
59395859
59397903
59397920
59395857
59398333
59399925
59395833
59399579
59398309
59398732
59398491
59399972
59399259
59399875
59399988
59399895
59395814
59398787
59399885
59398399
59395853
59399818
59399879
59398764
59399926
59398378
59399277
59399823
59396902
59395854
59399900
59399284
59395822
59395845
59398441
59397827
59398341
59395840
59399267
59395811
59398768
59398476
59399805
59399576
59397893
59399897
59397842
59398792
59398421
59398329
59399529
59395889
59398468
59399827
59397902
59399978
59398408
59398770
59397927
59396909
59398412
59396908
59398744
59397806
59399982
59399891
59398782
59399266
59399543
59398701
59397875
59399531
59399901
59398478
59399272
59398332
59399974
59399589
59398761
59399843
59398442
59397828
59397868
59398430
59397804
59397860
59398324
59398757
59398301
59399880
59399813
59395825
59398754
59398343
59399801
59395844
59399296
59397876
59398354
59396905
59398350
59397800
59399261
59397897
59399999
59397908
59396907
59399873
59399285
59398794
59398464
59398488
59399584
59399855
59398395
59398389
59398398
59398775
59397906
59395881
59399979
59399500
59398426
59399268
59398494
59395875
59398385
59395826
59398392
59398305
59397889
59398759
59395872
59399585
59398449
59395803
59397867
59399888
59399980
59398349
59398717
59399992
59398400
59398470
59398390
59398781
59398463
59399883
59395804
59399826
59399269
59398379
59397929
59397812
59398729
59399898
59397861
59397821
59398370
59395842
59399552
59399550
59397837
59399542
59399994
59399264
59399522
59398455
59398462
59398454
59397820
59398711
59397913
59399526
59397938
59399849
59398480
59397846
59399852
59399532
59399906
59399890
59399927
59398742
59398440
59399506
59398474
59395828
59397905
59397930
59397881
59399871
59397925
59399513
59397911
59395807
59397864
59399275
59397919
59395876
59395890
59398710
59399825
59399533
59398336
59399973
59398434
59399560
59398777
59399540
59395879
59399838
59397871
59399515
59397879
59399837
59398314
59397858
59399929
59399842
59398702
59395806
59398353
59399886
59397848
59399884
59399292
59399920
59395821
59398340
59397815
59398712
59399508
59399503
59398796
59399281
59399591
59399598
59399567
59398465
59395884
59395893
59397831
59398429
59395891
59399597
59399547
59398784
59399262
59398728
59398386
59397855
59399887
59395841
59398738
59395824
59399569
59397824
59398703
59399876
59399278
59399820
59399833
59399290
59399578
59397900
59398722
59397818
59398735
59397844
59397847
59398425
59399858
59397863
59395838
59399594
59399908
59395896
59399276
59398417
59398446
59399297
59397926
59399868
59398451
59399288
59399928
59399507
59395866
59399512
59399993
59397859
59397856
59399909
59398409
59399561
59399562
59397873
59399989
59398483
59399298
59398448
59398381
59398347
59397808
59398391
59397809
59398460
59399904
59399293
59397805
59395832
59399517
59397896
59397931
59399583
59399265
59399831
59398372
59398346
59399528
59398714
59399534
59399559
59398752
59398789
59398458
59399279
59395869
59399283
59399811
59397865
59397890
59399575
59395800
59397811
59398413
59397839
59395815
59397853
59398793
59399812
59398300
59398416
59397901
59398444
59398704
59398308
59399859
59397936
59399564
59398447
59398437
59398725
59397819
59398786
59398760
59395883
59398459
59396901
59395852
59399518
59399523
59398772
59397880
59397894
59397935
59397826
59398401
59395861
59395871
59395886
59395877
59399502
59398771
59397830
59399256
59398431
59399870
59398741
59398327
59399538
59397898
59399524
59398733
59397825
59399881
59398418
59398414
59398438
59399824
59399536
59399893
59398373
59398755
59397845
59398410
59399535
59399581
59399983
59399539
59398788
59399510
59398461
59399599
59397836
59398311
59399545
59398303
59397872
59395818
59399922
59399274
59398467
59399894
59397917
59395898
59399520
59399815
59398422
59399839
59399546
59398452
59399250
59397922
59398338
59399577
59395863
59397937
59398798
59398743
59398306
59398715
59399554
59398484
59398730
59398456
59398758
59398773
59399286
59398323
59398492
59399861
59398481
59399596
59399519
59398326
59397914
59395874
59398445
59398727
59398496
59397933
59395843
59395850
59399907
59399832
59399860
59398351
59398352
59398769
59399903
59395808
59397910
59399814
59398475
59398457
59398731
59397912
59399854
59399806
59398331
59397869
59399981
59399525
59398328
59399251
59395895
59398721
59397801
59399822
59395819
59399514
59398799
59399923
59395816
59398751
59398320
59399821
59399828
59398394
59397834
59398334
59395882
59398374
59399592
59399817
59398745
59398487
59397924
59399836
59399802
