98920199
98920196
98920139
98920137
98920130
98920140
98920156
98920158
98920161
98920100
98920106
98920103
98920109
98920108
98920123
98920122
98920127
98920126
98920125
98920120
98920093
98920091
98920059
98920054
98920052
98920069
98920068
98920060
98920065
98920079
98920078
98920070
98920074
98920088
98920080
98920086
98920374
98920373
98920371
98920396
98920391
98920394
98920392
98920343
98920347
98920340
98920364
98920362
98920302
98920301
98920310
98920306
98920322
98920326
98920318
98920317
98920279
98920280
98920220
98920226
98920225
98920232
98920236
98920229
98920240
98920201
98920200
98920202
98920978
98920922
98920921
98920926
98920935
98920938
98920960
98920920
98920918
98920913
98920911
98920917
98920914
98920857
98920867
98920817
98920588
98920595
98920533
98920532
98920541
98920546
98920556
98920502
98920452
98920467
98920473
98920410
98920411
98920409
98920441
98920400
98920790
98920751
98920700
98920652
98920650
98920647
98920681
98920680
98920615
98920600
98921466
98921465
98921463
98921469
98921462
98921461
98921460
98921476
98921475
98921474
98921478
98921471
98921470
98921487
98921486
98921485
98921489
98921480
98921483
98921481
98921491
98921490
98921495
98921494
98921493
98921492
98921421
98921420
98921426
98921424
98921423
98921419
98921418
98921417
98921433
98921432
98921431
98921430
98921437
98921436
98921435
98921434
98921429
98921428
98921443
98921448
98921447
98921440
98921439
98921455
98921453
98921459
98921458
98921457
98921456
98921450
98921449
98921400
98921404
98921403
98921401
98921411
98921415
98921414
98921413
98921408
98921407
98921409
98921389
98921388
98921381
98921380
98921384
98921382
98921399
98921398
98921397
98921391
98921390
98921396
98921395
98921394
98921393
98921345
98921343
98921342
98921349
98921348
98921347
98921346
98921341
98921355
98921354
98921353
98921359
98921358
98921357
98921351
98921350
98921367
98921366
98921365
98921364
98921368
98921363
98921360
98921378
98921377
98921376
98921375
98921379
98921370
98921374
98921373
98921372
98921303
98921302
98921312
98921310
98921316
98921315
98921314
98921309
98921308
98921307
98921323
98921321
98921320
98921326
98921325
98921324
98921319
98921317
98921334
98921331
98921337
98921336
98921335
98921330
98921328
98921664
98921667
98921665
98921659
98921658
98921674
98921679
98921678
98921677
98921671
98921670
98921685
98921684
98921681
98921696
98921695
98921699
98921693
98921692
98921690
98921620
98921623
98921621
98921617
98921616
98921618
98921631
98921635
98921634
98921633
98921632
98921628
98921627
98921625
98921629
98921642
98921641
98921646
98921645
98921644
98921643
98921637
98921636
98921653
98921651
98921650
98921657
98921656
98921654
98921649
98921648
98921647
98921602
98921601
98921600
98921613
98921611
98921610
98921606
98921605
98921603
98921609
98921608
98921607
98921587
98921586
98921584
98921589
98921588
98921583
98921582
98921581
98921580
98921597
98921599
98921590
98921594
98921593
98921591
98921542
98921541
98921540
98921547
98921546
98921545
98921544
98921539
98921538
98921537
98921553
98921552
98921551
98921558
98921557
98921556
98921550
98921549
98921548
98921565
98921562
98921569
98921568
98921561
98921560
98921559
98921575
98921574
98921573
98921579
98921578
98921577
98921572
98921571
98921570
98921501
98921514
98921512
98921506
98921504
98921509
98921508
98921521
98921520
98921525
98921524
98921517
98921516
98921515
98921519
98921532
98921531
98921530
98921536
98921535
98921533
98921529
98921528
98921527
98921526
98921068
98921067
98921062
98921061
98921060
98921066
98921065
98921064
98921073
98921072
98921077
98921076
98921075
98921074
98921089
98921084
98921083
98921082
98921081
98921088
98921087
98921086
98921085
98921080
98921095
98921093
98921092
98921098
98921096
98921090
98921026
98921025
98921028
98921022
98921021
98921020
98921037
98921035
98921034
98921038
98921033
98921032
98921031
98921030
98921048
98921047
98921046
98921040
98921044
98921043
98921042
98921057
98921056
98921051
98921054
98921003
98921002
98921007
98921005
98921015
98921012
98921018
98921017
98921011
98921010
98921009
98921267
98921266
98921265
98921269
98921260
98921264
98921263
98921262
98921278
98921277
98921276
98921270
98921275
98921273
98921272
98921289
98921288
98921287
98921282
98921281
98921280
98921286
98921285
98921283
98921299
98921292
98921291
98921290
98921297
98921296
98921295
98921224
98921223
98921221
98921228
98921227
98921226
98921220
98921219
98921218
98921235
98921234
98921233
98921232
98921239
98921238
98921237
98921231
98921230
98921245
98921243
98921241
98921240
98921254
98921258
98921253
98921252
98921251
98921202
98921201
98921200
98921206
98921205
98921203
98921213
98921211
98921210
98921217
98921216
98921214
98921209
98921208
98921189
98921188
98921183
98921182
98921181
98921187
98921186
98921184
98921199
98921193
98921192
98921191
98921198
98921197
98921196
98921195
98921190
98921147
98921146
98921145
98921144
98921149
98921143
98921142
98921141
98921140
98921158
98921156
98921155
98921159
98921150
98921152
98921151
98921169
98921168
98921167
98921166
98921160
98921163
98921162
98921179
98921178
98921177
98921172
98921171
98921170
98921176
98921175
98921174
98921103
98921102
98921101
98921107
98921106
98921105
98921104
98921114
98921113
98921112
98921118
98921117
98921115
98921110
98921124
98921123
98921122
98921129
98921128
98921127
98921126
98921136
98921135
98921134
98921133
98921139
98921132
98921131
98921130
98921861
98921860
98921859
98921856
98921873
98921872
98921871
98921877
98921876
98921875
98921874
98921886
98921885
98921880
98921894
98921892
98921899
98921897
98921821
98921820
98921815
98921813
98921812
98921819
98921817
98921816
98921833
98921831
98921824
98921823
98921829
98921840
98921836
98921835
98921839
98921838
98921851
98921855
98921854
98921852
98921847
98921800
98921811
98921810
98921801
98921808
98921807
98921805
98921785
98921784
98921782
98921789
98921788
98921787
98921781
98921779
98921795
98921794
98921793
98921799
98921797
98921792
98921791
98921790
98921744
98921743
98921742
98921738
98921737
98921736
98921735
98921752
98921751
98921756
98921754
98921753
98921748
98921747
98921763
98921762
98921760
98921767
98921765
98921764
98921758
98921774
98921773
98921772
98921771
98921778
98921776
98921775
98921768
98921700
98921712
98921710
98921704
98921703
98921702
98921709
98921707
98921706
98921722
98921716
98921715
98921714
98921719
98921718
98921717
98921730
98921734
98921733
98921732
98921727
98921725
98921729
98921728
98921983
98921981
98921980
98921986
98921985
98921979
98921978
98921977
98921992
98921991
98921997
98921996
98921995
98921990
98921988
98921940
98921936
98921935
98921934
98921933
98921938
98921937
98921952
98921948
98921965
98921964
98921962
98921956
98921955
98921971
98921970
98921976
98921975
98921974
98921969
98921968
98921910
98921909
98921908
98921901
98921906
98921905
98921919
98921912
98921917
98921915
98921931
98921930
98921923
98921922
98921928
98921926
98922156
98922157
98922158
98922152
98922154
98922155
98922150
98922151
98922168
98922169
98922163
98922165
98922166
98922160
98922161
98922176
98922171
98922189
98922185
98922182
98922183
98922184
98922180
98922116
98922118
98922110
98922127
98922123
98922125
98922126
98922121
98922122
98922138
98922139
98922134
98922135
98922136
98922137
98922131
98922132
98922133
98922149
98922145
98922148
98922141
98922143
98922144
98922105
98922106
98922107
98922104
98922079
98922075
98922076
98922072
98922073
98922074
98922070
98922086
98922087
98922088
98922082
98922084
98922085
98922080
98922097
98922098
98922093
98922094
98922095
98922096
98922039
98922035
98922037
98922031
98922032
98922033
98922034
98922047
98922048
98922049
98922042
98922043
98922044
98922040
98922041
98922058
98922059
98922054
98922055
98922056
98922050
98922051
98922052
98922069
98922065
98922067
98922060
98922061
98922062
98922063
98922006
98922007
98922008
98922009
98922002
98922004
98922018
98922013
98922014
98922015
98922011
98922028
98922029
98922024
98922026
98922027
98922020
98922021
98922023
98922798
98922794
98922795
98922796
98922797
98922791
98922792
98922754
98922755
98922756
98922757
98922750
98922751
98922753
98922749
98922766
98922767
98922768
98922761
98922762
98922763
98922764
98922758
98922759
98922776
98922778
98922779
98922773
98922775
98922771
98922769
98922788
98922789
98922783
98922780
98922782
98922710
98922711
98922712
98922707
98922708
98922709
98922704
98922705
98922706
98922721
98922724
98922718
98922714
98922715
98922716
98922717
98922732
98922733
98922734
98922735
98922730
98922731
98922729
98922725
98922726
98922743
98922744
98922745
98922740
98922741
98922742
98922736
98922737
98922738
98922739
98922700
98922701
98922702
98922677
98922678
98922679
98922673
98922674
98922676
98922670
98922672
98922689
98922684
98922687
98922680
98922681
98922682
98922696
98922697
98922698
98922691
98922693
98922633
98922634
98922635
98922636
98922630
98922631
98922632
98922627
98922628
98922644
98922646
98922647
98922640
98922642
98922643
98922637
98922638
98922639
98922655
98922658
98922651
98922652
98922653
98922654
98922663
98922665
98922661
98922659
98922600
98922601
98922602
98922603
98922611
98922612
98922614
98922609
98922605
98922606
98922607
98922622
98922623
98922624
98922620
98922621
98922615
98922616
98922617
98922618
98922996
98922997
98922998
98922953
98922955
98922950
98922963
98922956
98922959
98922975
98922972
98922967
98922969
98922986
98922987
98922981
98922982
98922984
98922978
98922979
98922910
98922911
98922905
98922906
98922907
98922920
98922921
98922919
98922914
98922915
98922931
98922927
98922929
98922926
98922938
98922934
98922935
98922936
98922937
98922900
98922875
98922876
98922878
98922874
98922869
98922887
98922889
98922883
98922885
98922893
98922894
98922891
98922832
98922834
98922830
98922828
98922829
98922824
98922825
98922842
98922843
98922844
98922840
98922841
98922839
98922835
98922836
98922837
98922838
98922853
98922856
98922850
98922851
98922852
98922847
98922849
98922865
98922866
98922867
98922860
98922862
98922857
98922858
98922859
98922800
98922801
98922810
98922811
98922806
98922807
98922808
98922809
98922802
98922803
98922804
98922805
98922820
98922821
98922822
98922823
98922817
98922818
98922819
98922814
98922815
98922816
98922398
98922395
98922396
98922397
98922390
98922391
98922392
98922358
98922359
98922354
98922355
98922350
98922351
98922365
98922367
98922368
98922362
98922363
98922376
98922379
98922372
98922373
98922374
98922375
98922371
98922387
98922383
98922384
98922385
98922386
98922380
98922381
98922382
98922314
98922316
98922317
98922310
98922312
98922313
98922308
98922325
98922326
98922327
98922328
98922322
98922324
98922320
98922332
98922334
98922330
98922331
98922329
98922347
98922348
98922343
98922344
98922346
98922341
98922342
98922303
98922304
98922306
98922301
98922302
98922277
98922278
98922274
98922276
98922270
98922272
98922288
98922285
98922281
98922282
98922283
98922295
98922296
98922297
98922291
98922292
98922293
98922294
98922290
98922239
98922233
98922234
98922235
98922236
98922230
98922231
98922232
98922248
98922246
98922242
98922259
98922255
98922258
98922251
98922252
98922253
98922254
98922250
98922266
98922268
98922269
98922262
98922263
98922265
98922260
98922207
98922200
98922202
98922203
98922215
98922216
98922217
98922218
98922212
98922213
98922209
98922196
98922197
98922198
98922192
98922194
98922190
98922596
98922593
98922594
98922590
98922556
98922559
98922553
98922551
98922563
98922565
98922560
98922561
98922578
98922579
98922575
98922576
98922577
98922570
98922571
98922573
98922585
98922586
98922587
98922588
98922584
98922512
98922514
98922515
98922510
98922509
98922523
98922525
98922520
98922521
98922522
98922516
98922517
98922518
98922535
98922530
98922531
98922527
98922528
98922529
98922548
98922541
98922542
98922501
98922500
98922477
98922478
98922472
98922473
98922486
98922487
98922483
98922484
98922485
98922481
98922497
98922493
98922495
98922496
98922490
98922492
98922436
98922431
98922433
98922434
98922430
98922428
98922449
98922442
98922443
98922445
98922441
98922457
98922458
98922459
98922453
98922454
98922455
98922456
98922450
98922451
98922452
98922466
98922460
98922462
98922463
98922402
98922403
98922404
98922405
98922400
98922401
98922413
98922414
98922415
98922416
98922410
98922412
98922406
98922408
98922409
98922424
98922426
98922427
98922420
98922421
98922422
98922423
98922419
