98923247
98923244
98923257
98923259
98923252
98923255
98923250
98923268
98923269
98923263
98923261
98923262
98923278
98923274
98923271
98923273
98923205
98923206
98923202
98923217
98996216
98996221
98996227
98996236
98996256
98996258
98996259
98996261
98996262
98996263
98996265
98996269
98996271
98996273
98996274
98996276
98996283
98996284
98996286
98996287
98996289
98996296
98996297
98996298
98923166
98923199
98923139
98923141
98923151
98923102
98923101
98923110
98996016
98996065
98996067
98996068
98996072
98996074
98996075
98996076
98996078
98996079
98996081
98996082
98996085
98996086
98996087
98996092
98996095
98996097
98996098
98923366
98923399
98923395
98923396
98923391
98923392
98923393
98923394
98923390
98923324
98923325
98923330
98923349
98923342
98996102
98996103
98996104
98996106
98996107
98996115
98996116
98996120
98996122
98996126
98996138
98996146
98996156
98996160
98996166
98996176
98996181
98996186
98996196
98923289
98923285
98923286
98923288
98923283
98923280
98923296
98923299
98923292
98923293
98923294
98923295
98923290
98923291
