52612289
52613113
52612160
52624217
52624116
52612214
52624315
52624137
52613116
52624314
52624132
52624136
52613117
52624255
52624125
52624160
52624213
52624134
52613140
52612215
52612107
52613124
52613119
52612119
52624138
52612143
52615107
52612156
52624179
52624226
52612228
52624235
52613105
52624177
52624182
52624126
52613125
52612199
52612201
52624211
52624156
52624108
52612203
52612155
52612157
52624239
52624326
52612237
52612158
52624230
52624127
52624141
52612133
52612348
52612253
52612218
52612161
52612135
52624122
52613114
52612131
52613129
52624253
52612226
52613109
52612198
52624168
52612171
52615103
52624175
52624238
52612234
52624219
52612219
52615109
52612154
52615159
52612233
52615116
52615104
52612243
52613137
52624110
52613111
52612148
52612111
52624161
52624244
52624224
52612232
52624135
52624158
52624100
52612176
52624263
52612231
52612257
52613121
52612205
52612202
52624171
52612225
52612149
52624119
52624192
52612152
52624154
52612137
52624178
52612127
52612108
52612100
52624227
52612141
52615106
52613104
52624128
52624139
52624133
52612142
52612221
52612173
52624176
52612170
52624191
52612151
52624242
52624200
52624150
52612102
52612238
52612186
52624186
52612167
52624228
52615114
52624261
52615161
52624174
52624218
52612103
52624240
52612217
52624220
52624155
52612150
52613100
52612868
52612136
52624229
52624117
52624262
52613128
52615112
52615110
52624243
52624225
52612140
52624159
52612212
52615113
52624246
52612200
52624355
52615111
52612120
52612230
52612159
52613118
52612189
52613122
52624129
52615688
52612194
52612246
52624115
52624147
52624166
52612169
52612172
52624165
52624184
52612288
52612117
52612139
52624234
52624121
52612153
52624151
52612134
52612183
52624241
52612220
52612105
52624212
52624157
52612132
52624210
52612204
52612197
52612177
52624164
52624358
52624267
52612168
52624113
52615155
52612229
