52661135
52686185
52686194
52686258
52686161
52616123
52686570
52686569
52616115
52686626
52616136
52686238
52686535
52661119
52616129
52661143
52686247
52686530
52686245
52686231
52646200
52646119
52646340
52661527
52646121
52646117
52646146
52616134
52646162
52646191
52646341
52646260
52646345
52616120
52646125
52646213
52686165
52616122
52646150
52686543
52646189
52646249
52661128
52665177
52616118
52686946
52686405
52646275
52616101
52686212
52665851
52616105
52686399
52686178
52686264
52646131
52665391
52646103
52686198
52661593
52686228
52686226
52646257
52646226
52646288
52686223
52665845
52686232
52686546
52646126
52646216
52686173
52646211
52686193
52686233
52686175
52646223
52686589
52646215
52686163
52646143
52686393
52661106
52661130
52646947
52686181
52686224
52646338
52686601
52646101
52686174
52646210
52661146
52686525
52686171
52686186
52686176
52646294
52661116
52661147
52686257
52616135
52686211
52646246
52646292
52686276
52686162
52686400
52686213
52686227
52686210
52686222
52661112
52686168
52646261
52661124
52616112
52616117
52646134
52646247
52646273
52686266
52646283
52686590
52646161
52686230
52646163
52646190
52646160
52616107
52646327
52686542
52646137
52686395
52646183
52646574
52646276
52646259
52686573
52646149
52661138
52661123
52686164
52686263
52686269
52646127
52646271
52646277
52646113
52686256
52646256
52661107
52646241
52646108
52661195
52661125
52686390
52686404
52661108
52686180
52646128
52686547
52686234
52686202
52686189
52661113
52686170
52616111
52686192
52646111
52661203
52686191
52686271
52646237
52665799
52686260
52646290
52646188
52686182
52646214
52686244
52646171
52686595
52661136
52646212
52646270
52661117
52646245
52616121
52646198
52686599
52686201
52686255
52646236
52686945
52646268
52686214
52661616
52616159
52686578
52686239
52686272
52646194
52661114
52686402
52646278
52646118
52646124
52646138
52646269
52686216
52616126
52661172
52646196
52686597
52686397
52646144
52661173
52646197
52686184
52661111
52646258
52616109
52646199
52646102
52646184
52646207
52686203
52686396
52646133
52686225
52686169
52646287
52686248
52686262
52686544
52686167
52686391
52646135
52616124
52686199
52646179
52665392
52686221
52661126
52686586
52686190
52646238
52686240
52686621
52646272
52616163
52686235
52686265
52686188
52646185
52646130
52646193
52616113
52661103
52686241
52686270
52646140
52686259
52646308
52686160
52686394
52646192
52686242
52686261
52686172
52686267
52686197
52616127
52646123
52646227
52646201
52646136
52686237
52646286
52686524
52646145
52646139
52646296
52646142
52661850
52616119
52686273
52686254
52661110
52646187
52646295
52646151
52686398
52646342
52686549
52646132
52646141
52646203
52616128
52646116
52686187
52646148
52686215
52686526
52686195
52686246
52646267
52665393
52616108
52646240
52646239
52686243
52686196
52646255
52686166
52686392
52686209
