52982826
52938109
52982109
52981195
52938132
52981293
52938151
52938127
52981819
52981818
52982124
52938158
52981159
52982184
52982130
52938102
52981814
52982139
52938389
52982119
52981223
52982829
52981125
52938195
52938181
52981100
52981593
52938405
52981207
52938207
52981113
52982138
52981110
52996144
52938194
52981193
52981123
52981129
52981149
52981180
52938136
52981196
52981821
52982120
52938103
52981152
52938383
52996730
52981805
52981178
52938141
52981209
52981182
52938184
52981200
52938191
52982121
52982122
52981107
52981109
52938156
52981108
52981241
52938157
52938190
52938133
52938146
52938130
52982117
52938125
52981115
52938176
52981136
52938387
52938129
52981126
52938160
52982118
52981102
52981224
52938187
52982110
52982104
52938100
52981112
52938178
52981751
52981158
52938137
52981116
52982127
52938185
52981829
52981139
52981157
52938134
52938108
52938128
52981186
52938180
52938106
52981169
52938219
52981114
52982132
52938166
52938142
52981141
52982106
52982131
52981132
52982115
52981101
52996963
52981138
52981134
52938104
52981111
52938145
52981131
52938144
52982136
52938126
52981208
52981177
52982126
52981117
52938171
52981140
52938110
52938388
52982107
52981135
52981104
52981147
52938172
52981106
52981167
52938121
52981736
52981187
52938186
52981203
52938159
52938119
52938400
52982108
52981185
52938135
52981242
52938115
52938183
52981202
52938139
52981133
52981210
52981168
52982435
52982134
52938101
52981199
52938123
52938116
52982103
52982129
52981130
52938255
52981137
52938140
52938215
52981181
52982113
52938168
52938386
52981120
52938105
52982433
52981217
52938113
52938206
52981143
52981171
52981205
52938124
52981103
52982114
52938243
52938148
52981204
52981105
52981160
52981206
52938164
52981124
52982125
52938169
52982822
52938385
52982116
52982105
52981175
52938152
52981170
52982100
52981118
52982102
52938177
52938170
52938147
52981197
52938182
52981750
52982731
52938120
52981121
