52862115
52862123
52871236
52844392
52878790
52844205
52871380
52844331
52844383
52871108
52844528
52844279
52871458
52871501
52844530
52844184
52844310
52871186
52871219
52871536
52844494
52866253
52878785
52871480
52871484
52871574
52871708
52871498
52842113
52844147
52878145
52844602
52844339
52844240
52844552
52871226
52871579
52871509
52871710
52871349
52844268
52844281
52844145
52878210
52871388
52871409
52844879
52871460
52871437
52878122
52877112
52844456
52871124
52871446
52871269
52878115
52871261
52844393
52861128
52844328
52871783
52844296
52877114
52671108
52844492
52871208
52871616
52871330
52866111
52844201
52844447
52878132
52844544
52871198
52844351
52877117
52871417
52866256
52871419
52871338
52844356
52866652
52878126
52842112
52844186
52844244
52844224
52871794
52871381
52871452
52878148
52871476
52866643
52871200
52871520
52871553
52877118
52844280
52871548
52844404
52871347
52844880
52871351
52844101
52861101
52671109
52864617
52844858
52871436
52866650
52844273
52871571
52871369
52844609
52871315
52877770
52877139
52844442
52871378
52844334
52844342
52844427
52871230
52844233
52844100
52861798
52871464
52844502
52871429
52871375
52871782
52844505
52844113
52871582
52844102
52871514
52871468
52844607
52844159
52871348
52844204
52871196
52878108
52878119
52871404
52844285
52878114
52844460
52871406
52871170
52844463
52871402
52871251
52871797
52861108
52877131
52844138
52871241
52844265
52871787
52871379
52844236
52871463
52878121
52871395
52871107
52844529
52871250
52844128
52844358
52871305
52871132
52871242
52844391
52871474
52878162
52871201
52844554
52844118
52844370
52844160
52844327
52871127
52671767
52871343
52871100
52871755
52866254
52878211
52871887
52844202
52844276
52844256
52871188
52871425
52844869
52871199
52844622
52844264
52871158
52844300
52871886
52844157
52844267
52871197
52871125
52844148
52671101
52878100
52871618
52878159
52871255
52871461
52871183
52871391
52871277
52864114
52871360
52844586
52871106
52871116
52871362
52871477
52844371
52844344
52871487
52871149
52871383
52862111
52844349
52871523
52866115
52861110
52844503
52878111
52871469
52871377
52844207
52877113
52871485
52871354
52844179
52844590
52844437
52871551
52871265
52871202
52871482
52871427
52866113
52844490
52844107
52844178
52844536
52844307
52871256
52844598
52671114
52871211
52871743
52871185
52871363
52871372
52844361
52844197
52877192
52871345
52871499
52844329
52866282
52844104
52871508
52871567
52844221
52871329
52871483
52877123
52861111
52871588
52844133
52878791
52871239
52871552
52844277
52844223
52871333
52871642
52844527
52877150
52844455
52844272
52844350
52871447
52877103
52871334
52862109
52871471
52844212
52871407
52871612
52844759
52844156
52871131
52871597
52861124
52877115
52844283
52871365
52871681
52864108
52866255
52878123
52844319
52844507
52864106
52844487
52871572
52871442
52871245
52871506
52866116
52844182
52844567
52871526
52871525
52871177
52844297
52862629
52871718
52844870
52871287
52871326
52871316
52871603
52871264
52844335
52844103
52862628
52844563
52844198
52871448
52844238
52844318
52871161
52871246
52844243
52844532
52844501
52871518
52871581
52871337
52844275
52862100
52844347
52844606
52871788
52871273
52871573
52871176
52866630
52844506
52844127
52862113
52871371
52871151
52871278
52866642
52871504
52844321
52878143
52844352
52871220
52844538
52844173
52671112
52844355
52871466
52844448
52871190
52871785
52844600
52844668
52871284
52671117
52871481
52844531
52844584
52844464
52861112
52871769
52877129
52844227
52844269
52866101
52844459
52844808
52864100
52871401
52871408
52871422
52877792
52844196
52871600
52862110
52844320
52864126
52871434
52871178
52871438
52871172
52844208
52871517
52871262
52844155
52844543
52861114
52871355
52871142
52871109
52844499
52877136
52871274
52871453
52871102
52877163
52871328
52844583
52844175
52871206
52878702
52844218
52871393
52871373
52871135
52871577
52878110
52871292
52844229
52871535
52844326
52871412
52862101
52844496
52871126
52871789
52844340
52871534
52871583
52844698
52866107
52862127
52871223
52877140
52844881
52842100
52844295
52871524
52844667
52871105
52877165
52844341
52844139
52871157
52861135
52871103
52878157
52871189
52866281
52878154
52861125
52871138
52878102
52871503
52878700
52871768
52844495
52844287
52877101
52871784
52871279
52844314
52877146
52871235
52844119
52844591
52844260
52844357
52871234
52844378
52844354
52871118
52861105
52878788
52878770
52871547
52871139
52861131
52871845
52871233
52871795
52871576
52844289
52878133
52671111
52871692
52864103
52844176
52878701
52877788
52871281
52871115
52844293
52871617
52878116
52844259
52844213
52842108
52844428
52866100
52862102
52871584
52844332
52871134
52878109
52871171
52871364
52878103
52844381
52844219
52866258
52871686
52871599
52871781
52871259
52871240
52871143
52871565
52871554
52871140
52844585
52844764
52842423
52671115
52864105
52866651
52871137
52871113
52844174
52866112
52844537
52844608
52844542
52844185
52871332
52871133
52871521
52842116
52871217
52871564
52844348
52871796
52871566
52878147
52878703
52844360
52871470
52844461
52877109
52844330
52844121
52842115
52871394
52871562
52871141
52844278
52871184
52844588
52844245
52871121
52878137
52844541
52844158
52878156
52877137
52871888
52871384
52844203
52871594
52878124
52871353
52866283
52871101
52844298
52844380
52871382
52861122
52877126
52877120
52871615
52871475
52878138
52844228
52871457
52871756
52844132
52871260
52871397
52871644
52871462
52844597
52871405
52871613
52871513
52844263
52877124
52861104
52871271
52871578
52844140
52842103
52871386
52871231
52844292
52871786
52844551
52871283
52844595
52878135
52871122
52844451
52844211
52844559
52871414
52871736
52871511
52844892
52844504
52864102
52871439
52871174
52871467
52844564
52871575
52844593
52871399
52877147
52877789
52842148
52861160
52878146
52844603
52871181
52871608
52866102
52844286
52871356
52871111
52871156
52671105
52871280
52871358
52844299
52877148
52871400
52871479
52871104
52866257
52871415
52844362
52871585
52864132
52878155
52671113
52871568
52871342
52871164
52844594
52866292
52844255
52871709
52842109
52871735
52671106
52844220
52871897
52844533
52871413
52844120
52871392
52844443
52878789
52877164
52844183
52871344
52844336
52866316
52862124
52877116
52862128
52871563
52844444
52871428
52844540
52871359
52844405
52878136
52871387
52844306
52878117
52871416
52871396
52871519
52844587
52871459
52861109
52871335
52871505
52844246
52871145
52871173
52671110
52871556
52844592
52844604
52861113
52871300
52844893
52877128
52844353
52844359
52871580
52871112
52844271
52861132
52871346
52844493
52866277
52844484
52844225
52844385
52871435
52871385
52878125
52861116
52877105
52871163
52844130
52871598
52877149
52871243
52871114
52844535
52844599
52844767
52871327
52877135
52871311
52871549
52871331
52861102
52844146
52862120
52871258
52844368
52871366
52844195
52844162
52871896
52871153
52844163
52871570
52844369
52871835
52844254
52844126
52871212
52842118
52877793
52878158
52877100
52871307
52871473
52844290
52877190
52871593
52871218
52871308
52871398
52871410
52871403
52878209
52871507
52844534
52866252
52871595
52844258
52844105
52844539
52844372
52871357
52844129
52871146
52844206
52844274
52844311
52871144
52844449
52877191
52871451
52871450
52877127
52844294
52871270
52844106
52844807
52844452
52866280
52844125
52844312
52844291
52844122
52844762
52871136
52844498
52871614
52871232
52878153
52871110
52871493
52871418
52864111
52871322
52864116
52871727
52871221
52871214
52844806
52871324
52871275
52844497
52877108
52844390
52871350
52844222
52871465
52844550
52866638
52844388
52871790
52844239
52844419
52871522
52871516
52871263
52861126
52871734
52871120
52871411
52844110
52871449
52871590
52871266
52871502
52871799
52871512
52671107
52844343
52844161
52844232
52871754
52871336
52844589
52842101
52844453
52871586
52871179
52873747
52878887
