52314164
52312142
52312156
52312166
52314117
52312593
52313108
52314181
52313158
52312139
52312211
52312273
52313136
52312176
52312301
52312104
52314162
52312119
52312219
52312197
52312135
52312233
52312198
52314143
52313150
52313111
52314103
52313135
52313212
52312334
52313155
52312151
52312182
52312305
52313328
52312319
52312209
52313153
52314100
52313115
52313137
52312241
52312140
52312168
52312126
52313193
52312106
52314119
52312150
52314149
52313149
52314105
52314124
52312272
52312199
52312193
52313102
52313116
52314147
52314218
52312170
52312303
52313148
52312109
52312221
52312244
52312167
52314376
52313146
52312550
52312310
52314197
52312152
52312134
52312291
52312943
52313100
52312200
52313159
52313103
52313119
52312153
52312132
52312111
52314131
52312299
52312133
52314165
52313157
52312300
52312179
52313151
52313730
52312148
52314122
52314146
52312125
52312243
52313107
52312107
52314173
52312149
52312595
52312118
52312309
52312130
52313138
52312270
52312137
52314106
52314352
52313128
52314139
52314163
52312101
52312214
52312224
52314205
52314353
52314202
52312169
52313197
52314102
52314121
52314338
52312105
52312201
52313139
52312271
52312113
52312154
52314107
52314144
52312145
52312174
52313325
52312210
52312138
52313126
52313101
52314130
52313192
52312256
52312311
52314166
52314217
52314141
52312120
52312180
52312144
52312129
52314150
52312320
52312143
52312315
52314153
52314174
52312127
52312188
52313329
52314109
52314132
52312189
52314116
52312226
52312116
52313120
52312196
52314337
52313152
52314111
52312115
52312155
52313122
52312229
52312121
52312162
52312177
52312124
52313204
52314157
52314110
52312318
52312141
52312103
52312112
52314118
52312194
52312128
52312594
52312190
52314358
52313113
52314170
52314161
52312227
52314160
52313191
52313147
52314112
52314101
52312171
52312108
52312245
52314125
52314128
52312102
52313322
52312100
52312220
52313961
52312554
52312242
52312114
52314198
52312339
52314142
52314120
52312225
52312185
52312131
52313143
52314129
52312165
52314123
52313118
52312110
52313106
52314179
52312317
52312195
52312123
52314148
52314183
52314182
52312122
52313112
52313962
52312298
52314357
