52618125
52618259
52872130
52618326
52618154
52676105
52618362
52618839
52675116
52618127
52675112
52674100
52618366
52618840
52618230
52618838
52677113
52872122
52676109
52872295
52618225
52872101
52618266
52618335
52618270
52618139
52676102
52618260
52618423
52618310
52674106
52618148
52618200
52618303
52618274
52618229
52872131
52618823
52872100
52618245
52618168
52618273
52618224
52676115
52618806
52618300
52618241
52618171
52674116
52677105
52618180
52618210
52618133
52618243
52618271
52872771
52618269
52618153
52618807
52675115
52676110
52618187
52677100
52675109
52618392
52618294
52618365
52618248
52618232
52618317
52674117
52618222
52676104
52675100
52618298
52872107
52618327
52675127
52618160
52872135
52618308
52618233
52618120
52618265
52618331
52618804
52618364
52618334
52872155
52618178
52618219
52677111
52618213
52872109
52675122
52618292
52872778
52677871
52618144
52618134
52618295
52872136
52676880
52618239
52618370
52618177
52618170
52674113
52618372
52618593
52618123
52618126
52618313
52872119
52618184
52618121
52618367
52872108
52618330
52618146
52618815
52872118
52618151
52618323
52618320
52872113
52618356
52674110
52618332
52618278
52618319
52618155
52676117
52618817
52618277
52675113
52618138
52618172
52618297
52677102
52872117
52618159
52618169
52618252
52618156
52677108
52618247
52676106
52618291
52618296
52618234
52618374
52618803
52618251
52677106
52872104
52618275
52675105
52618149
52872182
52618324
52618395
52674101
52618333
52675124
52618221
52872128
52618217
52872123
52618822
52618183
52618235
52677879
52872106
52618321
52618283
52618359
52618257
52675111
52618272
52618189
52618124
52676134
52618158
52674112
52676114
52618322
52676108
52618302
52618179
52618218
52618267
52618205
52677107
52618246
52618145
52618236
52872132
52618299
52618238
52618131
52618181
52618122
52618800
52618396
52618166
52618258
52618293
52872120
52618197
52618290
52618262
52872154
52618336
52618361
52675110
52618163
52618832
52872115
52618240
52675103
52674107
52618167
52618165
52872156
52618157
52618164
52618304
52618228
52674105
52676112
52618152
52618203
52618140
52618188
52618227
52677119
52618223
52872141
52618174
52674109
52675104
52872105
52618244
52618363
52872114
52675871
52675102
52618368
52675107
52872137
52618147
52618301
52872138
52872125
52675106
52618309
52618132
52677110
52618256
52618261
52618381
52618237
52618329
52675108
52618369
52872139
52618176
52677112
52618371
52872836
52618220
52618268
52872124
52677109
52618328
52677103
52872121
52677104
52618216
52618182
52674111
52618325
52872161
52618280
52676100
