52558588
52554080
52558419
52558224
52555109
52558557
52554982
52557839
52554488
52553242
52554961
52552295
52552573
52558809
52551022
52556564
52553668
52555408
52557766
52554411
52553843
52555145
52554706
52558070
52555100
52554789
52553852
52554235
52556677
52556478
52552809
52551347
52559119
52553112
52557924
52551821
52557814
52553734
52554865
52551376
52552880
52554451
52554049
52556881
52558524
52553407
52558007
52554839
52558558
52557509
52554853
52555052
52553476
52552887
52558815
52553484
52553946
52551324
52552129
52553558
52555467
52555940
52551367
52556887
52558509
52556098
52557212
52553208
52554403
52551486
52551399
52552310
52554782
52553778
52551184
52552299
52554676
52553016
52555155
52551416
52556521
52552988
52554213
52558570
52552574
52552676
52558446
52553953
52554466
52551487
52551418
52552083
52557876
52552254
52557486
52551667
52556243
52557515
52552401
52553314
52552327
52558194
52552248
52556703
52558449
52554443
52555417
52553727
52558080
52557617
52555098
52557493
52556349
52558332
52552802
52556272
52552704
52554137
52557145
52552485
52552317
52552389
52553812
52557371
52554884
52555456
52557544
52551850
52556869
52553290
52553472
52552088
52553376
52552306
52554852
52553635
52551394
52554895
52553486
52557304
52556047
52551877
52557861
52553468
52556443
52553131
52558101
52554956
52553840
52554031
52554038
52551636
52558550
52553288
52553032
52552918
52552039
52558109
52552913
52552056
52558018
52553516
52556979
52552658
52555407
52552103
52552903
52557900
52552225
52553042
52553929
52554790
52551681
52552901
52552137
52552201
52558499
52553418
52551691
52552172
52554361
52551076
52551814
52554561
52556469
52551317
52557549
52557461
52551559
52558343
52557874
52554513
52555917
52554343
52552823
52551761
52558893
52553669
52558369
52552366
52551909
52559194
52558172
52556137
52551195
52553825
52558776
52552925
52558136
52556981
52557640
52556507
52558574
52556407
52554442
52555198
52554557
52558496
52557918
52552936
52553955
52553428
52554247
52558565
52555288
52554546
52557472
52553310
52552350
52556296
52554003
52556289
52557164
52556750
52559197
52554574
52558298
52552020
52552080
52555800
52552841
52551522
52554838
52558034
52551637
52552942
52557190
52558569
52553413
52552512
52557244
52553592
52554074
52551590
52558371
52551436
52557360
52552559
52557471
52555139
52557993
52551361
52551268
52556940
52556600
52556037
52552021
52556356
52551615
52558126
52556932
52553892
52552671
52552508
52554535
52551934
52553983
52554817
52554563
52555275
52551947
52556325
52554022
52551634
52552863
52551469
52556339
52552653
52552362
52557833
52553442
52555008
52555159
52558687
52558475
52557899
52557427
52553108
52556695
52557283
52553478
52554175
52551259
52558737
52552720
52556890
52552907
52552738
52558389
52553120
52557167
52558365
52552899
52557910
52554340
52553199
52552807
52554965
52557907
52554592
52553403
52554612
52553823
52554558
52554024
52552949
52552722
52554319
52553679
52552407
52551692
52553607
52552278
52552496
52551042
52556910
52552241
52551170
52554041
52554716
52554448
52551507
52551867
52557615
52552708
52557061
52554996
52551823
52554143
52556967
52553126
52551894
52553450
52553596
52552324
52554858
52558606
52553204
52557184
52556574
52552371
52558708
52554243
52558425
52558045
52552373
52554734
52555183
52558102
52557132
52553915
52558813
52554880
52551639
52557970
52557980
52557185
52552403
52554635
52556879
52556461
52553034
52556633
52554758
52552989
52556626
52554018
52558155
52553390
52558415
52555293
52551591
52557661
52551976
52556293
52551969
52554520
52554543
52552767
52557370
52552104
52556369
52557478
52552405
52553226
52557960
52553191
52553419
52558345
52553130
52557325
52556158
52554011
52553360
52552575
52552333
52555285
52551949
52554976
52555076
52552856
52552862
52555053
52552498
52551809
52552331
52558832
52558005
52551447
52554923
52556525
52554665
52557050
52557561
52553647
52557965
52558296
52557695
52553961
52558785
52557858
52554946
52558489
52553340
52552301
52557048
52558532
52552058
52558840
52551152
52554902
52552858
52559111
52552250
52556005
52552986
52551852
52552311
52558088
52552415
52551920
52558510
52558093
52556262
52556334
52555872
52551775
52551849
52558156
52554472
52551805
52553704
52553368
52554836
52552571
52551742
52556021
52553011
52557667
52551914
52554415
52552427
52553389
52558393
52551231
52557672
52551855
52551936
52553707
52551891
52552488
52558870
52554595
52552693
52552915
52557942
52552185
52558391
52552996
52555623
52557727
52551950
52557309
52551342
52557378
52553101
52553053
52552952
52556034
52554378
52553801
52557147
52553950
52554861
52559190
52558544
52553721
52558677
52556441
52556738
52556499
52558115
52551906
52551026
52554226
52558528
52551143
52553139
52553792
52557385
52553080
52551279
52553241
52557923
52558504
52558581
52554583
52553029
52556498
52552828
52554643
52552099
52553339
52553680
52557388
52556675
52552914
52556123
52558096
52557514
52554470
52551183
52554722
52557645
52556816
52556451
52553103
52558212
52555475
52553086
52556192
52557182
52552285
52554344
52553400
52557334
52551958
52551688
52553512
52551694
52551793
52553659
52557177
52556132
52551131
52558349
52554523
52554701
52551700
52551643
52551587
52556357
52558292
52554127
52558534
52552203
52553266
52551798
52557311
52558206
52551161
52553664
52552082
52551532
52554001
52552060
52559198
52557896
52551414
52554522
52557506
52551929
52556963
52557745
52556692
52554035
52558282
52552189
52557501
52551298
52553058
52558747
52554932
52552047
52558468
52552711
52553731
52552184
52557363
52551353
52552191
52554725
52556759
52553908
52551489
52553454
52553649
52551137
52557495
52553411
52556517
52553485
52551842
52554617
52551352
52553747
52556015
52558242
52553135
52552864
52556518
52554715
52553708
52556682
52556053
52556208
52556579
52557475
52554599
52554128
52553285
52556697
52553102
52554772
52554085
52552138
52554882
52558131
52552570
52553443
52553718
52552266
52557490
52556025
52555903
52553015
52551157
52552997
52558450
52557994
52558540
52554762
52554006
52552522
52551927
52555416
52556195
52558328
52556214
52553213
52556753
52551136
52551051
52553436
52553969
52553895
52559101
52557049
52558193
52557358
52557560
52554179
52558258
52555432
52558474
52557344
52558322
52552554
52558830
52554082
52558761
52556487
52558668
52557269
52552727
52557332
52551458
52551832
52557099
52558021
52553924
52553233
52558676
52556219
52555452
52553320
52558030
52559142
52554076
52556075
52552008
52554242
52553239
52553259
52559105
52552090
52558305
52558800
52553827
52551811
52552794
52556439
52553866
52556542
52551004
52553430
52551126
52558401
52552848
52554507
52554641
52554363
52557373
52554601
52552087
52558725
52552747
52557626
52553048
52557060
52552953
52553896
52557326
52554256
52551071
52554536
52551466
52551511
52551646
52551118
52551065
52554697
52558312
52557012
52553240
52557791
52551594
52557187
52551915
52552265
52558599
52556061
52555415
52552206
52551072
52552128
52556618
52558445
52554372
52551506
52557973
52557202
52558330
52556676
52556556
52558497
52554942
52555902
52553143
52559169
52559187
52551854
52558024
52553052
52556937
52558564
52556099
52554067
52557744
52557456
52551044
52552979
52553888
52553570
52558412
52551584
52558430
52552293
52551847
52555479
52557658
52552917
52553284
52551759
52557741
52557353
52551234
52556115
52554813
52551808
52554345
52552054
52558704
52553581
52553087
52553583
52551434
52553903
52553715
52554931
52553578
52556121
52551177
52551155
52551778
52551827
52557519
52557469
52558784
52553154
52556102
52551446
52551373
52552897
52551196
52551483
52554821
52552879
52557279
52556288
52554801
52551861
52552799
52556885
52551222
52556935
52553453
52551406
52553344
52555074
52552728
52552796
52552215
52556897
52557226
52551021
52558354
52557605
52558245
52552562
52556084
52555404
52553410
52555468
52554934
52553982
52558165
52555961
52558274
52553569
52554266
52552297
52553427
52553470
52554560
52553209
52551872
52551530
52554723
52557864
52558598
52556213
52551527
52551745
52554058
52556206
52552763
52551336
52551952
52556154
52551797
52556448
52556485
52557273
52554703
52551833
52554386
52556301
52556410
52558611
52551502
52554793
52554079
52556511
52556886
52551188
52552500
52554307
52557633
52557963
52554686
52552170
52553267
52557644
52556168
52558498
52551002
52554394
52551730
52554955
52552520
52558799
52551766
52554871
52557421
52556665
52553322
52556974
52552972
52557138
52552009
52552212
52552851
52556984
52558723
52558623
52555215
52554193
52554518
52553585
52557245
52551601
52554683
52553251
52552553
52554580
52554007
52553951
52554775
52552773
52551305
52554833
52555419
52556314
52553215
52556960
52558057
52557820
52556866
52551554
52554503
52556455
52553358
52551959
52555462
52551277
52552981
52556673
52557046
52554602
52552712
52553354
52557902
52552276
52558678
52553475
52554988
52552719
52554005
52554190
52552929
52553397
52556880
52557719
52552131
52552709
52555465
52553260
52556430
52553829
52557762
52553027
52552667
52554570
52558768
52557231
52556465
52552967
52553201
52552538
52551581
52557437
52552831
52551339
52553175
52554935
52554815
52553925
52553038
52556412
52557219
52554524
52553393
52554484
52554516
52552257
52552470
52552844
52555137
52558161
52551843
52553728
52551198
52553220
52557498
52553878
52555431
52551217
52551478
52553362
52551112
52553377
52557209
52552811
52553465
52552399
52552423
52558742
52554936
52557753
52558335
52552963
52552177
52558795
52554126
52554330
52553060
52554656
52555984
52558529
52552068
52557997
52554346
52556350
52552404
52557867
52557474
52553841
52553343
52558162
52552816
52553523
52554219
52553046
52557873
52552112
52556602
52553958
52552666
52557663
52552198
52552927
52551977
52557976
52555981
52551300
52551723
52554289
52552330
52557445
52557972
52554401
52551495
52557610
52554287
52553302
52554690
52558432
52551185
52551747
52554828
52558600
52557991
52554280
52556623
52553334
52558710
52552013
52553077
52552233
52553677
52553342
52555043
52557285
52554515
52557792
52554794
52558531
52555330
52551158
52553960
52554857
52558008
52557009
52551074
52558585
52555412
52557352
52552515
52551338
52551011
52555450
52557798
52552772
52556140
52553232
52556763
52557082
52553395
52553039
52553941
52551802
52557136
52556438
52553202
52554835
52558797
52553901
52552141
52551757
52556783
52553876
52553181
52551962
52553222
52557764
52553997
52554634
52555376
52553332
52552528
52551884
52551820
52557438
52553059
52558065
52554846
52558370
52557569
52558743
52556346
52553706
52558189
52551116
52554798
52557375
52557733
52551955
52557643
52552044
52557175
52557070
52552135
52557301
52553809
52551257
52556302
52554224
52553025
52554603
52553977
52553954
52553345
52555472
52554729
52552493
52554696
52557390
52555136
52556185
52553936
52555192
52551382
52556322
52551774
52551024
52553838
52558163
52551099
52553546
52557786
52551898
52553269
52554993
52551953
52551521
52555471
52551023
52557721
52554489
52554374
52551918
52552930
52557713
52556197
52554837
52554351
52557526
52553194
52556917
52558579
52556611
52551579
52554505
52558695
52558426
52557368
52557338
52554326
52558410
52553572
52554572
52551834
52551310
52553760
52552524
52558816
52553134
52554232
52554906
52557117
52558273
52557749
52554788
52552885
52551244
52557129
52557067
52557395
52555978
52551240
52556402
52552086
52554825
52556982
52556181
52556986
52558331
52554594
52551512
52558806
52553409
52559124
52557849
52558643
52556894
52551445
52551473
52558372
52554439
52551431
52553466
52555451
52553777
52552788
52552769
52558213
52551359
52553036
52556080
52558106
52558100
52551785
52556481
52551365
52558329
52555274
52552202
52556534
52557330
52558350
52556747
52556777
52551441
52554023
52556931
52556854
52558521
52551415
52554225
52554104
52551293
52556174
52557130
52554855
52555081
52557944
52557784
52551625
52551888
52557571
52554695
52558493
52558735
52553815
52552509
52553517
52552016
52554111
52554113
52551331
52557844
52553446
52557429
52557759
52551586
52554163
52552821
52557818
52553402
52556989
52558031
52553111
52551961
52555907
52554927
52558359
52557148
52557080
52554542
52554728
52552035
52553272
52551393
52557357
52557449
52552363
52552332
52553560
52552737
52554710
52556373
52555466
52551123
52558804
52556105
52554863
52554238
52556790
52553928
52551868
52557337
52554313
52554610
52557480
52551657
52556961
52554652
52557743
52555878
52559141
52553136
52557685
52554707
52552321
52554545
52553211
52554552
52556048
52553387
52551058
52551124
52557625
52557838
52556113
52552396
52554141
52552149
52553291
52556415
52553521
52559144
52551110
52558035
52551566
52554586
52558175
52558408
52557606
52552369
52551089
52558609
52554083
52558199
52553514
52559200
52557277
52554954
52557607
52558084
52552612
52558473
52556615
52554496
52554581
52557416
52553937
52555508
52553735
52556114
52553907
52551432
52551640
52554699
52551363
52551291
52558467
52556698
52556688
52551193
52554458
52553648
52556292
52555252
52553037
52556427
52552253
52552108
52552055
52557013
52555505
52558300
52555165
52556524
52552308
52556634
52558518
52556371
52557391
52553311
52551172
52558128
52552450
52552385
52554797
52556196
52551476
52551633
52552843
52558583
52556231
52556130
52554464
52554048
52553818
52556565
52553229
52551278
52553899
52552715
52557348
52551607
52557289
52552969
52551464
52557335
52556159
52557812
52553414
52556540
52553109
52554893
52557446
52555054
52553076
52557851
52553369
52551589
52558646
52552298
52551674
52558169
52558681
52557656
52551265
52551783
52555295
52556104
52556510
52557409
52552383
52558188
52553864
52554984
52558145
52556432
52557740
52551494
52557367
52553939
52556977
52552269
52552381
52557958
52556435
52552032
52551795
52551297
52556319
52558698
52556768
52557414
52554720
52557635
52558801
52553551
52557697
52551448
52553906
52553788
52552073
52556892
52557420
52557789
52557470
52555059
52552011
52553902
52551182
52556035
52552527
52552431
52554509
52556186
52551859
52557803
52555494
52554759
52557919
52551593
52557196
52557696
52556330
52557417
52558512
52558407
52557723
52558166
52559191
52551895
52557939
52556666
52557805
52558439
52555460
52553650
52554250
52557087
52554297
52554650
52554288
52553375
52552987
52554269
52556434
52558736
52557430
52558173
52556209
52551311
52552066
52552777
52553347
52556857
52552546
52556142
52553859
52552302
52556418
52553137
52552618
52556200
52556375
52557403
52552994
52553724
52551417
52558233
52551060
52556497
52556428
52552355
52554521
52557075
52557975
52551139
52554868
52553474
52558486
52554804
52554897
52553040
52554477
52556473
52552101
52551077
52554184
52557208
52557763
52556769
52558515
52556522
52553192
52554651
52558015
52553522
52554901
52556765
52553132
52553050
52551490
52554921
52552922
52557481
52553922
52558516
52554145
52553128
52557866
52559189
52553268
52552447
52556016
52552093
52554582
52551407
52557451
52556156
52554847
52553593
52559167
52551499
52551577
52553559
52552714
52558144
52557611
52555413
52552878
52553784
52554807
52557992
52555045
52557687
52551221
52555498
52553083
52552264
52551286
52551992
52553094
52552854
52553258
52553642
52556773
52552683
52559193
52552855
52551740
52556913
52554760
52557904
52554499
52556624
52554096
52552019
52553714
52558422
52557224
52556207
52553497
52558608
52556523
52551571
52558055
52553591
52558334
52558413
52554329
52553944
52558559
52553781
52553518
52554320
52552753
52554017
52557489
52557412
52553227
52552152
52556776
52551050
52558819
52556686
52557349
52552070
52554241
52554183
52553415
52551996
52558505
52556165
52551109
52552868
52554019
52551270
52557404
52554980
52553014
52554589
52551443
52552543
52554967
52553477
52552024
52554081
52554262
52558248
52556013
52557168
52558221
52551228
52556164
52557913
52556942
52556218
52556344
52558180
52554705
52558297
52557504
52556254
52551482
52558703
52552491
52553927
52558399
52556038
52551984
52553807
52552119
52553161
52556754
52551704
52553306
52558137
52553502
52556111
52555501
52552665
52551966
52551260
52558680
52554056
52551308
52556791
52557441
52554540
52553745
52558077
52557817
52553675
52557494
52551402
52558134
52552668
52551073
52553819
52554400
52554203
52553174
52553814
52556316
52553244
52557853
52553751
52554671
52554698
52554044
52551320
52557468
52557425
52554952
52552695
52556177
52551803
52554636
52557246
52558820
52554654
52556576
52553775
52558299
52556233
52554379
52556501
52558423
52555459
52553051
52554487
52558060
52551097
52553940
52554506
52552296
52551098
52553412
52552175
52557366
52554544
52557294
52558562
52558420
52553798
52552106
52552323
52553381
52556230
52551621
52557608
52556668
52554291
52557543
52558218
52557066
52551986
52556969
52555497
52552798
52553786
52551644
52552151
52557356
52552342
52558543
52554323
52551451
52556447
52555506
52554638
52557110
52557078
52551344
52554653
52556778
52551806
52557540
52552787
52556018
52552919
52551145
52554136
52552745
52558403
52553033
52557926
52556616
52557709
52556766
52558378
52552965
52556020
52551284
52555504
52557128
52554514
52553701
52552941
52556983
52557200
52554764
52555381
52558533
52554928
52554621
52552036
52558361
52551095
52556331
52553482
52554573
52556226
52557909
52553994
52553431
52551385
52558731
52558174
52555199
52552815
52557906
52557300
52554043
52558304
52558576
52551337
52554352
52554088
52552677
52552377
52558744
52553238
52552067
52558601
52553122
52554303
52553913
52552092
52556786
52557911
52556459
52559147
52552426
52558110
52552280
52551597
52552197
52554012
52553694
52557407
52558517
52553469
52552030
52553562
52552469
52557458
52553133
52552425
52553158
52557531
52552438
52556093
52554016
52557111
52558237
52552920
52554660
52552146
52551459
52551567
52553189
52558186
52553068
52556341
52554605
52553013
52556860
52554077
52555101
52556800
52557808
52559125
52556502
52554010
52553867
52555218
52556891
52557888
52552710
52554783
52553738
52554937
52551913
52551306
52557603
52558523
52551533
52557624
52558767
52551524
52551933
52553943
52557999
52555948
52554008
52558685
52552537
52557473
52557484
52557634
52552541
52552045
52554275
52551384
52552205
52552902
52551880
52556068
52554062
52558527
52553022
52556690
52557714
52553725
52558118
52556876
52553883
52556752
52558301
52553301
52552341
52552005
52553894
52551192
52554559
52558182
52556748
52556512
52554090
52554795
52551501
52556965
52551768
52558387
52552993
52556079
52552049
52552255
52553880
52551531
52552951
52551303
52557291
52558462
52552061
52553346
52554924
52555344
52551421
52558786
52553432
52558592
52557434
52556440
52553609
52554033
52555105
52557361
52552655
52558443
52559106
52552732
52556180
52554646
52557548
52558726
52558178
52556171
52558257
52558014
52551356
52552199
52557681
52551696
52556714
52558367
52551094
52554539
52557179
52554263
52552029
52558160
52552916
52553001
52553279
52554584
52558749
52556801
52553021
52553821
52556096
52551892
52558003
52554649
52557893
52553471
52554486
52552261
52552467
52553328
52558447
52558810
52552673
52554046
52557638
52554587
52551391
52557799
52556656
52558295
52557320
52556486
52552819
52557466
52557739
52554913
52557410
52554449
52558616
52557782
52553206
52554309
52552983
52552875
52551787
52553657
52551059
52554575
52553162
52556205
52551225
52556872
52554252
52554359
52554508
52558208
52558996
52553914
52551758
52556519
52555966
52553195
52554004
52554864
52558644
52556092
52551885
52551828
52553110
52556609
52554109
52551618
52556606
52554360
52553020
52557295
52551430
52554370
52551641
52556083
52558536
52558214
52554014
52556055
52552699
52553205
52552703
52553507
52558763
52554200
52554879
52558621
52557912
52553066
52551017
52552353
52551779
52554027
52558238
52553305
52558746
52555492
52557881
52552691
52553965
52558427
52554230
52556335
52558541
52558181
52553552
52554139
52551583
52558099
52553441
52557761
52552518
52556787
52557454
52552392
52554292
52558479
52554874
52551360
52554052
52554829
52557286
52552825
52553491
52554295
52553107
52558603
52551398
52556875
52556554
52551705
52557423
52552770
52559121
52553028
52551175
52554845
52553528
52552781
52554667
52553705
52557073
52553433
52557464
52557662
52557222
52556975
52554465
52558254
52552761
52558261
52553150
52551488
52554450
52552190
52555021
52553071
52552481
52558138
52554296
52553248
52557218
52553304
52552945
52552393
52551256
52555403
52553594
52557765
52557284
52557793
52557151
52556620
52554259
52551064
52551281
52552239
52556474
52551403
52551817
52552510
52558591
52553956
52551974
52558135
52558507
52554953
52555058
52552587
52558617
52557796
52557406
52553357
52551237
52552037
52557525
52555807
52553178
52554498
52554494
52551408
52553736
52554265
52551939
52554013
52558185
52552555
52551695
52557889
52558568
52556972
52553845
52556188
52558805
52552827
52556614
52551841
52552273
52552765
52553493
52554950
52551588
52558078
52556874
52554939
52552569
52554604
52555068
52554918
52557492
52557566
52551426
52553353
52551080
52558520
52558384
52556151
52552118
52559165
52553597
52559162
52552940
52557895
52554422
52556166
52558738
52552521
52557440
52551395
52552473
52554969
52553118
52553370
52556119
52556622
52554890
52557488
52551592
52557191
52558291
52551922
52551457
52558344
52553916
52555210
52557659
52553839
52554819
52555332
52553590
52557730
52551770
52553836
52552434
52557142
52557637
52553803
52552116
52558471
52554866
52554925
52556041
52556129
52551061
52554377
52558552
52552778
52551611
52558243
52556476
52557930
52557497
52556553
52556255
52551655
52551703
52558192
52558041
52551121
52558682
52556709
52551409
52552444
52558696
52555297
52557374
52557949
52554708
52557144
52552200
52558778
52553084
52551354
52556403
52556815
52552424
52553327
52558323
52551309
52557660
52556400
52557545
52552085
52556360
52553674
52551687
52551111
52551410
52551160
52556685
52552755
52553931
52558839
52551605
52554958
52551624
52553553
52557143
52558143
52552597
52553278
52551211
52553737
52554240
52553365
52552534
52552028
52554872
52551529
52551364
52556097
52553366
52558211
52553394
52556694
52558251
52555944
52553172
52554991
52553359
52554086
52553378
52556202
52552059
52558587
52552497
52558287
52552397
52558308
52558542
52556691
52553719
52557883
52553851
52552263
52556799
52554611
52553863
52554097
52556324
52554548
52551801
52553100
52556204
52553065
52551413
52553933
52553129
52553434
52557081
52551878
52555173
52553630
52552976
52554002
52551273
52553421
52551865
52551455
52552577
52552110
52556493
52553157
52556095
52551975
52552662
52557533
52555069
52558802
52553887
52553236
52554053
52552895
52557790
52557146
52554192
52553615
52552795
52551882
52554073
52552565
52553910
52556039
52557435
52556189
52552102
52551576
52558679
52558721
52551218
52553270
52558054
52555032
52556531
52556014
52554117
52558083
52558448
52557551
52557507
52555810
52558404
52553653
52554875
52552180
52558360
52553492
52552023
52557915
52553307
52558348
52558400
52553584
52554849
52558123
52557539
52554510
52551917
52558429
52553420
52553826
52556133
52558223
52554375
52558586
52553298
52558368
52556740
52551574
52551003
52558260
52551304
52554616
52554732
52554538
52553641
52553793
52552995
52553308
52552785
52556737
52553023
52554332
52551075
52552187
52558235
52552365
52551498
52552378
52552751
52553604
52555930
52557248
52554257
52556818
52553750
52551869
52556070
52556557
52554576
52557112
52557499
52555127
52552911
52554070
52553404
52558483
52551812
52553234
52553576
52552675
52555953
52552506
52551025
52559164
52553932
52552258
52551467
52557934
52553580
52558481
52552111
52557426
52554534
52554527
52551030
52556896
52555435
52553709
52555031
52556063
52552998
52558107
52553631
52557546
52554191
52555502
52551981
52552545
52553506
52554249
52558026
52558241
52552660
52553661
52556184
52553451
52553699
52551477
52552692
52553968
52552725
52558146
52554940
52557537
52557027
52553459
52552117
52557966
52557736
52551769
52552400
52558811
52553952
52554349
52551294
52553627
52559199
52554526
52558733
52552744
52553729
52553031
52557922
52551420
52558506
52558394
52554391
52556463
52555181
52551632
52557735
52553989
52556222
52556760
52554110
52557882
52553164
52551910
52557392
52556772
52557467
52552890
52554620
52556103
52556321
52551008
52558642
52552563
52553897
52552962
52556855
52553565
52554471
52552077
52554493
52552018
52558262
52553026
52554532
52557518
52555331
52551937
52556116
52551378
52551335
52556508
52551319
52558417
52557140
52554730
52556543
52554971
52554767
52554926
52556789
52551968
52556336
52551824
52557079
52556856
52554733
52556228
52554129
52553550
52551788
52552501
52553165
52553197
52553429
52552810
52553917
52553455
52554915
52551651
52552069
52553289
52554951
52553156
52552517
52558092
52554492
52557890
52553811
52557886
52554718
52558326
52556808
52556183
52553503
52552697
52558013
52551652
52553073
52552944
52551029
52556536
52551991
52557863
52554347
52551484
52556899
52553142
52553230
52555503
52557811
52554420
52556085
52552791
52551366
52554301
52551870
52557376
52556112
52557738
52558829
52558671
52553379
52551762
52553006
52553012
52552031
52555217
52557847
52556257
52551702
52556756
52553717
52552523
52557807
52557530
52554883
52551062
52555064
52556853
52558396
52552705
52558158
52554502
52557920
52555945
52552503
52553586
52554773
52556871
52555509
52558748
52554039
52559103
52557436
52553017
52556355
52553962
52553231
52551789
52552792
52554591
52551897
52554787
52558320
52551214
52558546
52557894
52555436
52551537
52552194
52552017
52552143
52553865
52556671
52558740
52552010
52551388
52558011
52553281
52551135
52558390
52551079
52551210
52553987
52556904
52553490
52554822
52556898
52558098
52558044
52553890
52554338
52553577
52551732
52558461
52558485
52555156
52558196
52555962
52552272
52551860
52553333
52551229
52557379
52556488
52557647
52551142
52554293
52558645
52553294
52551686
52556619
52555484
52558490
52553697
52551387
52553964
52551631
52557186
52552566
52555473
52551622
52558741
52557272
52556353
52554215
52557536
52554421
52558689
52551444
52553758
52554929
52558686
52558837
52558355
52558121
52554130
52551503
52554537
52557210
52553237
52558692
52556930
52556460
52557197
52554981
52554051
52557816
52552181
52557069
52553992
52553005
52556024
52553848
52553633
52558171
52556779
52553386
52551125
52553495
52557221
52554877
52557880
52557785
52552183
52558745
52558477
52557855
52558769
52551781
52559122
52553970
52554894
52558578
52553822
52552003
52557570
52557984
52556630
52557362
52552252
52556804
52556689
52557834
52556971
52551743
52554763
52552800
52554182
52557386
52551886
52555189
52553010
52554757
52557821
52551368
52552414
52551267
52558183
52551602
52551598
52555991
52557183
52551307
52558459
52556631
52551573
52557729
52556792
52552750
52553918
52558818
52551372
52554639
52556889
52554244
52556297
52553794
52556970
52551871
52555933
52551765
52558513
52551460
52554886
52553196
52555496
52552153
52558835
52556661
52554930
52558556
52557979
52557188
52553530
52558204
52556670
52558388
52558316
52552038
52551396
52551197
52556064
52551626
52557447
52552564
52556873
52553776
52556090
52553541
52555184
52557502
52552398
52553660
52551656
52553398
52556529
52551582
52554075
52557455
52551481
52552853
52558514
52554910
52556757
52551677
52554990
52552814
52554688
52552246
52555167
52556514
52558356
52553520
52558148
52552004
52551350
52556539
52551052
52551751
52551744
52551899
52553075
52554057
52552686
52557819
52556625
52553262
52551706
52558140
52557916
52552739
52551269
52552504
52557711
52554356
52552813
52555040
52554550
52552970
52557166
52558222
52557568
52551896
52551243
52558170
52558495
52557885
52552525
52552535
52553408
52555320
52551480
52553991
52557801
52558766
52553632
52554255
52552325
52558444
52551557
52558702
52558324
52552685
52553791
52553785
52553373
52551213
52556329
52554133
52554566
52557444
52557181
52554497
52554519
52551985
52557921
52551248
52554227
52556527
52558402
52554771
52554619
52557422
52555007
52557989
52553437
52554555
52554337
52553463
52554850
52556229
52558774
52553589
52551007
52558076
52557408
52556452
52553177
52552284
52553637
52551980
52553356
52556145
52554541
52555299
52558380
52553198
52554206
52552748
52552247
52555989
52552270
52558139
52551258
52557879
52555474
52552100
52554766
52551822
52557995
52558277
52551794
52557452
52556337
52555030
52552550
52552025
52553722
52554304
52554769
52558227
52557908
52558207
52554298
52553670
52557270
52557365
52553008
52556291
52554727
52551604
52553780
52557074
52558762
52553790
52557875
52554860
52553861
52551749
52552822
52552186
52551190
52556492
52557780
52556864
52551386
52551239
52555132
52558530
52551040
52552654
52553424
52551773
52551853
52558560
52556629
52553854
52558022
52556608
52555437
52551465
52554404
52551902
52555168
52554776
52557153
52553200
52556232
52558470
52554485
52552950
52554645
52558249
52551887
52551903
52555182
52556601
52556040
52554321
52556294
52551045
52551510
52552690
52551028
52554318
52556347
52553193
52551771
52552502
52552964
52552584
52558256
52558362
52554228
52557981
52554968
52553153
52558302
52555072
52556901
52557199
52552533
52553789
52558340
52552375
52551027
52557986
52553638
52553905
52557195
52553948
52554187
52551731
52554358
52556100
52551006
52552548
52554078
52553912
52553323
52553806
52557333
52552220
52553568
52557171
52557809
52553049
52553656
52553971
52554529
52554593
52552105
52556704
52553930
52558821
52551650
52551919
52553996
52556515
52555965
52556884
52557192
52554064
52557620
52557207
52557857
52551159
52551263
52552217
52554994
52552519
52557448
52558675
52556764
52552176
52551620
52552701
52557630
52557969
52551680
52554911
52557928
52553804
52557632
52553388
52551889
52558693
52551491
52551835
52558814
52557119
52554009
52554792
52553672
52551390
52552466
52552339
52559107
52553435
52551813
52555476
52552609
52558032
52556482
52551942
52556444
52557557
52556416
52553813
52551437
52552549
52556201
52554870
52554376
52556409
52556359
52553919
52559146
52551564
52556136
52555298
52557491
52552971
52556663
52558773
52553057
52556911
52553663
52559161
52554531
52553658
52551844
52558705
52551995
52557929
52556683
52551513
52551419
52551645
52552661
52551397
52556561
52551348
52552002
52554045
52559163
52552275
52556667
52557884
52551146
52557217
52552499
52556343
52552445
52553817
52554943
52554818
52556124
52558604
52553286
52557802
52557211
52553564
52557734
52553713
52556806
52552428
52552567
52554315
52552256
52557505
52552360
52551993
52553935
52559145
52557172
52558103
52557215
52556215
52557062
52552780
52552216
52554132
52557804
52552933
52554094
52558293
52551935
52552694
52551879
52552736
52557347
52553152
52556494
52557483
52555110
52552359
52553566
52551492
52555987
52556436
52551649
52554674
52555337
52552084
52552505
52551780
52552850
52554569
52555073
52558278
52553228
52553467
52556526
52553440
52557556
52557260
52554180
52556456
52552139
52558286
52554037
52556504
52554887
52551698
52557670
52552072
52555500
52557328
52558159
52552865
52557133
52556914
52555507
52554554
52557731
52558075
52551005
52557342
52554919
52551134
52551012
52553079
52554461
52555952
52551580
52551233
52553276
52553949
52554761
52554254
52554281
52557310
52556915
52555178
52554395
52551266
52556245
52554567
52552947
52558071
52552742
52553265
52552892
52555418
52557755
52556139
52552558
52551241
52558480
52552267
52551846
52553019
52552860
52552240
52553824
52556032
52551069
52557903
52558519
52557479
52554800
52554562
52552071
52554393
52557810
52555620
52552511
52553665
52558796
52553698
52554260
52552132
52556537
52558352
52557845
52554959
52556916
52553856
52551219
52558019
52557717
52554093
52552749
52554765
52554134
52554087
52556118
52556613
52557329
52551776
52555464
52557517
52558346
52557477
52551883
52554251
52552411
52557274
52551246
52554284
52559110
52554283
52558469
52553500
52554547
52551049
52556903
52553567
52552140
52553072
52556146
52557503
52554799
52554823
52558571
52557120
52553759
52554467
52557767
52555172
52554820
52558442
52553462
52557432
52554455
52552955
52551292
52552395
52558674
52553920
52551810
52552830
52553144
52552179
52551370
52554357
52556010
52551133
52557007
52554350
52551325
52558058
52552786
52557324
52556762
52551200
52554412
52553210
52556004
52557276
52552716
52556617
52558580
52551341
52555995
52557086
52558416
52552516
52556107
52557010
52551912
52557299
52554606
52552670
52554672
52556404
52558240
52553830
52557528
52556150
52558727
52551194
52551216
52557465
52553246
52551461
52551826
52551956
52558294
52551816
52556212
52556687
52554181
52552935
52551938
52555455
52557512
52557830
52554452
52553898
52551689
52556934
52551345
52553392
52558366
52557476
52551678
52552006
52552560
52555409
52553367
52552174
52553168
52552349
52557134
52552894
52552889
52557628
52558553
52552672
52558460
52554050
52557917
52557872
52558567
52554668
52556162
52556029
52551536
52556425
52557243
52556805
52552219
52557194
52553252
52554896
52552842
52557831
52556572
52551288
52556684
52557534
52554468
52552307
52556707
52553877
52558142
52555461
52556340
52557323
52552532
52556426
52557235
52551654
52551908
52557229
52556966
52556893
52557943
52558834
52555164
52551411
52557862
52553487
52556468
52554912
52556182
52551119
52552213
52554106
52556657
52552540
52552954
52556052
52551176
52558203
52554371
52558707
52555909
52552909
52554174
52552754
52556802
52551179
52554440
52557636
52558775
52553797
52556110
52554369
52557646
52553119
52556742
52557682
52553452
52551369
52557223
52553529
52551525
52551973
52555152
52556635
52553245
52556868
52553959
52554907
52553447
52554364
52557871
52554277
52554092
52557627
52553629
52556495
52553188
52556000
52551475
52553855
52557516
52552775
52557553
52551247
52555470
52556581
52558759
52551254
52552896
52556148
52554222
52552314
52553767
52558036
52552442
52551647
52551202
52551047
52558141
52554615
52557339
52558252
52556290
52558068
52552242
52552539
52551729
52553190
52554577
52557565
52551784
52553732
52556458
52552094
52552729
52557271
52553981
52552572
52556741
52552433
52553363
52554717
52552334
52553391
52557381
52558548
52552195
52556345
52552133
52554908
52554102
52554324
52558688
52553957
52551568
52552096
52552188
52551220
52558545
52556900
52553457
52556420
52553283
52557203
52551474
52553473
52553313
52552530
52551951
52553720
52552027
52558584
52556433
52558167
52556480
52552358
52553082
52551630
52551819
52552529
52556883
52556066
52556203
52555153
52555947
52557433
52556453
52554367
52553900
52552328
52551138
52552243
52556300
52553754
52557674
52554285
52557541
52553655
52551907
52553979
52556568
52551901
52558119
52553885
52551807
52556699
52551635
52553525
52553148
52558279
52554844
52552244
52556582
52552136
52558097
52557170
52552836
52558538
52557288
52554811
52554246
52551031
52553045
52551750
52558409
52557463
52551562
52555060
52551470
52555108
52553041
52553666
52557657
52556784
52557614
52552568
52556781
52554613
52552698
52556735
52554834
52557071
52558229
52558094
52553383
52554556
52552376
52558127
52557787
52552386
52554229
52554814
52557613
52551082
52552338
52552130
52553364
52551804
52557983
52552277
52555055
52551746
52555180
52552313
52551964
52553371
52554253
52551329
52551610
52557668
52553904
52554900
52556662
52556368
52551019
52554579
52553595
52554099
52557496
52552336
52557522
52553047
52553054
52553355
52552351
52556711
52553703
52551963
52552251
52556372
52555904
52556457
52554802
52553056
52552142
52553438
52558066
52552057
52557639
52554233
52552494
52556705
52552322
52551690
52552984
52553382
52553498
52557932
52555453
52558179
52557535
52552178
52556413
52553125
52552908
52553399
52553479
52556193
52552726
52551232
52552931
52552079
52551979
52556094
52554135
52554809
52558168
52557107
52556216
52554453
52556490
52555289
52558455
52552364
52553999
52558452
52556632
52556520
52552718
52553513
52551609
52556987
52554905
52556120
52553243
52557213
52553646
52553127
52554607
52552316
52551497
52556471
52553203
52552873
52554208
52554691
52552946
52557891
52556227
52555943
52554217
52555213
52551825
52557052
52554065
52552852
52558492
52557355
52554029
52553275
52551355
52556739
52557978
52556220
52556253
52556221
52554310
52558593
52557982
52553842
52554590
52554842
52553121
52553287
52551334
52558069
52557604
52557887
52552148
52552144
52558152
52558201
52556117
52558048
52553510
52551866
52552684
52551839
52552145
52553923
52553496
52551685
52552882
52556587
52553711
52558405
52556194
52555350
52557718
52555146
52556449
52557666
52552706
52556578
52553422
52557680
52555186
52552347
52551831
52555075
52558618
52553070
52551290
52558572
52552797
52557321
52551141
52554856
52554551
52551452
52554711
52553986
52552319
52558478
52557750
52558149
52554824
52553563
52554565
52554768
52558038
52554669
52559143
52551763
52554245
52552354
52553483
52551989
52554904
52553805
52551235
52554483
52555405
52554869
52558454
52557399
52551032
52556419
52555051
52551224
52555430
52556817
52553556
52554365
52553990
52552758
52556888
52551283
52551015
52552621
52553938
52554997
52551321
52557956
52553654
52552048
52551289
52556012
52552752
52554272
52553625
52557542
52554020
52554885
52552372
52557850
52551504
52551009
52552182
52551405
52553702
52556909
52556411
52556217
52553752
52556483
52554273
52554948
52557387
52552171
52557829
52553325
52556803
52552465
52552804
52554382
52554131
52552746
52553280
52555078
52552274
52557396
52551648
52554675
52558431
52554670
52556089
52551471
52556653
52553652
52554664
52554517
52551764
52552441
52556563
52554963
52558808
52557113
52555296
52551683
52551330
52556541
52555187
52551684
52554816
52554311
52553988
52551189
52555956
52556775
52553662
52557011
52558264
52551777
52553889
52557383
52553187
52553527
52553349
52551128
52552805
52554899
52552938
52552968
52554168
52556169
52557214
52556990
52553757
52558364
52558824
52558732
52558831
52555906
52553610
52553464
52557747
52553716
52558684
52552759
52552114
52554276
52554549
52556506
52554578
52557800
52554888
52553489
52552214
52554474
52557925
52556477
52554786
52553480
52552757
52556323
52555433
52553009
52556160
52552435
52557459
52558020
52558734
52553681
52558392
52552912
52552482
52552150
52554949
52556491
52557671
52557837
52556036
52557351
52558147
52553753
52553700
52554248
52558722
52556865
52556727
52557760
52556505
52551201
52554914
52554585
52558607
52552760
52556489
52552410
52558491
52553744
52558040
52554495
52551699
52553614
52558016
52551340
52559186
52553221
52556248
52552109
52552774
52554223
52557292
52552422
52554481
52552065
52551619
52553508
52556555
52556374
52551845
52556941
52552664
52554740
52557609
52551302
52558009
52553730
52554808
52551748
52552859
52553380
52553509
52551186
52557870
52554533
52557303
52557511
52554647
52557083
52554026
52551800
52558353
52558398
52552340
52553762
52558764
52557532
52554157
52553748
52554066
52556559
52558318
52553884
52557384
52554271
52558701
52557529
52554441
52553557
52557618
52551728
52551653
52552982
52554178
52557794
52556544
52552766
52558200
52556058
52556191
52551147
52557204
52551954
52556332
52551375
52558669
52555454
52552943
52553299
52554614
52554021
52556513
52554876
52556693
52551815
52551535
52553138
52557612
52552921
52553524
52553667
52558027
52552793
52552723
52552556
52558803
52556658
52551261
52554383
52553293
52555586
52557413
52558440
52555818
52556446
52551830
52557757
52555477
52557340
52558614
52552702
52554408
52554721
52558554
52557293
52557547
52558280
52557411
52551485
52553445
52551614
52552437
52552453
52558230
52555041
52553214
52558522
52557205
52552419
52551575
52551088
52551523
52551249
52551638
52551493
52557508
52554475
52552042
52559185
52552812
52556733
52558089
52553312
52554504
52552408
52553891
52556223
52556328
52553444
52558130
52551613
52557389
52553007
52557327
52551791
52554933
52551067
52556131
52552806
52557419
52556126
52554947
52553105
52558635
52552674
52556870
52554854
52554189
52558451
52553911
52554392
52557174
52558050
52558363
52557322
52557848
52557988
52551316
52556067
52551725
52555963
52557869
52558453
52554528
52551048
52552990
52558327
52553250
52553743
52558823
52556077
52551149
52554840
52553223
52551091
52557756
52559188
52557836
52558782
52556580
52552115
52551150
52556135
52551971
52553934
52556749
52553261
52558333
52554841
52558709
52557150
52552078
52556247
52551970
52556127
52554142
52558049
52554325
52553225
52554355
52553942
52551299
52552948
52556249
52558198
52556367
52551928
52553574
52556065
52559166
52554803
52556882
52552344
52555287
52551423
52553309
52558694
52553774
52556138
52557225
52553673
52557513
52552292
52558319
52556807
52555082
52554867
52559123
52553155
52554945
52556500
52552906
52554938
52551528
52551379
52557296
52553163
52553217
52551148
52552808
52557343
52556429
52557372
52553723
52553571
52558337
52553862
52553875
52554036
52556072
52551697
52556147
52553277
52551623
52551760
52558770
52552817
52557555
52558706
52557664
52553425
52552507
52553401
52552713
52552495
52551712
52555158
52558487
52558039
52553114
52557686
52552440
52554308
52554916
52552871
52557346
52556256
52559104
52554826
52557377
52557742
52552740
52556437
52558822
52553511
52556175
52552707
52552439
52554456
52553123
52553881
52554678
52554999
52554362
52554279
52553634
52554366
52556423
52558133
52557868
52555969
52556475
52552764
52553972
52552937
52558184
52553207
52551371
52556198
52557961
52555678
52554712
52554891
52554779
52552669
52552679
52556908
52551717
52552390
52553858
52558666
52552260
52551227
52556152
52554878
52556087
52558615
52552961
52558397
52552245
52557684
52554830
52556125
52552835
52553573
52556902
52552281
52554642
52551864
52556462
52551018
52552300
52557176
52552857
52556503
52556069
52557621
52557846
52558697
52555196
52553742
52558424
52557137
52557523
52556867
52554964
52551066
52552551
52552204
52552380
52556562
52556862
52552801
52554637
52552474
52559120
52558357
52552091
52554098
52557193
52552829
52553850
52552098
52554294
52553396
52552578
52558549
52553756
52553326
52552320
52553449
52551617
52558317
52556702
52552374
52551990
52553787
52555067
52553416
52556605
52555951
52551358
52552849
52554063
52554156
52553423
52554827
52555967
52558381
52551151
52556081
52555185
52554941
52554176
52556398
52557520
52553458
52553645
52552429
52558225
52553853
52554261
52554091
52554920
52558061
52553169
52557382
52551606
52555056
52556659
52558739
52558838
52558062
52551010
52553331
52558129
52558095
52554457
52551965
52555499
52553579
52553115
52552547
52558321
52556060
52553963
52554140
52558187
52558573
52553224
52551199
52554859
52557892
52557206
52553695
52552192
52553406
52554108
52557394
52557232
52557415
52553035
52552318
52551911
52552134
52551130
52556696
52555214
52557228
52551496
52557683
52556019
52553515
52557405
52552352
52551063
52553146
52558232
52558508
52553995
52551153
52557076
52557832
52556774
52552034
52556071
52558575
52553055
52557985
52553765
52554648
52551427
52554138
52551925
52558672
52554482
52557673
52554851
52556655
52552731
52558209
52554784
52556976
52557751
52551343
52558231
52554089
52556788
52558105
52558028
52553554
52554460
52557051
52557442
52555360
52554673
52556009
52551332
52554571
52551701
52556033
52552678
52558783
52554286
52555324
52556496
52557859
52553249
52555157
52558760
52553606
52554341
52557439
52553921
52551191
52552624
52552999
52558195
52553879
52556178
52551287
52557914
52556153
52557722
52554446
52551093
52551752
52552544
52554679
52551140
52558791
52552910
52553296
52555103
52558255
52558210
52551435
52551629
52551924
52552768
52555099
52554032
52558750
52555493
52552869
52551301
52553761
52554101
52554957
52553975
52556706
52554682
52556938
52553264
52553978
52551178
52558338
52552107
52556210
52554015
52553967
52554831
52556907
52556211
52554501
52558275
52557878
52556006
52553106
52552305
52553555
52554681
52551818
52558648
52556242
52551295
52551014
52552957
52556535
52551173
52553755
52558226
52554112
52557331
52553271
52557063
52558720
52554316
52553893
52551900
52557487
52559139
52554909
52552271
52551400
52554693
52554185
52556073
52556299
52552717
52553624
52551905
52555438
52556318
52553170
52557795
52551754
52551230
52554962
52556560
52552847
52553274
52557216
52557941
52556809
52554985
52557428
52556173
52551096
52556736
52552904
52558828
52554553
52553782
52556062
52557712
52552557
52556108
52553499
52558033
52551262
52554618
52557275
52557998
52558216
52558087
52553117
52551296
52558234
52554731
52553976
52552286
52553909
52558176
52556250
52552446
52558794
52552196
52557987
52554042
52552656
52554072
52555414
52556059
52558765
52553081
52557950
52554640
52557149
52554387
52553926
52552026
52556405
52556770
52556627
52552479
52557746
52553771
52554342
52553651
52557959
52552259
52552601
52556603
52554810
52553671
52557092
52556155
52558177
52555138
52556988
52557806
52558691
52553847
52551081
52556470
52553384
52553385
52552721
52557341
52554735
52554873
52554105
52553617
52553426
52554724
52551122
52558104
52551660
52557752
52556973
52552898
52558563
52556074
52554100
52554525
52552343
52556472
52554966
52551425
52553816
52553501
52556163
52554511
52553350
52556532
52554512
52556172
52558125
52552803
52554459
52551275
52559196
52555402
52552870
52555968
52557108
52552724
52556043
52551068
52555216
52556755
52554084
52556078
52551144
52553247
52554680
52554028
52556912
52553297
52556023
52556051
52558085
52554390
52551875
52553800
52554447
52556936
52558010
52558263
52552294
52557550
52552406
52554805
52558441
52553605
52556187
52552877
52552561
52552514
52556179
52556088
52552315
52552687
52556406
52554476
52554278
52558122
52552771
52552050
52552309
52553316
52551377
52556141
52557619
52554889
52553980
52551046
52551829
52556199
52557631
52552475
52554791
52551948
52556167
52552900
52552966
52555960
52556680
52554061
52557058
52558414
52553141
52554944
52553857
52551428
52552492
52556575
52552432
52556905
52556637
52552756
52554469
52554713
52555973
52558037
52556484
52553772
52555997
52558561
52554491
52554564
52554069
52551526
52556109
52554339
52557431
52553173
52554353
52553795
52551238
52554237
52553253
52557897
52558064
52553984
52558539
52557152
52552891
52555042
52552893
52555410
52551599
52551565
52554416
52557201
52556964
52558253
52557567
52555102
52558836
52555106
52552329
52552783
52553726
52556287
52555334
52552121
52552861
52551092
52551851
52558046
52557783
52554194
52552513
52551180
52558339
52556654
52553069
52553257
52556450
52554463
52554917
52558825
52551693
52552033
52553182
52553113
52558729
52552884
52551881
52556678
52553374
52554214
52554267
52557715
52553078
52554186
52551923
52554290
52554054
52554881
52551127
52554663
52553973
52551538
52551978
52552095
52553460
52554047
52557233
52558700
52552657
52556190
52552394
52556859
52552883
52556607
52552436
52551156
52558276
52551931
52556149
52554609
52554530
52555194
52558833
52559168
52552741
52552536
52551782
52558151
52552490
52552412
52556251
52558395
52558197
52558781
52554384
52552268
52554806
52556734
52551987
52558150
52553147
52556170
52557835
52558202
52556669
52553405
52554796
52552123
52556746
52554500
52559192
52558120
52552249
52552303
52553710
52558004
52558132
52553235
52552014
52557931
52553456
52556939
52553543
52552845
52554095
52551041
52554327
52558266
52554144
52558484
52551070
52556401
52554234
52554025
52551767
52554348
52557369
52555083
52557282
52551362
52558285
52556758
52554177
52554270
52554055
52552193
52558827
52554478
52552418
52558476
52557077
52554220
52552081
52553835
52553519
52553545
52557227
52554388
52558605
52554299
52553966
52557781
52556628
52557828
52555057
52551921
52553303
52555191
52557563
52552417
52551930
52558406
52554490
52556295
52554322
52556317
52551318
52554368
52558482
52556421
52555478
52553104
52558566
52556674
52555163
52551090
52557122
52551983
52558535
52553488
52557121
52551389
52552689
52554848
52555406
52554862
52551890
52551840
52557072
52556745
52553834
52554380
52552663
52557302
52553124
52553749
52558780
52551585
52558472
52553696
52558205
52552888
52553018
52553532
52556858
52551129
52551438
52553372
52558772
52553481
52556326
52556710
52556358
52558537
52552743
52556980
52551572
52557977
52551792
52551132
52552007
52557198
52556906
52557127
52558342
52557938
52554389
52556814
52552730
52556464
52554892
52557843
52558108
52556157
52552531
52559108
52557797
52551264
52552818
52558154
52556533
52551627
52553575
52557393
52559170
52551957
52559195
52555149
52558153
52558006
52555050
52554480
52557101
52552335
52553295
52556017
52553448
52554274
52556399
52557317
52553886
52552959
52558336
52556091
52554677
52557354
52557400
52553348
52558358
52556342
52557178
52554060
52552421
52551837
52553085
52556252
52554331
52556810
52551608
52552776
52551863
52554473
52553639
52556479
52552420
52552337
52553783
52553324
52553145
52557402
52553678
52551836
52551596
52554328
52551424
52553799
52551357
52552779
52556442
52551848
52558124
52554188
52552542
52552022
52556467
52556122
52557901
52557935
52557008
52551679
52556144
52557665
52558792
52554781
52555195
52554719
52558228
52558683
52551380
52551578
52557460
52553733
52557527
52557180
52556877
52558056
52554812
52558724
52551534
52551392
52553263
52554312
52554258
52554436
52557720
52552991
52554843
52551838
52557109
52551463
52557118
52551932
52552762
52553159
52554687
52558314
52553335
52553676
52558341
52553461
52556082
52554152
52558610
52553587
52554462
52552886
52553043
52556509
52554030
52557234
52553116
52554068
52556414
52555401
52551154
52555964
52554396
52553218
52558012
52551171
52556101
52551078
52553561
52558385
52554071
52557688
52555400
52555104
52555154
52552924
52555177
52557774
52552696
52558433
52556224
52558219
52558239
52556225
52555107
52553171
52552413
52557940
52557068
52556761
52557877
52558259
52558017
52557933
52555939
52551187
52554381
52551753
52551381
52554568
52557084
52556106
52555190
52551174
52553636
52554479
52553254
52553504
52554373
52553643
52554666
52558619
52558082
52551449
52552846
52552980
52558309
52552784
52556962
52552368
52557500
52555458
52556134
52557669
52555495
52553974
52556538
52557485
52556454
52557552
52556128
52554832
52557694
52551733
52558029
52553712
52556176
52552866
52556610
52555248
52558236
52552416
52557450
52552062
52551013
52551440
52553074
52557131
52557397
52554662
52551020
52553292
52553534
52553315
52554454
52551916
52553985
52557169
52558719
52552820
52556743
52558812
52557564
52553149
52558023
52553644
52556751
52553321
52554034
52554785
52553140
52556516
52552053
52556370
52551422
52558793
52552526
52551242
52557336
52555193
52558303
52556338
52552874
52558411
52552926
52556708
52557401
52555088
52553439
52555469
52557946
52557462
52556431
52553417
52554354
52553796
52553998
52554922
52551790
52556445
52554059
52556878
52551856
52551322
52557380
52552304
52556003
52553993
52555463
52553741
52559109
52551642
52553273
52555954
52554778
52556863
52552630
52558577
52554236
52553505
52552905
52556672
52558699
52552939
52557852
52553535
52556861
52551236
52553860
52556530
52552960
52553533
52556679
52557424
52557990
52556333
52553044
52557898
52557854
52558428
52551333
52551479
52554221
52552985
52552312
52551053
52557725
52551570
52552459
52553166
52552409
52556978
52556076
52557290
52556026
52558351
52551505
52553030
52551215
52558247
52556604
52556008
52556422
52554239
52557996
52555144
52551960
52552089
52555434
52554588
52553882
52558458
52556376
52552218
52555826
52551972
52554282
52556968
52558347
52555197
52551245
52553494
52556895
52551439
52557510
52555946
52554903
52556528
52554694
52558826
52552357
52558217
52551016
52551682
52551926
52554598
52557865
52551274
52552043
52552326
52555143
52557559
52555457
52557359
52557418
52557345
52552113
52554736
52551374
52557100
52558386
52551796
52551349
52552462
