52744477
52732106
52755133
52756122
52741100
52747257
52755143
52741119
52747124
52755132
52744321
52755136
52747205
52747459
52741107
52744346
52744273
52742117
52744426
52727108
52747184
52755171
52732123
52744341
52767101
52744285
52747252
52736115
52757136
52744106
52745113
52744473
52762107
52744131
52747183
52744333
52744227
52742114
52747117
52758108
52736117
52744428
52744429
52744124
52747108
52747470
52745135
52733147
52744117
52744246
52747120
52744352
52744500
52744296
52781100
52744102
52732132
52744208
52747173
52755111
52745112
52757100
52745108
52744232
52756103
52781120
52757115
52744585
52733158
52733167
52733191
52732116
52741146
52744103
52741104
52747189
52747192
52747126
52755110
52733152
52757113
52756126
52747175
52754108
52747399
52744586
52762110
52733339
52747517
52744432
52744319
52736119
52744196
52744236
52744191
52744551
52742107
52754109
52756130
52744384
52747163
52741118
52757147
52733118
52733173
52733159
52733117
52747226
52742100
52747167
52741115
52732114
52747224
52747176
52744303
52747209
52756127
52744198
52755101
52744452
52744244
52747195
52755556
52744178
52756113
52747136
52744501
52758105
52741105
52741136
52741135
52755114
52744338
52754100
52733170
52747122
52744243
52744453
52742115
52756134
52757477
52747153
52747181
52733144
52736118
52747223
52747161
52757125
52744430
52744266
52744158
52744129
52744530
52744272
52762128
52757139
52744287
52744534
52744164
52744239
52744221
52745106
52757154
52755104
52733109
52733100
52732108
52744504
52744121
52744370
52733145
52733135
52733136
52744332
52732103
52744245
52744533
52744372
52744283
52742424
52733336
52741411
52755194
52744168
52744163
52767108
52744223
52732111
52747185
52744470
52747104
52733156
52767121
52757151
52755172
52745109
52744290
52762628
52745107
52744528
52754110
52744414
52747110
52744174
52732101
52744261
52757146
52742109
52732100
52747133
52745120
52742116
52744342
52727116
52744210
52747509
52744320
52744194
52745100
52742106
52744425
52757134
52756132
52744302
52744115
52781107
52755174
52733155
52781110
52745115
52745102
52767117
52733294
52744336
52767112
52756116
52747132
52781108
52754107
52757122
52744146
52755129
52744314
52767104
52744312
52744295
52744130
52744205
52741127
52756128
52744317
52742121
52747109
52756107
52733126
52744242
52757111
52744269
52744162
52744207
52744376
52755113
52756133
52745126
52744170
52757118
52744347
52727105
52747145
52733168
52744471
52745121
52762105
52756146
52747142
52741116
52747125
52744257
52758109
52744308
52733143
52744371
52736109
52747194
52747138
52744144
52744284
52762101
52756148
52745125
52741112
52747156
52767115
52744203
52732115
52762623
52744546
52747254
52744420
52744292
52744114
52744375
52758100
52733120
52767107
52756125
52757138
52744381
52747255
52744464
52747253
52744408
52744180
52747107
52747106
52744532
52744169
52744374
52747258
52744516
52744197
52756129
52744213
52733142
52747151
52744447
52732109
52762116
52762111
52744558
52744909
52744176
52736103
52747274
52733223
52755142
52756112
52757152
52741125
52756111
52756114
52733125
52747256
52756165
52755141
52744503
52744193
52747113
52747159
52756115
52741137
52744286
52733148
52744334
52744181
52744353
52744151
52747529
52733124
52747174
52742110
52733582
52747121
52733139
52744326
52744373
52741138
52744222
52744402
52733337
52745103
52757132
52758103
52744187
52757130
52736112
52733127
52744182
52744224
52756108
52757129
52732119
52747498
52755109
52757123
52747499
52757133
52742129
52744455
52745137
52744309
52747164
52747222
52733157
52744240
52744238
52744350
52758110
52757135
52757137
52744160
52767113
52744322
52747131
52745111
52767100
52727106
52747100
52756149
52744910
52755116
52744217
52755102
52744304
52745128
52733119
52747111
52727110
52745110
52733104
52745127
52727109
52744297
52741129
52767114
52732107
52742113
52747193
52767679
52741117
52747149
52744119
52732104
52745118
52727103
52767110
52744379
52756123
52756135
52744383
52744275
52744294
52757126
52744415
52744113
52747219
52762109
52744171
52767102
52736113
52733107
52744495
52758107
52744335
52733593
52744324
52741120
52732117
52757105
52744437
52747130
52744672
52755557
52767130
52733116
52767106
52744506
52757107
52741109
52745114
52747140
52762125
52733151
52744454
52744108
52755127
52762102
52747220
52747114
52747118
52754104
52733114
52745116
52781109
52747150
52744136
52736104
52741121
52744256
52733134
52742123
52744122
52744186
52747155
52762122
52757114
52755128
52744351
52755100
52736111
52745119
52747119
52744587
52756117
52741111
52756131
52733141
52744325
52744529
52741150
52767116
52762117
52741124
52757108
52741122
52744143
52744258
52744235
52744323
52733128
52755108
52767103
52733101
52744313
52747115
52745124
52747273
52747141
52754112
52733129
52744177
52744148
52755559
52744262
52747144
52756124
52744337
52741103
52747102
52762120
52744543
52736108
52744440
52744293
52744427
52744355
52742102
52744153
52736106
52741130
52733188
52733108
52741134
52744253
52733115
52744267
52745104
52755117
52744340
52733153
52744382
52736100
52756105
52741144
52781104
52745134
52744165
52755121
52744264
52747160
52744456
52744157
52732118
52744268
52744128
52747172
52744166
52744588
52742119
52744100
52756110
52747143
52744458
52757121
52757119
52744229
52767671
52741110
52744380
52744118
52744557
52757117
52747105
52732130
52744110
52744349
52744112
52744572
52747218
52741132
52744265
52744159
52744120
52744311
52744348
52744274
52744133
52757106
52781111
52745122
52745140
52762106
52744179
52742103
52744310
52747162
52747101
52781103
52767120
52757102
52742122
52744204
52742105
52747545
52754106
52733138
52744105
52741151
52744209
52762100
52744141
52744424
52755558
52755120
52756120
52744225
52762168
52756136
52733169
52741113
52744449
52744318
52762124
52733189
52755119
52747127
52744132
52744401
52762114
52744127
52744356
52732113
52744448
52733132
52744459
52762155
52755131
52744409
52744457
52744299
52744354
52744233
52733133
52744231
52744421
52742111
52745136
52756101
52747225
52747275
52744145
52744407
52756119
52744291
52755124
52757109
52744195
52757120
52744263
52741131
52744104
52744192
52744289
52744107
52744241
52747221
52744135
52736105
52744377
52744465
52756118
52744537
52732121
52762115
52757116
52733190
52744507
52755138
52744463
52727100
52744259
52741123
52744228
52744339
52741126
52742112
52756100
52742120
52733584
52758104
52745123
52736116
52747479
52747148
52747200
52747201
52762625
52744378
52756106
52747112
52744101
52744439
52747186
52755139
52755130
52745141
52732122
52747152
52744123
52733199
52741114
52747168
52747165
52744260
52744154
52733106
52747129
52733583
52755140
52733121
52741145
52745117
52757112
52747177
52755149
52744505
52755115
52754103
