52775752
52771375
52775236
52775146
52775275
52773154
52772161
52771131
52771116
52775152
52773231
52771125
52771546
52772154
52773190
52771720
52773221
52771160
52775141
52771201
52773183
52775149
52771168
52779124
52772104
52772108
52771126
52771272
52771142
52771325
52773127
52775103
52771357
52771415
52772126
52773199
52773200
52771444
52772162
52771503
52772130
52771299
52771165
52771402
52789101
52771410
52772148
52773186
52771601
52771229
52773112
52772139
52771139
52772125
52773260
52775162
52771163
52773104
52771775
52789147
52775227
52771438
52772118
52775196
52775110
52775235
52771295
52791125
52775228
52779102
52771254
52773175
52775153
52771384
52789100
52771178
52771431
52775120
52771194
52771463
52775122
52771146
52771722
52771183
52776129
52772164
52773103
52771203
52773170
52772132
52771374
52771363
52771109
52771371
52772117
52771342
52771708
52773168
52771349
52771772
52771365
52771264
52773198
52771332
52773233
52773144
52771499
52771103
52771198
52775751
52775707
52771156
52771359
52773188
52772102
52773218
52771437
52771484
52776124
52775164
52775750
52771423
52775121
52772146
52771343
52771334
52771238
52791113
52775187
52771239
52775104
52771777
52773176
52789118
52773121
52772123
52773223
52771100
52773132
52773189
52771747
52773110
52776109
52771395
52773106
52775200
52775102
52772110
52771702
52771132
52775771
52773222
52771501
52771302
52775135
52779106
52779117
52773171
52771104
52773122
52776100
52775132
52771621
52772144
52775183
52772160
52773138
52775129
52771110
52771119
52771218
52775138
52772181
52771174
52773153
52771358
52772166
52771443
52771558
52773109
52771406
52772119
52773739
52771143
52773152
52771344
52773107
52771155
52775242
52775209
52771362
52773158
52771500
52773143
52773680
52773137
52771124
52773156
52791120
52771422
52771158
52775202
52771129
52772189
52791105
52771187
52772159
52771235
52771426
52775133
52772114
52771265
52775108
52772138
52771353
52771279
52771177
52776133
52779115
52771350
52776123
52771292
52771335
52771240
52771518
52775281
52791102
52772101
52775130
52772736
52772137
52773181
52775226
52771330
52775260
52771188
52771243
52771136
52771244
52773220
52789125
52771315
52771419
52775151
52771404
52775142
52771191
52771118
52775166
52775205
52771361
52771102
52771498
52771405
52772131
52775593
52773159
52771115
52773682
52773126
52771192
52771567
52771705
52771397
52771147
52775165
52779134
52775181
52772134
52775234
52771261
52771414
52772133
52771424
52775189
52775760
52772122
52773148
52775150
52775756
52779133
52772140
52771202
52771409
52775136
52771333
52771420
52771134
52775161
52773234
52789124
52771447
52776113
52789110
52771323
52771221
52771217
52776110
52776125
52789113
52775118
52773734
52772163
52775203
52771154
52776126
52771159
52771568
52779120
52775134
52775251
52773113
52772109
52773119
52773265
52776121
52771321
52775143
52772153
52771746
52775758
52775100
52789107
52775117
52773141
52771383
52775784
52775182
52771175
52771205
52772136
52771222
52771303
52771502
52773195
52789109
52772120
52772150
52771260
52779135
52791112
52771213
52773124
52771439
52771370
52771288
52771309
52779116
52771535
52773129
52771214
52775144
52771373
52789130
52771316
52772180
52771232
52771683
52771425
52779113
52771106
52776115
52771436
52776767
52775107
52775119
52773115
52773178
52775125
52771555
52775128
52771152
52773149
52771263
52771726
52772143
52773136
52776189
52773131
52771162
52771236
52771101
52771284
52771774
52771294
52771322
52789119
52791100
52775109
52771331
52772115
52772113
52776105
52771273
52773130
52776769
52771291
52775114
52772155
52771352
52775105
52772105
52771220
52771701
52772124
52771161
52771411
52775232
52773202
52773731
52776106
52771403
52771112
52773219
52771364
52771172
52771314
52773102
52772182
52773123
52771267
52773182
52771390
52772167
52773163
52772121
52771699
52771360
52771298
52775131
52771234
52775188
52773125
52771396
52776163
52773101
52789103
52773135
52771121
52773140
52776120
52771526
52773179
52771795
52775759
52775156
52776154
52771684
52771566
52775123
52773174
52775145
52771391
52771141
52771381
52773150
52771776
52775179
52775757
52771338
52772100
52773157
52773114
52771123
52771245
52772141
52775158
52773232
52775137
52789121
52791110
52775706
52773201
52773128
52771120
52772165
52776103
52771385
52776130
52771318
52772106
52789114
52773134
52789112
52789891
52771392
52771117
52779125
52772135
52773147
52775191
52775106
52771144
52773108
52771227
52773151
52771150
52775124
52771729
52773139
52772128
52771209
52771179
52772107
52771386
52791103
52789105
52771186
52771793
52771293
52771259
52771382
52771327
52771700
52771324
52771231
52771151
52771794
52771417
52772151
52771195
52771210
52773155
52771268
52773166
52773133
52773185
52775190
52791106
52772129
52772169
52771393
52772158
52771149
52773172
52771207
52772111
52771346
52776153
52775159
52789104
52775199
52771105
52771379
52775115
52775193
52771427
52772142
52776104
52771355
52771339
52771140
52776135
52771354
52771703
52771430
52775169
52771266
52773116
52789120
52771557
52791111
52771130
52776134
52776102
52771297
52771433
52771258
52771200
52771128
52772156
52771329
52773120
52775163
52771135
52771113
52771208
52771421
52771228
52775243
52773736
52771215
52771271
52771180
52789108
52775256
52775198
52789111
52771485
52773146
52773187
52771712
52775206
52775127
52771366
52775160
52771206
52771173
52775139
52771111
52771233
52771182
52771435
52775101
52772157
52779108
52773192
52775241
52771199
52775237
52771176
52771467
52771525
52776139
52771340
52771356
52771432
52771204
52773193
52775224
52779112
52771434
52771416
52775215
52771189
52771137
52771345
52771184
52789898
52775214
52772183
52771328
52771185
52775192
52776768
52775126
52773216
52772749
52771306
52773173
52775157
52779109
52772112
52776107
52775154
52773111
52773169
52771122
52771127
52771486
52789106
52771262
52771778
52771301
52771351
52775155
52771709
52771157
52773117
52789116
52775225
52775111
52771372
52771348
52772179
52771190
52773105
52772116
52771181
52775185
52776593
52772152
52771219
52772145
52775167
52779137
52771300
52771242
52771114
52771289
52771341
52776112
52775229
52771216
52771255
52771627
52773180
52775113
52773730
52771569
52776101
