52348102
52378112
52321105
52348107
52378885
52378138
52475101
52386112
52378710
52374102
52317123
52391125
52348116
52321116
52374111
52348121
52475954
52341419
52315121
52437110
52341116
52378148
52341103
52374115
52378118
52317100
52341158
52317102
52342110
52475110
52341168
52374113
52378143
52457107
52386120
52321102
52341111
52317105
52437109
52341241
52378707
52375119
52341105
52378127
52348130
52378709
52348103
52348181
52378110
52317136
52375111
52378116
52375116
52391101
52341437
52321113
52341167
52375127
52341411
52457106
52375107
52375147
52341114
52341198
52348593
52341180
52315102
52341207
52348106
52378145
52315101
52345110
52341106
52315104
52374100
52437105
52317112
52341878
52341115
52341138
52341125
52341218
52317108
52378124
52437108
52475103
52375103
52386100
52457100
52317120
52378102
52341101
52341135
52341121
52342109
52378108
52386121
52475131
52348789
52315168
52315113
52375138
52386105
52378204
52348141
52341117
52348149
52341128
52342101
52348114
52315107
52475102
52475100
52317873
52457104
52378790
52386103
52342100
52378711
52348112
52378701
52341160
52341146
52348125
52378149
52375105
52315108
52375131
52317387
52315152
52437100
52317381
52341122
52375760
52317129
52386113
52341120
52378100
52341430
52437103
52341139
52348104
52348110
52341170
52341137
52317103
52341100
52386108
52386104
52378103
52315109
52378101
52348152
52317106
52378151
52341436
52378117
52341239
52348105
52341205
52341439
52315126
52378706
52317114
52374148
52373108
52341879
52375126
52378203
52378786
52317104
52317128
52378109
52378105
52342108
52348132
52341148
52378593
52315110
52341129
52341149
52348119
52341420
52342117
52378185
52341159
52475108
52375104
52348124
52374105
52348140
52341215
52341217
52437107
52341107
52457105
52348134
52315106
52341140
52317131
52348123
52391103
52348101
52386106
52317109
52374107
52348194
52341104
52457102
52317113
52475112
52378104
52373103
52341102
52341161
52341145
52378111
52378114
52341177
52457103
52341150
52342121
52317121
52378122
52315114
52341165
52342107
52317389
52348129
52341173
52475109
52341176
52341216
52341112
52348148
52341178
52341151
52375112
52375124
52375146
52375122
52317107
52341163
52321106
52437102
52375102
52341162
52348151
52378186
52341126
52374117
52457112
52348100
52374103
52348131
52375108
52342112
52317132
52374109
52375120
52475958
52341134
52375101
52348108
52341886
52341156
52378121
52386111
52374110
52341119
52475951
52378113
52378708
52341206
52317388
52341108
52341155
52348133
52341175
52375125
52375130
52341240
52321100
52378139
52378129
52348113
52315115
52341136
52317383
52341127
52378128
52386109
52342102
52348138
52348126
52437104
52317101
52348109
52342103
52378142
52321108
52348135
52437479
52378731
52375121
52378159
52378906
52341147
52315100
52317119
52342105
52374101
52321103
52375113
52315112
52375751
52375141
52375118
52375100
52321107
52341208
52391108
52315125
52378107
52317385
52348111
52378115
52341110
52317111
52374124
52348144
52341118
52374182
52315354
52341109
52475107
52386118
52348146
