52427123
52712191
52427205
52729349
52729128
52722709
52729105
52712314
52722101
52722611
52729102
52729112
52722776
52722154
52722398
52427276
52722337
52722404
52595102
52722762
52712133
52712176
52729229
52729118
52722433
52722855
52729117
52712179
52722131
52712260
52722838
52722594
52722349
52722394
52722692
52427191
52722821
52722387
52722569
52722414
52722221
52722683
52722677
52427195
52595114
52427159
52729343
52714106
52722564
52729150
52722902
52729183
52729181
52712188
52712223
52722665
52722784
52729113
52722379
52722774
52722392
52722607
52722339
52722358
52712147
52427107
52729240
52722885
52712126
52722194
52729224
52722905
52729254
52712152
52729234
52722662
52729133
52729142
52722231
52722172
52729247
52427225
52427120
52722768
52729136
52712100
52729231
52722185
52712264
52729154
52722663
52729166
52729297
52729250
52729327
52722389
52712155
52729307
52729236
52722681
52712229
52722642
52722202
52722698
52722253
52729331
52729168
52722421
52722758
52712251
52729322
52722300
52729226
52722587
52722335
52427112
52427103
52427229
52722636
52722261
52722233
52729169
52427163
52722865
52729126
52729337
52595116
52427141
52722424
52722702
52722847
52722794
52712166
52722835
52729287
52722120
52722354
52729348
52722837
52722834
52729239
52722431
52712107
52722128
52427115
52427262
52729336
52729551
52427200
52729302
52722291
52427172
52722619
52729540
52722775
52722595
52427130
52729384
52722853
52722684
52722601
52712343
52722429
52427167
52427122
52729140
52722124
52722129
52722593
52712115
52722588
52729294
52712182
52729391
52722264
52722151
52712252
52427152
52722860
52729578
52729389
52722312
52729143
52729124
52729163
52722635
52722822
52722395
52722669
52722353
52729248
52712213
52722844
52427156
52722336
52722671
52427244
52729364
52722622
52427299
52729574
52729139
52722369
52722192
52722157
52722617
52427119
52729108
52722625
52729109
52427164
52722260
52729123
52722363
52427181
52595125
52712130
52729233
52729225
52729471
52722175
52722846
52712256
52722570
52722372
52722309
52722248
52427290
52722144
52726102
52722600
52595106
52722798
52722805
52427183
52712257
52722647
52722162
52712263
52722655
52729173
52722377
52722383
52712117
52729283
52722638
52729158
52712143
52722878
52722830
52722138
52722676
52722241
52712231
52722411
52722748
52712305
52722686
52729237
52712134
52722177
52595110
52729284
52729402
52722125
52712187
52712272
52722826
52729245
52729352
52712300
52722608
52712105
52722140
52722797
52722341
52729178
52712227
52729159
52729131
52722434
52729180
52722109
52722352
52729132
52722303
52722898
52729282
52722245
52722581
52722104
52722628
52722759
52722374
52712108
52722314
52722381
52722306
52722117
52729564
52427231
52722872
52712141
52722772
52729153
52712259
52427277
52427121
52722678
52729346
52729111
52722842
52722615
52427104
52427300
52722707
52722299
52722292
52722795
52722603
52729289
52722791
52712289
52722900
52729295
52722343
52722909
52722691
52712116
52722193
52427279
52722357
52722234
52722119
52722906
52729290
52722756
52427106
52722767
52722439
52729251
52712138
52427228
52722286
52729385
52722908
52722785
52712299
52722613
52729141
52722825
52722859
52729332
52724103
52722355
52595952
52729350
52729557
52722850
52722356
52722149
52722618
52722432
52729121
52712158
52722661
52729129
52722621
52722155
52722652
52427110
52729362
52722425
52427109
52729563
52722168
52722689
52722181
52722889
52729291
52722667
52722799
52729244
52729357
52712250
52722631
52722760
52712242
52427100
52712103
52722792
52729484
52722108
52722869
52729172
52427206
52722761
52722346
52729498
52722871
52722293
52712241
52427289
52722110
52722102
52712210
52427102
52729174
52722332
52427149
52722852
52722651
52427151
52729501
52729144
52722637
52722153
52722229
52724108
52722801
52729499
52722413
52712237
52729119
52729182
52722649
52722745
52722646
52729529
52729367
52722178
52712151
52722796
52729468
52722670
52712219
52712261
52427184
52712218
52729227
52712217
52722716
52722399
52729286
52722657
52722334
52712136
52712202
52729107
52722833
52712243
52722116
52722904
52722246
52722321
52712245
52712214
52722887
52714110
52592109
52729369
52722360
52722882
52712165
52722310
52427593
52722254
52729110
52726131
52722160
52712177
52712154
52712192
52712171
52712181
52729100
52729156
52722675
52729161
52722907
52729359
52712135
52427242
52722437
52729329
52722243
52722152
52722145
52722857
52722201
52712102
52729555
52729134
52722790
52722764
52726100
52722225
52427198
52722362
52722782
52729341
52722361
52427180
52729130
52722139
52722858
52722376
52722701
52722640
52729280
52722893
52722743
52729571
52722111
52729164
52722342
52712140
52729342
52726104
52722380
52722397
52595113
52722868
52729147
52722700
52722133
52722586
52722685
52427194
52726262
52427298
52722315
52729125
52729114
52427427
52712199
52712207
52722294
52712118
52595107
52427128
52722664
52722576
52722415
52712139
52729299
52722422
52722313
52722465
52722148
52722251
52722224
52427182
52722862
52722626
52712132
52722856
52427222
52729300
52427118
52427196
52722888
52729175
52729378
52722674
52722778
52722371
52722658
52714549
52722896
52722115
52722804
52722158
52722840
52729366
52722598
52722122
52722143
52729526
52595112
52722412
52427150
52722747
52722845
52722643
52722710
52722189
52722284
52722568
52427137
52722391
52722302
52427145
52729304
52712175
52722269
52722803
52722864
52729470
52729296
52712150
52722572
52729177
52729527
52722566
52722118
52729243
52722420
52595109
52722267
52712234
52712230
52722711
52427185
52722867
52722633
52722644
52729566
52729323
52712159
52712225
52722147
52722428
52729135
52722602
52722186
52729160
52722204
52722311
52712178
52722656
52729345
52427219
52712162
52427158
52722650
52712193
52729103
52722400
52712185
52722654
52729358
52722406
52729361
52729127
52722746
52712142
52729339
52729285
52712208
52712164
52712246
52729165
52712228
52712226
52427127
52729309
52722863
52722409
52729443
52729241
52726126
52722912
52722849
52729167
52722605
52712163
52712280
52712183
52729347
52729232
52722561
52729491
52712197
52427166
52722765
52726101
52729321
52722843
52722103
52712215
52722793
52722828
52712128
52722565
52427202
52729288
52729368
52729338
52427168
52722645
52722563
52722597
52729104
52722366
52722206
52712190
52712160
52722560
52729246
52729106
52722141
52722754
52722350
52712149
52712195
52729365
52712174
52722854
52722250
52427201
52722755
52729137
52595108
52722368
52722333
52712211
52729253
52722126
52722653
52722396
52729155
52427108
52722779
52722100
52729569
52729525
52427275
52712172
52722423
52722672
52729324
52712268
52722146
52722891
52427288
52729235
52722142
52722297
52712320
52722161
52722382
52712258
52722848
52722639
52729230
52712169
52722370
52722373
52712329
52427161
52722410
52712297
52722156
52427197
52427224
52722839
52729122
52729252
52722571
52722877
52729184
52427273
52427114
52722573
52722166
52712235
52722806
52712201
52722252
52722668
52722367
52595957
52722980
52722884
52729298
52595122
52427126
52722203
52712204
52712180
52712198
52722679
52722717
52722629
52722895
52712224
52722851
52722150
52729152
52722173
52722112
52729308
52427116
52722744
52427278
52729149
52722419
52729264
52427227
52722606
52729469
52722183
52722841
52722883
52722351
52722426
52722627
52722393
52722295
52722771
52722121
52722596
52722780
52722609
52712247
52729591
52722802
52595115
52722244
52722648
52712248
52427203
52712148
52712168
52712153
52722266
52722130
52722417
52712101
52729301
52722788
52712222
52729330
52712173
52722159
52722378
52722861
52729344
52722718
52722910
52722340
52712205
52722673
52722769
52722288
52729260
52722614
52729360
52722876
52717116
52722753
52595104
52712203
52722687
52729281
52722592
52712220
52722438
52722836
52729228
52595120
52722338
52712114
52722567
52722348
52722375
52722418
52722107
52722781
52722770
52722875
52722890
52712262
52722405
52722169
52712279
52729138
52722750
52729588
52722783
52722584
52729503
52729306
52722666
52722616
52729305
52722591
52729328
52729292
52595101
52712170
52722364
52712167
52722113
52722305
52722247
52722610
52722106
52722682
52427207
52722390
52427165
52722680
52722807
52722308
52722137
52712112
52722105
52722641
52722585
52722789
52729171
52722365
52722427
52722786
52722407
52722620
52595121
52722320
52729170
52427162
52722583
52729249
52729157
52722307
52427306
52427204
52722304
52712196
52427243
52722715
52427186
52722634
52722604
52722301
52722562
52722331
52729528
52729116
52722322
52712194
52427124
52712313
52427179
52722388
52729115
52427189
52722874
52712146
52729151
52722281
52714100
52729238
52722182
52722123
52722170
52729340
52729176
52722290
52722289
52712244
52729185
52722403
52427132
52722612
52729335
52712267
52729162
52712189
52729120
52722435
52712216
52712278
52722408
52712113
52722787
52722240
52427226
52712334
52722164
52722873
52729325
52729145
52722239
52729242
52722708
52427117
52722430
52722659
52729500
52722870
52427111
52722574
52729320
52722165
52722347
52729377
52729255
