52443166
52443357
52443374
52452170
52443400
52352106
52452287
52443164
52452443
52352164
52452164
52443593
52354103
52353137
52443188
52447119
52452244
52443338
52453156
52443462
52351162
52425112
52715115
52447112
52753539
52353145
52453138
52786208
52443418
52443117
52453999
52447141
52452253
52443183
52453144
52353129
52753145
52351283
52443495
52753113
52459134
52443389
52443337
52443240
52459117
52443528
52452101
52447100
52353131
52447114
52443218
52459103
52351278
52443103
52443839
52452187
52753105
52353110
52443390
52351179
52352103
52443346
52443184
52753120
52715253
52434104
52452283
52443845
52352188
52453228
52425100
52443783
52443610
52443491
52435106
52443555
52452269
52447475
52443260
52443505
52443225
52443638
52435101
52452136
52715152
52443174
52443731
52452145
52351129
52443196
52459106
52443371
52443723
52443331
52453101
52452191
52753130
52425140
52443170
52434147
52351282
52351137
52443684
52443702
52353134
52425103
52352523
52452166
52443432
52351148
52452504
52443840
52352121
52351150
52459114
52753165
52786163
52443130
52425154
52715148
52447104
52715162
52443639
52715197
52434127
52443347
52715136
52353230
52425132
52715108
52443722
52443451
52351350
52443408
52753100
52353127
52447171
52452132
52753168
52352112
52443169
52351167
52452124
52452177
52351130
52443201
52351144
52443214
52353963
52452175
52443721
52351145
52443229
52351217
52354121
52443345
52459100
52351112
52715143
52434112
52443541
52453115
52351124
52459120
52443112
52434149
52452235
52443622
52443460
52453165
52447167
52452174
52452103
52452201
52351223
52715144
52443372
52443216
52443543
52353102
52351174
52443580
52425152
52443846
52452117
52443486
52443285
52351513
52459105
52434131
52434100
52351168
52447113
52753101
52354117
52452245
52443471
52447125
52443245
52453116
52351109
52459119
52443258
52443479
52459122
52434108
52443649
52452247
52453159
52443430
52352120
52443102
52443582
52447116
52753110
52453127
52443484
52443376
52434103
52452518
52447172
52453110
52351104
52753162
52443487
52447126
52443438
52452137
52351519
52453108
52453217
52443550
52443464
52715147
52753116
52351208
52443140
52452149
52351220
52353173
52443725
52443499
52351224
52443205
52434167
52443394
52443446
52351149
52753127
52443413
52443399
52452127
52425123
52425129
52443414
52452139
52443160
52452229
52443567
52452129
52425131
52443426
52425110
52353536
52351185
52434187
52715134
52352145
52443252
52354107
52452162
52452217
52443733
52443186
52443696
52354128
52443283
52353539
52351306
52453226
52443221
52443561
52452183
52452151
52753173
52443385
52443219
52351105
52435121
52452593
52434562
52443171
52434156
52443386
52715101
52351302
52453121
52443115
52434138
52443307
52443788
52753144
52351202
52351127
52452203
52351216
52351259
52453131
52443191
52443189
52443570
52443465
52351308
52443355
52425139
52352217
52443485
52443329
52453173
52443440
52352117
52443360
52447101
52443101
52443404
52354100
52443576
52443342
52443571
52443128
52351197
52443328
52453119
52443273
52452126
52425127
52459107
52443318
52452272
52443672
52443370
52443468
52351123
52452121
52353138
52443405
52351161
52452122
52452194
52354150
52425111
52443652
52753119
52434132
52753167
52447108
52443228
52351188
52434116
52425146
52443119
52351128
52354123
52443136
52459112
52452211
52715163
52425133
52443584
52443365
52353126
52443475
52352115
52352529
52715182
52353204
52351747
52447107
52425115
52354105
52354113
52452182
52452178
52753154
52453135
52715164
52447110
52352129
52354119
52715102
52715139
52443634
52443379
52351913
52786169
52443450
52459125
52459104
52715159
52354127
52352124
52353143
52452197
52352123
52351204
52443687
52753155
52351101
52443138
52459123
52452105
52443841
52715157
52453140
52459118
52351177
52453137
52452171
52453169
52453148
52353103
52351125
52715593
52452206
52753157
52354541
52434120
52425147
52352136
52452188
52443473
52452130
52459116
52443421
52352116
52452159
52786209
52753115
52443300
52443529
52351121
52443172
52353184
52452521
52443125
52443192
52453197
52352154
52354129
52352102
52443544
52715254
52715128
52452196
52443277
52351199
52715150
52352100
52443492
52453532
52353100
52351103
52443712
52453158
52352561
52753118
52443222
52354101
52753143
52452520
52715167
52351180
52351226
52443207
52715173
52354136
52352153
52753174
52443270
52354106
52452480
52447173
52453530
52443199
52753139
52434148
52443459
52354102
52443838
52434107
52753125
52354545
52452108
52753114
52453209
52443729
52453516
52434115
52352207
52452100
52352108
52443271
52434133
52753136
52352147
52353107
52715121
52352138
52351146
52452301
52443480
52443396
52435115
52443557
52452140
52443373
52715135
52447130
52443714
52443411
52715146
52443267
52443562
52443581
52443272
52351304
52443230
52753148
52443461
52351203
52443321
52715165
52443683
52452181
52425116
52425120
52351135
52452500
52351205
52443242
52443168
52443516
52434135
52453122
52351107
52443179
52459111
52443401
52453157
52452305
52434188
52434101
52353101
52353105
52351196
52443133
52715188
52447106
52443643
52452195
52352140
52354124
52715119
52443551
52715255
52443537
52443121
52443578
52443363
52715155
52425121
52353106
52443650
52443695
52715100
52351190
52353132
52443512
52443215
52351509
52452176
52351158
52443237
52753109
52425107
52443146
52353113
52443178
52443437
52753131
52352163
52443243
52443583
52443266
52352501
52434139
52351500
52354109
52443206
52443116
52443707
52715103
52443127
52425118
52443533
52351305
52443217
52443126
52452106
52352139
52443482
52443569
52351175
52715145
52443157
52452525
52434114
52351279
52452112
52443681
52351348
52443508
52443236
52443490
52452431
52715114
52434155
52753151
52715217
52453139
52443227
52443122
52443442
52435103
52453146
52351183
52453145
52452125
52453531
52452303
52452505
52353125
52452432
52452102
52425134
52443135
52351193
52452276
52443645
52352125
52353142
52459133
52443590
52753153
52453103
52443155
52443504
52443132
52459109
52443223
52353139
52443356
52443109
52453102
52443265
52434121
52443246
52453128
52443641
52435100
52443177
52443469
52443107
52354108
52447105
52351347
52352161
52443443
52351548
52443694
52452285
52451100
52425119
52443594
52351111
52352208
52351225
52352193
52715154
52715161
52443732
52753126
52425135
52443158
52452526
52447146
52452234
52453109
52452282
52443642
52453125
52715110
52452306
52443181
52443844
52351115
52443640
52443286
52352111
52453515
52443254
52452180
52453107
52443256
52435112
52452219
52443143
52443513
52351349
52753147
52352146
52353206
52443449
52443693
52753210
52443354
52443351
52443362
52352229
52443364
52443349
52443439
52351262
52352194
52443288
52443686
52459115
52443118
52443378
52443474
52443496
52443100
52753104
52443367
52443226
52443111
52753141
52443565
52443410
52443311
52715196
52443104
52452157
52453153
52434151
52443253
52453112
52443621
52443697
52447121
52351222
52352144
52352142
52443633
52443429
52443609
52452202
52443105
52425128
52353123
52753108
52425122
52443366
52453164
52353144
52447150
52786113
52443182
52434105
52452249
52452133
52452134
52447120
52352132
52443377
52354120
52434106
52443724
52443264
52453134
52425117
52452154
52443198
52452218
52753102
52351133
52352557
52453539
52443463
52443416
52351147
52452120
52352206
52353135
52447124
52753163
52443231
52443632
52453166
52443470
52443383
52352110
52453132
52452225
52443239
52443734
52452204
52452168
52443193
52452200
52753533
52453167
52447153
52453155
52351206
52443259
52443144
52443336
52443448
52786182
52715118
52354546
52452167
52351184
52753213
52453227
52443305
52452281
52452135
52452179
52353120
52453114
52443608
52443129
52453100
52352156
52434119
52351114
52351510
52453136
52452118
52715166
52354134
52443257
52443154
52354126
52753121
52443476
52443422
52443586
52443120
52443134
52443163
52452104
52353205
52353168
52443728
52443332
52443139
52447132
52443409
52352133
52353114
52443735
52353152
52715124
52425126
52443477
52453130
52715112
52459121
52443244
52452308
52443194
52443493
52351132
52354114
52353124
52447109
52351280
52715109
52354110
52447115
52786165
52353108
52452268
52425108
52443306
52353112
52434128
52434144
52351156
52452220
52351122
52715127
52351182
52443611
52459113
52753134
52351169
52354122
52443574
52453540
52443406
52353148
52753107
52452107
52425148
52443301
52443433
52453143
52443348
52443190
52447117
52452522
52443412
52351139
52443579
52453141
52443651
52443727
52425105
52443224
52351307
52351160
52353231
52443403
52452153
52354149
52351157
52353133
52453152
52443393
52443213
52443106
52354118
52452150
52443202
52443514
52753164
52443498
52452228
52443843
52443145
52443545
52425138
52443539
52434170
52443159
52351159
52453117
52452123
52351186
52453124
52443395
52753112
52443335
52353563
52715141
52351143
52447145
52453150
52351102
52435107
52443692
52443592
52351234
52443588
52425124
52443375
52443235
52443302
52351113
52443261
52452144
52715169
52786181
52452199
52434169
52351228
52753180
52443646
52443167
52443698
52443644
52351118
52452143
52715140
52443535
52443269
52452113
52443483
52351120
52443548
52715104
52352152
52425101
52443392
52443703
52425106
52453123
52352165
52353140
52453142
52443361
52434137
52443402
52443185
52753534
52447135
52715123
52443388
52443358
52452248
52753152
52425104
52452109
52452226
52753140
52434102
52447118
52715179
52443110
52351227
52452213
52443238
52452131
52453154
52351309
52425150
52786162
52786199
52452138
52452190
52443494
52443325
52452246
52443457
52353109
52459110
52452172
52453111
52753137
52352593
52753142
52443220
52351176
52443481
52434175
52443200
52447103
52434136
52715120
52753146
52425109
52351108
52443624
52715218
52452198
52453192
52452529
52351134
52452116
52352592
52452158
52352113
52452146
52443726
52352528
52435120
52443517
52452114
52353104
52352151
52353121
52353535
52351119
52351117
52452156
52452184
52443161
52452284
52786188
52443573
52443339
52715158
52753111
52452307
52443489
52452517
52443368
52354125
52354543
52715131
52443131
52443123
52443137
52443284
52715105
52443560
52425136
52453104
52715106
52425114
52452128
52452115
52452193
52452545
52443730
52352105
52452501
52434130
52447151
52443682
52353172
52452304
52443526
52425125
52453133
52443419
52443187
52753106
52443527
52353153
52351281
52452142
52453126
52352101
52443671
52452165
52352107
52715138
52443173
52351198
52753122
52452169
52443685
52443241
52453105
52352155
52443691
52753160
52452111
52354115
52715113
52753124
52351181
52443142
52434168
52354135
52452141
52443380
52443141
52351100
52443436
52443369
52447111
52443330
