52249146
52222327
52222175
52223104
52222147
52222840
52244147
52222310
52233130
52222585
52222320
52233116
52244135
52244786
52249117
52233104
52222669
52224111
52222912
52222644
52222457
52222165
52222833
52249133
52249153
52233152
52222628
52222630
52222817
52222812
52243106
52245121
52222207
52243114
52222491
52222579
52236112
52222142
52222919
52222556
52223116
52285103
52797105
52244105
52222387
52282123
52222828
52222526
52222824
52222336
52223118
52244111
52233759
52222134
52222415
52275110
52244107
52249183
52222170
52222459
52222352
52249171
52222183
52244134
52244232
52222139
52233105
52222104
52222111
52249136
52236120
52222516
52222606
52224100
52797110
52222126
52222672
52222521
52222377
52285105
52222865
52222835
52237106
52245106
52285112
52222804
52797111
52222262
52249172
52222440
52243116
52249187
52224112
52222610
52249137
52222445
52222845
52222554
52222149
52222456
52223152
52222371
52222397
52282130
52245103
52224116
52222103
52222414
52222489
52222401
52222161
52222929
52222338
52222922
52222201
52222907
52797127
52222391
52249120
52282104
52222925
52227103
52222668
52222656
52222293
52797116
52222827
52222903
52233121
52222345
52222171
52237113
52797101
52222422
52222536
52222132
52249175
52249144
52244128
52222361
52222182
52222653
52222256
52222114
52222805
52236110
52222174
52233112
52222333
52222436
52249112
52222209
52222914
52243112
52249203
52222348
52222520
52244129
52227125
52233127
52233136
52222316
52222131
52222678
52227109
52222910
52222176
52222280
52222851
52222524
52236136
52222148
52222908
52249213
52222356
52233147
52222437
52275106
52746488
52222484
52227100
52249110
52233107
52797113
52282829
52222278
52282128
52282160
52222272
52249159
52764121
52282140
52222517
52222388
52285109
52249161
52222863
52222468
52233115
52282111
52222816
52249156
52222172
52222652
52244151
52797977
52222534
52222809
52282825
52249128
52222364
52236116
52222439
52764105
52222814
52764117
52236103
52222651
52222151
52222198
52797153
52249168
52222566
52233102
52222897
52233151
52222135
52244114
52764110
52244118
52222551
52222529
52222488
52222366
52223124
52222411
52222325
52222954
52222542
52233109
52236100
52249121
52224107
52275103
52244785
52222351
52244113
52222879
52227123
52222322
52223112
52249160
52244189
52223131
52222808
52222199
52223108
52222197
52236106
52222580
52222839
52222342
52244101
52222480
52222347
52222413
52797117
52222512
52244152
52222543
52222921
52797131
52764112
52222140
52244115
52222545
52282108
52224103
52282145
52236115
52222909
52222324
52249185
52222830
52243121
52222611
52222416
52233119
52222163
52249152
52222848
52222335
52222581
52222464
52222118
52249169
52236109
52227112
52282105
52249113
52222330
52764767
52233129
52222831
52233134
52222999
52222825
52249176
52222461
52222550
52245593
52222120
52222906
52285129
52249162
52222438
52282171
52249210
52222876
52244130
52222212
52222486
52244188
52222532
52222427
52223107
52233110
52233135
52243145
52282100
52237107
52245112
52764113
52223123
52249166
52223128
52233106
52224108
52249154
52222671
52222265
52222930
52222523
52222125
52797130
52244124
52222317
52222358
52222124
52797107
52222528
52249186
52222314
52222307
52244131
52222679
52222250
52222665
52222537
52227106
52243126
52285550
52244136
52222655
52244447
52224105
52245111
52244106
52222155
52222847
52275111
52236118
52222856
52223103
52244187
52797146
52249123
52222673
52222449
52227153
52222185
52249163
52244143
52222811
52222533
52243132
52227115
52222530
52249138
52243110
52222159
52222239
52233124
52249140
52797140
52222384
52222801
52222117
52222815
52764138
52222881
52237109
52237103
52243138
52797124
52244110
52797102
52233120
52222396
52222433
52223143
52222127
52797106
52797120
52223113
52244448
52243100
52222531
52245108
52249119
52282555
52222166
52222425
52797100
52249108
52222481
52222823
52245119
52249134
52282159
52222410
52797155
52243139
52282129
52222859
52222510
52222923
52222557
52222549
52285102
52222300
52236104
52233128
52223174
52222308
52222539
52222927
52222473
52222898
52223175
52222822
52222378
52222349
52233101
52222614
52222915
52249182
52222173
52222807
52222662
52243108
52222558
52222470
52222492
52243122
52222875
52222810
52222873
52222394
52222381
52222215
52249170
52244139
52222292
52222878
52222460
52222572
52223117
52222238
52244148
52222331
52222932
52236122
52223132
52222843
52222666
52233146
52223125
52222128
52222426
52249177
52223129
52275105
52222442
52236130
52222318
52282161
52222455
52222154
52282125
52222506
52222435
52282102
52244157
52282143
52222841
52222501
52233122
52222109
52222864
52222538
52764100
52243435
52249148
52222312
52222107
52244127
52222463
52222110
52244233
52244150
52222152
52236113
52249127
52236124
52237111
52222877
52222541
52223121
52222332
52764130
52222504
52222867
52227121
52222393
52282110
52243155
52222615
52222522
52222607
52245110
52222362
52222618
52797114
52764119
52797121
52223115
52282131
52797122
52222301
52223106
52764102
52222813
52224113
52797123
52764103
52223100
52249101
52222858
52249178
52764101
52233126
52222896
52222850
52222860
52233131
52222158
52222189
52222474
52224106
52224115
52222350
52222412
52285104
52222208
52222677
52797118
52222567
52243131
52243115
52222424
52222203
52244159
52797141
52244100
52227147
52222258
52236102
52222334
52222487
52222657
52222392
52223101
52222150
52222357
52245109
52222255
52222398
52222577
52222928
52222616
52222631
52222540
52222374
52227105
52222608
52236108
52222448
52764122
52222346
52222380
52249141
52236117
52797109
52249116
52222855
52249593
52249111
52222122
52797128
52222525
52249184
52227107
52222217
52249999
52224109
52282148
52244123
52222188
52244122
52222196
52244109
52222275
52244442
52282124
52233143
52222355
52222895
52243120
52227101
52222623
52797145
52243123
52245450
52222469
52244121
52233103
52222432
52222493
52249147
52222901
52222101
52222385
52244102
52237108
52245105
52282107
52222383
52275109
52222363
52249155
52233118
52222206
52222417
52224104
52222818
52222560
52233125
52222205
52233114
52222670
52285124
52222852
52223130
52222659
52797119
52222527
52222924
52222871
52222548
52224110
52222100
52222299
52233113
52223114
52222429
52222313
52244158
52223105
52222407
52797976
52244234
52249109
52222866
52222826
52233123
52249129
52764111
52222184
52222260
52222167
52243119
52285108
52222305
52222360
52222507
52222156
52244160
52227120
52764137
52222590
52222113
52222123
52249244
52222339
52222854
52285110
52223139
52275118
52236111
52227113
52249174
52222177
52222447
52764132
52249214
52236105
52249104
52764115
52245146
52244117
52222106
52222373
52222609
52222846
52249102
52764765
52249115
52227111
52222511
52237114
52222251
52275107
52285115
52243130
52222337
52222588
52222803
52222458
52222578
52222328
52222676
52797143
52249135
52243129
52797115
52797112
52222254
52797103
52243103
52244120
52222181
52222321
52222902
52244112
52243142
52243434
52222157
52249209
52222365
52223140
52222102
52275112
52236131
52282137
52222661
52236107
52249149
52222626
52222376
52285114
52222586
52222277
52222402
52222547
52222660
52222221
52222116
52222344
52222359
52237105
52222343
52244104
52249151
52249164
52233144
52245122
52249114
52243109
52222340
52244201
52236101
52282126
52222306
52222494
52222849
52222926
52245114
52222190
52222178
52245107
52227116
52249132
52222513
52244141
52222599
52222164
52223126
52285100
52222564
52222675
52244133
52245154
52222627
52222853
52222471
52222584
52222832
52285119
52249243
52222980
52223119
52797147
52764104
52222883
52222133
52237100
52236119
52222913
52249150
52222634
52244119
52243104
52282119
52222497
52222194
52237112
52244146
52222115
52222806
52222505
52249139
52222931
52222535
52222386
52222561
52764108
52222136
52797125
52282141
52244137
52282101
52222367
52222192
52285106
52227117
52285111
52282118
52243124
52233108
52764129
52222904
52222420
52243113
52222857
52797108
52764123
52222518
52222465
52275100
52222674
52222315
52222204
52227110
52249212
52282103
52222105
52282136
52223120
52223127
52222200
52222598
52222354
52243101
52222323
52222917
52245115
52797126
52764116
52222160
52275108
52243107
52764114
52222446
52222193
52222453
52249232
52222837
52222270
52244144
52222112
52236121
52222428
52282132
52244156
52222844
52222434
52236123
52764131
52245102
52223144
52222452
52222186
52222252
52222400
52227134
52222916
52285101
52764120
52233117
52244140
52222421
52244593
52249122
52222569
52282112
52227119
52222861
52233111
52222899
52222802
52249157
52222496
52282127
52222563
52222370
52275113
52222485
52222587
52275102
52222121
52275104
52249100
52223142
52222862
52222596
52244142
52764109
52222842
52222441
52222667
52222965
52223122
52227104
52222519
52245456
52249173
52249131
52222195
52222191
52222423
52249105
52222575
52222108
52222546
52243128
52249211
52236114
52222905
52222319
52222162
52243102
52222341
52237110
52249118
