52442525
52442775
52442752
52442717
52442158
52441151
52442519
52442468
52442634
52442351
52414231
52441127
52442839
52442267
52442197
52441152
52442586
52442777
52442613
52442664
52442434
52442809
52442575
52442160
52442252
52442548
52442555
52441138
52441154
52442271
52442188
52442649
52442406
52442588
52442407
52442185
52442120
52442285
52442606
52442590
52442834
52442592
52442170
52442232
52442872
52448113
52442318
52442410
52442498
52442469
52442523
52442721
52448100
52442522
52442653
52442432
52442567
52442336
52442300
52442246
52442880
52442549
52442134
52442723
52414104
52442507
52442881
52442146
52442338
52442361
52441248
52442874
52442321
52442720
52442463
52442201
52442635
52442483
52442343
52442265
52442226
52442249
52442891
52414106
52442788
52442111
52442748
52442521
52442877
52442471
52442482
52442191
52442442
52442453
52448108
52442824
52442207
52442815
52442389
52442142
52442737
52442544
52442889
52442600
52448122
52442654
52442506
52442801
52442840
52442337
52442817
52442328
52442712
52442790
52442175
52442154
52441215
52442706
52442113
52448126
52442718
52442239
52442369
52442461
52441132
52441121
52442371
52442648
52442264
52442896
52442305
52442622
52442864
52448112
52414121
52442678
52442651
52441109
52442247
52442250
52442639
52448130
52442715
52442108
52442563
52442156
52442439
52442873
52442710
52442495
52442578
52442707
52441115
52448114
52442776
52442682
52441119
52442405
52442360
52442333
52442867
52442584
52442577
52441105
52442119
52442789
52442202
52442607
52442576
52442650
52442458
52442219
52442467
52442541
52442892
52442116
52414109
52442551
52448115
52442754
52442231
52442812
52442115
52441128
52442652
52442352
52442354
52442632
52442421
52442742
52442230
52414280
52441103
52442435
52442323
52442466
52441123
52442550
52442837
52442799
52442200
52442137
52442284
52442675
52442425
52442665
52441106
52448125
52442424
52442624
52442621
52448102
52441108
52442685
52441136
52442457
52442782
52441135
52414103
52442479
52442372
52442879
52442173
52442878
52442172
52442680
52442440
52442640
52442319
52442356
52442751
52442568
52442611
52442422
52442169
52442489
52442658
52442772
52442415
52442133
52442208
52442377
52442875
52448103
52441213
52442445
52442571
52442781
52442132
52442302
52442287
52442126
52441276
52442332
52442258
52442374
52442739
52442331
52442315
52442619
52442831
52442638
52442342
52442783
52442282
52442780
52442395
52442668
52441117
52442138
52442283
52442774
52442599
52442358
52442449
52442206
52442204
52442273
52414140
52442409
52441101
52441113
52442152
52414101
52441137
52442512
52442771
52414100
52442823
52442604
52442787
52442408
52442502
52442330
52442870
52442346
52414112
52442740
52442679
52442184
52442130
52442666
52442233
52442178
52442830
52442448
52442660
52414107
52442738
52442615
52442562
52442574
52414119
52442451
52441112
52442423
52442104
52442885
52442617
52442540
52442122
52442447
52441120
52442683
52442147
52448182
52442807
52442618
52442112
52448116
52442353
52442168
52414219
52442275
52442339
52442581
52442280
52442347
52442511
52442822
52442636
52442365
52442452
52442114
52442601
52442237
52441110
52441126
52442608
52442546
52442657
52442647
52442174
52442129
52442437
52442747
52442556
52442121
52442443
52442141
52442486
52442320
52442711
52442106
52442117
52442203
52442177
52442139
52441265
52442488
52442487
52442263
52442281
52442433
52442236
52442561
52442676
52442620
52442582
52442852
52442145
52442504
52442709
52442438
52442810
52442475
52442481
52442350
52442865
52442813
52442616
52442659
52448151
52442376
52442866
52442749
52442259
52442359
52442598
52442317
52442381
52442743
52442367
52441203
52442491
52442286
52442473
52442159
52442716
52448101
52442181
52442819
52442436
52442832
52442719
52442862
52442269
52441129
52448150
52442850
52442255
52442714
52442171
52442123
52442205
52442755
52442362
52442597
52442602
52442603
52442355
52442136
52442779
52442510
52442553
52442623
52442270
52442633
52442329
52448121
52442157
52442396
52442496
52442876
52442470
52442490
52414102
52442345
52442684
52442821
52442460
52442385
52442503
52442431
52442784
52442833
52442667
52414118
52442311
52442724
52442808
52442542
52442143
52442868
52442279
52441205
52442786
52441130
52442394
52442794
52442179
52442450
52442585
52442344
52442327
52442334
52442274
52442189
52442382
52442883
52442324
52442426
52442818
52442335
52442795
52442814
52442363
52442364
52442655
52441118
52441102
52442393
52442187
52442610
52442773
52442677
52442750
52442131
52442811
52442322
52442492
52442820
52442411
52414226
52442380
52442128
52442573
52442605
52442459
52442796
52442557
52441204
52441131
52442560
52442579
52448104
52442465
52442566
52442485
52442149
52442186
52442545
52442798
52442499
52442609
52442838
52442614
52442587
52441122
52441116
52441107
52442595
52414114
52448123
52442155
52442379
52442446
52442124
52442501
52442125
52442554
52442494
52442869
52441114
52442110
52442493
52442583
52448111
52442140
52442816
52442103
52414122
52442386
52442474
52442370
52448110
52442580
52442397
52448129
52442107
52442669
52442144
52442704
52442836
52448105
52442180
52442378
52442444
52442637
52442272
52442708
52414279
52442194
52442661
52442547
52442109
52442785
52441100
52442127
52442391
52448169
52442508
52442105
52442825
52442326
52442863
52442476
52441111
52448106
52442464
52441155
52442526
52442383
52442778
52442753
52442631
