52444193
52486103
52444223
52483360
52444438
52488116
52487128
52444573
52481122
52444307
52444300
52483116
52444581
52444280
52482114
52488128
52444682
52487156
52444376
52444671
52444547
52485122
52444176
52482102
52444433
52444579
52487101
52444885
52444470
52444242
52488149
52481124
52444250
52487100
52482107
52444692
52444613
52482111
52444160
52483108
52444507
52444618
52444202
52487195
52483117
52481143
52444429
52486102
52444287
52444509
52444572
52444278
52444379
52444489
52444707
52485109
52444127
52444464
52444487
52444110
52444222
52481100
52444329
52444404
52488133
52444598
52481119
52444285
52485107
52444562
52481389
52444175
52444844
52444381
52487122
52444405
52481117
52483109
52486114
52488174
52845105
52482103
52444721
52444314
52444670
52444534
52444265
52486105
52444533
52488883
52483110
52444124
52444261
52487111
52444214
52444266
52488142
52444421
52444390
52444201
52444654
52483100
52444601
52444530
52444542
52444148
52444326
52444188
52444432
52481103
52845108
52444341
52444371
52488132
52444450
52444471
52444669
52444104
52444851
52444391
52444846
52444386
52444828
52487126
52444121
52845106
52444177
52444708
52444705
52444428
52444200
52444867
52444467
52487166
52488105
52487154
52487121
52488193
52485104
52483114
52444484
52481114
52444207
52444642
52487146
52481153
52444837
52444538
52444503
52444427
52444774
52488103
52481331
52483102
52444600
52444171
52444209
52485108
52444422
52485102
52444230
52444320
52444864
52481152
52444276
52444706
52444316
52444440
52444710
52444133
52444357
52444293
52488120
52481113
52444401
52444174
52845102
52444639
52444425
52444292
52444403
52444170
52444555
52481380
52444286
52488106
52486108
52444685
52485111
52444700
52444260
52485116
52444424
52444132
52444840
52444589
52444492
52485121
52487144
52444411
52485118
52444486
52488147
52485112
52444656
52444236
52488114
52444340
52444545
52444348
52444281
52444303
52483131
52485129
52444548
52444372
52444441
52488110
52444800
52444317
52444663
52444714
52444290
52444205
52444296
52444351
52483111
52444827
52444215
52488889
52487155
52444195
52444190
52444805
52444252
52444431
52482113
52481109
52444299
52444446
52444634
52444347
52444416
52444349
52444443
52444711
52444114
52444334
52486100
52486116
52444331
52444398
52444447
52444311
52444586
52444196
52444666
52444291
52488127
52444262
52444402
52488123
52482109
52444191
52444309
52444373
52481138
52488100
52444423
52444241
52444184
52444717
52487875
52444767
52481115
52482104
52444570
52444284
52444866
52488124
52444247
52444859
52444406
52444414
52444342
52444105
52444306
52444703
52444367
52444135
52444113
52845101
52444849
52444419
52444623
52488178
52444231
52444111
52444103
52444490
52444297
52444415
52444622
52483122
52444665
52485119
52486115
52444541
52444136
52444418
52487159
52444360
52481112
52444333
52444378
52444531
52488126
52444599
52444268
52444430
52444584
52481123
52444552
52444413
52444687
52444356
52481105
52481147
52444118
52444179
52488141
52444323
52483127
52483112
52444382
52483105
52444508
52444219
52444655
52444169
52444339
52444251
52444660
52444578
52444576
52481129
52444436
52488885
52444263
52488143
52444640
52483103
52444375
52444369
52444325
52444506
52444301
52482110
52444213
52444829
52444208
52444862
52483106
52444704
52487158
52481128
52481146
52444683
52444465
52444451
52487110
52444183
52444233
52444185
52487105
52481384
52444147
52845103
52444496
52444234
52444848
52444602
52444612
52444722
52444556
52488145
52845107
52444718
52444141
52444420
52481111
52481107
52444332
52444580
52488130
52444439
52444122
52444650
52444224
52481101
52444374
52481841
52444858
52444485
52444221
52444544
52483130
52444676
52444194
52444245
52486107
52444115
52444295
52444624
52444368
52444668
52444445
52444264
52444330
52444313
52481106
52444505
52483121
52444156
52487113
52444614
52487107
52487550
52444143
52444434
52483132
52444713
52444501
52444199
52444481
52444417
52487102
52482100
52444617
52444152
52488107
52845109
52444435
52444616
52482106
52481383
52481102
52487147
52444549
52444709
52444558
52482108
52444310
52487129
52444178
52444154
52489177
52444819
52444543
52444845
52486104
52481140
52481144
52444145
52444662
52481120
52488122
52444204
52444384
52481126
52487143
52444448
52444186
52444192
52444400
52483107
52488109
52444498
52444625
52487124
52444130
52487130
52483120
52481110
52444539
52444157
52444582
52444216
52444652
52444437
52444120
52444383
52444836
52487140
52487109
52485797
52444142
52444657
52845104
52482112
52444315
52485106
52444661
52444328
52444469
52444338
52444134
52444337
52481118
52444116
52444444
52444159
52444457
52444574
52444664
52488136
52483129
52487139
52444389
52444235
52487118
52444636
52444587
52444856
52482115
52444359
52486109
52487138
52444583
52444684
52444510
52486112
52444637
52485117
52483104
52444702
52444335
52444528
52444304
52444131
52444181
52444336
52444399
52486106
52444502
52845100
52444277
52444249
52488115
52444449
52444126
52444667
52481155
52444220
52487116
52444803
52488104
52481154
52444269
52486111
52444577
52485101
52444504
52444283
52444408
52444585
52444238
52444511
52481121
52482105
52444140
52444173
52444257
52444638
52444520
52488112
52481139
52444203
52444597
52488111
52444537
52487125
52487148
52481156
52444550
52444153
52488173
52487127
52487104
52444452
52444302
52444483
52444532
52444189
52444575
52444312
52487145
52487117
52488101
52444554
52444651
52444517
52444801
52444588
52444322
52444512
52444109
52444686
52444843
52444308
52481131
52486865
52487149
52444850
52488137
52486121
52483128
52483101
52444225
52444232
52444125
52487134
52482120
52483118
52487112
52444288
52444610
52485115
52481145
52444649
52486110
52444693
52488144
52444270
52444540
52444546
52444619
52444165
52444256
52444119
52444860
52444318
52481116
52444553
52481104
52486113
52444591
52444239
52444491
52444608
52444715
52444516
52444653
52444857
52444321
52488886
52444615
52485113
52444730
52444319
52444719
52444453
52444635
52444426
52444519
52487114
52444674
