52662416
52633129
52644222
52645340
52662385
52631181
52662112
52633123
52662479
52662291
52653155
52662457
52644128
52622162
52631143
52647118
52642131
52631999
52653131
52662467
52631172
52662221
52662469
52662410
52633115
52653129
52662451
52662152
52662138
52631299
52631126
52644281
52633337
52631152
52644255
52642144
52662226
52662480
52662372
52662473
52634105
52641321
52622118
52622227
52631144
52634108
52622138
52632324
52662371
52623105
52662204
52662450
52644154
52642137
52662122
52662423
52642107
52662465
52662299
52633350
52633117
52622131
52662377
52653156
52631110
52638125
52642139
52631249
52653102
52662203
52623101
52662350
52662239
52662154
52644131
52622150
52662354
52662141
52631147
52631100
52662240
52647125
52653162
52647110
52644219
52642130
52644126
52662327
52631106
52631188
52644209
52662167
52644162
52622183
52662279
52653121
52645110
52647124
52662400
52662343
52653530
52662413
52662514
52662119
52662295
52633100
52662228
52662357
52644262
52642112
52631167
52644167
52644208
52644202
52662506
52622126
52662359
52642147
52631116
52662414
52637135
52631197
52662199
52642151
52631190
52644100
52662402
52653119
52633130
52647117
52637107
52631318
52662296
52662342
52662463
52622157
52662447
52622142
52662444
52662404
52634110
52644275
52637125
52644244
52631137
52644229
52662121
52662114
52632113
52644461
52622109
52641322
52634112
52662304
52645105
52644150
52647106
52662476
52642117
52662101
52662139
52644134
52622240
52644159
52631178
52662398
52622221
52644125
52653105
52638113
52622165
52662256
52642142
52662142
52631168
52637133
52662205
52653118
52622139
52662458
52644188
52642110
52642164
52662229
52662196
52644223
52647122
52642483
52653164
52631242
52637140
52633128
52644115
52622144
52647114
52622149
52647115
52642158
52653170
52622194
52642428
52645108
52653198
52637142
52662405
52644101
52647102
52662145
52644194
52631123
52637122
52642141
52637126
52631193
52662498
52644261
52644253
52662202
52662243
52637118
52631109
52622172
52622145
52653107
52631315
52647129
52644260
52662411
52632103
52662355
52662132
52644133
52633333
52662191
52644225
52653109
52622116
52644103
52631182
52662937
52644212
52662341
52638105
52662369
52644233
52638384
52631157
52631186
52644420
52662397
52662936
52662150
52644214
52662329
52662396
52631111
52653112
52637370
52631194
52662100
52631141
52622119
52662403
52644257
52622170
52631357
52653147
52642157
52638116
52653103
52662178
52644254
52631102
52644457
52644145
52622155
52662461
52642135
52662223
52662475
52638156
52662417
52623106
52662459
52622105
52662195
52644102
52644117
52644124
52637138
52644199
52644118
52662140
52631201
52633126
52644460
52633335
52647404
52662468
52637129
52653950
52644166
52642482
52662128
52662206
52631135
52644248
52641105
52662406
52662510
52622120
52631115
52662275
52644195
52631108
52644997
52644193
52653127
52644256
52637131
52644336
52662187
52644110
52633120
52631173
52638128
52631125
52662325
52642119
52662934
52622225
52653110
52662373
52637110
52622108
52662222
52631171
52644259
52644135
52662370
52662173
52633132
52645116
52644122
52662452
52662466
52662166
52662421
52662317
52662364
52662326
52631179
52653146
52637376
52662225
52644146
52662315
52662105
52634111
52644155
52644107
52644249
52653115
52631166
52644211
52644119
52644171
52642114
52622100
52631164
52653141
52633124
52662307
52622219
52653207
52644198
52644164
52642102
52631132
52631247
52662180
52662113
52638127
52662419
52653160
52662361
52645104
52662449
52662388
52653101
52632105
52662268
52644240
52662412
52642136
52662278
52622156
52662496
52662160
52662290
52644127
52662103
52662418
52644123
52662548
52653113
52641104
52622171
52622107
52662130
52642156
52631150
52631140
52644246
52662351
52662508
52662531
52662115
52632318
52631130
52662137
52662430
52662363
52637130
52662338
52631113
52644250
52662172
52631198
52637378
52633102
52622122
52644200
52633134
52637109
52633112
52622127
52632119
52622115
52662287
52622151
52662182
52653128
52662593
52633135
52642115
52662424
52637106
52662427
52641327
52637141
52631308
52631107
52631316
52662201
52653137
52662288
52631101
52662431
52644407
52662170
52662537
52638109
52653165
52644109
52662446
52622147
52662123
52634109
52632321
52644234
52662394
52622106
52638114
52662272
52631114
52637137
52633125
52644235
52662174
52642113
52644221
52647482
52644142
52644121
52632112
52662345
52644231
52662193
52637103
52642106
52662224
52647108
52634106
52644290
52644137
52662164
52662337
52634246
52633119
52644408
52662161
52644454
52662298
52642122
52631134
52644247
52637139
52644189
52644447
52653539
52662554
52662184
52631183
52645331
52644168
52637117
52662143
52642116
52662948
52637115
52653136
52662339
52662415
52662171
52662107
52638107
52644282
52644203
52622173
52631199
52662347
52662847
52662146
52662386
52647121
52632101
52644132
52662227
52662445
52642104
52662330
52662401
52631304
52662360
52644430
52662425
52653538
52638110
52662358
52622163
52622112
52662395
52662233
52644462
52645107
52644232
52662106
52662426
52653111
52653208
52662316
52641326
52631120
52631303
52644238
52662471
52644175
52645551
52634345
52631156
52645115
52644156
52662126
52653174
52637134
52622125
52662335
52662429
52662332
52662238
52662453
52637113
52662474
52637100
52662186
52645333
52662384
52622855
52642426
52662462
52653123
52662331
52662409
52662368
52644172
52631944
52662443
52644455
52631302
52644236
52622174
52644220
52662189
52662353
52631117
52662366
52644215
52662374
52642853
52647119
52644227
52647428
52644161
52653116
52662155
52622176
52653104
52638112
52662422
52644143
52644251
52644192
52631177
52653132
52644129
52631191
52662511
52662144
52662124
52662104
52631202
52662344
52637102
52662181
52662348
52634347
52662176
52642150
52662362
52662163
52642140
52637108
52662380
52662148
52644228
52662194
52662111
52645330
52662346
52662512
52644138
52644239
52637123
52662517
52644197
52644301
52644218
52662169
52633107
52622169
52662387
52642134
52662529
52644258
52662318
52653130
52644114
52644213
52638104
52662470
52662399
52638115
52631195
52644217
52623103
52662848
52662190
52647127
52662336
52644190
52662367
52642118
52642149
52662149
52662460
52633101
52653161
52622103
52644116
52644149
52662328
52662432
52645113
52662200
52631189
52633336
52653849
52647126
52644252
52622152
52647135
52647105
52638118
52644196
52638380
52622228
52631105
52653120
52662244
52637114
52632326
52642109
52662183
52622161
52662340
52662127
52662448
52662349
52662153
52644230
52662177
52644139
52662157
52653166
52662131
52662501
52631148
52662433
52644191
52632106
52662356
52662365
52637935
52644274
52637124
52647116
52644173
52631298
52622114
52662281
52662102
52662179
52631180
52631196
52622146
52653145
52662513
52644451
52644201
52622182
52647423
52622111
52644210
52662188
52662282
52633109
52653114
52631124
52653133
52662276
52644204
52662428
52642100
52662168
52662381
52631112
52638103
52622164
52644206
52637105
52662120
52647120
52642121
52641102
52632327
52662257
52631129
52644151
52662297
52644140
52633113
52642105
52622123
52644998
52662420
52637132
52647487
52662464
52644112
52631248
52631192
52637111
52662530
