52934127
52993545
52933569
52993342
52933156
52993119
52914114
52932100
52914124
52934105
52993110
52993418
52993390
52933133
52993311
52993277
52993456
52936120
52932110
52933200
52936121
52914120
52993200
52936123
52937178
52993196
52934128
52993143
52993179
52993223
52934118
52914140
52993417
52913111
52993331
52993419
52936103
52993401
52993153
52936101
52932104
52937162
52993102
52993241
52993364
52934116
52934124
52993360
52914127
52993192
52936117
52934104
52934122
52993175
52937102
52914100
52913102
52914119
52936113
52934260
52934129
52933167
52993120
52993276
52932112
52993346
52914131
52993557
52993591
52993121
52993522
52993438
52993247
52993513
52933100
52993129
52993393
52993202
52993170
52913106
52993535
52993459
52934102
52993455
52993231
52933208
52937270
52933149
52932129
52934117
52936112
52993264
52933209
52993593
52993531
52937126
52993320
52937183
52936102
52933207
52934115
52934123
52937106
52937163
52937139
52914137
52993415
52993101
52936128
52993286
52993446
52937272
52993436
52932120
52932101
52993232
52993100
52933130
52993258
52933123
52936157
52914135
52993306
52937100
52937119
52937369
52993453
52993373
52993148
52914138
52933153
52914122
52993376
52932107
52993403
52937138
52933157
52937170
52933139
52937129
52993309
52993450
52932139
52933151
52933136
52932122
52993242
52934113
52937154
52993103
52993134
52993344
52914130
52993590
52993166
52933129
52993205
52993152
52937103
52936182
52936127
52933110
52993243
52913103
52937377
52936119
52993445
52937147
52993159
52933173
52936109
52913105
52936176
52993470
52993165
52993442
52932118
52993371
52914133
52933115
52933145
52933105
52993233
52914108
52993296
52993113
52993221
52914111
52937124
52993343
52932113
52933146
52932127
52993169
52914112
52993218
52993458
52993250
52993174
52937189
52913108
52936129
52993378
52993149
52932111
52933104
52936104
52993190
52993114
52993109
52993164
52993295
52933166
52933102
52937374
52993397
52934100
52933168
52937117
52937142
52932203
52914109
52993210
52993422
52993504
52993289
52993176
52993443
52934344
52933164
52937229
52993367
52993361
52993318
52914141
52936130
52993239
52937165
52993284
52937171
52936122
52933154
52993494
52993406
52933131
52937130
52993115
52993398
52993213
52993155
52937123
52993485
52937140
52993138
52993197
52993162
52937128
52993303
52932106
52914279
52993469
52993409
52993437
52934111
52993382
52993168
52933155
52993430
52993457
52937104
52993291
52993189
52937159
52993211
52993484
52934121
52993400
52993214
52913104
52934112
52932114
52993299
52914129
52934183
52993377
52937120
52993256
52993280
52993279
52993154
52936111
52993347
52993234
52993275
52937175
52993215
52993198
52993224
52937167
52993362
52993252
52993173
52993150
52932128
52993386
52993157
52933120
52993217
52937203
52932170
52932327
52993404
52993128
52993111
52937109
52993300
52934132
52936404
52993381
52936116
52933118
52936384
52993572
52932116
52993235
52993561
52993172
52932146
52993183
52993517
52993225
52933199
52937999
52993434
52993402
52993260
52933111
52914110
52993388
52934101
52993209
52993399
52993167
52993423
52937121
52913109
52993259
52993330
52993301
52933124
52914105
52993251
52993222
52936105
52993188
52993227
52937378
52993133
52936107
52913112
52913126
52913124
52937137
52936389
52993389
52933148
52932169
52937108
52993433
52933163
52937101
52933210
52993468
52913101
52932130
52937143
52913403
52993261
52993116
52993212
52993514
52933112
52937133
52993108
52993396
52993135
52914118
52937593
52937161
52993425
52914125
52993348
52993426
52937110
52993104
52993495
52993107
52993305
52933152
52914102
52937236
52993405
52993385
52993194
52993407
52937153
52993290
52933106
52993421
52933119
52993345
52937146
52937134
52993246
52993199
52993431
52993340
52936154
52993375
52993497
52993429
52933101
52933406
52936110
52993391
52993144
52934103
52993366
52993191
52933132
52993387
52936131
52933159
52993105
52933121
52993145
52934110
52993126
52993370
52914128
52993112
52993127
52993245
52933160
52932108
52934114
52936100
52993451
52993177
52932109
52993444
52914139
52993207
52993372
52993219
52936106
52933108
52933138
52993147
52933135
52913110
52933325
52993496
52933103
52993383
52993265
52993263
52932115
52993308
52993408
52932105
52937122
52932125
52933126
52993201
52933116
52993238
52993435
52936114
52937230
52993137
52993146
52993432
52993236
52993302
52993428
52993132
52936563
52993392
52937283
52993182
52993359
52993181
52932124
52914113
52913331
52934126
52993193
52993288
52937228
52993333
52993304
52993156
52933134
52993518
52937271
52937105
52932119
52993230
52932117
52937125
52937155
52937210
52933137
52993163
52937127
52993278
52934170
52993229
52993326
52993106
52993118
52993262
52936151
52936108
52993287
52993374
52934134
52937227
52993447
52913107
52993208
52937141
52937164
52993220
52993334
52932102
52914132
52933122
52936593
52993285
52993117
52993325
52933127
52933125
52993228
52937166
52913116
52993240
52934349
52914107
52933107
52933158
52933117
52993216
52993206
52993384
52993195
52914121
52993281
52932121
52936118
52932329
52993573
52913100
52993297
52933170
52937118
52933113
52914123
52993125
52993394
52993160
52937116
52934348
52937168
52993136
52936115
52993283
52937169
52933147
52993516
52993395
