52833136
52867102
52833533
52833337
52899154
52833535
52834265
52868353
52868837
52868390
52833266
52868387
52899301
52833153
52833118
52868227
52868261
52868312
52868253
52868305
52868109
52899948
52868201
52899328
52899211
52894102
52868351
52834196
52899252
52833207
52899545
52832102
52834159
52831107
52831120
52831104
52836108
52833348
52868225
52868195
52831129
52868263
52899523
52867752
52868153
52834222
52899299
52899873
52899254
52868352
52899205
52899106
52833549
52899941
52897138
52867177
52867178
52868186
52834132
52899424
52867265
52899120
52899414
52833343
52899155
52867218
52899340
52867117
52868163
52867171
52899481
52831121
52834210
52894121
52867180
52899206
52868132
52833309
52836117
52899298
52899457
52867739
52899245
52834118
52867211
52899502
52899164
52899544
52833318
52831237
52899147
52867278
52899170
52899433
52899101
52868169
52833341
52831116
52831202
52833312
52833205
52899189
52899546
52868219
52868373
52868246
52899229
52834154
52867251
52899258
52868907
52834212
52867182
52899191
52868125
52899877
52899878
52868894
52899123
52867161
52899947
52833155
52834145
52867296
52868126
52834149
52867741
52868183
52834402
52899269
52833532
52834269
52833247
52899956
52868370
52867112
52833292
52899219
52899513
52868190
52899204
52833283
52899983
52833322
52834308
52833347
52899434
52835113
52831108
52867745
52899244
52834133
52867155
52834113
52833238
52899482
52867123
52833330
52833332
52899352
52867722
52899207
52868831
52868124
52899494
52867100
52833589
52834300
52833531
52833516
52834116
52867315
52831117
52868812
52834426
52868264
52841886
52833327
52831177
52868797
52833101
52833234
52899159
52834117
52834101
52834352
52899497
52833308
52833107
52899285
52833245
52868189
52899112
52867156
52868903
52899208
52899100
52899326
52832103
52834257
52834217
52868154
52831105
52868395
52899134
52833314
52867167
52833487
52831131
52836110
52868131
52899496
52834353
52899871
52833310
52833174
52899259
52868159
52868366
52899308
52899426
52899564
52868838
52833208
52834215
52868394
52899386
52831162
52899425
52867244
52867740
52833507
52835102
52833156
52899236
52833355
52899179
52833120
52867247
52833854
52867154
52834281
52868397
52899157
52899428
52899184
52894850
52899291
52834274
52833134
52899313
52867192
52899217
52831128
52833353
52899447
52899495
52899962
52899268
52834162
52833259
52899292
52899321
52833290
52833523
52899178
52834307
52833231
52867727
52868123
52831183
52899944
52899467
52833261
52833109
52899936
52833335
52867753
52833188
52867225
52894818
52833291
52867246
52841127
52899119
52834268
52833334
52835108
52899213
52833232
52899250
52834852
52867157
52833121
52868157
52833151
52833235
52867274
52833185
52868393
52899358
52868144
52868113
52868185
52899465
52899297
52899480
52867217
52834187
52834106
52834282
52899505
52867285
52833167
52867308
52868904
52899950
52867284
52867228
52833280
52834223
52833299
52833534
52899233
52868239
52834355
52899139
52868120
52868182
52836109
52831163
52834309
52833103
52899435
52833342
52833328
52868283
52835107
52834211
52832107
52834175
52899353
52868191
52834255
52834151
52868840
52833150
52833246
52833180
52831102
52867168
52836122
52899423
52899919
52899136
52834189
52868245
52833184
52899417
52899339
52833157
52899122
52891110
52832105
52899192
52868354
52834213
52867272
52868256
52833851
52834354
52841113
52868234
52841106
52899316
52831158
52867273
52833324
52833154
52899911
52834301
52833146
52868818
52899945
52833159
52897973
52891115
52833313
52834114
52867229
52868107
52899968
52833538
52833311
52899305
52894110
52833325
52834125
52834139
52899333
52831161
52899450
52899420
52868367
52899549
52833850
52899912
52867162
52833344
52899149
52831113
52841846
52834272
52833288
52836121
52899125
52834254
52834311
52834115
52868175
52833181
52833104
52868129
52868302
52868216
52899145
52868156
52868244
52834141
52868300
52899306
52868259
52899917
52899166
52868170
52868122
52833112
52868796
52899110
52867227
52868347
52834181
52899163
52833206
52833170
52899160
52868282
52897102
52834142
52833522
52899109
52899451
52868162
52868310
52831125
52833137
52831114
52868298
52897107
52867249
52833251
52899158
52867729
52899238
52867179
52867313
52897979
52899167
52833183
52899413
52841128
52868117
52833127
52899257
52899214
52867176
52834275
52899960
52899209
52834191
52867304
52867212
52868184
52899499
52833289
52899227
52891105
52834256
52833176
52833302
52868304
52833555
52831134
52868207
52891113
52868371
52899138
52834299
52899256
52834138
52868187
52867243
52899453
52833175
52841841
52867204
52868202
52833144
52899504
52867280
52833331
52899315
52867751
52868828
52867122
52834148
52868299
52833119
52834129
52899187
52868224
52868231
52867252
52899857
52899146
52833354
52834111
52833100
52899165
52868235
52831159
52831238
52891969
52833339
52833158
52894152
52834287
52834156
52867193
52833209
52831175
52833293
52836129
52831229
52834144
52867255
52833140
52899156
52834220
52899212
52894143
52867281
52831165
52899446
52841112
52833149
52833165
52899452
52833258
52894133
52834165
52867121
52899266
52899351
52841109
52833239
52834103
52867163
52841103
52899350
52834258
52833323
52894100
52833135
52899470
52833530
52899334
52867114
52834104
52899486
52833218
52834160
52899913
52833106
52831236
52833124
52833111
52834130
52867744
52899151
52868196
52899421
52899507
52834178
52867283
52833203
52867140
52868307
52867742
52868362
52831133
52833102
52831155
52867267
52867220
52832113
52899493
52867314
52868143
52833539
52833287
52867113
52833559
52834289
52867183
52831103
52834147
52867135
52899105
52868176
52899963
52834169
52899477
52867206
52899506
52867579
52899111
52834198
52899468
52831176
52841101
52899225
52868396
52833849
52833319
52834207
52899418
52899938
52833145
52899961
52899356
52867128
52833315
52899142
52899108
52868364
52867141
52868349
52899267
52834131
52867266
52899469
52833345
52899319
52868835
52894842
52835103
52899314
52867222
52868258
52867194
52867130
52891121
52899508
52833489
52834251
52899503
52867750
52833243
52833173
52899345
52834304
52833143
52868173
52831135
52899133
52834143
52868130
52831130
52834180
52834167
52833117
52833147
52833340
52894107
52836111
52868100
52894103
52867231
52894135
52834218
52899228
52899113
52834126
52831126
52833350
52831898
52831122
52834208
52899959
52867205
52899286
52833338
52833284
52836116
52833294
52833171
52899346
52868110
52899349
52899190
52899107
52897129
52899327
52834270
52868361
52867279
52841100
52867129
52899309
52868823
52834168
52834155
52899442
52899422
52899360
52867126
52834253
52833506
52868348
52834108
52868830
52868142
52899872
52841111
52899194
52833628
52867125
52899230
52832101
52833186
52899169
52899981
52899344
52899543
52868391
52833255
52899542
52899355
52891125
52899126
52868309
52831254
52867245
52833263
52891106
52899484
52899347
52868839
52899117
52834267
52833236
52835321
52899114
52899329
52833326
52867175
52899300
52899547
52867120
52831160
52899318
52832104
52899148
52899341
52899193
52834194
52868218
52831119
52867305
52867132
52899232
52899288
52834246
52867145
52868392
52833599
52868119
52833202
52867164
52899548
52897980
52834350
52833301
52833162
52833490
52867735
52868102
52867299
52831110
52899460
52868141
52868228
52834252
52833128
52899234
52897100
52899982
52868199
52834271
52833204
52833108
52899182
52899153
52833295
52833131
52833265
52867124
52899290
52899118
52834166
52836115
52867219
52868168
52834121
52867213
52868106
52899338
52894105
52868381
52834226
52868116
52834247
52832106
52833267
52833148
52899255
52833844
52834124
52834122
52899162
52899501
52867593
52868118
52899984
52867148
52899168
52868380
52833141
52899215
52899449
52867242
52899522
52868188
52867230
52831115
52899235
52894841
52833182
52834100
52833519
52831118
52834128
52833307
52899104
52899289
52897971
52868115
52867307
52868350
52868365
52867142
52836100
52833281
52867250
52894101
52834161
52899416
52897128
52833189
52867282
52899937
52867165
52841102
52834288
52899185
52867146
52899253
52868158
52868306
52833105
52899419
52867754
52868291
52867236
52899458
52834266
52833303
52833193
52899121
52867306
52899910
52899216
52868161
52894846
52899115
52899218
52834305
52834292
52899249
52868303
52834351
52833583
52831100
52868308
52868829
52899927
52834102
52868108
52868197
52867134
52833192
52899432
52867223
52868172
52836104
52868198
52833138
52833169
52899967
52899332
52868230
52868171
52834853
52899231
52868301
52834202
52867109
52867103
52899466
52899899
52833351
52899461
52899116
52834214
52899197
52833160
52868254
52868260
52868363
52899137
52899124
52867104
52867169
52833493
52833537
52835100
52834193
52833300
52868101
52868355
52899132
52833233
52868238
52899498
52833110
52833333
52834150
52833164
52833321
52831231
52834273
52833349
52833200
52899304
52834209
52899918
52867200
52868121
52894882
52899224
52833152
52868389
