52276114
52248201
52241125
52246240
52276103
52246162
52248150
52246112
52248176
52246140
52248159
52241132
52247126
52248177
52276115
52247108
52248185
52246192
52247139
52241185
52248228
52241120
52246178
52246294
52246115
52246362
52246223
52246239
52241223
52247151
52247133
52246361
52248180
52248104
52248198
52246183
52276112
52247107
52241147
52246111
52246186
52276119
52241236
52241202
52246490
52241177
52246359
52246202
52246333
52246299
52246494
52246105
52246334
52241123
52749850
52749107
52246757
52241148
52241407
52248149
52241164
52247101
52246243
52241198
52276117
52246214
52241118
52241149
52248193
52248206
52241181
52246469
52748107
52247124
52247181
52241279
52248241
52248184
52276137
52246203
52248122
52241114
52241100
52246124
52241166
52248114
52247205
52749114
52246121
52246238
52246335
52246311
52276136
52246309
52248165
52241108
52246220
52749106
52246218
52241116
52241239
52241191
52247119
52246241
52276125
52748105
52246128
52246233
52246224
52246209
52246297
52248163
52246177
52241110
52247118
52248123
52248127
52248142
52246332
52246126
52246173
52248196
52241180
52248249
52246244
52248181
52246470
52241106
52247100
52247132
52241122
52246139
52241121
52247106
52241117
52246179
52248199
52276106
52248488
52248100
52248269
52246476
52241176
52241104
52246182
52748106
52241419
52241220
52276105
52246200
52246216
52241102
52241413
52248158
52246147
52248211
52248137
52248243
52248106
52276108
52276122
52246256
52247103
52246493
52241414
52246125
52248103
52246180
52241159
52246143
52241127
52246166
52246174
52276123
52276111
52248168
52248492
52246217
52248200
52246104
52248186
52241197
52246188
52246134
52248268
52248128
52247174
52246248
52241411
52248133
52276107
52247138
52248153
52246184
52246164
52246101
52749109
52246106
52241173
52241126
52248108
52248129
52246480
52248141
52241156
52246116
52248179
52246234
52248250
52241193
52241157
52248107
52246129
52248227
52248202
52247104
52247471
52246154
52241172
52241175
52246195
52241183
52248134
52246107
52248240
52247123
52246457
52241115
52241134
52246197
52247110
52241221
52248172
52246127
52247127
52248174
52241144
52246460
52246131
52241138
52246296
52241167
52248124
52248167
52248208
52241184
52248170
52246175
52246331
52247204
52247135
52246458
52241158
52248266
52246270
52241174
52241145
52246157
52248115
52248155
52241153
52241146
52246210
52246163
52276133
52246360
52276127
52248113
52241237
52246187
52246221
52246160
52248145
52248192
52246213
52246310
52241152
52246132
52246191
52246295
52276118
52246204
52246201
52246198
52246263
52247131
52246122
52241200
52248160
52248102
52749104
52248270
52248225
52246298
52241222
52749122
52246142
52749111
52246287
52246463
52749108
52241163
52246141
52248105
52241240
52246232
52246415
52246159
52246330
52247140
52248146
52246237
52276121
52247129
52748100
52248166
52246185
52241194
52246109
52246133
52246323
52246459
52248136
52246113
52276102
52246103
52749110
52246247
52246171
52241179
52246120
52246242
52248593
52246150
52248226
52241112
52241137
52246176
52246219
52241119
52241103
52246211
52248267
52246168
52246135
52241169
52241168
52248156
52246130
52749102
52241162
52246222
52248130
52241420
52241150
52246118
52246114
52276116
52247105
52246148
52749105
52241196
52248203
52248125
52248138
52248491
52241124
52241190
52749115
52276104
52246138
52241135
52246137
52246255
52241195
52246158
52241105
52248116
52248110
52248183
52246156
52241178
52247475
52276109
52276126
52248207
52248119
52241171
52248139
52241215
52241111
52246110
52246100
52247121
52241130
52248195
52248131
52248152
52241101
52247130
52241161
52248182
52241410
52246102
52246190
52246123
52246208
52241136
52248140
52248101
52276100
52247109
52246170
52248143
52241131
52276110
52749101
52749103
52246161
52248173
52246149
52246212
52248161
52246181
