52999603
52999423
52999342
52999415
52999558
52991103
52999115
52999918
52999585
52986118
52999302
52986110
52999580
52999149
52985852
52999424
52999542
52999747
52999380
52999146
52986105
52986107
52999216
52999360
52999215
52991115
52999474
52988957
52999297
52999899
52999279
52999407
52999172
52999107
52999268
52999223
52999137
52999452
52999322
52999496
52999483
52999258
52991959
52999331
52999419
52999398
52999613
52999602
52999130
52986861
52999224
52999433
52999265
52999969
52999528
52999225
52999526
52999238
52999527
52985129
52999502
52999274
52999738
52999639
52999310
52999175
52999111
52999402
52991109
52999150
52999214
52985124
52999110
52999494
52999554
52999504
52999412
52999905
52999464
52999103
52999135
52991101
52999457
52999361
52999353
52999126
52999332
52999564
52999352
52999646
52999328
52999909
52999365
52999442
52999366
52985103
52999382
52999351
52999955
52999605
52999144
52999355
52999301
52999114
52999221
52999668
52999194
52999516
52985100
52999506
52999616
52991340
52999367
52999561
52999413
52999670
52991104
52999609
52999117
52999421
52986114
52999416
52999106
52999227
52999998
52999391
52999141
52999929
52999272
52999244
52986100
52999113
52999259
52999109
52999487
52985115
52999145
52999314
52999691
52999269
52999543
52999573
52999902
52999235
52999128
52999198
52999906
52999439
52991114
52999298
52999173
52999910
52999125
52999397
52999177
52999218
52999495
52999250
52999641
52999169
52999510
52999249
52999606
52986122
52999553
52986120
52999152
52999434
52999746
52999499
52999411
52999420
52999997
52991134
52999206
52999295
52999763
52999222
52985147
52999505
52999425
52999390
52999231
52999658
52999615
52999280
52999956
52999530
52999266
52999513
52999203
52999508
52999192
52999138
52999647
52999189
52999364
52999344
52999354
52999304
52999348
52999171
52999440
52991118
52999186
52999546
52999324
52999158
52985112
52999448
52999544
52999395
52999160
52999327
52999335
52991116
52999104
52985117
52999600
52999409
52999356
52999430
52988103
52999381
52999737
52999640
52988109
52999765
52999586
52999292
52999589
52985109
52999509
52999435
52999491
52999394
52999512
52999436
52999958
52999426
52986102
52999450
52988110
52999193
52991100
52999447
52999991
52999132
52999497
52999155
52999118
52999183
52999548
52985146
52999153
52999323
52999576
52999174
52999105
52999369
52991124
52999116
52999604
52999992
52999270
52999461
52999389
52999947
52999706
52985107
52999410
52999386
52999255
52999184
52999119
52999907
52988966
52999241
52999334
52985130
52999346
52999492
52999486
52999493
52999339
52999122
52999466
52999993
52999385
52999552
52999368
52999533
52985104
52999159
52999377
52999129
52999246
52999459
52985116
52991111
52999197
52999743
52999610
52999251
52999202
52999456
52999669
52999749
52999326
52999100
52999572
52999383
52999739
52999453
52999547
52999449
52999384
52999414
52999201
52999136
52999485
52999393
52986106
52999637
52999239
52999140
52999722
52999995
52999921
52999178
52999498
52999771
52999404
52999994
52999379
52999191
52985126
52999645
52999545
52985593
52999267
52999635
52985106
52999468
52999340
52999127
52985110
52999209
52999142
52999473
52999308
52999970
52999534
52999207
52986103
52999437
52986153
52985102
52999901
52999163
52999296
52999338
52999318
52999234
52999903
52986117
52999455
52999591
52999484
52999315
52999575
52999396
52999556
52999705
52985101
52999490
52999236
52999220
52999350
52999387
52999458
52999139
52999232
52986112
52999571
52999511
52999333
52985114
52999102
52999121
52999418
52986593
52985136
52985808
52999245
52999263
52999358
52999417
52999256
52999949
52999990
52999648
52999549
52999199
52999451
52999372
52999501
52999330
52999273
52999476
52999205
52999271
52999636
52985858
52999643
52999349
52999514
52999261
52999908
52999262
52999438
52999162
52999180
52999960
52999408
52999388
52999247
52999309
52991102
52999337
52999392
52999900
52999550
52999264
52991110
52999134
52999551
52985108
52999228
52999748
52999378
52999363
52999148
52999325
52999370
52999638
52999156
52999219
52985111
52986111
52999257
52986866
52985125
52999277
52999233
52999278
52999260
52999503
52999164
52999617
52986108
52985113
52999179
52999532
52999357
52986119
52999108
52991105
52999185
52991113
52999644
52999243
52985133
52999740
52999276
52999242
52999181
52999200
52999904
52991108
52988967
52999133
52999101
52999359
52991107
52985121
52986113
52999562
52985134
52999614
52999579
52999120
52999275
52999950
52999345
52999154
52999112
52999441
52991106
52999965
52999649
52999165
52999362
52999143
52999968
52999151
52985122
52999507
52999187
52999190
52999593
52999230
52988105
52999597
52999590
52999329
52999157
52999217
52999642
