52492103
52493151
52493104
52499110
52496116
52433105
52478125
52493181
52498102
52492144
52467100
52496127
52493796
52493107
52494949
52493109
52496149
52492118
52498109
52496148
52478124
52496129
52496121
52498104
52463952
52496961
52458110
52433103
52493934
52492128
52493105
52433104
52496105
52496131
52433108
52496143
52463953
52467105
52494106
52492492
52493108
52493939
52496101
52458136
52493142
52496139
52492949
52493102
52493157
52492139
52492291
52458117
52492927
52458101
52496176
52492905
52493100
52433113
52492102
52496142
52492131
52496110
52496130
52494100
52458143
52498101
52498106
52493158
52498122
52492122
52493155
52493101
52492116
52498115
52493124
52492892
52493138
52496117
52496172
52493191
52498119
52492143
52493213
52478114
52492869
52346105
52493123
52496109
52493190
52492109
52493114
52498110
52433114
52496118
52498116
52493140
52346113
52492328
52492121
52493131
52496133
52492294
52492280
52492119
52433109
52493103
52493188
52492134
52346112
52346104
52494943
52498131
52498120
52458106
52496113
52492101
52493171
52493212
52492151
52499100
52458100
52492111
52492307
52494101
52492314
52492115
52496125
52493144
52492124
52493156
52498121
52458116
52498103
52496132
52496114
52493137
52493129
52458104
52498128
52494103
52496124
52493116
52458127
52492123
52494118
52493148
52493152
52492493
52346103
52346101
52458989
52493136
52458118
52496178
52496141
52498105
52492942
52492137
52496102
52346700
52458105
52496123
52346108
52492112
52492870
52496128
52496136
52496137
52498123
52492795
52458103
52458107
52496155
52493215
52492126
52346102
52493106
52496177
52492290
52433100
52493112
52498114
52492288
52492117
52467102
52492136
52493135
52493117
52498100
52492946
52492544
52496126
52458120
52492583
52496147
52492142
52492140
52463122
52496200
52346107
52492104
52458102
52478798
52494102
52493189
52493118
52458121
52433102
52496104
52493949
52493170
52496107
52492146
52346109
52493113
52492125
52493115
52496209
52493110
52493128
52492145
52496208
52493143
52493468
52493125
52496122
52458112
52433111
52496134
52492292
52492133
52493111
52493160
52494513
52498134
52467103
52493946
52492132
52493161
52494942
52458123
52346111
52492106
52496115
52492559
52492926
52493168
52494112
52499102
52492289
52494936
52458128
52346100
52492127
52492293
52499105
52493169
52492159
52492997
52458129
52498113
52492141
52493149
52492129
52493879
52492909
52493150
52498981
52499103
52493959
52492303
52492113
52496135
52492105
52492107
52467107
52493159
52498112
52492100
52458114
52492130
52494104
52496119
52492900
52458130
52458115
52492138
52458109
52494116
52478115
52496112
52498151
52433880
