23324057
23355749
23359431
23324774
23324699
23359445
23355698
23324879
23359506
23324005
23359525
23359413
23355346
23324281
23355369
23359415
23359387
23324417
23324752
23354259
23359332
23355467
23355692
23355232
23355070
23359681
23355554
23355163
23359302
23355292
23355449
23324504
23324915
23355276
23324948
23355153
23355254
23324380
23359423
23324838
23324795
23324464
23324621
23355226
23324277
23359266
23355445
23324683
23355527
23355137
23324178
23324364
23355352
23324454
23324021
23355046
23355956
23324427
23355113
23359505
23324724
23324700
23359399
23324518
23359624
23355126
23324010
23359135
23324845
23355939
23324556
23355396
23355205
23324360
23359267
23324639
23324665
23355626
23359294
23324883
23359609
23359228
23324398
23324977
23324461
23355038
23324096
23359111
23359167
23359296
23355524
23359338
23355736
23359615
23324496
23355536
23355494
23355183
23355993
23355229
23355922
23359383
23355002
23359416
23355760
23355951
23324771
23324500
23355830
23359139
23355799
23359244
23324882
23354402
23355909
23324258
23355650
23355175
23359518
23324657
23324535
23324385
23324768
23355048
23324302
23324073
23324465
23355355
23355170
23355886
23359926
23354633
23355614
23359292
23324878
23355570
23359930
23359596
23324823
23324480
23324772
23324891
23324822
23324943
23355383
23355714
23355391
23324630
23324084
23324926
23355679
23324780
23355627
23324032
23324610
23355119
23324253
23359598
23354635
23355454
23355408
23355847
23355273
23359141
23324391
23324763
23359622
23354987
23324905
23359360
23324065
23324569
23324489
23324994
23324396
23355174
23324720
23359128
23324614
23354301
23324122
23359159
23324216
23359453
23324106
23324244
23324218
23324223
23324756
23324801
23355683
23324224
23324626
23355329
23324247
23324513
23359642
23355377
23355776
23359116
23324819
23359102
23324397
23355328
23355529
23355964
23359419
23324155
23324221
23354466
23324568
23355489
23355926
23355806
23324112
23324824
23359188
23324982
23324314
23324969
23359364
23324379
23359349
23359314
23324661
23359185
23355686
23355982
23359161
23359183
23359410
23355685
23324591
23324474
23354830
23359190
23324214
23355114
23324330
23355335
23324789
23355020
23324804
23324059
23359443
23324552
23359589
23324921
23324633
23359305
23324382
23324083
23355952
23324945
23355171
23324708
23324866
23354832
23355419
23355577
23324377
23324944
23355111
23359340
23355412
23324450
23324468
23324941
23355594
23355981
23324777
23324854
23324894
23359542
23355537
23355950
23355801
23355731
23359670
23359519
23355422
23324478
23324025
23324113
23324006
23359309
23354937
23355726
23354988
23324870
23359282
23355976
23355913
23355000
23355418
23354340
23355774
23324497
23359393
23355724
23324446
23355945
23359476
23324830
23324575
23355094
23355658
23359197
23355013
23355849
23355504
23355828
23355521
23355040
23324104
23355742
23324127
23324111
23355392
23324547
23355399
23359511
23359125
23355758
23355915
23324328
23359226
23324412
23324404
23324001
23359468
23359110
23324933
23355855
23355206
23324495
23355525
23354824
23324035
23354448
23355611
23355654
23359937
23324060
23359218
23355071
23354300
23355128
23324956
23355610
23355371
23355873
23324596
23324437
23324831
23354295
23355720
23324229
23355509
23324114
23324013
23355678
23359127
23324909
23355384
23324529
23324296
23324543
23355839
23359343
23324308
23324733
23355734
23324318
23355340
23359470
23324999
23355252
23324974
23359485
23359522
23324151
23359187
23324126
23359104
23355862
23324892
23355221
23324637
23359213
23355462
23324204
23355595
23355994
23359342
23355490
23324888
23324311
23355822
23355277
23355708
23324747
23324598
23355387
23324287
23324717
23355917
23355455
23324759
23355638
23324885
23355141
23324039
23324352
23355710
23324348
23324507
23355034
23355636
23324540
23359666
23324169
23359599
23324608
23324312
23324395
23355718
23359637
23355941
23324135
23324447
23324861
23324432
23359471
23354831
23324934
23355770
23359547
23355863
23355057
23324641
23359257
23324213
23324413
23324477
23355539
23355877
23355194
23359655
23324735
23359491
23359535
23355459
23324658
23355739
23355885
23355142
23324857
23359199
23324195
23324332
23324094
23359186
23359330
23324679
23355717
23355880
23324669
23355587
23355860
23359182
23355928
23355690
23324519
23324390
23359658
23324347
23324159
23324707
23354302
23324655
23355456
23324523
23359142
23359520
23359300
23324601
23324749
23324007
23324741
23359628
23324161
23359374
23355345
23355800
23355986
23355754
23355757
23359271
23324421
23324493
23359241
23355224
23355725
23355786
23355444
23324046
23324781
23324102
23359328
23324678
23324320
23324634
23324023
23324898
23359633
23324323
23324674
23324439
23355773
23359496
23359207
23324668
23324064
23324953
23354991
23359602
23359293
23355362
23355655
23324250
23324298
23354896
23324580
23324098
23359608
23359316
23324670
23324349
23324058
23324765
23324199
23359472
23354981
23355846
23359588
23355874
23324418
23359502
23355018
23324793
23355780
23355727
23324748
23355549
23324121
23354966
23359325
23324623
23359563
23355519
23355344
23355364
23324663
23359194
23355400
23355234
23324950
23324129
23355374
23324356
23355542
23324476
23324651
23355649
23359286
23324563
23355528
23324914
23324654
23355478
23324647
23355054
23355341
23324341
23324162
23355457
23324222
23324671
23355910
23324470
23355669
23359327
23359548
23355029
23324766
23355050
23355567
23355263
23324338
23355081
23355218
23324357
23324573
23355618
23324570
23359215
23359203
23355843
23324132
23359136
23324485
23355092
23324245
23355518
23354968
23324300
23355469
23355125
23324981
23324011
23324702
23359189
23324902
23355572
23355661
23355706
23359174
23354936
23355747
23359541
23355147
23359668
23355201
23355759
23324424
23355601
23355603
23324494
23355712
23355784
23324817
23324542
23359566
23359409
23355003
23355184
23355590
23324038
23355498
23355017
23355288
23359576
23359160
23355031
23359168
23324753
23355035
23359467
23355230
23355060
23324017
23324660
23324019
23324334
23355748
23359405
23324528
23324185
23359389
23324353
23359103
23359239
23355869
23324975
23359391
23359180
23355208
23354894
23355861
23359463
23355274
23355197
23324197
23354971
23355999
23324440
23324209
23355907
23324534
23324206
23324627
23355257
23355199
23324959
23324821
23324282
23324215
23359512
23359137
23355196
23355251
23355103
23359265
23324925
23355304
23359481
23354961
23355448
23324648
23324544
23355011
23324646
23355955
23324119
23355555
23355582
23359464
23324269
23355526
23355937
23359386
23355198
23359224
23324525
23324492
23359690
23355073
23324415
23359684
23355436
23324322
23355155
23359153
23324649
23324746
23324961
23359474
23324445
23324743
23324288
23359556
23324075
23324362
23359672
23355310
23324652
23359427
23355401
23355944
23324154
23355235
23324410
23359605
23355157
23355841
23359117
23355315
23324372
23324722
23324115
23355643
23359941
23355139
23324293
23355918
23359388
23324511
23355420
23355303
23324548
23355622
23355581
23324144
23359298
23359657
23324731
23324550
23359204
23359645
23355485
23359489
23359253
23324750
23324946
23324301
23324895
23355301
23355375
23355912
23359254
23324194
23324850
23324688
23324079
23359108
23354021
23324374
23359252
23324315
23355924
23355159
23324085
23324811
23359277
23359193
23324361
23355015
23324416
23355056
23355609
23355320
23324484
23355803
23359932
23354835
23324758
23324711
23324875
23359607
23324275
23355954
23355319
23354986
23359567
23355781
23355932
23324031
23359488
23359376
23359177
23324294
23324785
23355966
23324792
23355700
23355974
23355541
23355349
23324463
23355548
23354400
23324284
23355817
23359291
23354542
23324246
23359430
23324868
23359656
23355130
23324738
23359379
23324820
23324233
23355753
23355688
23359308
23324553
23355931
23355395
23355165
23359561
23324142
23355088
23324828
23359396
23359281
23324521
23324444
23324165
23355294
23324394
23355379
23324607
23324611
23355104
23324790
23355902
23359310
23324276
23324624
23355351
23355510
23324901
23359573
23324354
23324456
23355687
23355313
23359536
23359462
23359321
23359278
23324589
23359543
23355148
23359211
23355653
23324184
23355006
23324358
23324549
23355813
23359260
23359554
23359689
23355162
23355441
23354367
23359331
23355045
23355275
23355307
23354368
23324237
23359106
23324049
23355260
23359459
23324171
23324158
23324698
23355990
23324796
23355259
23355065
23324283
23324863
23355651
23324827
23324638
23324786
23355326
23324860
23359933
23324061
23324632
23355271
23324280
23355269
23359452
23324043
23324897
23324408
23355992
23355417
23355353
23359688
23354994
23324903
23324452
23355905
23355311
23355164
23359682
23359171
23324932
23359650
23324606
23324539
23359499
23355210
23355202
23354962
23354258
23324316
23354579
23355816
23359507
23355942
23359921
23355624
23355916
23324040
23355132
23324441
23324030
23324871
23324002
23355145
23324590
23359353
23359593
23324091
23324587
23324483
23359362
23355295
23355451
23359631
23359237
23324538
23355740
23355072
23355487
23324369
23355476
23359352
23359223
23324337
23355881
23355051
23324286
23355187
23359297
23359477
23355559
23359581
23324289
23355225
23324685
23355580
23324436
23324884
23355239
23324335
23359100
23355558
23355887
23355978
23359318
23359456
23324384
23359230
23324285
23355842
23324095
23324516
23359532
23355357
23324473
23359337
23355356
23324336
23324363
23324716
23324807
23355811
23324182
23324052
23324153
23359105
23324434
23359367
23324522
23355613
23359195
23355743
23355368
23355207
23324234
23355005
23355466
23359641
23355782
23355777
23324092
23355023
23355517
23324802
23324922
23355637
23324498
23355853
23355297
23355152
23354446
23359144
23355785
23359447
23324609
23324403
23359482
23355482
23355851
23324958
23355299
23355668
23359152
23324393
23354693
23354543
23354257
23324310
23355393
23355835
23355167
23324201
23355370
23324501
23359446
23355569
23355486
23359245
23359248
23355834
23359157
23355041
23324265
23324167
23359667
23355097
23359565
23359333
23324613
23355553
23355354
23355214
23359380
23354837
23324274
23359170
23355728
23324448
23324502
23359275
23359473
23359533
23355831
23359923
23359273
23355064
23355098
23324695
23324089
23355209
23355216
23355129
23355508
23324012
23324429
23324971
23355602
23324849
23359263
23355694
23324797
23355792
23355378
23355350
23359358
23324962
23359503
23355675
23324757
23324163
23324886
23355535
23355131
23359184
23355021
23354156
23354464
23359146
23359247
23359931
23355281
23359259
23359196
23359454
23324267
23355903
23324346
23355080
23324423
23355406
23324816
23355024
23355629
23359138
23359679
23359212
23355404
23324174
23324842
23324143
23324071
23324150
23324226
23324554
23355716
23324303
23324564
23359538
23324837
23355186
23359114
23355962
23355971
23355161
23359936
23324800
23359178
23355411
23324072
23355947
23324988
23324307
23324696
23355540
23355365
23355584
23359529
23324978
23324865
23355389
23359256
23324257
23324808
23354154
23355321
23355028
23355940
23324345
23359544
23359123
23355333
23355474
23324164
23324719
23324008
23324368
23359112
23355532
23359934
23355219
23359129
23355820
23355514
23355948
23359942
23359344
23324366
23354352
23355423
23324148
23355704
23359585
23355783
23355664
23354339
23359366
23324243
23355043
23324818
23324709
23355997
23324176
23324848
23355959
23355222
23355640
23354829
23359437
23355497
23355386
23324381
23355100
23324080
23359346
23324782
23324593
23324560
23355883
23324600
23359526
23324351
23324329
23324907
23355625
23359643
23359134
23355750
23324431
23355026
23324841
23359317
23324069
23355327
23359434
23324109
23324279
23324939
23324798
23359143
23355403
23359392
23324180
23359351
23324859
23324725
23355502
23324992
23355233
23324686
23324531
23324486
23355211
23355112
23324682
23355437
23355069
23355246
23324706
23324853
23355824
23355063
23355958
23324826
23359680
23359301
23324177
23324373
23355620
23359632
23359935
23324986
23355089
23359418
23324605
23355105
23324810
23355652
23359500
23324420
23359648
23355762
23355149
23355564
23355513
23324299
23355738
23359120
23324482
23355483
23324399
23354423
23355025
23355838
23359498
23359122
23355495
23359925
23355691
23355407
23324187
23359486
23324419
23355857
23354449
23359495
23324003
23359732
23324728
23355475
23355468
23324029
23355394
23359319
23355967
23354982
23359240
23324273
23324175
23359683
23355789
23324599
23355452
23359175
23354065
23355039
23324843
23324327
23324297
23359664
23355285
23324721
23324588
23355415
23359401
23324559
23355426
23324392
23359270
23355946
23324881
23355272
23324455
23324304
23359487
23359181
23354032
23355631
23324451
23324047
23355642
23324491
23324120
23324984
23324022
23355360
23355984
23355085
23355279
23324767
23324196
23359198
23355607
23324472
23355630
23324815
23324730
23355290
23324775
23324453
23355293
23324576
23324628
23355138
23359365
23324027
23359140
23355507
23354636
23355237
23324460
23324662
23355287
23355771
23324783
23324920
23355732
23359570
23355317
23355578
23354296
23355082
23355074
23355741
23359232
23324762
23355737
23355446
23355115
23355110
23355238
23324262
23355586
23324565
23355989
23324524
23324270
23324093
23355044
23324438
23324833
23355267
23324020
23355745
23355007
23355807
23324832
23324462
23359530
23355815
23324572
23359269
23355410
23355533
23324152
23355901
23324076
23359494
23355278
23359438
23324063
23359238
23359516
23324812
23324942
23359354
23324949
23355744
23324051
23324099
23355746
23324034
23324509
23355204
23355372
23355825
23324090
23355888
23359299
23324191
23324198
23355027
23324987
23324998
23355190
23354424
23359115
23359559
23355516
23355312
23324108
23355376
23355318
23359606
23324252
23355808
23324077
23355014
23324968
23324551
23324787
23355644
23354155
23355107
23324972
23359133
23324996
23324343
23355323
23359924
23359644
23355836
23355300
23324952
23355382
23359613
23355067
23355347
23355804
23324139
23359484
23359531
23355134
23355599
23359158
23324764
23324467
23355010
23355531
23324856
23324873
23359124
23355450
23359287
23355309
23359164
23324635
23359347
23324676
23359577
23359145
23355077
23355253
23355871
23355963
23324995
23355733
23359524
23355657
23324458
23324582
23359402
23324739
23324629
23355439
23354577
23324712
23355615
23355398
23359324
23355665
23355641
23324694
23354972
23359341
23359334
23355091
23355735
23324508
23355032
23355604
23359436
23324212
23355158
23359480
23324378
23324056
23324355
23359335
23359147
23324414
23355882
23324723
23359433
23324117
23324642
23359154
23324078
23324225
23355949
23359242
23324991
23324205
23324911
23324402
23324278
23359251
23324918
23359261
23354692
23359619
23359450
23324677
23359590
23355262
23355397
23324703
23355969
23359429
23324016
23355179
23324515
23359580
23324173
23355676
23324037
23324806
23324066
23324050
23359304
23355547
23359118
23355169
23324858
23355919
23355062
23359493
23324954
23355122
23359549
23324545
23355960
23324844
23324475
23359200
23355284
23324530
23359166
23355435
23359377
23355289
23355551
23355460
23355012
23359179
23355597
23324990
23324231
23359119
23355797
23359288
23354992
23359504
23324290
23355479
23324877
23324514
23324053
23355961
23324541
23324779
23324324
23355151
23355019
23324910
23359107
23355265
23324128
23324566
23324068
23324481
23324900
23359408
23355431
23355213
23324869
23355308
23355787
23324927
23324325
23359395
23355826
23355832
23355084
23355227
23354042
23324157
23355681
23355975
23324924
23355009
23324664
23324499
23359560
23355864
23359517
23324433
23355673
23324036
23355920
23324715
23324938
23324333
23359214
23324533
23324527
23359372
23359320
23355794
23324160
23355545
23359458
23324890
23324983
23324070
23324631
23355160
23355156
23324561
23359673
23355118
23355433
23324326
23355713
23324666
23359610
23355530
23355751
23359451
23355709
23354973
23355291
23355093
23324321
23355998
23324430
23355334
23355076
23324681
23324773
23355576
23324761
23324778
23324729
23324217
23355965
23324586
23324985
23324479
23359442
23324855
23355854
23359359
23324137
23355212
23324136
23355763
23359678
23355844
23355168
23359406
23324405
23355819
23359390
23324852
23324980
23355336
23324867
23359312
23355906
23355037
23324166
23359249
23324291
23324965
23355755
23355605
23324620
23355867
23359222
23359671
23355108
23359676
23355606
23359428
23355440
23359733
23324018
23359611
23324168
23359162
23324026
23359587
23355442
23355283
23324794
23354967
23324659
23355914
23324993
23354825
23355055
23355904
23359669
23359404
23359586
23355767
23324469
23324149
23359922
23359173
23359731
23324131
23324592
23355872
23355775
23359156
23324960
23324179
23355181
23355314
23359329
23324904
23355623
23355430
23324272
23324242
23324584
23359121
23355772
23355250
23324088
23324906
23355730
23324912
23355970
23324240
23324407
23355380
23355385
23324506
23324597
23355359
23355366
23324710
23324874
23324193
23324306
23359455
23355921
23359368
23359285
23355425
23324087
23324680
23354897
23324951
23324401
23355324
23324546
23324536
23355719
23355557
23324147
23354826
23355256
23324014
23355124
23355573
23359227
23324370
23355338
23354975
23355972
23324292
23324616
23355434
23359233
23324640
23355316
23355930
23324846
23359591
23359225
23324692
23355136
23355188
23355515
23355217
23359289
23359457
23355884
23324595
23355488
23324510
23324024
23359219
23359492
23324004
23355722
23355367
23359569
23324375
23324359
23324186
23355682
23359564
23354019
23359660
23354043
23355512
23355633
23324829
23355671
23359578
23354976
23324125
23355647
23324936
23355875
23355628
23355361
23324825
23359306
23359202
23324814
23359231
23324033
23355621
23355672
23324562
23359422
23354828
23324256
23324788
23355550
23359255
23324386
23359210
23354691
23324840
23355705
23354541
23355608
23359356
23355543
23359634
23355866
23324411
23324876
23354033
23324009
23324365
23355424
23355068
23355001
23359940
23359582
23359621
23355697
23355150
23355268
23359638
23355953
23355178
23359322
23355837
23355053
23324701
23359172
23324041
23324130
23324691
23324615
23355402
23324487
23355470
23355729
23355977
23359662
23355968
23355715
23324880
23324979
23324935
23324054
23324044
23359592
23324732
23324526
23359378
23359176
23324189
23324896
23359927
23355481
23359276
23355409
23324062
23359659
23324835
23359420
23355477
23354990
23359373
23324388
23355833
23324232
23355192
23324067
23324643
23355723
23355505
23324425
23355429
23359490
23355809
23324254
23324383
23324200
23359206
23354422
23324940
23359375
23355936
23355814
23355911
23359571
23324672
23355047
23324713
23355405
23355427
23355858
23324236
23355501
23359635
23355332
23324636
23324350
23355765
23324851
23324537
23355075
23324442
23355413
23324917
23359221
23324459
23359534
23324086
23324625
23324645
23324970
23324734
23324704
23324617
23355228
23355236
23355305
23355534
23359315
23324466
23354827
23359384
23359478
23324931
23359699
23354338
23355565
23324650
23355821
23355193
23355484
23354044
23324042
23355756
23359600
23355667
23324317
23324612
23324619
23355286
23324776
23324028
23355935
23359407
23324929
23355499
23355381
23354974
23359691
23359355
23355249
23355266
23359250
23355245
23324839
23359636
23355575
23359527
23324967
23324342
23355090
23324503
23324675
23324754
23359130
23355472
23324141
23355337
23354985
23324667
23354067
23355592
23355616
23324532
23324313
23355779
23355790
23324697
23359595
23355059
23324577
23324268
23324227
23359274
23324260
23355908
23359497
23324457
23359235
23355096
23324744
23324140
23324567
23359201
23355095
23355106
23355473
23324603
23355699
23355109
23355523
23359928
23355120
23355480
23355812
23324146
23355099
23324899
23354989
23359426
23324340
23324834
23355342
23324208
23359268
23355079
23324622
23355116
23359371
23355856
23355859
23359284
23355680
23324919
23324784
23355491
23324181
23355261
23355810
23355591
23324230
23324791
23355868
23359614
23359521
23359191
23355036
23359540
23324118
23359603
23355793
23355296
23324916
23355492
23324656
23324116
23355995
23324930
23359627
23359626
23324760
23324937
23324172
23354578
23355322
23354836
23355185
23324602
23359425
23324488
23324428
23355988
23324235
23359414
23324745
23359148
23359440
23359501
23355493
23324145
23324344
23355471
23359155
23355522
23324673
23359557
23355511
23324055
23355818
23355438
23324183
23355635
23324872
23359555
23355693
23324156
23355416
23359572
23359675
23324238
23355180
23355166
23324331
23324202
23355247
23359612
23354465
23359382
23359126
23359625
23355052
23355660
23324210
23324862
23355674
23355827
23324889
23324799
23359552
23359646
23354020
23355677
23355004
23359313
23355500
23324045
23324505
23355666
23355938
23355840
23354369
23355022
23359243
23355331
23355348
23324110
23355264
23324690
23324263
23324015
23359209
23359685
23324259
23355339
23324803
23324103
23324248
23355248
23355191
23324813
23324583
23324512
23355330
23355240
23355612
23324220
23359264
23359558
23324618
23324718
23324726
23355585
23355979
23354401
23355302
23324517
23324387
23355568
23359649
23355203
23355461
23355102
23324689
23355066
23355663
23355662
23324097
23355983
23324261
23354984
23324770
23359654
23324371
23355764
23359246
23324305
23324908
23324594
23324957
23355703
23324107
23355695
23355465
23324963
23359400
23355432
23355121
23355996
23359229
23324190
23324913
23324585
23355242
23324742
23324809
23324422
23355879
23324653
23324207
23324138
23324426
23324170
23355583
23324604
23324887
23324976
23324192
23359258
23324687
23359523
23359403
23355845
23355769
23355957
23359553
23355414
23324520
23324693
23359562
23324847
23324251
23355270
23359448
23354447
23324727
23324490
23355101
23359920
23355520
23324705
23359629
23355447
23324684
23324893
23324409
23355802
23324228
23355556
23359620
23324973
23355766
23359537
23355086
23324923
23355805
23324740
23355428
23324997
23324101
23355634
23324367
23355934
23355133
23324443
23359151
23324081
23355146
23324264
23355306
23355282
23324471
23324339
23355850
23324964
23359594
23324644
23355933
23359574
23355563
23355761
23355177
23354993
23355788
23324449
23324805
23354634
23324755
23359687
23354983
23324864
23355778
23359618
23324133
23355702
23324123
23354895
23354066
23324579
23355987
23324266
23355117
23324406
23324239
23354544
23324574
23355848
23324714
23324074
23355544
23359568
23359421
23355458
23355135
23355358
23324295
23354977
23324211
23355646
23324558
23355154
23359208
23355172
23355929
23359444
23355865
23324928
23359369
23359109
23324947
23359279
23324376
23355443
23359381
23355195
23355721
23324989
23324581
23355546
23355579
23359674
23359385
23324134
