23320522
23350686
23320105
23350909
23320948
23320688
23350386
23350176
23320874
23320585
23350731
23350575
23320123
23320808
23350653
23320038
23320709
23320396
23350809
23350941
23320319
23320309
23320597
23320358
23320872
23320839
23320488
23320133
23320304
23320529
23350791
23350777
23320423
23320702
23320636
23320577
23350939
23320245
23320198
23320735
23350069
23350329
23350494
23350243
23350817
23350484
23350713
23350897
23320037
23320615
23350215
23350807
23350311
23350474
23320415
23320998
23320860
23350163
23350823
23320922
23320878
23320764
23350048
23320626
23350778
23320191
23350926
23320722
23320876
23320883
23320551
23320761
23350187
23320511
23320910
23350899
23320914
23320305
23320710
23350238
23350467
23350440
23320381
23320934
23350274
23350276
23350544
23320510
23320673
23320158
23320261
23320236
23320842
23320317
23350350
23320321
23320660
23350583
23320627
23350240
23350854
23320329
23320150
23320068
23350006
23320240
23350893
23350811
23320871
23350754
23350659
23320799
23350752
23350068
23320139
23320155
23320049
23320239
23350994
23350353
23350929
23320367
23320101
23320917
23350152
23320196
23350223
23350780
23350191
23320040
23350584
23350026
23350966
23320470
23350596
23350317
23350499
23350131
23350758
23320716
23350976
23320119
23350130
23320887
23320270
23320745
23320058
23320141
23350512
23320632
23350553
23350370
23320774
23320112
23350911
23350020
23320833
23320159
23350333
23320898
23350014
23320982
23320258
23320546
23350913
23350325
23320300
23320238
23320956
23320568
23320385
23320785
23320380
23350546
23320073
23350171
23320779
23320012
23350960
23320457
23350299
23320473
23320571
23320588
23320102
23320454
23320838
23320817
23320456
23350714
23320298
23320845
23350597
23320550
23320586
23350041
23350468
23350950
23320968
23320928
23350828
23350586
23350159
23350032
23350375
23320366
23350345
23320054
23320951
23320044
23320580
23350337
23320751
23320365
23320474
23350507
23320032
23320267
23320512
23320524
23320530
23320340
23350864
23320475
23320804
23320519
23350920
23350306
23320691
23350545
23320405
23320803
23320727
23350862
23320259
23320787
23350214
23320822
23320886
23320098
23320115
23320131
23320669
23350529
23350957
23320778
23320805
23320564
23350368
23350741
23320464
23320514
23350046
23350033
23350085
23350988
23350103
23350629
23320840
23350971
23350461
23320772
23320583
23350684
23320864
23320988
23320235
23320918
23320451
23350514
23320832
23320029
23320282
23320930
23350104
23320681
23350565
23320031
23350535
23350944
23320648
23320841
23350091
23320834
23320176
23320565
23320283
23320921
23350912
23320897
23350732
23320853
23320698
23320421
23350574
23350666
23320230
23350519
23320313
23350372
23350598
23350367
23320974
23350271
23320084
23350902
23350119
23320630
23350945
23320186
23350767
23320553
23350165
23320146
23350900
23320126
23320665
23320508
23320144
23320349
23320016
23320950
23350552
23320969
23320989
23350483
23320923
23350804
23350908
23350111
23350856
23350456
23320855
23320494
23350084
23320450
23320545
23350638
23350442
23350409
23320175
23350865
23350527
23350858
23350688
23350415
23350184
23320908
23320773
23320754
23320541
23350812
23350320
23350907
23350358
23320442
23320759
23320662
23320292
23320811
23320118
23350910
23350242
23320820
23320022
23320480
23320165
23350264
23350528
23320406
23320004
23350128
23350906
23320039
23320991
23320733
23350884
23350848
23320638
23350739
23350642
23320307
23320810
23320836
23350349
23350762
23350106
23320097
23320900
23320885
23350618
23320138
23320220
23350008
23320466
23350175
23320824
23320272
23350517
23320331
23350611
23350366
23320064
23320437
23320060
23320906
23350034
23320351
23320264
23320775
23350073
23350037
23320256
23350677
23350056
23320111
23350416
23320217
23320642
23320021
23320740
23350616
23320065
23350580
23320410
23320712
23320657
23350876
23320063
23350649
23350443
23320163
23350770
23320815
23350669
23350473
23320769
23320795
23350460
23320041
23320429
23350860
23350030
23320027
23350658
23320505
23350346
23320877
23320194
23320294
23320382
23320780
23350531
23350400
23320792
23320348
23350581
23320120
23320798
23350244
23350843
23320880
23320567
23320411
23320890
23320852
23320001
23350138
23320247
23320891
23350235
23320202
23350247
23320975
23350594
23350736
23320753
23320686
23320035
23320931
23350252
23320847
23350245
23320790
23320831
23350852
23320007
23350023
23320142
23320954
23350968
23320281
23320306
23350285
23320672
23350301
23350602
23320701
23320614
23350551
23320791
23320835
23350434
23350869
23350237
23350207
23350936
23320937
23320520
23350888
23320767
23320399
23320151
23320453
23350444
23320132
23350518
23320879
23350298
23320755
23350449
23350561
23320296
23320742
23350867
23350455
23320573
23320083
23350002
23350043
23350313
23320153
23350448
23350439
23320902
23320939
23350497
23320036
23320536
23350154
23320656
23320784
23350539
23350269
23320616
23350204
23320371
23320234
23320216
23320678
23350278
23350288
23320623
23320637
23350433
23350142
23350493
23320024
23320148
23320431
23350365
23320650
23320057
23350205
23350733
23350651
23320664
23350532
23350498
23350182
23350810
23320482
23350665
23320904
23350446
23320137
23350556
23350510
23320490
23320687
23350031
23320958
23350990
23320420
23320299
23320052
23320549
23320472
23320812
23320266
23320316
23350035
23320221
23320796
23350160
23320201
23350550
23320794
23350335
23350389
23320053
23320277
23350901
23350874
23320018
23320684
23320314
23320927
23320287
23320408
23350768
23350388
23320361
23320400
23320888
23320181
23320777
23320509
23320182
23320263
23320173
23350192
23350503
23350336
23320789
23350697
23320197
23350224
23350590
23320099
23320243
23320990
23320576
23350703
23320830
23350979
23350057
23350178
23350728
23320987
23350340
23320763
23320996
23320661
23350471
23350360
23320193
23320863
23350729
23320109
23350892
23350845
23320850
23350197
23350962
23320697
23320081
23350357
23350530
23320327
23320700
23320846
23350376
23350089
23320896
23320570
23320433
23350134
23350016
23320633
23320422
23320556
23350844
23350381
23350256
23350305
23350881
23350724
23320455
23350231
23320924
23320492
23320851
23320756
23350895
23350787
23320575
23320946
23350652
23320645
23320629
23350146
23350562
23350794
23350293
23320502
23320048
23320350
23350412
23350024
23320094
23320644
23350232
23350657
23350992
23350121
23350855
23320717
23350880
23350423
23320559
23350316
23350769
23320579
23320899
23320086
23350570
23320651
23350330
23320945
23350332
23350049
23320938
23320800
23320901
23320407
23320643
23350972
23350723
23320285
23320952
23320856
23320943
23320611
23350018
23350430
23320587
23320635
23320166
23350392
23350206
23350310
23320279
23320677
23320394
23320875
23320265
23320962
23320994
23320311
23320507
23320244
23320859
23350354
23320010
23320599
23320647
23320397
23320462
23320152
23350806
23350450
23320705
23320746
23320854
23350465
23320315
23350477
23320971
23350227
23350496
23320147
23350158
23320413
23320195
23320925
23320228
23320368
23350547
23320092
23350219
23320208
23320424
23320291
23320868
23320439
23350044
23320628
23350621
23320711
23350115
23320116
23350010
23320056
23350735
23350149
23320909
23320343
23350645
23320781
23320744
23350889
23350234
23350487
23320303
23320591
23320892
23350157
23320477
23320043
23350954
23320231
23320103
23350136
23350504
23320167
23350715
23320682
23350233
23350263
23350221
23320249
23350816
23320172
23320143
23350194
23350667
23350840
23350932
23350952
23320617
23320479
23350763
23320506
23320818
23320582
23350604
23350195
23350371
23320816
23320124
23320440
23320866
23320704
23350827
23350210
23320460
23320690
23350822
23320026
23320913
23350847
23320658
23320819
23320251
23320493
23320005
23320915
23320499
23350601
23350543
23350942
23350915
23350015
23350663
23320444
23320438
23320483
23320168
23320620
23350180
23350017
23320653
23350934
23350458
23350633
23320386
23320699
23320275
23350706
23320448
23320593
23350788
23350522
23350164
23350533
23350738
23320905
23320721
23350989
23350261
23320666
23350284
23350796
23320621
23320000
23320926
23320404
23320649
23320468
23350363
23320882
23320624
23350040
23350374
23350698
23350000
23350710
23320881
23320857
23350167
23320391
23320513
23350162
23320743
23320262
23320889
23320157
23350705
23320547
23350821
23320447
23320760
23350887
23350296
23320558
23320117
23320548
23350241
23320986
23320594
23320252
23320828
23350681
23320912
23320015
23320995
23350958
23320061
23320185
23350835
23350753
23350625
23350362
23320999
23350872
23320091
23350395
23350734
23320814
23350708
23320770
23320862
23320090
23320605
23320521
23350859
23350036
23350042
23320786
23350711
23320726
23320706
23320944
