59597539
59597567
59597234
59597258
59597629
59597650
59597595
59597240
59597658
59597293
59597657
59597262
59597525
59597558
59597344
59597227
59597576
59597205
59597611
59597387
59597644
59597105
59597653
59597323
59597318
59597156
59597287
59597512
59597331
59597682
59597578
59597172
59597147
59597129
59597272
59597187
59597584
59597689
59597565
59597251
59597235
59597620
59597532
59597388
59597675
59597333
59597161
59597523
59597667
59597302
59597510
59597225
59597551
59597598
59597640
59597370
59597687
59597651
59597125
59597346
59597186
59597606
59597216
59597580
59597244
59597686
59597529
59597266
59597531
59597308
59597508
59597314
59597212
59597168
59597243
59597637
59597519
59597526
59597572
59597659
59597211
59597396
59597375
59597583
59597554
59597232
59597615
59597563
59597354
59597137
59597506
59597284
59597652
59597543
59597521
59597685
59597514
59597313
59597159
59597507
59597291
59597117
59597107
59597358
59597579
59597118
59597277
59597351
59597289
59597660
59597537
59597381
59597222
59597214
59597285
59597267
59597196
59597340
59597152
59597127
59597553
59597189
59597617
59597218
59597290
59597530
59597581
59597325
59597373
59597217
59597593
59597357
59597654
59597164
59597679
59597630
59597260
59597513
59597633
59597392
59597307
59597614
59597368
59597121
59597364
59597590
59597111
59597500
59597328
59597641
59597242
59597559
59597587
59597114
59597283
59597384
59597360
59597666
59597178
59597556
59597312
59597688
59597230
59597108
59597555
59597585
59597139
59597562
59597276
59597569
59597385
59597298
59597561
59597275
59597109
59597609
59597265
59597257
59597213
59597622
59597680
59597134
59597670
59597132
59597220
59597174
59597528
59597594
59597253
59597123
59597142
59597144
59597190
59597671
59597610
59597170
59597299
59597560
59597195
59597668
59597143
59597665
59597568
59597646
59597122
59597296
59597208
59597126
59597281
59597612
59597288
59597221
59597690
59597552
59597175
59597623
59597158
59597648
59597596
59597261
59597241
59597382
59597148
59597315
59597128
59597348
59597278
59597699
59597548
59597180
59597321
59597203
59597589
59597100
59597626
59597226
59597160
59597575
59597540
59597259
59597223
59597279
59597181
59597389
59597248
59597697
59597356
59597197
59597379
59597524
59597138
59597282
59597582
59597549
59597695
59597642
59597681
59597238
59597362
59597341
59597645
59597501
59597245
59597292
59597151
59597664
59597162
59597169
59597224
59597592
59597150
59597229
59597350
59597202
59597545
59597547
59597183
59597255
59597247
59597219
59597571
59597252
59597625
59597185
59597271
59597198
59597215
59597119
59597600
59597246
59597201
59597209
59597577
59597386
59597352
59597140
59597693
59597141
59597604
59597133
59597399
59597522
59597363
59597184
59597698
59597541
59597130
59597618
59597145
59597306
59597280
59597355
59597359
59597207
59597661
59597269
59597115
59597343
59597193
59597535
59597574
59597692
59597254
59597544
59597112
59597647
59597135
59597177
59597619
59597113
59597365
59597691
59597294
59597233
59597136
59597270
59597678
59597239
59597533
59597228
59597131
59597236
59597316
59597591
59597349
59597643
59597231
59597588
59597210
59597662
59597649
59597191
59597319
59597573
59597268
59597274
59597663
59597176
59597696
59597199
59597570
59597165
59597237
59597639
59597110
59597515
59597166
59597188
59597101
59597367
59597536
59597337
59597182
59597310
59597527
59597534
59597372
59597204
59597104
59597517
59597146
59597597
59597304
59597154
59597339
59597676
59597557
59597366
59597124
59597338
59597334
59597157
59597149
59597390
59597566
59597163
59597511
59597397
59597550
59597155
59597353
59597167
59597538
59597249
59597542
59597631
59597380
59597256
59597264
59597173
59597504
59597120
59597684
59597502
59597518
59597295
59597286
59597297
59597200
59597106
59597564
59597616
59597683
59597326
59597179
59597171
59597656
59597194
59597116
59597192
59597273
59597102
59597369
59597546
59597206
59597250
59597103
59597632
59597371
59597263
59597383
59597516
59597694
59597317
59597636
59597322
59597153
59597320
59597586
