59598107
59598105
59598375
59598228
59598455
59598213
59598530
59598117
59598379
59598411
59598485
59598337
59598592
59598303
59598132
59598540
59598340
59598268
59598404
59598541
59598273
59598182
59598418
59598383
59598519
59598484
59598281
59598471
59598178
59598591
59598258
59598328
59598410
59598210
59598161
59598429
59598435
59598235
59598288
59598450
59598369
59598171
59598196
59598220
59598545
59598279
59598406
59598516
59598370
59598226
59598223
59598160
59598173
59598290
59598133
59598414
59598356
59598325
59598249
59598413
59598218
59598381
59598559
59598341
59598113
59598488
59598144
59598198
59598425
59598572
59598192
59598521
59598342
59598409
59598255
59598125
59598318
59598265
59598184
59598453
59598293
59598312
59598291
59598534
59598269
59598560
59598568
59598408
59598394
59598569
59598528
59598239
59598138
59598347
59598582
59598186
59598402
59598412
59598400
59598593
59598275
59598498
59598570
59598304
59598280
59598391
59598136
59598238
59598458
59598438
59598172
59598407
59598512
59598155
59598431
59598152
59598292
59598205
59598170
59598145
59598131
59598417
59598263
59598134
59598207
59598346
59598118
59598487
59598277
59598588
59598315
59598599
59598589
59598479
59598457
59598511
59598501
59598101
59598553
59598299
59598385
59598424
59598509
59598497
59598151
59598322
59598305
59598270
59598395
59598441
59598180
59598403
59598533
59598156
59598204
59598163
59598102
59598389
59598294
59598444
59598176
59598261
59598495
59598522
59598181
59598583
59598358
59598552
59598114
59598262
59598248
59598231
59598531
59598147
59598354
59598539
59598257
59598566
59598371
59598323
59598470
59598362
59598195
59598456
59598520
59598465
59598527
59598480
59598423
59598274
59598317
59598282
59598143
59598473
59598115
59598499
59598243
59598461
59598496
59598212
59598562
59598378
59598598
59598567
59598468
59598343
59598355
59598246
59598183
59598168
59598510
59598174
59598203
59598193
59598490
59598574
59598364
59598565
59598372
59598523
59598443
59598130
59598251
59598194
59598595
59598289
59598464
59598200
59598577
59598302
59598507
59598434
59598557
59598187
59598236
59598216
59598357
59598460
59598344
59598259
59598579
59598374
59598597
59598126
59598267
59598227
59598271
59598467
59598247
59598154
59598124
59598587
59598439
59598459
59598352
59598233
59598554
59598494
59598120
59598123
59598532
59598564
59598493
59598106
59598111
59598330
59598573
59598544
59598422
59598421
59598469
59598392
59598537
59598260
59598393
59598368
59598167
59598320
59598153
59598427
59598432
59598158
59598454
59598284
59598546
59598489
59598420
59598300
59598308
59598164
59598386
59598219
59598309
59598159
59598266
59598451
59598360
59598538
59598384
59598272
59598348
59598446
59598234
59598396
59598405
59598442
59598128
59598492
59598517
59598486
59598449
59598373
59598448
59598462
59598547
59598256
59598201
59598525
59598549
59598474
59598430
59598380
59598165
59598108
59598377
59598504
59598327
59598500
59598550
59598558
59598140
59598297
59598206
59598197
59598116
59598321
59598298
59598326
59598314
59598447
59598365
59598353
59598472
59598513
59598253
59598112
59598576
59598338
59598254
59598241
59598440
59598110
59598508
59598331
59598502
59598217
59598190
59598199
59598542
59598584
59598524
59598363
59598316
59598419
59598333
59598137
59598278
59598191
59598222
59598230
59598310
59598100
59598324
59598428
59598361
59598580
59598189
59598367
59598398
59598127
59598148
59598121
59598242
59598478
59598306
59598514
59598286
59598578
59598283
59598416
59598224
59598475
59598401
59598345
59598252
59598221
59598229
59598214
59598150
59598285
59598208
59598463
59598483
59598139
59598237
59598319
59598335
59598548
59598240
59598551
59598177
59598245
59598561
59598506
59598349
59598295
59598188
59598175
59598415
59598179
59598581
59598376
59598585
59598225
59598119
59598594
59598436
59598477
59598476
59598575
59598351
59598452
59598556
59598215
59598426
59598387
59598555
59598250
59598505
59598103
59598491
59598366
59598313
59598481
59598146
59598149
59598518
59598185
59598232
59598311
59598104
59598339
59598503
59598586
59598445
59598264
59598590
59598563
59598535
59598334
59598142
59598571
59598382
59598244
59598350
59598397
59598388
59598515
59598526
59598135
59598336
59598157
59598359
59598202
59598122
59598466
59598543
59598332
59598276
59598166
59598536
59598169
59598211
59598287
59598329
59598296
59598482
59598529
59598390
59598109
59598307
59598399
59598437
59598129
59598596
59598162
59598141
59598209
59598433
59598301
