7905710
7903612
7903287
7961993
7963777
7906634
7909098
7905357
7906816
7909994
7903566
7903897
7962181
7903651
7906301
7961463
7962691
7961076
7905999
7961484
7962819
7909959
7964366
7963000
7960841
7963857
7909693
7903052
7909585
7905617
7960746
7964697
7961429
7961813
7961366
7905365
7963244
7964911
7960570
7906056
7906509
7962363
7961454
7963336
7903495
7905997
7905391
7961210
7909887
7905992
7909427
7906624
7909204
7960402
7960410
7961531
7961118
7962873
7909284
7964447
7960462
7909159
7906315
7963981
7909000
7960992
7906145
7903428
7964428
7964684
7964445
7961741
7905724
7964846
7909350
7962001
7960775
7903600
7960167
7903898
7961630
7960051
7903482
7964690
7960942
7905064
7909832
7963491
7964231
7964101
7905985
7906174
7903488
7962021
7909628
7963269
7906308
7909791
7906767
7906969
7905465
7963488
7961374
7909552
7964174
7961962
7960442
7964567
7960615
7909579
7960164
7906939
7963153
7906652
7960728
7963764
7909880
7964425
7905729
7963388
7960778
7905435
7963572
7963933
7909380
7909709
7960407
7903919
7962771
7905807
7903991
7903364
7964317
7963124
7963050
7961515
7906735
7905087
7961439
7960933
7964370
7964904
7960563
7961067
7903109
7906037
7906199
7960697
7903116
7960118
7962876
7905725
7905605
7906160
7905904
7962198
7909160
7960648
7963343
7909268
7960737
7903870
7963125
7961304
7960158
7962481
7903633
7905971
7906705
7905667
7962431
7963986
7960249
7906166
7909613
7906993
7963405
7962472
7909243
7964482
7964700
7903297
7963564
7905542
7960972
7964775
7964975
7960831
7903846
7960824
7961975
7964083
7909444
7909373
7909936
7962457
7905479
7961217
7909817
7906920
7964031
7964955
7962208
7903796
7909794
7961401
7903107
7909069
7906092
7961699
7962957
7963394
7960626
7906084
7962887
7903087
7963926
7903521
7963672
7909300
7909212
7962474
7960185
7962201
7906623
7903577
7909138
7961918
7906425
7960416
7963099
7960619
7903512
7963166
7906438
7903129
7960616
7961306
7905715
7909610
7962251
7960165
7903780
7903786
7962688
7903934
7903501
7963101
7906305
7906494
7964599
7964977
7961543
7905493
7962812
7905432
7961478
7909776
7960319
7909469
7905417
7909102
7963667
7961748
7905556
7903100
7962949
7961706
7963640
7905440
7960734
7903011
7906271
7905518
7909676
7963720
7906789
7905601
7909827
7903927
7962694
7905721
7963148
7961645
7962656
7960141
7961874
7962040
7905800
7962932
7903063
7962531
7962470
7909986
7963036
7903008
7906537
7905508
7960604
7963406
7961668
7903909
7903481
7962744
7960021
7961489
7960498
7961774
7905750
7962988
7961806
7905490
7960985
7905178
7962700
7962650
7960239
7962173
7903118
7964915
7903330
7960236
7964871
7961099
7963382
7961624
7960651
7906376
7909680
7963118
7906727
7963740
7962765
7909416
7960510
7909406
7964303
7961868
7909176
7964701
7909408
7906690
7961389
7962746
7905134
7963867
7905726
7964881
7961432
7961889
7903229
7960366
7960981
7962158
7909735
7962002
7909016
7960114
7906639
7903929
7964864
7960482
7963925
7903740
7960839
7963197
7909314
7903888
7909319
7963635
7960788
7963526
7905189
7903788
7962738
7903468
7903660
7960925
7961671
7909491
7909700
7960976
7964074
7960495
7961316
7906568
7961203
7963028
7964956
7962056
7960572
7905012
7960811
7903861
7963057
7906411
7909400
7964365
7905040
7905612
7909164
7962212
7906877
7960329
7905323
7903832
7962594
7962974
7903289
7962599
7905156
7909907
7962916
7906994
7906542
7909182
7960768
7909397
7960660
7963837
7903731
7909757
7906611
7960977
7906887
7906331
7963498
7962644
7906940
7961557
7905184
7905048
7960518
7905433
7961808
7909675
7961361
7909622
7964006
7906091
7961179
7903558
7964610
7905038
7905640
7963523
7909422
7964928
7960583
7906491
7903020
7962966
7960451
7903061
7961976
7963953
7909635
7905506
7906729
7963835
7903614
7905886
7903802
7964429
7964724
7903593
7905538
7905004
7962269
7905304
7903644
7903603
7964077
7906085
7960719
7906803
7961334
7909842
7903956
7960137
7962137
7906283
7963800
7962035
7905633
7960144
7909659
7961913
7909461
7903042
7903410
7962550
7903374
7909590
7903507
7905462
7909835
7961273
7960473
7905001
7960589
7964007
7906919
7961508
7962731
7903306
7909798
7962712
7963955
7962708
7909800
7964454
7961571
7962504
7964825
7963596
7961458
7962795
7906871
7903932
7905034
7909277
7963008
7903882
7963649
7905488
7960846
7961713
7964351
7963614
7903536
7909897
7909502
7963577
7909261
7906677
7905300
7905337
7963673
7906912
7962751
7909865
7906858
7960053
7905017
7903220
7964793
7964817
7903553
7903035
7964278
7909943
7909209
7964186
7960160
7963818
7961445
7906195
7905637
7903835
7906933
7962824
7961422
7909424
7909459
7906357
7961446
7909032
7903071
7903296
7964084
7961077
7960411
7963402
7961189
7903498
7961997
7909272
7906534
7962012
7963510
7963962
7909228
7909787
7909645
7905618
7909152
7962428
7906957
7963072
7960567
7903023
7903319
7962503
7905338
7962078
7905666
7963754
7905671
7903327
7905772
7903617
7960834
7903826
7960956
7962573
7962652
7905580
7963730
7906942
7905969
7963383
7963131
7905934
7905977
7906730
7963942
7961834
7909301
7905213
7961498
7964787
7961388
7961071
7906620
7960722
7905761
7905681
7964525
7960265
7962406
7962346
7961720
7906868
7909646
7905595
7962533
7903588
7963409
7961183
7903032
7962046
7962696
7903447
7906636
7960996
7961811
7964016
7903992
7960738
7963767
7960731
7962532
7905639
7909899
7962911
7903274
7960514
7903164
7906230
7962869
7962697
7905044
7960837
7903466
7905768
7960093
7962924
7909127
7903581
7961136
7960902
7964593
7909143
7963643
7960862
7961002
7962806
7909796
7909377
7903390
7961117
7960793
7962832
7962192
7903652
7964687
7909615
7903408
7909902
7961362
7906464
7903665
7906986
7903510
7909537
7905961
7906506
7906041
7963178
7960024
7903763
7905367
7909064
7962369
7964910
7963889
7909078
7960040
7962265
7963463
7961956
7961564
7903778
7963141
7906660
7961520
7964356
7903833
7903178
7906330
7905340
7903098
7960765
7962004
7963521
7961326
7909734
7960320
7906592
7962338
7903836
7960056
7960622
7961722
7963371
7961108
7909342
7964889
7961607
7962816
7960772
7905944
7961468
7905078
7963807
7906496
7905225
7961057
7903370
7961763
7903945
7960720
7909357
7906128
7963423
7903149
7905269
7964030
7903537
7961642
7960688
7906988
7962187
7909066
7964064
7906110
7905441
7903461
7905684
7961172
7962867
7903085
7960593
7903668
7960301
7905326
7905984
7909431
7962500
7906604
7909304
7960930
7960682
7961295
7909829
7962325
7903630
7960914
7909637
7962205
7960417
7906114
7960524
7906039
7961371
7964598
7960287
7909339
7961143
7903437
7962256
7906925
7905632
7903606
7964127
7905193
7964062
7962065
7962616
7962837
7960478
7961330
7903769
7963238
7905062
7906079
7964145
7905176
7964577
7905242
7905918
7960429
7905388
7906381
7963545
7962490
7961677
7961710
7906057
7960340
7903470
7963590
7960912
7961009
7962437
7961850
7909483
7903068
7903369
7960455
7905650
7903431
7905526
7909419
7960535
7960544
7964773
7961062
7963312
7960459
7909246
7961974
7963045
7906375
7960007
7903884
7906809
7960019
7909890
7905588
7906259
7905051
7905938
7905243
7962112
7960906
7906314
7964180
7905025
7962834
7903631
7905085
7961034
7961525
7960994
7909254
7962803
7962588
7964792
7961345
7905591
7962636
7906710
7903827
7964020
7906369
7963781
7963211
7964566
7963415
7905364
7960107
7906650
7905290
7903093
7964223
7960304
7906989
7964421
7905513
7963300
7962411
7960742
7960999
7905735
7903163
7906179
7963571
7962947
7903091
7962148
7906691
7903913
7961184
7903074
7905416
7905610
7909566
7905677
7909369
7903219
7905942
7961078
7963191
7962678
7961480
7905307
7960696
7962653
7964660
7903875
7905793
7906391
7961905
7962713
7963965
7909725
7960022
7961321
7903889
7961239
7906513
7906384
7905144
7905905
7960555
7906719
7906107
7964542
7909438
7961385
7906526
7909781
7903756
7961123
7903848
7961140
7906614
7961293
7961692
7905930
7960708
7905080
7962546
7903152
7906892
7964422
7909778
7963078
7909871
7906943
7964815
7962820
7906051
7906995
7962452
7903789
7905470
7964493
7961935
7903961
7903550
7960391
7906766
7964504
7906197
7909985
7909551
7962475
7963597
7960691
7964631
7909513
7909413
7962781
7903398
7960300
7905988
7906322
7960554
7905289
7960254
7962456
7961960
7961589
7961153
7961795
7962741
7909535
7906468
7903171
7905461
7909189
7906628
7962425
7964431
7905229
7906842
7905849
7962177
7960174
7962423
7903432
7909260
7909588
7903911
7905135
7960157
7962647
7903479
7962124
7960693
7903493
7906927
7903939
7961849
7962513
7964659
7964066
7961773
7962073
7906275
7909906
7960907
7961560
7909307
7961648
7903813
7962634
7905096
7906345
7960088
7905478
7964103
7961570
7960564
7962122
7960074
7964762
7962663
7909718
7903324
7963152
7962977
7906476
7906712
7964419
7909174
7961957
7963083
7906171
7964558
7962017
7961199
7905867
7909181
7909516
7962681
7905780
7909417
7961032
7905585
7962146
7903477
7903102
7909694
7963106
7962721
7906530
7964715
7905921
7961777
7961877
7909539
7964622
7903141
7960192
7963025
7960463
7961208
7964943
7960880
7909217
7964212
7961313
7961610
7903678
7962762
7962134
7962241
7962395
7903975
7905621
7903174
7905018
7909467
7905882
7909242
7903891
7963213
7909874
7906505
7909672
7962152
7960333
7960581
7962270
7960052
7906745
7960694
7961402
7905076
7905107
7961971
7905670
7909724
7905142
7905381
7909998
7962622
7903419
7962757
7963412
7906396
7905402
7905925
7903817
7963418
7964550
7961254
7909549
7903621
7963696
7903266
7906202
7906573
7963325
7906741
7906061
7906806
7964385
7909353
7961652
7960480
7906178
7905448
7909158
7964638
7903099
7906124
7905516
7909531
7909768
7909012
7961065
7909992
7960146
7960103
7905223
7905181
7909604
7960724
7909905
7909782
7960386
7905245
7961471
7960205
7962764
7963081
7906436
7905895
7906334
7960365
7909059
7962145
7903878
7906361
7909252
7960112
7963982
7960859
7906707
7962950
7905890
7961810
7906484
7963315
7963985
7906581
7960427
7960049
7962814
7903409
7906215
7963247
7903272
7961145
7962010
7964386
7961421
7962934
7905248
7961968
7905436
7903433
7905015
7903771
7903684
7903896
7906980
7961113
7962797
7963831
7909024
7961487
7906034
7963977
7963416
7909520
7960128
7909322
7905501
7960102
7960487
7905247
7963734
7903748
7960638
7962408
7962502
7905928
7963087
7964424
7961816
7960601
7962362
7962730
7903038
7909764
7962530
7903166
7964297
7960392
7906045
7961126
7909473
7906481
7905403
7960401
7964076
7903015
7960240
7964783
7905657
7906263
7964040
7960830
7962019
7909837
7964104
7964931
7960438
7906499
7960412
7963161
7906560
7963809
7963682
7905499
7963594
7964239
7964456
7964337
7905095
7960723
7905341
7906439
7909455
7961314
7964552
7961656
7963686
7962258
7963881
7903210
7962913
7964894
7964619
7961174
7960680
7963326
7960308
7961576
7963840
7906136
7903025
7962808
7962037
7960873
7905332
7903743
7961276
7961821
7962906
7963678
7909201
7962334
7960810
7961683
7963236
7903822
7960684
7963260
7905929
7903549
7964440
7962027
7964158
7903284
7962193
7905423
7906576
7962813
7906579
7963532
7964646
7962371
7962851
7903336
7963618
7906228
7961695
7964200
7905374
7906693
7960230
7962942
7905228
7905935
7961289
7964481
7963154
7909010
7964166
7905794
7909055
7905437
7963268
7903403
7903217
7960425
7905843
7960843
7960624
7962450
7909607
7909839
7963403
7964993
7906446
7909251
7903019
7961790
7909329
7964462
7906901
7964051
7905336
7961745
7961895
7960512
7903726
7906086
7961854
7961194
7909443
7960275
7906423
7961411
7962960
7960098
7909257
7961534
7963447
7909743
7961496
7903058
7964870
7905770
7961802
7960525
7903661
7960702
7960140
7903134
7909658
7962749
7962436
7963654
7905324
7906713
7905492
7963113
7963100
7903110
7905758
7963865
7906408
7906738
7906602
7909378
7905319
7963940
7903638
7903096
7903372
7909144
7963535
7903808
7903195
7909433
7906930
7961723
7960627
7909779
7962799
7905562
7905172
7963120
7903051
7960286
7960828
7905728
7903936
7905059
7962006
7903446
7905031
7903564
7964283
7962823
7903791
7961886
7903770
7905976
7905625
7961776
7964460
7905753
7903686
7962854
7906828
7963165
7906490
7963980
7906009
7963331
7909538
7962020
7964382
7964409
7903887
7909168
7903774
7962703
7962422
7961466
7964898
7903333
7903725
7961798
7903250
7906775
7963142
7960625
7964357
7963503
7962015
7962161
7964768
7960705
7903760
7906755
7963105
7903161
7909197
7903795
7903022
7961682
7906198
7905389
7963093
7905284
7963307
7963233
7909036
7909348
7905986
7909193
7963941
7909652
7905182
7961604
7960861
7905914
7905369
7964364
7909773
7903315
7962684
7909854
7962190
7906151
7906629
7961428
7903766
7964591
7905330
7961234
7903396
7909685
7909454
7963540
7905335
7962557
7961441
7906311
7905348
7964632
7960990
7962927
7960437
7903407
7964875
7903772
7961661
7909733
7905393
7903783
7963852
7909447
7964112
7962705
7962495
7905291
7909870
7903474
7905409
7964522
7903045
7906095
7905624
7960853
7909821
7903723
7960536
7961606
7909283
7906814
7903135
7906403
7964452
7903307
7964198
7906593
7960181
7964737
7909691
7960858
7963368
7964148
7909285
7905123
7909900
7960466
7903387
7960100
7960779
7961643
7909755
7905042
7903869
7964001
7903632
7964914
7906367
7905060
7961819
7961901
7960355
7963227
7963913
7906500
7961350
7906680
7906048
7960349
7961376
7903880
7960445
7905565
7960046
7905622
7960014
7963198
7961163
7960116
7964451
7905320
7962580
7909305
7962229
7903143
7903072
7909223
7903303
7903552
7905994
7963377
7961257
7960952
7962754
7961579
7909969
7964009
7905343
7961504
7906495
7960566
7961200
7909239
7960798
7906359
7961910
7903281
7960155
7903812
7960011
7903865
7960781
7903267
7909395
7960869
7909390
7963261
7964476
7964666
7906132
7906472
7960368
7906962
7963611
7964380
7903641
7905104
7961535
7909761
7960698
7962527
7961008
7961633
7905540
7961529
7961072
7903924
7905686
7905777
7906575
7963376
7963443
7960681
7909435
7962525
7960083
7905166
7962717
7962715
7909169
7905239
7960527
7960078
7963712
7905227
7906380
7960673
7909359
7903657
7960269
7963885
7905829
7961651
7903598
7964479
7905108
7960472
7905118
7963691
7960835
7964398
7906105
7960080
7963390
7960594
7962204
7909302
7963347
7906269
7906921
7906139
7903905
7961490
7903147
7962166
7961224
7963547
7961406
7909108
7961718
7909909
7906267
7961164
7905007
7903404
7906130
7960657
7963533
7961473
7903683
7963566
7960744
7964978
7964937
7963037
7903973
7903728
7962516
7909877
7961392
7906728
7903828
7909747
7909958
7962777
7964641
7906563
7906341
7963787
7906379
7961754
7905221
7960197
7906583
7905773
7962727
7909493
7905698
7906478
7964098
7906802
7909609
7903381
7963527
7962815
7961884
7964261
7961047
7906273
7962898
7960221
7905579
7962494
7964489
7964427
7903323
7906761
7905397
7906060
7909649
7964545
7962818
7961241
7962973
7905824
7963082
7963979
7961191
7905547
7963796
7906205
7964344
7962043
7964899
7906270
7905519
7960539
7960272
7905041
7903472
7964727
7903962
7963850
7961674
7961567
7964488
7960075
7963868
7960073
7906857
7963593
7909499
7961876
7909901
7909221
7962114
7903308
7962400
7906675
7960733
7964438
7961068
7960343
7962057
7903231
7961663
7963210
7903970
7961581
7964219
7964093
7905286
7962615
7962478
7906410
7964703
7903179
7963434
7962967
7909836
7906027
7960178
7961160
7962505
7963337
7960243
7964067
7960166
7905302
7909490
7963239
7960641
7903886
7960161
7962559
7961943
7903204
7906765
7903712
7906724
7963645
7905050
7961015
7905115
7964998
7963226
7963164
7903777
7961451
7961725
7964280
7909741
7962553
7906819
7903007
7909414
7905373
7909005
7906099
7903342
7962892
7960395
7905951
7905430
7962654
7909654
7906258
7903804
7905740
7909220
7905195
7909981
7903860
7960255
7906515
7960558
7961027
7906113
7961538
7960496
7903508
7964613
7961620
7903491
7909465
7960955
7909677
7905036
7906450
7960745
7905192
7963097
7961187
7963411
7963784
7905057
7964162
7960538
7909471
7960661
7903249
7960706
7964018
7962206
7909218
7905850
7905512
7906673
7961121
7909668
7906932
7909952
7964053
7961911
7906103
7903189
7903490
7963914
7903184
7905553
7962045
7962675
7903186
7905385
7961767
7964494
7960997
7963465
7905566
7903260
7903137
7905788
7903138
7962900
7964439
7963703
7961394
7961588
7963898
7964617
7905974
7964972
7905599
7961779
7962589
7962853
7906744
7903505
7962943
7903449
7903746
7963792
7964241
7962750
7964189
7964962
7964302
7962415
7906329
7909331
7909530
7906831
7903666
7962300
7963793
7905008
7905690
7961380
7962250
7961019
7909177
7964379
7903902
7903648
7903594
7903010
7961592
7960248
7906689
7906681
7906529
7960039
7909316
7905314
7963971
7962755
7963862
7960038
7905805
7964761
7960018
7906274
7903557
7903616
7963366
7909867
7906420
7964714
7963659
7906698
7963483
7909360
7962872
7961070
7905288
7906888
7962541
7964393
7964326
7962082
7963716
7960358
7963132
7905171
7960483
7960218
7905414
7962356
7906461
7963472
7960281
7905700
7960461
7961820
7903155
7909464
7962209
7903724
7964199
7962914
7964807
7960009
7903264
7906432
7906598
7964547
7905993
7903018
7963813
7906835
7962041
7960687
7964685
7906594
7906462
7903066
7909548
7909919
7905559
7962592
7909876
7905222
7909375
7963790
7909430
7960423
7909820
7962980
7961347
7909029
7960854
7964269
7906906
7905711
7903708
7909873
7962344
7906783
7960909
7961231
7963771
7963574
7960389
7903523
7963056
7905378
7906867
7905443
7964063
7964468
7903496
7964718
7961414
7962804
7909982
7961583
7903805
7962933
7909061
7961168
7906510
7903591
7960957
7964935
7909612
7906260
7960669
7905379
7964032
7960346
7960867
7961891
7963871
7964639
7963372
7962635
7903436
7905349
7909392
7963425
7905486
7961317
7960050
7905039
7903286
7961888
7964464
7964722
7906335
7909515
7963921
7962215
7905183
7964070
7905366
7962118
7909932
7906699
7964187
7964000
7963181
7963041
7962405
7906156
7963675
7906364
7909857
7960430
7961545
7909389
7903857
7964681
7905497
7903709
7964340
7961112
7906567
7961216
7905658
7906138
7963601
7906077
7906235
7903751
7906618
7960808
7905351
7906398
7903895
7960794
7963481
7961177
7909931
7960739
7906449
7906651
7960587
7960280
7963972
7905313
7964544
7960501
7909042
7903926
7906734
7906954
7906829
7909861
7903439
7909333
7961717
7961091
7903815
7963652
7909966
7909497
7906632
7909371
7962131
7903483
7905604
7906116
7961271
7960086
7960145
7960757
7961999
7906161
7960878
7963758
7964860
7964416
7909290
7964113
7905231
7905972
7905546
7964520
7903225
7963937
7960028
7964969
7906664
7964229
7963177
7909939
7964774
7962866
7903595
7961965
7909188
7961469
7962877
7964849
7961783
7963398
7905860
7962018
7961299
7960886
7906482
7963034
7962093
7909141
7909142
7960414
7963432
7964436
7906433
7964369
7964563
7905589
7964623
7961129
7963065
7960717
7909847
7909770
7964444
7905459
7903224
7963338
7964791
7903313
7963110
7961825
7960076
7964767
7903255
7909737
7905362
7909237
7905704
7903576
7909665
7906504
7909486
7906964
7906170
7964786
7906799
7961452
7905500
7962517
7909439
7906402
7961822
7903086
7905207
7906961
7961973
7909568
7960726
7960492
7963651
7963956
7963539
7960421
7961660
7905645
7905665
7963829
7906880
7960623
7960143
7960077
7960690
7905329
7906788
7903299
7962444
7964341
7961719
7964746
7964952
7960695
7960900
7909365
7961840
7903318
7906852
7906796
7961852
7906241
7905287
7906968
7960958
7960686
7903618
7961102
7903139
7909569
7961897
7905535
7906291
7903685
7909253
7960819
7963499
7963912
7961127
7905032
7909097
7964071
7964122
7961864
7964966
7905354
7962948
7905122
7909480
7964361
7961923
7960865
7960562
7963189
7962793
7960891
7906068
7960454
7962180
7906894
7905136
7964821
7962156
7960502
7903383
7905408
7962829
7962612
7960113
7906762
7960242
7962234
7964037
7960590
7960424
7903903
7961670
7964015
7963171
7960027
7909100
7961765
7906843
7963855
7963815
7906255
7909727
7960962
7962253
7903375
7964883
7961495
7963806
7906914
7905785
7905400
7905129
7906753
7909020
7905312
7964413
7963802
7909855
7909396
7905466
7961697
7963276
7963573
7905091
7903241
7903295
7909653
7909462
7905755
7903126
7903180
7909840
7961493
7961359
7903798
7903964
7906685
7905947
7963007
7962284
7906347
7962120
7903473
7963846
7906075
7961081
7960064
7962954
7961135
7906370
7963546
7906577
7905550
7905722
7905415
7961667
7960986
7961069
7909972
7964513
7960948
7906947
7963748
7906848
7909470
7903980
7960029
7961206
7963480
7909095
7909627
7960381
7960267
7906517
7961669
7960531
7964033
7905963
7961992
7906786
7960371
7905130
7905052
7903105
7909751
7909753
7909489
7962183
7964459
7903328
7906678
7964320
7960851
7963519
7963662
7909374
7963086
7961405
7964073
7962792
7962614
7960127
7909762
7961838
7909432
7903415
7962827
7909510
7961037
7962262
7909479
7962261
7906306
7905212
7903972
7963760
7960030
7905463
7960833
7961449
7906248
7960515
7909657
7905708
7909858
7909814
7964882
7905983
7960323
7909963
7963825
7909402
7963051
7906711
7961573
7963451
7909929
7905908
7909716
7909163
7963891
7963362
7905522
7903285
7961924
7960606
7909017
7964407
7903938
7963340
7905990
7903921
7964766
7963531
7905862
7905293
7960374
7960995
7963670
7906249
7961855
7964754
7903209
7905834
7960373
7963201
7964391
7909146
7961837
7961055
7960032
7905139
7963476
7964830
7961193
7961907
7909476
7962100
7909556
7963549
7961209
7961131
7963801
7905630
7906830
7909933
7960121
7903247
7963251
7903455
7961444
7961639
7905233
7905132
7960188
7906377
7903344
7906169
7964442
7961232
7960740
7960117
7909641
7964637
7961325
7961904
7903082
7963650
7962623
7905202
7903504
7964877
7960443
7903968
7964964
7905814
7905116
7964203
7963489
7960760
7903084
7960282
7903824
7960440
7964857
7906015
7963774
7905871
7903761
7963894
7960486
7903867
7961950
7909760
7962138
7903459
7909273
7906101
7906885
7903392
7964920
7905620
7962224
7903525
7962626
7903373
7903757
7909852
7962805
7962008
7961378
7963669
7961467
7964738
7909085
7962419
7903979
7961267
7905363
7961074
7909180
7960045
7903693
7905536
7960565
7962770
7905410
7905693
7960665
7963804
7962290
7963595
7903744
7964884
7903075
7906055
7906785
7906422
7961665
7909629
7964734
7905597
7962631
7903691
7963606
7960658
7964191
7909186
7906523
7905292
7906358
7903607
7961324
7963422
7905991
7964568
7963693
7964336
7964453
7960044
7909080
7960284
7909594
7961830
7960199
7964538
7909875
7963721
7960233
7962030
7963899
7960105
7905168
7906115
7962998
7905155
7909393
7909732
7962477
7903088
7961805
7906998
7960749
7961506
7903424
7961223
7906586
7961532
7909597
7964735
7960896
7963170
7909318
7906502
7903133
7906605
7964903
7903282
7905504
7909752
7960789
7905979
7906374
7906066
7906038
7905421
7906093
7962123
7906582
7960400
7960643
7962111
7962333
7903113
7962106
7903146
7960541
7906413
7963615
7909104
7961080
7961995
7962968
7963089
7905940
7905099
7905837
7962535
7903829
7963710
7964383
7909580
7963414
7964222
7961881
7961485
7905074
7961188
7905660
7962572
7905063
7905067
7905429
7962565
7960209
7905892
7909361
7909621
7909661
7905215
7903901
7961726
7909673
7903450
7960458
7960883
7905200
7963419
7909915
7906714
7961363
7909238
7960847
7905641
7905346
7903605
7905257
7963410
7903854
7961028
7903279
7964374
7961197
7905847
7960513
7905978
7905852
7964808
7964220
7903356
7960884
7961516
7903611
7961799
7960937
7961270
7905854
7962802
7964677
7964244
7909967
7961098
7906541
7963440
7961470
7962244
7964446
7960068
7962786
7905170
7903858
7903122
7905152
7962935
7909370
7962716
7906236
7964469
7903624
7905688
7905554
7906760
7909878
7906584
7963400
7961435
7961000
7963567
7961517
7903601
7964612
7963684
7960709
7903021
7903963
7964041
7909404
7963946
7906127
7962584
7905923
7964321
7906025
7909456
7960043
7903321
7906444
7909797
7903202
7905209
7909996
7963249
7961780
7960413
7905638
7903339
7964534
7905458
7906280
7909088
7964017
7963209
7963709
7909544
7962332
7906427
7909387
7963020
7905737
7903585
7903794
7903847
7903077
7903273
7909555
7903978
7903592
7963917
7906607
7903758
7905774
7909441
7963903
7903519
7960405
7963279
7960494
7961440
7961775
7963182
7962780
7909505
7903405
7962036
7961261
7906585
7906312
7964486
7961128
7962271
7960289
7963724
7906332
7962026
7964503
7963622
7909721
7960431
7964298
7903033
7903106
7909460
7964560
7909111
7960385
7905955
7906545
7961476
7909766
7909346
7964290
7906111
7906820
7962048
7962399
7906304
7903089
7909975
7961038
7905899
7960528
7906159
7962543
7960959
7964146
7903304
7903692
7909303
7960633
7909234
7960885
7906227
7909523
7963215
7909092
7905047
7905851
7905294
7961266
7960799
7963266
7903985
7909023
7905676
7903584
7962879
7963169
7961031
7964896
7963737
7905966
7906790
7906424
7960603
7961542
7962202
7960428
7963920
7964679
7909060
7962735
7961631
7905919
7909813
7961678
7905520
7963966
7906501
7905128
7961747
7964861
7962571
7905066
7960005
7903226
7961511
7903776
7906965
7962230
7905647
7964323
7906704
7960315
7906418
7963163
7905068
7906590
7903190
7964105
7961248
7962335
7964757
7905266
7909205
7905830
7909949
7963528
7906088
7909287
7960802
7964957
7909816
7960120
7962039
7960408
7909995
7964263
7903136
7905551
7903073
7963341
7903853
7962003
7903144
7905702
7961349
7909230
7903764
7903916
7909509
7964912
7905778
7964531
7964949
7906872
7963494
7960048
7960264
7961043
7964548
7961814
7906190
7903414
7964114
7962655
7906778
7961614
7903949
7905489
7964384
7903380
7905736
7960618
7962227
7909148
7906242
7960359
7963355
7960664
7905655
7906967
7905853
7906221
7960904
7962013
7906612
7960104
7905197
7905177
7961861
7963625
7903039
7903445
7906904
7905442
7905390
7960367
7962577
7906902
7905864
7906473
7903733
7906540
7903879
7963012
7903698
7909790
7964827
7962483
7962140
7963612
7961494
7961979
7903168
7906129
7963599
7906012
7909041
7960631
7905255
7909601
7963460
7960106
7960911
7961598
7903394
7903516
7964640
7962081
7963232
7960877
7960864
7960982
7963991
7905318
7905352
7961740
7909411
7961233
7960015
7903316
7905482
7964658
7961397
7905232
7909026
7960573
7909185
7962619
7963088
7905161
7905965
7905521
7962855
7962778
7963295
7909450
7963375
7961613
7905552
7903300
7906431
7909207
7909895
7905065
7960540
7909844
7962268
7962393
7963217
7962995
7960101
7961292
7906866
7906643
7903078
7903312
7960234
7909577
7903986
7906203
7903604
7960613
7961017
7906846
7905584
7963055
7964035
7903111
7964945
7906122
7960597
7961601
7960814
7909918
7961921
7905113
7961615
7963589
7909927
7903570
7961931
7905298
7903942
7960574
7960654
7906688
7905333
7963391
7903623
7963882
7906404
7962578
7909500
7906631
7963258
7909916
7960701
7905206
7960816
7903597
7964276
7963506
7960980
7909415
7963878
7964620
7906204
7909973
7964193
7961023
7961372
7963461
7906081
7962925
7961365
7964300
7963274
7964982
7963005
7964466
7906186
7961875
7909882
7903017
7963185
7906982
7964418
7903555
7963538
7960893
7964252
7961521
7961413
7961625
7963537
7905759
7961574
7903497
7905883
7961185
7906881
7960754
7962987
7909151
7962403
7903094
7960608
7961308
7906923
7961343
7964995
7905771
7905345
7906253
7905477
7964848
7963704
7909356
7962707
7903453
7961013
7905252
7909581
7960771
7960490
7905583
7909051
7961433
7906633
7909165
7906469
7960326
7963634
7964655
7909310
7903417
7963949
7960973
7906119
7903567
7960467
7960318
7964578
7964313
7903526
7961035
7906076
7903117
7903850
7906684
7906589
7963769
7905250
7906687
7960201
7905838
7964654
7961978
7961088
7961914
7909562
7905439
7903044
7905199
7905424
7905884
7964397
7905902
7961475
7963963
7962101
7906295
7962374
7964551
7905472
7909792
7962970
7961115
7905863
7960065
7964106
7963608
7960537
7906430
7960222
7903351
7963992
7960129
7962798
7906451
7964909
7960432
7962196
7961700
7905876
7905642
7962658
7964293
7961998
7961221
7909980
7963484
7906053
7909999
7964916
7961526
7906300
7963193
7963287
7961165
7960298
7963466
7964111
7906313
7964876
7909808
7960035
7906984
7963188
7964509
7963701
7903506
7964850
7960598
7905507
7963647
7903076
7906346
7909866
7909586
7903917
7961932
7909643
7960758
7903700
7906441
7903334
7963280
7964065
7903172
7962435
7903185
7905117
7962052
7903049
7963961
7903545
7905872
7903259
7960390
7903103
7903821
7903695
7905752
7962680
7963426
7963655
7906898
7960582
7909598
7906561
7960521
7961546
7906777
7903500
7905713
7961151
7964061
7962283
7963969
7909903
7960780
7963392
7903947
7906718
7961090
7903275
7961269
7905413
7961338
7962014
7961916
7906296
7905010
7960644
7963378
7909162
7905674
7906415
7906288
7903664
7906453
7906125
7906780
7962486
7960186
7960634
7962852
7964518
7903283
7905796
7906514
7905568
7909487
7906548
7962038
7903471
7963137
7960475
7961240
7961704
7961139
7905306
7960278
7903027
7960939
7903302
7964267
7906250
7903385
7960036
7903578
7903987
7960787
7960711
7905279
7962907
7964590
7903948
7905810
7962905
7905812
7962185
7960840
7903248
7906666
7961847
7903092
7960085
7964490
7961782
7909750
7960362
7962595
7963080
7906644
7905280
7960082
7961430
7905175
7962740
7964510
7903787
7962597
7961230
7960866
7903119
7909259
7962520
7960465
7961597
7903687
7903514
7964144
7962413
7909279
7964831
7963582
7909703
7906836
7906487
7960560
7906325
7909504
7903568
7906182
7964840
7906106
7963957
7906938
7903200
7909244
7961146
7903057
7961680
7903048
7964024
7963084
7906063
7963609
7909481
7963905
7961024
7903868
7906483
7964891
7962918
7961548
7909065
7909799
7906792
7962593
7961360
7906599
7963467
7906562
7905962
7960954
7906133
7964592
7962247
7961357
7905548
7960545
7964863
7964026
7906747
7962976
7909463
7960288
7906656
7960504
7903005
7903332
7961207
7964719
7961333
7906627
7905308
7961833
7960214
7963648
7964938
7903580
7905105
7960341
7906471
7903734
7909227
7963180
7905158
7963661
7906058
7909656
7909446
7909494
7964770
7909926
7903192
7905898
7909633
7961587
7961262
7964184
7909937
7903997
7962426
7903625
7906479
7961858
7962313
7909179
7962560
7909881
7964859
7903872
7960716
7903775
7960069
7903347
7903395
7964713
7960226
7964716
7964771
7962071
7909667
7909662
7961264
7964790
7906875
7906246
7905347
7960302
7962679
7906580
7903528
7960874
7905140
7963435
7961097
7905138
7906752
7903628
7960500
7906405
7909139
7909740
7905714
7906503
7905049
7906899
7961873
7962448
7962407
7961459
7961045
7962079
7909058
7962554
7962760
7906474
7963004
7963507
7903546
7903677
7905629
7964741
7961364
7961791
7909495
7906601
7909853
7905835
7905903
7903354
7909409
7961461
7903338
7905167
7962050
7909883
7903572
7963584
7909669
7906931
7909137
7961101
7960795
7963782
7903906
7909989
7960741
7960750
7909945
7962946
7961906
7964004
7960110
7906597
7905112
7906538
7963219
7962775
7905695
7909592
7905897
7906979
7905744
7960595
7909366
7963695
7905093
7905246
7962051
7903582
7961880
7909428
7961404
7961927
7961335
7905382
7963824
7964500
7961541
7903232
7963308
7906434
7963897
7964432
7909872
7963886
7962455
7961685
7961673
7964887
7961237
7964691
7906670
7906386
7909819
7905570
7903613
7903326
7903977
7961549
7960934
7963393
7963267
7961658
7964115
7962627
7903984
7903125
7960260
7905019
7964226
7963389
7903542
7909222
7905967
7962673
7905079
7960468
7963470
7906917
7963844
7905741
7962136
7964368
7906621
7960409
7961482
7906900
7905960
7964822
7960800
7960710
7963352
7905821
7960647
7906722
7906782
7963421
7963257
7909466
7963363
7963812
7903658
7962874
7960666
7961919
7961305
7905309
7903401
7903675
7960274
7962591
7962921
7906987
7905652
7909591
7960586
7964470
7960488
7903377
7960671
7963321
7964377
7963780
7962238
7903855
7906853
7961486
7963293
7961141
7961641
7905530
7903399
7963373
7905452
7960551
7964866
7964576
7903120
7962214
7961603
7906142
7909216
7962669
7903060
7909960
7960919
7960347
7906162
7961022
7960579
7906991
7961450
7903946
7905253
7963485
7964941
7964589
7905164
7909472
7960309
7964327
7906074
7909084
7909701
7962285
7905616
7903679
7906373
7906647
7961147
7962009
7909492
7963861
7906299
7963638
7963500
7963511
7964856
7960707
7961425
7962758
7909583
7903376
7964721
7962447
7906064
7961638
7960277
7906891
7909211
7909379
7903469
7905384
7963316
7960303
7962175
7962067
7963656
7962217
7963866
7960471
7964885
7961705
7960965
7963616
7906847
7960241
7964156
7964895
7960553
7909533
7905321
7963356
7964603
7963848
7960131
7906596
7962992
7909167
7962281
7964443
7903465
7964473
7960449
7903838
7962895
7960822
7961396
7963746
7909009
7963444
7961167
7962275
7961056
7906928
7903123
7905453
7963157
7961917
7906918
7963719
7909833
7903520
7960979
7963603
7903976
7964802
7905781
7903925
7963246
7961066
7906779
7963950
7903750
7906949
7963772
7906946
7961580
7961369
7909769
7964437
7962129
7903349
7962863
7960917
7905745
7963077
7960591
7906975
7962989
7963708
7964532
7906524
7962922
7905765
7964201
7903206
7906237
7961058
7960350
7909618
7905276
7963420
7961841
7903480
7960770
7963778
7905815
7905894
7963109
7962856
7963700
7962231
7905114
7963544
7963436
7961626
7960215
7906047
7960931
7961054
7909418
7963624
7905133
7962033
7905782
7903416
7962409
7964557
7962994
7906937
7906733
7906401
7961689
7960360
7960792
7906832
7905474
7909765
7905749
7962323
7903343
7903640
7909112
7960126
7962150
7964330
7906554
7961949
7960714
7961381
7909116
7906701
7960713
7903205
7905305
7906896
7963290
7963632
7960727
7909011
7961003
7961492
7962791
7963770
7905322
7903176
7903843
7961505
7906672
7906985
7909196
7903823
7909886
7962336
7905557
7962544
7909082
7962135
7903257
7909864
7961702
7903890
7961994
7903056
7964959
7909107
7962245
7905822
7909828
7964188
7962460
7963707
7909956
7960764
7909636
7964940
7961655
7906426
7961120
7963990
7962964
7905707
7964785
7903622
7964726
7905219
7903922
7905110
7960251
7905271
7961848
7962671
7960370
7906935
7903402
7906333
7961890
7909631
7906956
7964924
7906321
7903013
7960636
7961872
7960183
7960170
7906676
7960163
7909630
7962007
7960844
7906049
7964177
7961085
7960382
7906587
7961528
7906520
7903830
7961941
7963333
7962042
7909448
7905406
7960950
7962170
7903959
7905317
7960894
7960978
7963108
7961282
7961166
7964463
7963755
7906336
7905718
7905217
7961332
7905572
7962345
7964245
7960966
7903781
7906239
7960543
7905011
7964343
7903655
7909553
7962545
7962991
7905371
7962154
7962000
7906240
7963932
7909232
7961964
7964082
7963346
7964973
7961836
7963424
7960832
7963943
7906147
7905310
7963768
7909423
7960311
7903877
7960335
7906754
7961156
7909225
7905995
7961219
7909639
7905073
7964164
7903589
7960584
7903727
7903551
7963299
7906176
7905590
7909086
7963502
7960041
7961285
7906821
7963877
7964448
7903951
7964958
7909330
7906277
7905701
7909236
7961751
7964423
7909115
7960397
7905454
7964492
7906143
7909231
7906936
7961275
7961042
7906395
7961462
7909514
7960063
7960927
7909777
7961646
7909403
7962070
7964491
7962542
7909368
7964005
7905339
7905174
7961701
7963272
7909527
7903391
7905376
7963563
7903574
7963592
7963263
7903941
7963910
7961753
7963583
7909707
7962739
7960470
7963987
7906706
7960469
7962657
7962579
7962776
7906310
7962240
7962151
7903790
7903518
7906774
7909376
7903590
7906338
7905431
7905069
7906480
7905186
7964585
7962646
7964905
7960054
7962868
7909993
7906492
7909723
7962223
7961265
7964670
7960087
7906456
7905505
7903799
7960135
7961150
7906990
7903292
7905380
7903635
7960753
7905634
7960321
7961125
7906801
7909210
7961503
7962870
7909518
7909599
7964354
7905844
7909962
7964014
7962958
7964039
7906913
7960922
7963374
7903485
7903191
7962617
7906238
7903451
7961842
7906489
7963224
7905760
7960963
7906950
7960949
7906112
7963838
7961398
7906458
7963490
7903258
7962575
7962485
7905656
7962178
7906044
7903337
7964743
7964671
7964880
7906941
7960804
7905471
7964595
7962203
7906328
7964373
7962286
7909256
7909420
7961431
7906841
7905727
7963043
7903579
7962153
7961632
7909019
7903881
7905386
7909670
7964723
7909199
7909532
7963296
7906810
7963329
7961977
7903261
7964021
7961953
7909526
7961758
7905071
7906890
7962951
7964806
7906043
7960095
7903365
7963928
7903121
7903499
7962835
7961196
7963049
7962282
7963605
7909846
7962574
7964922
7906452
7962963
7962246
7903996
7961749
7962538
7909879
7960195
7960313
7962216
7961735
7962441
7903659
7963294
7960204
7963518
7963091
7960497
7962095
7962899
7964965
7962476
7961116
7909312
7903081
7905377
7909519
7905911
7962822
7961500
7909920
7963162
7906543
7909105
7961764
7905879
7961041
7905787
7909154
7905683
7903305
7963194
7909014
7961691
7905757
7903637
7903762
7964338
7963031
7906844
7903741
7961817
7905697
7903386
7903067
7909195
7903108
7961457
7961001
7962169
7962353
7906089
7905496
7906622
7961737
7906448
7909412
7909295
7960171
7906443
7906046
7962645
7962292
7963042
7905776
7903114
7905125
7961477
7963040
7905037
7905734
7909028
7960031
7903132
7960081
7960211
7960238
7964801
7960147
7909774
7961352
7905509
7909263
7909666
7960352
7909632
7903885
7903899
7961584
7963127
7906459
7905797
7909984
7961409
7909006
7961518
7964539
7962499
7906837
7960815
7903448
7963387
7961453
7964378
7909187
7964213
7964932
7903966
7964919
7962220
7963102
7962276
7906390
7905608
7903130
7962028
7960881
7905127
7906536
7963751
7906883
7906467
7909087
7962482
7964983
7905109
7906759
7905975
7964075
7963103
7962199
7961026
7909002
7963044
7963327
7906574
7909617
7905045
7903912
7903587
7909911
7964764
7960016
7905691
7909364
7903062
7962089
7905387
7905334
7962711
7960936
7909436
7906911
7905811
7905801
7964044
7903476
7961612
7906118
7964780
7964484
7905909
7960887
7960291
7961524
7961967
7963445
7960585
7963892
7960479
7903262
7961938
7905021
7909478
7964022
7961796
7962195
7909048
7960247
7903636
7905763
7964573
7964865
7905476
7903940
7961530
7962130
7962640
7963359
7905615
7961654
7961336
7964266
7903629
7909788
7962088
7905467
7905235
7960460
7960493
7962649
7962689
7960970
7960823
7960944
7961442
7960561
7906206
7903602
7903029
7960273
7909355
7909311
7964515
7964292
7905896
7961958
7962576
7906793
7960394
7903280
7963330
7909942
7903820
7909004
7909924
7961029
7903271
7962774
7906463
7903059
7906100
7905270
7903982
7909484
7909708
7903831
7962939
7909425
7903971
7961533
7906776
7961358
7905264
7909974
7905265
7905959
7964950
7960017
7905259
7903242
7905274
7905687
7961379
7903654
7909805
7962264
7909605
7903548
7960520
7903293
7905328
7906031
7964147
7903238
7905457
7960149
7963282
7961556
7903030
7962562
7903464
7962886
7961727
7961698
7961399
7960283
7909171
7963130
7905747
7909534
7905495
7963718
7962330
7964872
7905185
7903046
7962410
7903710
7906708
7963010
7964918
7905603
7960774
7964505
7960600
7906726
7909508
7961823
7909965
7905575
7903554
7906219
7903335
7906245
7905464
7962107
7961514
7961083
7960231
7962845
7961235
7963576
7905055
7905360
7961014
7960223
7960094
7963688
7964929
7905927
7905685
7905795
7909848
7964060
7909258
7905003
7963964
7960889
7903001
7909161
7963243
7903807
7962919
7903050
7961605
7906565
7906207
7905282
7906695
7903608
7906641
7905350
7909644
7961635
7909382
7964996
7905311
7963353
7962029
7962221
7960379
7903676
7905866
7906094
7962249
7906339
7963765
7963073
7903215
7906978
7906351
7903753
7962670
7905515
7961073
7909935
7903115
7909894
7964794
7964376
7906234
7906348
7963401
7906645
7962668
7909131
7962365
7909352
7961963
7963579
7909157
7905361
7962402
7961582
7903024
7964579
7960133
7903055
7960743
7909326
7962841
7964878
7909050
7964477
7961616
7961547
7905802
7906909
7903418
7961181
7960526
7906126
7960932
7963342
7961049
7906976
7906123
7962702
7905278
7909679
7961666
7964908
7906363
7963156
7903095
7906551
7962548
7963433
7903157
7905614
7903845
7962222
7903792
7909763
7961959
7909845
7964238
7961100
7906663
7960678
7906508
7905555
7960481
7906327
7960895
7960499
7962828
7906516
7961970
7962999
7906493
7963753
7909904
7909117
7962162
7962537
7906619
7905626
7905709
7903145
7961501
7962672
7961170
7964838
7961367
7961148
7961310
7964207
7905958
7905848
7964712
7964281
7964843
7909337
7909570
7962032
7964288
7961281
7963054
7909756
7905823
7961853
7903366
7964923
7909512
7906158
7909175
7962521
7905945
7903131
7909688
7905106
7962993
7906289
7960235
7903429
7963890
7963998
7903026
7906971
7909850
7962864
7962710
7905889
7962685
7906882
7960848
7906067
7960876
7961142
7909626
7909281
7962102
7963773
7909722
7962005
7963167
7961322
7903994
7960393
7963310
7960571
7960552
7961229
7905524
7906717
7909394
7960444
7961351
7905742
7963090
7903014
7906165
7961339
7960777
7906963
7903730
7962454
7960868
7964342
7961846
7964334
7903864
7960072
7964133
7964683
7962085
7964930
7903201
7903575
7961465
7962651
7909021
7964002
7903714
7960268
7962981
7960435
7962590
7903561
7906218
7960825
7964190
7964054
7962665
7909611
7905449
7903254
7909351
7909944
7906406
7961180
7903883
7906032
7964953
7960668
7962433
7960747
7963212
7962878
7906907
7963334
7961356
7906951
7903427
7903719
7960418
7903065
7906945
7906455
7961342
7963313
7961537
7905712
7963379
7961353
7903535
7960607
7963529
7963133
7905689
7962723
7906290
7962387
7903047
7960863
7905484
7963947
7905434
7905578
7960766
7903711
7906758
7962291
7905544
7905097
7909271
7903645
7962317
7960984
7906525
7962581
7960855
7906152
7964984
7905331
7960403
7960406
7963231
7906447
7960489
7903355
7961082
7963176
7964092
7964149
7903104
7963427
7961048
7906815
7909726
7963289
7964262
7906232
7961175
7962534
7963785
7909620
7905563
7963429
7961736
7961986
7961926
7964019
7909988
7903169
7961519
7961863
7906337
7964803
7909452
7903539
7909843
7905121
7903953
7963017
7963478
7964011
7906926
7905159
7903175
7960339
7903643
7964760
7961961
7964772
7963604
7962524
7905419
7960456
7960785
7962305
7963663
7960559
7909018
7905987
7906511
7964480
7903840
7960361
7964068
7909383
7961104
7903423
7964501
7961110
7962200
7961709
7963277
7909923
7963014
7964574
7905028
7906252
7964921
7960295
7903729
7906486
7963714
7960119
7963144
7963906
7962561
7906477
7960542
7905070
7963417
7963046
7961908
7960066
7960511
7961284
7961623
7909702
7905422
7962226
7963358
7906294
7903752
7963509
7960529
7905131
7962952
7960806
7962788
7905933
7903230
7964069
7964572
7905636
7903028
7905545
7903502
7905487
7905528
7905002
7963349
7906155
7964624
7962105
7960426
7961051
7903444
7961436
7903112
7905162
7906591
7905394
7906214
7962831
7962254
7960123
7960791
7905299
7909970
7963311
7909979
7964389
7909280
7909126
7906052
7903732
7962072
7905982
7905033
7962266
7960012
7961340
7909789
7905241
7964981
7964776
7906485
7963448
7909922
7905915
7903213
7961291
7903920
7962582
7905469
7960838
7960148
7905368
7963455
7960968
7909089
7963175
7903866
7906148
7909830
7906326
7905173
7964295
7906533
7963551
7960079
7962857
7903467
7905196
7909950
7964782
7909775
7906409
7903173
7903960
7961784
7963997
7960897
7905856
7903269
7909043
7905653
7961124
7963474
7960629
7906460
7905733
7909888
7964900
7906700
7903543
7903908
7960396
7960097
7961483
7909859
7961479
7960721
7964686
7961400
7960610
7964100
7960988
7909546
7962686
7961424
7906108
7962430
7906805
7905906
7964559
7909606
7962931
7964615
7962893
7961460
7960703
7903489
7960109
7962875
7905577
7906090
7963586
7903674
7961064
7903513
7964755
7964472
7906233
7905558
7906316
7905931
7960517
7964141
7960476
7905543
7963179
7909426
7962748
7960918
7905446
7905775
7961539
7960712
7905779
7903277
7906630
7906153
7906992
7905473
7960901
7903177
7963619
7909608
7903368
7906512
7960001
7960685
7903688
7909294
7964296
7903793
7903809
7905315
7905783
7964415
7903715
7903064
7962293
7909062
7903256
7906096
7960730
7964854
7905396
7963404
7963919
7963396
7909309
7903079
7962630
7960345
7963761
7963841
7909215
7963360
7961883
7906725
7962978
7905281
7903142
7909224
7960508
7909749
7961075
7906194
7909704
7962077
7961955
7961940
7909135
7964050
7963479
7905220
7964750
7963501
7906595
7903194
7964128
7962066
7963976
7909340
7964116
7903844
7903650
7960099
7909363
7963384
7905720
7905893
7962242
7962613
7906497
7963190
7962732
7909681
7962862
7963548
7906720
7906172
7962826
7909173
7963147
7962159
7961869
7903841
7905355
7905913
7909862
7962620
7905502
7909315
7905664
7962060
7962218
7909262
7963520
7906264
7909298
7909912
7906916
7906834
7961227
7905619
7961510
7905873
7905267
7909255
7960946
7962316
7964013
7905606
7906743
7960905
7962836
7906419
7905026
7905445
7909818
7903228
7905869
7905910
7964025
7964730
7909589
7964555
7962809
7905427
7906739
7906135
7961300
7962360
7906354
7903016
7903967
7906784
7960677
7963843
7961640
7909498
7964420
7905126
7960187
7903863
7961593
7961134
7960509
7964124
7903527
7903849
7906539
7961087
7906302
7906696
7903573
7962225
7961983
7963487
7960826
7909660
7909893
7961707
7962377
7903544
7903739
7903626
7903717
7962807
7909485
7906625
7963399
7903442
7905205
7962075
7962719
7964656
7961243
7963893
7962858
7962912
7962331
7903000
7962840
7909013
7962304
7905086
7960903
7963657
7903615
7909545
7905411
7964556
7962901
7961609
7964988
7962566
7909785
7909529
7962274
7964720
7903160
7909953
7960150
7906407
7962023
7961060
7964023
7903999
7961879
7906256
7962389
7962445
7960773
7906141
7960646
7909399
7962743
7909344
7903596
7961309
7962446
7964936
7960761
7962962
7905460
7903434
7961882
7963275
7906247
7909458
7906555
7909772
7909754
7906187
7960026
7964826
7962343
7909241
7906371
7962628
7963407
7963136
7905981
7906798
7960888
7962555
7963408
7903538
7906069
7960383
7903236
7964897
7964038
7903127
7905254
7960003
7906385
7963068
7961412
7903237
7905646
7903672
7903397
7963856
7903151
7960285
7962884
7909341
7909336
7960477
7963927
7905092
7962638
7909274
7909286
7964395
7963633
7909324
7903371
7963002
7906284
7963126
7903842
7903697
7906189
7960246
7961757
7960336
7909153
7962188
7905841
7903400
7909501
7961653
7960974
7962267
7906948
7905157
7905194
7906768
7909381
7909940
7963726
7909696
7906196
7964275
7906120
7962438
7961245
7962341
7962920
7964307
7960926
7963888
7903892
7905649
7962442
7906566
7909717
7905344
7962736
7906893
7962496
7960807
7903462
7905609
7906353
7905678
7906210
7961311
7962473
7903345
7960516
7905468
7906983
7962971
7960924
7960115
7905859
7961972
7909841
7962587
7905009
7960871
7960372
7962471
7909166
7964210
7962570
7909745
7960134
7964478
7906668
7905706
7903268
7906261
7906616
7906257
7961835
7903720
7964748
7903170
7909640
7905789
7906168
7963079
7906552
7960353
7963900
7961089
7905607
7963876
7960856
7909891
7961893
7905870
7909759
7905581
7962674
7906303
7909917
7903413
7903530
7906442
7903738
7964934
7962983
7960632
7905491
7960257
7961513
7906667
7961244
7961105
7909783
7909429
7963702
7960191
7909313
7961287
7903317
7963626
7963568
7961756
7963264
7964845
7964120
7960813
7963471
7905081
7903235
7961987
7906020
7905798
7961407
7909938
7960446
7964426
7903036
7909908
7962443
7905611
7906029
7963699
7963553
7905224
7903747
7961679
7906746
7960548
7962753
7964597
7962843
7905523
7909178
7903759
7909941
7906457
7960653
7964435
7906653
7905398
7909543
7963558
7961982
7909214
7905325
7960993
7961246
7906665
7906800
7962434
7964888
7963328
7909736
7903682
7903478
7962427
7961502
7909807
7903182
7960312
7906922
7909560
7964874
7963397
7909008
7961989
7909806
7909445
7905061
7905119
7903188
7961106
7964901
7962451
7961903
7960090
7960523
7962956
7903425
7909264
7961030
7909410
7961318
7962997
7963552
7962888
7905230
7962742
7906649
7905022
7905644
7905756
7903721
7960433
7960448
7906383
7961637
7903722
7906833
7962563
7964458
7963183
7960656
7906040
7903571
7960207
7909550
7963265
7906121
7905941
7960759
7909786
7905946
7905006
7963361
7909536
7905571
7960033
7962368
7909347
7961930
7962629
7960596
7903494
7905438
7963660
7963262
7909771
7909767
7963112
7961497
7906192
7909856
7909451
7906098
7962567
7960415
7905375
7906824
7961644
7962424
7909987
7903245
7906137
7906610
7905498
7963902
7906454
7905056
7909720
7905631
7962965
7964299
7961985
7903656
7960092
7909496
7903811
7909191
7906787
7961554
7964251
7963636
7909663
7962233
7964581
7964171
7909278
7903212
7906823
7961657
7964733
7960130
7962296
7960447
7909033
7906188
7905101
7962210
7961236
7909233
7961761
7905256
7963121
7906466
7961328
7903532
7906659
7905046
7963752
7903006
7909503
7961021
7962068
7960635
7905970
7906671
7906201
7905628
7905840
7906412
7963794
7960557
7963653
7960672
7906772
7905996
7905455
7903610
7905240
7909156
7906097
7909338
7906934
7962392
7909997
7909689
7961862
7906278
7905503
7906850
7905576
7906167
7906547
7905767
7964851
7964265
7906609
7962782
7903341
7905275
7961522
7961438
7905370
7962779
7961205
7961053
7905372
7963766
7960969
7909885
7962194
7962618
7960872
7905475
7962701
7963095
7903128
7906243
7964218
7962315
7961801
7963320
7903348
7906470
7961268
7964562
7903619
7960228
7960439
7961912
7903243
7961044
7962724
7905510
7906721
7906104
7909057
7903565
7963150
7962277
7909213
7963671
7905539
7960748
7906191
7961721
7961415
7906355
7964778
7903529
7964939
7960938
7906966
7961391
7964521
7962880
7960534
7962372
7963666
7962355
7903779
7964777
7964056
7905673
7964029
7964892
7903662
7909437
7906372
7960071
7963314
7964167
7903475
7909140
7961859
7909099
7962273
7964450
7909683
7963658
7964711
7903871
7964933
7903165
7905024
7963869
7906154
7963107
7963995
7964268
7905208
7961155
7961447
7909449
7960180
7905900
7906365
7905261
7906324
7905839
7963639
7960940
7909440
7905342
7962558
7909624
7905878
7962885
7903291
7903670
7905669
7909571
7961499
7961061
7963588
7961771
7963522
7964411
7961694
7905412
7906251
7906527
7903181
7903755
7906870
7903216
7905054
7905836
7905917
7905089
7906860
7905694
7964546
7909488
7960363
7905165
7960683
7962307
7909554
7961909
7906177
7909561
7909007
7906175
7906603
7962894
7964206
7909822
7905877
7964925
7903784
7960801
7906429
7905842
7905769
7960679
7964586
7961892
7963685
7962404
7903441
7960860
7962432
7960306
7903533
7905804
7905214
7905149
7963192
7905151
7909671
7963826
7903990
7960941
7961377
7905058
7905901
7903054
7903460
7963988
7906382
7903430
7963453
7961996
7961355
7903876
7962235
7962255
7909096
7909265
7961812
7906606
7961052
7909647
7906908
7962207
7905260
7963524
7960533
7963706
7962479
7905210
7963791
7962910
7964971
7903609
7960818
7964057
7906036
7963504
7960237
7961991
7905950
7961059
7960387
7906078
7903187
7909884
7903930
7960898
7960803
7905738
7906392
7964347
7962501
7962149
7964707
7961157
7961752
7903389
7905188
7964512
7960580
7905716
7964784
7962972
7906813
7909134
7961301
7962811
7906378
7963676
7962552
7903749
7903785
7906400
7903673
7905717
7909896
7964751
7961851
7909453
7963123
7961368
7909003
7909477
7903378
7964417
7962625
7905481
7960662
7960857
7909083
7963832
7962551
7961878
7961729
7905692
7905456
7903411
7905682
7960546
7906910
7906929
7906140
7905533
7903435
7960173
7906262
7903358
7964855
7960002
7909030
7963750
7909559
7906692
7964240
7903742
7963983
7909928
7961464
7961922
7962171
7963516
7963756
7903314
7903873
7909517
7960213
7905561
7906211
7961711
7963929
7903894
7905084
7903002
7963160
7906600
7960162
7905868
7903851
7903040
7905404
7905532
7964012
7960453
7906546
7962016
7909276
7906163
7962890
7964157
7905451
7905732
7903486
7963464
7903819
7963722
7962953
7960419
7906818
7909809
7964194
7905858
7963446
7964467
7963345
7963958
7903935
7962540
7905251
7961659
7905180
7906181
7905675
7963842
7906757
7906319
7903420
7906679
7960047
7906184
7903825
7962412
7903569
7964528
7962687
7962944
7964260
7960506
7960441
7906254
7963370
7905924
7961173
7905613
7961934
7903667
7961946
7964970
7903352
7905968
7960967
7909961
7903361
7964028
7960344
7909334
7909564
7909811
7909155
7903646
7961242
7909686
7905120
7962611
7964455
7903754
7905596
7960420
7960961
7909090
7903454
7961111
7905531
7961190
7961507
7909299
7906972
7906715
7905098
7909793
7909522
7962969
7962528
7964652
7962747
7960331
7906697
7962883
7964140
7961990
7960945
7906417
7906571
7905592
7962113
7964678
7905916
7909328
7903240
7964117
7905407
7905939
7906465
7906065
7906185
7960519
7960882
7903080
7960062
7903586
7961732
7903663
7903547
7960067
7962440
7905748
7905790
7906544
7905083
7905764
7909542
7962083
7963035
7964824
7961443
7964799
7961828
7909367
7961260
7961544
7963819
7960091
7905088
7962321
7960588
7964537
7909421
7960767
7905569
7903765
7960010
7903311
7903965
7962449
7963736
7906781
7963585
7903227
7960259
7962272
7906556
7961375
7962756
7962660
7905023
7963139
7909045
7903233
7909110
7903363
7961050
7909957
7963027
7960324
7962882
7963607
7905102
7963999
7961263
7903904
7903745
7960805
7909541
7903694
7961107
7909267
7961016
7962509
7961871
7961954
7963013
7963978
7905527
7909076
7905731
7963581
7905887
7906795
7903852
7963281
7905027
7964868
7963887
7962529
7906859
7961596
7960556
7964961
7909650
7905573
7903983
7964837
7903915
7960700
7960568
7960034
7905405
7964999
7964310
7909123
7903101
7960262
7905447
7962929
7962104
7964324
7961760
7906748
7962294
7909118
7905635
7962861
7906661
7906532
7905766
7964633
7960892
7903156
7906924
7909655
7903954
7909506
7961800
7963431
7903689
7905816
7903534
7960388
7960928
7960351
7963694
7909320
7963853
7962380
7963128
7960971
7905014
7903353
7903382
7964561
7905786
7903484
7963009
7909296
7960159
7909405
7963199
7960899
7961744
7903083
7903150
7960305
7905273
7961286
7962539
7905600
7963385
7960008
7903009
7961867
7905598
7905668
7903359
7905211
7905980
7964867
7906559
7903426
7962186
7906915
7909372
7961176
7961797
7961628
7906212
7905819
7963234
7903263
7962881
7906944
7909831
7903270
7960375
7963711
7964902
7905739
7961040
7960322
7906349
7909297
7963570
7962556
7961937
7960522
7964506
7909124
7962902
7961039
7906475
7962676
7960729
7962257
7962714
7962871
7906323
7963032
7960640
7906216
7906794
7903159
7964081
7960530
7906286
7905283
7905082
7903222
7961344
7906854
7905659
7906150
7961247
7905141
7905420
7962772
7964402
7909203
7961788
7961804
7906521
7909457
7906231
7905268
7909475
7962941
7963798
7905791
7903511
7961182
7909391
7960172
7903627
7906414
7963984
7963909
7962361
7962936
7906642
7906519
7960464
7960755
7961988
7961122
7963591
7905035
7906558
7905537
7962659
7963621
7964708
7906083
7960342
7905973
7960190
7962842
7905627
7905392
7909335
7961455
7906996
7962752
7963895
7962420
7963580
7961288
7963970
7962108
7905316
7964942
7903290
7960184
7903440
7903810
7909521
7964926
7906640
7909616
7906362
7963151
7903950
7962121
7960852
7962896
7906134
7906518
7960089
7964086
7962059
7961094
7961585
7961238
7961331
7903140
7903421
7906797
7909801
7909249
7905249
7909130
7903456
7961249
7963168
7964842
7960890
7909540
7906959
7962097
7963111
7962643
7906817
7961220
7961456
7903301
7903556
7906771
7964584
7909930
7964997
7961647
7906626
7905699
7903583
7903223
7961109
7964474
7964781
7963508
7905943
7906862
7909558
7905936
7960307
7905450
7905480
7961448
7903707
7905426
7963235
7963303
7903952
7909275
7906397
7964858
7961687
7963098
7906646
7964709
7964927
7905567
7903806
7962726
7903438
7906082
7963380
7960756
7903253
7964449
7962889
7903199
7964816
7903503
7905746
7961278
7903196
7903153
7960916
7903735
7963006
7963996
7905846
7964227
7962737
7960369
7903452
7906981
7903515
7964052
7961337
7962729
7905809
7905485
7964575
7963122
7962639
7905564
7906716
7961327
7960057
7963450
7909068
7909948
7961715
7905285
7961491
7962024
7963216
7905154
7963575
7905792
7963924
7905703
7909810
7960225
7960457
7961778
7960783
7962785
7963515
7964461
7962641
7905000
7906222
7905549
7962416
7960200
7909325
7909600
7962058
7906440
7905494
7903562
7960132
7903797
7906035
7960434
7909623
7909507
7960356
7964129
7960674
7962453
7960055
7961373
7960452
7960325
7962794
7963687
7903599
7963462
7906488
7909202
7961018
7960951
7963505
7909384
7909968
7963598
7903234
7964371
7906572
7961133
7905163
7906608
7906388
7903252
7909758
7906244
7960175
7961084
7964331
7961856
7909664
7960817
7906737
7906528
7960821
7960334
7903388
7963173
7906292
7964250
7963989
7964906
7903167
7964085
7960612
7906749
7964651
7964946
7962904
7960142
7903346
7905145
7903360
7963664
7903362
7961408
7909074
7963053
7906686
7909022
7961096
7962116
7964375
7963413
7905020
7961832
7964010
7903834
7961984
7905077
7963324
7964951
7960599
7905957
7960611
7962961
7906173
7964036
7905100
7903320
7964618
7964507
7903214
7903560
7905204
7960450
7905327
7903839
7909990
7905662
7903944
7960060
7903154
7909388
7961595
7963001
7905005
7963318
7960111
7962996
7906217
7960348
7909971
7905053
7903782
7962352
7960357
7960058
7909954
7963944
7909070
7903907
7962984
7964672
7905016
7909282
7960605
7905855
7905651
7961826
7961590
7960042
7909288
7905719
7903773
7962128
7903541
7962569
7909150
7905358
7962228
7962125
7962115
7903988
7905762
7961824
7905754
7962523
7961137
7905912
7905525
7903310
7960576
7906033
7960176
7903969
7909625
7903995
7963047
7961527
7961403
7903309
7909474
7903463
7903276
7906702
7909349
7960602
7963096
7962165
7905654
7906638
7963854
7960037
7961418
7903492
7962439
7903158
7909925
7903800
7963134
7960915
7961712
7964034
7909815
7903443
7961010
7905560
7905297
7961033
7909170
7909250
7961591
7962184
7961395
7905989
7903393
7963863
7903653
7963827
7909748
7963805
7961951
7905517
7906435
7963230
7963904
7960921
7903918
7905593
7961681
7905418
7962278
7960659
7960782
7961662
7962429
7961688
7909614
7962568
7962421
7961063
7905043
7964529
7960096
7906861
7960061
7905680
7962288
7960849
7903509
7905143
7964221
7964003
7961980
7903218
7964913
7963428
7906320
7909596
7903003
7909634
7903900
7960006
7903422
7909934
7906723
7963967
7906399
7905751
7964844
7909292
7909642
7961274
7962699
7905813
7906109
7903914
7906807
7963727
7905623
7963668
7962733
7962817
7962720
7964634
7962318
7963896
7962133
7962511
7962990
7906317
7903669
7905296
7962908
7905262
7905586
7905395
7960964
7961279
7906229
7963003
7964282
7905885
7906769
7903357
7905723
7906635
7963534
7962662
7903197
7909306
7906669
7961845
7964457
7962564
7963530
7960422
7903379
7960667
7903384
7903183
7903246
7903148
7909889
7963779
7960786
7905857
7960404
7905353
7905191
7961664
7909784
7964080
7964008
7905730
7903367
7964649
7964611
7905932
7903012
7905483
7960059
7963725
7905956
7964049
7962800
7903690
7909910
7961818
7905356
7963975
7903329
7906977
7906740
7962825
7964109
7964228
7905803
7962211
7905272
7903818
7961272
7960960
7961831
7909401
7963786
7961222
7906617
7963960
7961600
7905831
7960125
7903288
7906117
7964508
7963351
7963811
7905907
7905029
7906731
7964753
7960550
7963873
7909851
7909863
7960330
7962975
7964401
7905663
7905648
7903696
7903522
7961952
7962237
7964800
7964847
7903981
7903124
7960151
7963438
7963475
7963200
7906180
7962080
7906368
7906225
7964796
7905937
7903989
7903037
7964834
7905425
7906970
7960796
7906674
7962280
7962633
7961290
7962157
7905949
7903350
7906437
7905160
7906812
7906307
7909557
7961933
7906703
7906826
7960943
7963797
7964990
7961011
7905825
7905401
7962401
7903004
7903294
7909321
7964301
7905216
7906864
7963733
7909826
7963525
7962790
7961277
7903910
7960245
7909037
7961186
7909149
7964879
7909317
7962172
7961036
7906265
7961929
7961675
7962398
7960210
7903958
7909687
7903928
7905806
7963627
7906531
7960317
7903340
7909345
7960193
7906287
7963930
7960206
7909308
7905072
7906955
7961437
7962510
7963143
7962585
7960715
7962176
7960013
7962127
7964886
7961857
7963637
7963395
7960327
7905295
7906279
7906648
7960271
7909849
7909964
7962047
7906553
7903874
7964325
7963705
7909001
7905964
7906655
7961696
7962621
7905137
7903957
7905201
7909955
7962487
7903563
7903278
7909247
