7920034
7925671
7927538
7926062
7922617
7921353
7925190
7924852
7926472
7937043
7920337
7923342
7929881
7923603
7931346
7922451
7921491
7926787
7926588
7922113
7929027
7928381
7920178
7923114
7928933
7920539
7920870
7926960
7921073
7924461
7928695
7929847
7921615
7927134
7928392
7927387
7921524
7925803
7927152
7922880
7927660
7926542
7921080
7921758
7920361
7922359
7926420
7920204
7922541
7920805
7927073
7927065
7925277
7927244
7927970
7929722
7925438
7927338
7921548
7926825
7924520
7925640
7929651
7921898
7922154
7937205
7925535
7921539
7924827
7929241
7925419
7922473
7926709
7924651
7922807
7926409
7922563
7927957
7926535
7929648
7927573
7937321
7928008
7925702
7937180
7928448
7928439
7924513
7929966
7922831
7920862
7925307
7922653
7927543
7929055
7927937
7922111
7928759
7922364
7922459
7925737
7925516
7921687
7937286
7920466
7927615
7924129
7926699
7922478
7928519
7921512
7924844
7925441
7921424
7926447
7923009
7927896
7924307
7927252
7920382
7925496
7929476
7922683
7926043
7921232
7927611
7926471
7922071
7927259
7925352
7937842
7930675
7926459
7923269
7928899
7921775
7928136
7930959
7937061
7922482
7931578
7927909
7920064
7927425
7929317
7931262
7920050
7924770
7927602
7925497
7928247
7921089
7930895
7925561
7929623
7923408
7927522
7937910
7924388
7920329
7920630
7920495
7926081
7925011
7929586
7928042
7928558
7928708
7923273
7922488
7924783
7928986
7925482
7937697
7922752
7920839
7923377
7922690
7928243
7922823
7929770
7921637
7923648
7920954
7928101
7927304
7923473
7920842
7924297
7929941
7926575
7930883
7922856
7937516
7928080
7923646
7925187
7920972
7924666
7937847
7920808
7920420
7928001
7929314
7923306
7928494
7922926
7927248
7921904
7923536
7928036
7927393
7925764
7926522
7922700
7921643
7926399
7923199
7923300
7920025
7923757
7929105
7922703
7925519
7922177
7927045
7926048
7926595
7923386
7926015
7937993
7925822
7920781
7921715
7925705
7920144
7926378
7927245
7929829
7920238
7921919
7928105
7921037
7922294
7925006
7929343
7920712
7920522
7937277
7937808
7921874
7921737
7927193
7930703
7931580
7937957
7927185
7920594
7937563
7922105
7923704
7928770
7925837
7929361
7920602
7921449
7927697
7930353
7929757
7929346
7920810
7926866
7937271
7937394
7923748
7927456
7920554
7927984
7921965
7920352
7920987
7929381
7930746
7922737
7921724
7922479
7923314
7930270
7922552
7921284
7923171
7922239
7922950
7926073
7937772
7929699
7926807
7924790
7920054
7930108
7926900
7920755
7920460
7927055
7924620
7921303
7923644
7930427
7921280
7930275
7930033
7928322
7923232
7921861
7927654
7927258
7928297
7927751
7920979
7929985
7923639
7937592
7923429
7925925
7921458
7929248
7937147
7923357
7923037
7922061
7926090
7920193
7926697
7924005
7920514
7924138
7923224
7922281
7922052
7920510
7920476
7926649
7922360
7922610
7929885
7925893
7937306
7926559
7921741
7920677
7921647
7922255
7929112
7921541
7924750
7922388
7922784
7937034
7922025
7924672
7929375
7924312
7921161
7923491
7922574
7922836
7924269
7927705
7929890
7928264
7926493
7927428
7921002
7926920
7929491
7929856
7925455
7920582
7925028
7925498
7924104
7937778
7926814
7931972
7929349
7920055
7920876
7937863
7921000
7922731
7927798
7921299
7925725
7920694
7921216
7931595
7921621
7937341
7928633
7920079
7920155
7924442
7926600
7929997
7923328
7921149
7925865
7922649
7926322
7937474
7920526
7920365
7923120
7926695
7928536
7931000
7922758
7921771
7926350
7930389
7921792
7926356
7920890
7937586
7928451
7923126
7924503
7927659
7928202
7928769
7926721
7920703
7929673
7926031
7921591
7923163
7921585
7928010
7922363
7926696
7929261
7929015
7924669
7928764
7921025
7926009
7927924
7937139
7923039
7930086
7924647
7931271
7931200
7927396
7927229
7928739
7921513
7928757
7922557
7924404
7924149
7920424
7924684
7930072
7928711
7925025
7926306
7926345
7925332
7922085
7931280
7922886
7922196
7921342
7925264
7924113
7927046
7926494
7922939
7937148
7926971
7925781
7924016
7925103
7920472
7927050
7920622
7920529
7920282
7923375
7930803
7925901
7924729
7929616
7923684
7928302
7923713
7926281
7924322
7922288
7927378
7923556
7924678
7927850
7921349
7920765
7928638
7923006
7928556
7928742
7928867
7921977
7922930
7925666
7929255
7921430
7926593
7928130
7924625
7920304
7937346
7928648
7922627
7931375
7920617
7921017
7926295
7928452
7929309
7922446
7923133
7928644
7926273
7924277
7920498
7926003
7927395
7920174
7925141
7925009
7929915
7926735
7920244
7928279
7925217
7926895
7937514
7920998
7937515
7937190
7922659
7925036
7921631
7937835
7929860
7921827
7923716
7927465
7921611
7923519
7925430
7929638
7920689
7929925
7924221
7925630
7922614
7922324
7927548
7926546
7920917
7923683
7923111
7921416
7929280
7925863
7925680
7923447
7930709
7929716
7925731
7926508
7920702
7927558
7925529
7923767
7923159
7922049
7920061
7928971
7928412
7920448
7926410
7920943
7925223
7921234
7925189
7920916
7921846
7928491
7928160
7928433
7937623
7920546
7926095
7920300
7928295
7926794
7928357
7927642
7920157
7937163
7928745
7930417
7937806
7920550
7923505
7923571
7931337
7928637
7922550
7928212
7937400
7928037
7926376
7925862
7930061
7922019
7920201
7931611
7921227
7922018
7920574
7931343
7920881
7927621
7927775
7925356
7927334
7924242
7927260
7923378
7922559
7924108
7925290
7927527
7928829
7920549
7920387
7922656
7921373
7922489
7922159
7928366
7921009
7924199
7924680
7929695
7927010
7923585
7922250
7925654
7925191
7923499
7926400
7928370
7924456
7929858
7937221
7924196
7925019
7923538
7928513
7927461
7925123
7924114
7920298
7927366
7927427
7925242
7937661
7923707
7923764
7924381
7924151
7921258
7924676
7921673
7930795
7924737
7928224
7926796
7937655
7926763
7920295
7937858
7931955
7924627
7923593
7927117
7928936
7920303
7923198
7923210
7926372
7921646
7928356
7928342
7929833
7926724
7937319
7929679
7921233
7921864
7929535
7928941
7927494
7927143
7928567
7926473
7930916
7923615
7922911
7920679
7920920
7927966
7923138
7928928
7928751
7923036
7925581
7927586
7926784
7920721
7923497
7924389
7921175
7922109
7924874
7926334
7926821
7928905
7920725
7925492
7920262
7924450
7926030
7922668
7926065
7937498
7928365
7925616
7929472
7922032
7922532
7927951
7925562
7928570
7927347
7927282
7920486
7922920
7923196
7922847
7928288
7926590
7937378
7925495
7925544
7928627
7937574
7926327
7926826
7926635
7929549
7922254
7925271
7921064
7924573
7924865
7929572
7925300
7920040
7920251
7927879
7926489
7922406
7925278
7925346
7925876
7924769
7928982
7928414
7927614
7921692
7921348
7925883
7937890
7927965
7926668
7923441
7924172
7928798
7926730
7922448
7928551
7925550
7928431
7928887
7926449
7930349
7923487
7937653
7921975
7922833
7926574
7920931
7931399
7930056
7920726
7926700
7927821
7921858
7927076
7931202
7924604
7929331
7927913
7921973
7923468
7923598
7922640
7921664
7927669
7922536
7921039
7926044
7923718
7925231
7920191
7929287
7929818
7927748
7937832
7926674
7920535
7928081
7937625
7927708
7927829
7921375
7926330
7930812
7929543
7925834
7920227
7937112
7929433
7922825
7921909
7921404
7922248
7928585
7928173
7927037
7929801
7921098
7922817
7926434
7927041
7925871
7925787
7922043
7920649
7922162
7937017
7923527
7922755
7925143
7925450
7927257
7925183
7923761
7924427
7926772
7930408
7920419
7920491
7924411
7928058
7937410
7926583
7922054
7922592
7920914
7927858
7922276
7922670
7926407
7920512
7927186
7924330
7928525
7928692
7920584
7928371
7920374
7922956
7929332
7925214
7920288
7922178
7925391
7928673
7925042
7928181
7921400
7926278
7922251
7930955
7928601
7930684
7937804
7926964
7930704
7930381
7929652
7922922
7920865
7928890
7920209
7929214
7920741
7927467
7926426
7924266
7921403
7926783
7926523
7925258
7924944
7928453
7923360
7921966
7920432
7937424
7926677
7929883
7929268
7923391
7937332
7922108
7927375
7926047
7924010
7929155
7937492
7927854
7928125
7929663
7928211
7925476
7927342
7927563
7928282
7927845
7922567
7922782
7920063
7921058
7929602
7930031
7927847
7923688
7928373
7925794
7920008
7925399
7924022
7922809
7922010
7927320
7929979
7924554
7926918
7921445
7928955
7923689
7926823
7928573
7923212
7937068
7927118
7923676
7920026
7924675
7921730
7921590
7927757
7925542
7928775
7927685
7925034
7923521
7927313
7924318
7929471
7928284
7929633
7921889
7923144
7921985
7937831
7937738
7921293
7920323
7931258
7929477
7930837
7926045
7927825
7925595
7926845
7920654
7921123
7921607
7929077
7925960
7925664
7928913
7929930
7922834
7924822
7926102
7926540
7928875
7937485
7929243
7924629
7925518
7929563
7928654
7927325
7929532
7928696
7926442
7925308
7921282
7931294
7929059
7928186
7923440
7922443
7929001
7922476
7926431
7921250
7922602
7927737
7927146
7929984
7928184
7920132
7925847
7921038
7921616
7937784
7923338
7928763
7928015
7923561
7927173
7927682
7929347
7922379
7926874
7925738
7927526
7928205
7920843
7921946
7920656
7927637
7926342
7923248
7926981
7928169
7928538
7923365
7920181
7937060
7926832
7922454
7926965
7931288
7924880
7924356
7921360
7937071
7928840
7937331
7929336
7926989
7922859
7927144
7926530
7925474
7927102
7928720
7921380
7926652
7925891
7922147
7926402
7928426
7925437
7920475
7929942
7937616
7921438
7924524
7925058
7920461
7927712
7928193
7922173
7937484
7926463
7925181
7926722
7929481
7922309
7922873
7921014
7930166
7922605
7928235
7920341
7927752
7930380
7925112
7929620
7930749
7927865
7924639
7924733
7929368
7920362
7920975
7923564
7922458
7929682
7930799
7921760
7937727
7920453
7925540
7921339
7920022
7923620
7921720
7920560
7922609
7921882
7937570
7924616
7924787
7930715
7928948
7928470
7922170
7928542
7927967
7926460
7930910
7928500
7927533
7924919
7924192
7920450
7928354
7927812
7922296
7929399
7922606
7937174
7923495
7927297
7925904
7920902
7921320
7928693
7923740
7929796
7921871
7920959
7924756
7922143
7928630
7922444
7920165
7923436
7920847
7922888
7925632
7937320
7921761
7920272
7923233
7921610
7923176
7924693
7928838
7920388
7927468
7927840
7926917
7924656
7920674
7929813
7930118
7926813
7925347
7928893
7923333
7920492
7922579
7928020
7921859
7921808
7937793
7927893
7925405
7921184
7929792
7924593
7920561
7927269
7921682
7926915
7926637
7926498
7923172
7927788
7921799
7926063
7927057
7920585
7925923
7924562
7926087
7926111
7925281
7926962
7926512
7922662
7922903
7927859
7927135
7937035
7921918
7926452
7921997
7927721
7925573
7923132
7927331
7920158
7928524
7928409
7921577
7929612
7922937
7927756
7920577
7920104
7921950
7921364
7923662
7927591
7920737
7928191
7925695
7927026
7925668
7925712
7920182
7937593
7937792
7921132
7920835
7925170
7928341
7928795
7930743
7929306
7923606
7927814
7924210
7927447
7930730
7922445
7920170
7920154
7929005
7926599
7920220
7926641
7931206
7928325
7926719
7922890
7921369
7926384
7937750
7926428
7937590
7921943
7920106
7923227
7921865
7920433
7922160
7927856
7922506
7926071
7925111
7922581
7928670
7929520
7920088
7921786
7922449
7923623
7926336
7928568
7927636
7922013
7927373
7927281
7920638
7922569
7929235
7922675
7921922
7928858
7929794
7923758
7920164
7924012
7924148
7926777
7929656
7923017
7923390
7928394
7920832
7927024
7929500
7925494
7937124
7931344
7927473
7924555
7925605
7930718
7923123
7920715
7926036
7927590
7937439
7921979
7926769
7920452
7927039
7937204
7926119
7929871
7930753
7925683
7929434
7920709
7922772
7926799
7920678
7929401
7921529
7937700
7921892
7937226
7930863
7937303
7923340
7925836
7920587
7922214
7921300
7920593
7928118
7926815
7923632
7930345
7921888
7922319
7920242
7924595
7937632
7920680
7928671
7937798
7925039
7928710
7925681
7928317
7929201
7927203
7926683
7925528
7920404
7920070
7927250
7924838
7923155
7937434
7929164
7921994
7921390
7920722
7927276
7922217
7927576
7928652
7929456
7926888
7925564
7921693
7926264
7922751
7924285
7925974
7923568
7931414
7920048
7926108
7926586
7924128
7924278
7928530
7924165
7928405
7927314
7923602
7927962
7930356
7928681
7931323
7929689
7927706
7923596
7920062
7921670
7928981
7928048
7928003
7928728
7920823
7937551
7929788
7923687
7926904
7922435
7926552
7925099
7920197
7928427
7922619
7937392
7924640
7922106
7920907
7926551
7925349
7925226
7925270
7926481
7925114
7921953
7927594
7925806
7930292
7928161
7928510
7928701
7922570
7927542
7927017
7923116
7928967
7920964
7930762
7928505
7926389
7923134
7921690
7928143
7925524
7923678
7924409
7925204
7931100
7923557
7928511
7926645
7927944
7920423
7924459
7921793
7926307
7921976
7923616
7920222
7922362
7928268
7923686
7923547
7921776
7928031
7926316
7926371
7920185
7927733
7937524
7925354
7920614
7929914
7922472
7922533
7924760
7921189
7928610
7928812
7930871
7920011
7920029
7927553
7937322
7927582
7927090
7920436
7920221
7928146
7921441
7922654
7924296
7925924
7925032
7927502
7924634
7921103
7922125
7923361
7928916
7924134
7927433
7925903
7921174
7928065
7924895
7920138
7930151
7930105
7922083
7928592
7922124
7937459
7925800
7921140
7929577
7929855
7927900
7929958
7926085
7924494
7923500
7927303
7927336
7920878
7924771
7928824
7921442
7931003
7928468
7921481
7921633
7924679
7920912
7930748
7925239
7922347
7929378
7928187
7928924
7930950
7923334
7925767
7926061
7928828
7928241
7930943
7927772
7921069
7922062
7920817
7923510
7923322
7925601
7925245
7925849
7930857
7922073
7926988
7929246
7926282
7920849
7925460
7926610
7921967
7928978
7924466
7929628
7927113
7930157
7923569
7921472
7928778
7921297
7925759
7920216
7920160
7923274
7920016
7927571
7928914
7924623
7925082
7926283
7926786
7920719
7928961
7920028
7924724
7925173
7921572
7922622
7927796
7922858
7930921
7925715
7922556
7920006
7922481
7922794
7920613
7921178
7925884
7925809
7926387
7927216
7922729
7931511
7937610
7922246
7937176
7926423
7927097
7926369
7937877
7937162
7928135
7927956
7925740
7928033
7922546
7937822
7921142
7928172
7925115
7937407
7930942
7921317
7926388
7920603
7927220
7922343
7925003
7928877
7920171
7929597
7930073
7923631
7926478
7928275
7921113
7928804
7925852
7929504
7922816
7921221
7930934
7928378
7924363
7925064
7927424
7927902
7925313
7927977
7924430
7924848
7925763
7930768
7930418
7920962
7923465
7937092
7927126
7929490
7928011
7924441
7922365
7929899
7920900
7928646
7924690
7937604
7928094
7925247
7924789
7923481
7925922
7929666
7925576
7931386
7937418
7928196
7924920
7923724
7937571
7922361
7924758
7928675
7937155
7921059
7928583
7925015
7937640
7927495
7931336
7922860
7924021
7920846
7923405
7920734
7929333
7927851
7924683
7923278
7928527
7928818
7937215
7925360
7923208
7921502
7921784
7920963
7937080
7920766
7937069
7922221
7928062
7930707
7920371
7921902
7922141
7922130
7922830
7924305
7929678
7922781
7926292
7924582
7922679
7921507
7928863
7927657
7921283
7926370
7929509
7927942
7928131
7925843
7923313
7925568
7925977
7927067
7923751
7929366
7922636
7924815
7929266
7928123
7922269
7930850
7923715
7931201
7927764
7920708
7925860
7929649
7937246
7921145
7920851
7921991
7926862
7925530
7927524
7930810
7929859
7922455
7927343
7921209
7928044
7925733
7920440
7924267
7928876
7925067
7921022
7920489
7930224
7920488
7928345
7921602
7937022
7920249
7925735
7922417
7925444
7920443
7920481
7921852
7925164
7922869
7921970
7937385
7937222
7921396
7923622
7926675
7928632
7926383
7921106
7928420
7925072
7926251
7922651
7927095
7921136
7922273
7937411
7920669
7928665
7927423
7920416
7924434
7937836
7921135
7928591
7920418
7923394
7926455
7921718
7921580
7922123
7926532
7937122
7926897
7926042
7923756
7937939
7926663
7931404
7921555
7929208
7923784
7925918
7937588
7926604
7928814
7924704
7927025
7937549
7920353
7925041
7922980
7925317
7926052
7930816
7926557
7920219
7922134
7925029
7929968
7937072
7921431
7922289
7927038
7927131
7931235
7928954
7926272
7929907
7929675
7927182
7929444
7926520
7929868
7927008
7937568
7927469
7927866
7925364
7930995
7928344
7922101
7929357
7925026
7920949
7920430
7926609
7921625
7930421
7929661
7922399
7920968
7928158
7928446
7924879
7928741
7923638
7937651
7925393
7923104
7927225
7922695
7921923
7921847
7920421
7937958
7920519
7926436
7927358
7925017
7937580
7928958
7927265
7923263
7925368
7925915
7931965
7925857
7929435
7920483
7925129
7927960
7925631
7924677
7921896
7920668
7923594
7927128
7924248
7920640
7928442
7927305
7927646
7922804
7937344
7927834
7920236
7926569
7928896
7921271
7920748
7927626
7924259
7924707
7928514
7928946
7922142
7920241
7937969
7931977
7927077
7928533
7928666
7930382
7924821
7928789
7922007
7930089
7924232
7920666
7924200
7929636
7925010
7920918
7924681
7924502
7927747
7928523
7937405
7921319
7937984
7929245
7925053
7921468
7926994
7921261
7920690
7922450
7928215
7927217
7927566
7928605
7925260
7920995
7921172
7929831
7922266
7928251
7925675
7927149
7923228
7929026
7926325
7923691
7929383
7927139
7937384
7927172
7920031
7928939
7937882
7925079
7923711
7920101
7926340
7922709
7928953
7924211
7929325
7928930
7922475
7924228
7930181
7929485
7924542
7921634
7937596
7927863
7927906
7924590
7924726
7922048
7924915
7923464
7925896
7920883
7926591
7921916
7930960
7922798
7937358
7923479
7922107
7920652
7928872
7926864
7924009
7922189
7926040
7920247
7924161
7922953
7920289
7922410
7921071
7925323
7924247
7931390
7927233
7929974
7923472
7921393
7924700
7924226
7925881
7928139
7937730
7923149
7922012
7923001
7920308
7924521
7937477
7921154
7922060
7924546
7925645
7923035
7937304
7937086
7931321
7924347
7926750
7924187
7925839
7925559
7927699
7925027
7926835
7928888
7920192
7937889
7924670
7926972
7921474
7926059
7927068
7925439
7929887
7937576
7922044
7928465
7922442
7921684
7928258
7925225
7923141
7922323
7926115
7928250
7926109
7931236
7929894
7937437
7937911
7937978
7923393
7924671
7922132
7930401
7922326
7920566
7926810
7937330
7924568
7924867
7929646
7926380
7928102
7927651
7928285
7929637
7920947
7928141
7929284
7937002
7926736
7928621
7924799
7921734
7920331
7922345
7930891
7922075
7927891
7928198
7926519
7927844
7928029
7927463
7920636
7928717
7928883
7937510
7921355
7927268
7925722
7922249
7937722
7923284
7922236
7929866
7922264
7927079
7927238
7922167
7923341
7927022
7925149
7929667
7920234
7928404
7922271
7926858
7923428
7924384
7927429
7937175
7927160
7925161
7929247
7923185
7921759
7924931
7921334
7921781
7927035
7927114
7928206
7930284
7925130
7929101
7921711
7921628
7928398
7923714
7920571
7922381
7928569
7921044
7923222
7920740
7937140
7920693
7924574
7921311
7921836
7924229
7929983
7925641
7924349
7928330
7931391
7921987
7924371
7922881
7923775
7927195
7921642
7925741
7937633
7922741
7930112
7920597
7928119
7924599
7929996
7925755
7937912
7920194
7926780
7924631
7927094
7926937
7922707
7928231
7928894
7937390
7937547
7924536
7931711
7928539
7921925
7937132
7928682
7922280
7928382
7927382
7922268
7929377
7920114
7922877
7928690
7926242
7928066
7920307
7926837
7920655
7924685
7925584
7928755
7930090
7927361
7930404
7924767
7926852
7928111
7920827
7920620
7922620
7924817
7937742
7922244
7927239
7925171
7931371
7927006
7924708
7937081
7929806
7930900
7928334
7920754
7924945
7930970
7922187
7922200
7929552
7921748
7930283
7924793
7920604
7924227
7924644
7928661
7937281
7926550
7922115
7928839
7921794
7927868
7924842
7924832
7922783
7921822
7927165
7927620
7929551
7921260
7922853
7937393
7937990
7924658
7937658
7923769
7929580
7928566
7921850
7927156
7937063
7924791
7926511
7926854
7925870
7924175
7930315
7927813
7926039
7923135
7926579
7924116
7925120
7928390
7920713
7926698
7923186
7926824
7920942
7927779
7922137
7928061
7937186
7923115
7922279
7927298
7927655
7929590
7927890
7925648
7920771
7925521
7928629
7923633
7920449
7920437
7920891
7926070
7921452
7924415
7925373
7928471
7928492
7922425
7922131
7921731
7921860
7922562
7929640
7922226
7925603
7921686
7931330
7929530
7923329
7929550
7921387
7928662
7920633
7922789
7920567
7937708
7921617
7930978
7927267
7925940
7926792
7929071
7937491
7928738
7921885
7929977
7923722
7929660
7922824
7923770
7925784
7923270
7930340
7924721
7929606
7920596
7922615
7922512
7921886
7920507
7920414
7927496
7920274
7929839
7926615
7920013
7926948
7924508
7926993
7922734
7926099
7921645
7937468
7927722
7931290
7937134
7920879
7920777
7927917
7922595
7929873
7920893
7937364
7927968
7921164
7930740
7937252
7925370
7927315
7929159
7921286
7929826
7923520
7920981
7930892
7922404
7926670
7927263
7937589
7927677
7929723
7922437
7921974
7926616
7928750
7924937
7922411
7920548
7922165
7920991
7930287
7920225
7928686
7937915
7925331
7927194
7927140
7927579
7921107
7927460
7926364
7924237
7920027
7927952
7925952
7923402
7931355
7927377
7925185
7922058
7922897
7924256
7925297
7928549
7928776
7921465
7923610
7927455
7923754
7924429
7923364
7926848
7930063
7927018
7928504
7928462
7926470
7923670
7921023
7929003
7928469
7925098
7924213
7937445
7922366
7928467
7922480
7928850
7928418
7921485
7929335
7930937
7923215
7922872
7923245
7922918
7937709
7922057
7920270
7924190
7937505
7928786
7920534
7926397
7937618
7922780
7925467
7929372
7928347
7926713
7928806
7937230
7920720
7930702
7922461
7929711
7920163
7929557
7928227
7920376
7924603
7923283
7928911
7928201
7924163
7920148
7937342
7920997
7924275
7921134
7924102
7924204
7922915
7925152
7923685
7937026
7921797
7920676
7923310
7928869
7926715
7920001
7926887
7927873
7926875
7922632
7930694
7920661
7921125
7923627
7921656
7929875
7923382
7921171
7927459
7928316
7929611
7928273
7925016
7924464
7922396
7927771
7920278
7920932
7928335
7937294
7921423
7926050
7923178
7937502
7926612
7922702
7920759
7937587
7926440
7924315
7928305
7923355
7921051
7929072
7920409
7923356
7920570
7923654
7925272
7929554
7937203
7926923
7921376
7927710
7924992
7925327
7925320
7937641
7924413
7923743
7924387
7925384
7921601
7922611
7924994
7928260
7926246
7920792
7920944
7923595
7920439
7929599
7920802
7921313
7921562
7927129
7928348
7928005
7929832
7926265
7921951
7925088
7921435
7921620
7929334
7922439
7928386
7929980
7920595
7920120
7928484
7937070
7928522
7937220
7926401
7931967
7928617
7927444
7925613
7929938
7925512
7922463
7920745
7923285
7931577
7927355
7927684
7928985
7924465
7923297
7921584
7929537
7925676
7937327
7927864
7922332
7927332
7937980
7921128
7927327
7927508
7927326
7921940
7923710
7927419
7925734
7929219
7921152
7937125
7924762
7926421
7921924
7927689
7925372
7920685
7937703
7925077
7928133
7922426
7925628
7926714
7930438
7922706
7924396
7923537
7922152
7929700
7927457
7931903
7921695
7925566
7929691
7921389
7921820
7937404
7927892
7920075
7921157
7924745
7925241
7928461
7927105
7929604
7928588
7927178
7925514
7927190
7922828
7921545
7922504
7929995
7925761
7923720
7927843
7924240
7929880
7923434
7923668
7922224
7929060
7929822
7930853
7929787
7929296
7922531
7926113
7928934
7929429
7923484
7922970
7928959
7931259
7926302
7920310
7925644
7921824
7922977
7937531
7929615
7926262
7924451
7924567
7931393
7928771
7921356
7929393
7926622
7930844
7923498
7923106
7928574
7925212
7928167
7923113
7924759
7921460
7926318
7922433
7924831
7937656
7927670
7928552
7925031
7930909
7926049
7922024
7927572
7926020
7921217
7925846
7930673
7921569
7937720
7928945
7929877
7928108
7924642
7922623
7927176
7930665
7921589
7920039
7927581
7931976
7922079
7922037
7927624
7929622
7922539
7923351
7926878
7924013
7920647
7928526
7923164
7927658
7925594
7923383
7926946
7924440
7921471
7926681
7920518
7930893
7922042
7928438
7922677
7926289
7929919
7926718
7937395
7926919
7926651
7921201
7937110
7921399
7925109
7929053
7937099
7925203
7927089
7923597
7937561
7922646
7925678
7926883
7926311
7923785
7922829
7928401
7922252
7922104
7927707
7921395
7929220
7925339
7929901
7937429
7924753
7937087
7924447
7929553
7923611
7930845
7923247
7925316
7920637
7930419
7920410
7926687
7928369
7931590
7923692
7928245
7922022
7922968
7920648
7926441
7924504
7928489
7927175
7926928
7927607
7937548
7920287
7930876
7929265
7925815
7924734
7925793
7928166
7928503
7921721
7931315
7927755
7924578
7927523
7925458
7928221
7928272
7926386
7926110
7922962
7927403
7927774
7927145
7924869
7920894
7930745
7928773
7926034
7921996
7921573
7928882
7926781
7930935
7928834
7929231
7921854
7920327
7922351
7922879
7921747
7921941
7920082
7937345
7925618
7926676
7928338
7928942
7923717
7927641
7920391
7926767
7924001
7924225
7924378
7923282
7927709
7920509
7921479
7925638
7926021
7922112
7928041
7921657
7924301
7937567
7920364
7925935
7937210
7927807
7924612
7922743
7926869
7927981
7930736
7937673
7927171
7926684
7924382
7927904
7925917
7928515
7927816
7925953
7920714
7921053
7924400
7927204
7926629
7923417
7925457
7922837
7928056
7928979
7922373
7931234
7926979
7922375
7924124
7927547
7927369
7921032
7928731
7922331
7926958
7927649
7937273
7925930
7921268
7929263
7923112
7921078
7920717
7925295
7920738
7920091
7937777
7929364
7927857
7927754
7926280
7924432
7920830
7927811
7920166
7926659
7920482
7928109
7926841
7925411
7927101
7928353
7930717
7921709
7929609
7926922
7920801
7927606
7922168
7922806
7921469
7921205
7921534
7926500
7921122
7929020
7920552
7930856
7923240
7921246
7928904
7928162
7928902
7925927
7923453
7921667
7920723
7926935
7929398
7924194
7928622
7920788
7926991
7929759
7923650
7928164
7929991
7925452
7937726
7921728
7921770
7929049
7927202
7929715
7930781
7921382
7928176
7937950
7927663
7922714
7928653
7923580
7927550
7927918
7923309
7927568
7920218
7925206
7930273
7937094
7928685
7930714
7923423
7926873
7928429
7926038
7922367
7924122
7937302
7925548
7924410
7927136
7927975
7920837
7921224
7922955
7922241
7924209
7925037
7929842
7937367
7920315
7927713
7920415
7922958
7921294
7925175
7927617
7926611
7928127
7921397
7927994
7923452
7924813
7925898
7937595
7929386
7928052
7927098
7925856
7922059
7937717
7921147
7923544
7926303
7937172
7930932
7924111
7925470
7925880
7920265
7921378
7924782
7937556
7921608
7928419
7930818
7922282
7927153
7937782
7920080
7926309
7927958
7927629
7924246
7926963
7930755
7927082
7920750
7927552
7925490
7931314
7925967
7929726
7937932
7937164
7920280
7923591
7925065
7921203
7921484
7929129
7923166
7925831
7929533
7927784
7920704
7925980
7920347
7928572
7920317
7924547
7929987
7921870
7923330
7924344
7931244
7928560
7926525
7937091
7929425
7920069
7929326
7927251
7928879
7927926
7923392
7931264
7937312
7921418
7925132
7927285
7929041
7920198
7927072
7929052
7928204
7924501
7927880
7922722
7922864
7929768
7920692
7921102
7925997
7923732
7923549
7929536
7929295
7929545
7921100
7929224
7927679
7921588
7925911
7927137
7922544
7920243
7923221
7924596
7924146
7924383
7924872
7921422
7923741
7928368
7921857
7929046
7920211
7929681
7922822
7923742
7927206
7923359
7927400
7925140
7937343
7928868
7927448
7922901
7921321
7929704
7926357
7921219
7931521
7928521
7928497
7925804
7922456
7937749
7920927
7923660
7920009
7923466
7921659
7921254
7927013
7925461
7937227
7927062
7937288
7928658
7926433
7925066
7922216
7924479
7927510
7927075
7923255
7922277
7921960
7925406
7922912
7921176
7922303
7921928
7928416
7923636
7928672
7924731
7926556
7929308
7921576
7921407
7922800
7931240
7921654
7924543
7920784
7926701
7924518
7925650
7923562
7931205
7922074
7928407
7925243
7929647
7920355
7924364
7928564
7928165
7927212
7924414
7925279
7924545
7929758
7927786
7921712
7927622
7924476
7925416
7923316
7926539
7920463
7923431
7927988
7922026
7937839
7928920
7929358
7924600
7920935
7921911
7927992
7921028
7924107
7922229
7920600
7925511
7926491
7927255
7927155
7924682
7925113
7923107
7923174
7925465
7924372
7930894
7927222
7929260
7927312
7929920
7920237
7920152
7931979
7921291
7925357
7927273
7922395
7937173
7920173
7924850
7928267
7937824
7929992
7920905
7928291
7926720
7924342
7927734
7937552
7928311
7931539
7928022
7929122
7927014
7927287
7921052
7927645
7937438
7937452
7927483
7920319
7937348
7928460
7931994
7928274
7924173
7927351
7931324
7928071
7922689
7937481
7927969
7931339
7927953
7929614
7921114
7924877
7929573
7925882
7937526
7929282
7931506
7925186
7929516
7924463
7937472
7923528
7930721
7931533
7929011
7920357
7925083
7929910
7929825
7923249
7929304
7923289
7925280
7923427
7925068
7926007
7928114
7923016
7926266
7937224
7924730
7923250
7924804
7927809
7923136
7925526
7925821
7920628
7928346
7922093
7923460
7921148
7923674
7920815
7921440
7937169
7928906
7926838
7928436
7929713
7925061
7922206
7925454
7927093
7929406
7929178
7928286
7929891
7926782
7921920
7920058
7922235
7920445
7922626
7929391
7923706
7930330
7928049
7931417
7927279
7922194
7926800
7937666
7927661
7922153
7922095
7926855
7928841
7926502
7927242
7922637
7937885
7924350
7926738
7922066
7920977
7925232
7921791
7925144
7920580
7927695
7924777
7924467
7925259
7927148
7928554
7921841
7928677
7927015
7923143
7920768
7921432
7921272
7927219
7923008
7922337
7928195
7928615
7926332
7937255
7920033
7923241
7921238
7921384
7930729
7927936
7920776
7929714
7922913
7920653
7929524
7927345
7928328
7928374
7924606
7924445
7924478
7924424
7937850
7926892
7926328
7931540
7920012
7925838
7927056
7920175
7928528
7927700
7929107
7922885
7927652
7920684
7928327
7927849
7923675
7925442
7929067
7937802
7923415
7929888
7922942
7920261
7925008
7927028
7930683
7926705
7924687
7928889
7922163
7921879
7928393
7927009
7924321
7937419
7926930
7926924
7922427
7921409
7931980
7926680
7923461
7931356
7927205
7928315
7927414
7924794
7931953
7923395
7922850
7928694
7924598
7926723
7930318
7931362
7923488
7926411
7929394
7926898
7922020
7923296
7925075
7924164
7931989
7926686
7921470
7937062
7927142
7929904
7924772
7921270
7927247
7921521
7925851
7930872
7924421
7928249
7928788
7920565
7920803
7924215
7928147
7927990
7925355
7927717
7929519
7923647
7921337
7922097
7924457
7920375
7937955
7928000
7928848
7927379
7928388
7929959
7930794
7926933
7927307
7927127
7924871
7926098
7927458
7930409
7925484
7924891
7927340
7923311
7922050
7924230
7926639
7920986
7929632
7937771
7937657
7926287
7923517
7929895
7929721
7920184
7927069
7927509
7922558
7920223
7925505
7929884
7920824
7925233
7923352
7927100
7925168
7927187
7922202
7929669
7924652
7926055
7927833
7921722
7921094
7929978
7937848
7921054
7920425
7929774
7922600
7924481
7926331
7925304
7926598
7930087
7921210
7922992
7927405
7921825
7925197
7923708
7923671
7937211
7925282
7923697
7927583
7923242
7926427
7924203
7937359
7927638
7937128
7931298
7921565
7928437
7925020
7920966
7920037
7924732
7927301
7927761
7924201
7928547
7920697
7926857
7923251
7928612
7937408
7927972
7920015
7928891
7926817
7923015
7928520
7928220
7927644
7921087
7928579
7927363
7929310
7929237
7928754
7927163
7937581
7924202
7925753
7924940
7937622
7921778
7927357
7931006
7928038
7921561
7930335
7927422
7928851
7922545
7931991
7924309
7929426
7926083
7924922
7927078
7927549
7922114
7929769
7923786
7921954
7926011
7929204
7925081
7931538
7925351
7926987
7930889
7925216
7926909
7937187
7928270
7926258
7924878
7924641
7923485
7923800
7921207
7920610
7925324
7937020
7925567
7923511
7921463
7930173
7924633
7922744
7937503
7930186
7923327
7929118
7927728
7920946
7928095
7924423
7928594
7927413
7925287
7925210
7927125
7921699
7927288
7921118
7927822
7923531
7930413
7927506
7920752
7927941
7924705
7922697
7929905
7920877
7922238
7920909
7926114
7927815
7923799
7921764
7927438
7925579
7928333
7922126
7929315
7924560
7937935
7926843
7925110
7930109
7922414
7922284
7921511
7924664
7937000
7923129
7926856
7920575
7922631
7923288
7923626
7929724
7930164
7928969
7921546
7929712
7928659
7922549
7921256
7923753
7926847
7921873
7923725
7925177
7928590
7930670
7924222
7927701
7922686
7929570
7929747
7921163
7921915
7929404
7925343
7929407
7923046
7924333
7929409
7920042
7928413
7924386
7922086
7927781
7924876
7922400
7927034
7920761
7922257
7929555
7922742
7922718
7930761
7927948
7920957
7922891
7928106
7937430
7925045
7937241
7927793
7926406
7929252
7937103
7929321
7923458
7923432
7920393
7929671
7929396
7924665
7922394
7920108
7921126
7929587
7923629
7937427
7927808
7923409
7925002
7927295
7937422
7925145
7928691
7920547
7923332
7927083
7920360
7928724
7921363
7920553
7922307
7930875
7924792
7920343
7921029
7920199
7927861
7924688
7921202
7929767
7925954
7927792
7924367
7929506
7925786
7925054
7922730
7926051
7925877
7921226
7924144
7923744
7921351
7922603
7924263
7925195
7921917
7937986
7922120
7921332
7926453
7930076
7927567
7924325
7922802
7928440
7921653
7922535
7922483
7924811
7926592
7920245
7928532
7922119
7928475
7921929
7920919
7923280
7923184
7922990
7924100
7923243
7931602
7927592
7929568
7923335
7922745
7927940
7937554
7921746
7937361
7922247
7920240
7927653
7921486
7928619
7924284
7927686
7928855
7937354
7924776
7923294
7925802
7937861
7937522
7925408
7920908
7926412
7930913
7930276
7922321
7923140
7926628
7929262
7921158
7937313
7927517
7929525
7926840
7922854
7921412
7927980
7927878
7928968
7929702
7937456
7929527
7925801
7922240
7929815
7921878
7924193
7937129
7923530
7937569
7920903
7925001
7931002
7927053
7927086
7927742
7926785
7928030
7925396
7926019
7920672
7921092
7925080
7930798
7922322
7923765
7930870
7925102
7931608
7922009
7930032
7937167
7924126
7922936
7921425
7924836
7937025
7920532
7924925
7924866
7923577
7927434
7926754
7926105
7921439
7928473
7925625
7925523
7922432
7922904
7927453
7926912
7927521
7927520
7937735
7925084
7926285
7925218
7924991
7925362
7927744
7921310
7926425
7921276
7921013
7924632
7925337
7922148
7928793
7921401
7924402
7920706
7925303
7937504
7926728
7927683
7925485
7937161
7925619
7920301
7924214
7929955
7924744
7937671
7928781
7927445
7929054
7927959
7926023
7937376
7924398
7927311
7924115
7922843
7926737
7926642
7920983
7923354
7921796
7924485
7925244
7937669
7930735
7925371
7929776
7920764
7927466
7937987
7928885
7922624
7926259
7930819
7924295
7926404
7922523
7925785
7920041
7920368
7921875
7923570
7924448
7927372
7925266
7920394
7921240
7927691
7924655
7928051
7920224
7920718
7929986
7924586
7922599
7926413
7925117
7930940
7922572
7928261
7925318
7929356
7929844
7928768
7927982
7923652
7924216
7928307
7928443
7928616
7923337
7928735
7921027
7924174
7925101
7922203
7928343
7922771
7926660
7925828
7921961
7920504
7937773
7928865
7937550
7920910
7922140
7922413
7926497
7920634
7937537
7928361
7922811
7929424
7920804
7928860
7921872
7937263
7930726
7920065
7923019
7926913
7927912
7925732
7924882
7927360
7927997
7929928
7924515
7922660
7921398
7928478
7929470
7925005
7927011
7922146
7924118
7921408
7929510
7925653
7922604
7921516
7921005
7926094
7923550
7927441
7928059
7920955
7924489
7937278
7937540
7923369
7928069
7927584
7937479
7930696
7924653
7926373
7921945
7926881
7921557
7921765
7925507
7922045
7924154
7926363
7928077
7922378
7924552
7920924
7924888
7929911
7922796
7922487
7928744
7923426
7928940
7927978
7937963
7930754
7925866
7921612
7923384
7922302
7925713
7937862
7922138
7927805
7924336
7924898
7920044
7921743
7928801
7923165
7921725
7929166
7921906
7923373
7923463
7923567
7928957
7924444
7937785
7925410
7926607
7929819
7928242
7920794
7921191
7921905
7928909
7922222
7927402
7921322
7921476
7930403
7922736
7924375
7924727
7923501
7937591
7920377
7928122
7921197
7923514
7937933
7929430
7921999
7927532
7922067
7927514
7924894
7937309
7922814
7925752
7923244
7928248
7929641
7937089
7926602
7923504
7925386
7926921
7922838
7928406
7925299
7928807
7927519
7930711
7926934
7922857
7927070
7929501
7926945
7922935
7927996
7928226
7921042
7926116
7922117
7937326
7926245
7925063
7925085
7922791
7929253
7926582
7924851
7920142
7928064
7937913
7921848
7928649
7922669
7925100
7926710
7927289
7922785
7921308
7929718
7922223
7937663
7925382
7920736
7929902
7925093
7937371
7927503
7926496
7921326
7937817
7920583
7937150
7925125
7929694
7921257
7928075
7922684
7927141
7925615
7920625
7928647
7927306
7920004
7930898
7937448
7928535
7926026
7925366
7930161
7922070
7927058
7925456
7937363
7921677
7926247
7928104
7924540
7937648
7924252
7926324
7928430
7923031
7937368
7926957
7920125
7927609
7924276
7923281
7937031
7922894
7929835
7931583
7927585
7926053
7926955
7928599
7921810
7928082
7929812
7929482
7928613
7920260
7931320
7927932
7937336
7923430
7920533
7921650
7925251
7927639
7931610
7925176
7927702
7928952
7920267
7937425
7922334
7928766
7925319
7927730
7929538
7927218
7922975
7929324
7925436
7923117
7928083
7926086
7921862
7921262
7928705
7927555
7937223
7926911
7929123
7923246
7920889
7925506
7921780
7923576
7922452
7925975
7922865
7929348
7926761
7927110
7920619
7928324
7926811
7931962
7928480
7929345
7925478
7927925
7931500
7920342
7922179
7925728
7937406
7924548
7920980
7927166
7927545
7923489
7927662
7937420
7920789
7924854
7920162
7931210
7924863
7928445
7922645
7927933
7928319
7928674
7937597
7925895
7925169
7927384
7921338
7921304
7929584
7930115
7922430
7924261
7930355
7937391
7922370
7924254
7922607
7927588
7920322
7927020
7922415
7920716
7922765
7925044
7930938
7927324
7931909
7937301
7926339
7921048
7930838
7925159
7927903
7920825
7920454
7925973
7920100
7921307
7926479
7925325
7926755
7928625
7921842
7921386
7929601
7925698
7922893
7921330
7920699
7927993
7930180
7925188
7924768
7925486
7926797
7937825
7930167
7923370
7921410
7921802
7921563
7925464
7922530
7923291
7920645
7931353
7920386
7924619
7937464
7928756
7920239
7922887
7931998
7921744
7928310
7927189
7927296
7925023
7927188
7926476
7923502
7928509
7923655
7930780
7927875
7923400
7929236
7921215
7921366
7925201
7924556
7926484
7924924
7925035
7920107
7927693
7928190
7927115
7920151
7927580
7928482
7928663
7920176
7928088
7929621
7926931
7925943
7926024
7929104
7923760
7928252
7931289
7921567
7923575
7920139
7928714
7924498
7920559
7923795
7922576
7928761
7921978
7927446
7922867
7925770
7924935
7928636
7923444
7922387
7926889
7920441
7921443
7925944
7930992
7926872
7922116
7928518
7920118
7937584
7923150
7937383
7924990
7920984
7937557
7931207
7927803
7927380
7922777
7924286
7925265
7928900
7921255
7937231
7922207
7929618
7924715
7922720
7926536
7928060
7926509
7922002
7928144
7926594
7927104
7927678
7926341
7926973
7922056
7922306
7923366
7937739
7920066
7924575
7927184
7923336
7925462
7922548
7924255
7925116
7928422
7931331
7921597
7926270
7920592
7927491
7921056
7931383
7925824
7920760
7920731
7931507
7928447
7937416
7930880
7930832
7928857
7921265
7927081
7928210
7923414
7924689
7922848
7921236
7928873
7930475
7926495
7926585
7924109
7928246
7928149
7925578
7926860
7926092
7922635
7923109
7928687
7929213
7930692
7931974
7923658
7924996
7929988
7927150
7928835
7920710
7930951
7922348
7928229
7920840
7920109
7929576
7923566
7922762
7921289
7921533
7924324
7928179
7923047
7926417
7927386
7927164
7926630
7922102
7922940
7920662
7921281
7925992
7926673
7929028
7937786
7923399
7930100
7923326
7920094
7930727
7921638
7924765
7927374
7920866
7924362
7920005
7928679
7928758
7929018
7922672
7920130
7937555
7927353
7921535
7923398
7928244
7931333
7930930
7920860
7920257
7925624
7927746
7923548
7930874
7922023
7921206
7924725
7928669
7922724
7923759
7930071
7927612
7927946
7923419
7925545
7937840
7920744
7922080
7922671
7931410
7928929
7937534
7930946
7929963
7922386
7928656
7924781
7937265
7926662
7924198
7926850
7929006
7926277
7924320
7923522
7924801
7928721
7931312
7928271
7929775
7922613
7927625
7921381
7922468
7929918
7921473
7928709
7925104
7922336
7920226
7920555
7921082
7921702
7929766
7937369
7928032
7937423
7925033
7926851
7931666
7927209
7928862
7928331
7921434
7928287
7937775
7925538
7921138
7920442
7931963
7937338
7921883
7937545
7927687
7925709
7920252
7926074
7929926
7924881
7920156
7925766
7937126
7926415
7928110
7920606
7924186
7927348
7931969
7927390
7925062
7930126
7924177
7920665
7937699
7925326
7921594
7928642
7921735
7937542
7924220
7930822
7929784
7922408
7937216
7931501
7929922
7931233
7925487
7929960
7921506
7924239
7924626
7929405
7922031
7923470
7926863
7926560
7921405
7928712
7928299
7937994
7921068
7923532
7930758
7920438
7923183
7922757
7922292
7924268
7925748
7920081
7924274
7925174
7923796
7937843
7928057
7928586
7925525
7920085
7924583
7931512
7927192
7926474
7922991
7922775
7922219
7927346
7924416
7937225
7924125
7928230
7920003
7924373
7927672
7926753
7921377
7920196
7923038
7925543
7926650
7923645
7924454
7920168
7925926
7922727
7926726
7921237
7927271
7927894
7921336
7931369
7928816
7920872
7923565
7922293
7928025
7928449
7926942
7921414
7925342
7937282
7920607
7923348
7926646
7923540
7920447
7929116
7924195
7924343
7922779
7937664
7928550
7927791
7925418
7920556
7925552
7922947
7937237
7921489
7921093
7920845
7921461
7937827
7931966
7921798
7921275
7926865
7931220
7929514
7937197
7925481
7924339
7930069
7929036
7927249
7928214
7927703
7937004
7920858
7923170
7928415
7922732
7923230
7929064
7928832
7927376
7928837
7937713
7929439
7921344
7926716
7921182
7925254
7920214
7920473
7937242
7937712
7921314
7927667
7926012
7920869
7922377
7924366
7927275
7928668
7921939
7929998
7922664
7927530
7930308
7928085
7927064
7924864
7920800
7929218
7931364
7923682
7926880
7920707
7937317
7921325
7925403
7924265
7937649
7921609
7922710
7926896
7922704
7937538
7921989
7922402
7929087
7923496
7920537
7925453
7924873
7927738
7922103
7922666
7923421
7922554
7937977
7922793
7926456
7924460
7920517
7922419
7926454
7930993
7928389
7926828
7929976
7921554
7926377
7920021
7929395
7923535
7928496
7923168
7928424
7925166
7922133
7923339
7928306
7926868
7920599
7928079
7925858
7922628
7921358
7920681
7927388
7921816
7921035
7926521
7929876
7937476
7924412
7921487
7924446
7924150
7927601
7921144
7921003
7931373
7921691
7931999
7920820
7928809
7928265
7937318
7927031
7929367
7925773
7926017
7929644
7927174
7923700
7920901
7920019
7928684
7928856
7929446
7929106
7920551
7928548
7922951
7921192
7928507
7928093
7928402
7920372
7924532
7922371
7922205
7922099
7928736
7926688
7937611
7927881
7927780
7931387
7937165
7926618
7927054
7929369
7924500
7928640
7922470
7923621
7928254
7928084
7921391
7927727
7921230
7937879
7924288
7927138
7928483
7921273
7924833
7924534
7921869
7922357
7925096
7929934
7920459
7929013
7923293
7921732
7927450
7928076
7928881
7925679
7922431
7937396
7927091
7924533
7922204
7925055
7927108
7921301
7921688
7937431
7928018
7926374
7925420
7929022
7922380
7922665
7929012
7927512
7929710
7927432
7929999
7925353
7921596
7937388
7920756
7929365
7930117
7928529
7923523
7921963
7925633
7922290
7926403
7921927
7920010
7925902
7921361
7929556
7921788
7927042
7929755
7922633
7925193
7920887
7922420
7926547
7925708
7921982
7929811
7926475
7926608
7937830
7927916
7921910
7923307
7928454
7922295
7929227
7928826
7922505
7928635
7928785
7937716
7920988
7937998
7929872
7931269
7923555
7924800
7920210
7923649
7937355
7924041
7927106
7931604
7922398
7923229
7920036
7921359
7927074
7924207
7929727
7926941
7926077
7925909
7924563
7928565
7929119
7923492
7926555
7926975
7920359
7927690
7920747
7927264
7925798
7927085
7937141
7930302
7930005
7926368
7925202
7925746
7923747
7920576
7937841
7929598
7927540
7920700
7924710
7937308
7931606
7927574
7928153
7925805
7923407
7921008
7925756
7921043
7920798
7929957
7927167
7926408
7929971
7937457
7923127
7928072
7929014
7925932
7930697
7924608
7937559
7928175
7921072
7927161
7937601
7921427
7921362
7920650
7922005
7930011
7926365
7921740
7921168
7920936
7923721
7929086
7931593
7926732
7931380
7926375
7928050
7925194
7927934
7928103
7928326
7926058
7920646
7924746
7928880
7926589
7927618
7920516
7928301
7937997
7929503
7922792
7923121
7920774
7920581
7930179
7923128
7925329
7929274
7927613
7929562
7921150
7920292
7920503
7924740
7924420
7928808
7920309
7921374
7923425
7921971
7923292
7923604
7930175
7937151
7926068
7926467
7924788
7928039
7928678
7930887
7920102
7927675
7921522
7937500
7926775
7920871
7922158
7920478
7925378
7926617
7921345
7928026
7920971
7929575
7923669
7925642
7930352
7931582
7924365
7920405
7927656
7928614
7925269
7928367
7928087
7937599
7929854
7925539
7927557
7922788
7921287
7927991
7931239
7925808
7925850
7927394
7926382
7921891
7926619
7927262
7922245
7931272
7920110
7923345
7920188
7923454
7927286
7923703
7927724
7923153
7920791
7927838
7922328
7927743
7927426
7921768
7920293
7922181
7924514
7927278
7922330
7924654
7924528
7926685
7929642
7928168
7930121
7921417
7924649
7924353
7928387
7927627
7928803
7923672
7924334
7937536
7925040
7920906
7924826
7928488
7928571
7923236
7930807
7920608
7924597
7928864
7922832
7923719
7922228
7921538
7925674
7924308
7922696
7922261
7922209
7922218
7928791
7927047
7925338
7929850
7928577
7923213
7937996
7923539
7920974
7928722
7925350
7926033
7925293
7926740
7922681
7927368
7928780
7926776
7924142
7926333
7924847
7920758
7920150
7927500
7929972
7923188
7922748
7926107
7928950
7922313
7937887
7928903
7928790
7928194
7920390
7925591
7928308
7928459
7928464
7920124
7937325
7926274
7925606
7924133
7920000
7927408
7920014
7924860
7922527
7929582
7923397
7923018
7927211
7923450
7924282
7937512
7921204
7924397
7924000
7925448
7929009
7937436
7928004
7926976
7925048
7928541
7921897
7920306
7927274
7921592
7921020
7922436
7921169
7922129
7921777
7920354
7928587
7937880
7921214
7926294
7928182
7937564
7925520
7921900
7928676
7928337
7923699
7928199
7928107
7930060
7922157
7925151
7925256
7923794
7930796
7920884
7931403
7928973
7925158
7930350
7928901
7924819
7928240
7927862
7921033
7922344
7920763
7920379
7920727
7927923
7937790
7925888
7926795
7925661
7926414
7925593
7922721
7937412
7926326
7937023
7925527
7926636
7925046
7928956
7923624
7928822
7937159
7920455
7937166
7923003
7922156
7922064
7929672
7921091
7937736
7925097
7924331
7925726
7920467
7925736
7930722
7937480
7929658
7926353
7926966
7928777
7921992
7930801
7922041
7929464
7926437
7923572
7921183
7920122
7927124
7927474
7922652
7929639
7930679
7929741
7926654
7926250
7920976
7924040
7926304
7929363
7921757
7937642
7920398
7937983
7927735
7924143
7937627
7923389
7928898
7920400
7929302
7920030
7924120
7927954
7927241
7920119
7929376
7937529
7928597
7929830
7923462
7922826
7926656
7937478
7937079
7927628
7928332
7928276
7925750
7922763
7924614
7922047
7937292
7927631
7926818
7923239
7928740
7928819
7920321
7929765
7928002
7920785
7931318
7937183
7922304
7923790
7927870
7929258
7929929
7928040
7937233
7929512
7920098
7925553
7937076
7921710
7930926
7922145
7929521
7927976
7927486
7931598
7921167
7928255
7928643
7922760
7924830
7920207
7929083
7924156
7924123
7925315
7927525
7928115
7924667
7937307
7920563
7921357
7929654
7921433
7924132
7926707
7924370
7921605
7928892
7923002
7920856
7927454
7927643
7929805
7924635
7937328
7926907
7927452
7921305
7927362
7928148
7926644
7929469
7925092
7937780
7928009
7925658
7937458
7927718
7928283
7920043
7928608
7928183
7921065
7925995
7926445
7928232
7922801
7924505
7928655
7937528
7928086
7926902
7928219
7920569
7926418
7922693
7928171
7920429
7926634
7926682
7924390
7920427
7921447
7929486
7928970
7922186
7924469
7920068
7920896
7920523
7926554
7920828
7925730
7922423
7926001
7927828
7927487
7921981
7931299
7929782
7928385
7920933
7937229
7923303
7920806
7923782
7927569
7937366
7920873
7923701
7924262
7920601
7929362
7921556
7928596
7922447
7928028
7929047
7926291
7926808
7928800
7921269
7922902
7927151
7924316
7924273
7929950
7931274
7924471
7927283
7926004
7937483
7926978
7928180
7922033
7928091
7920381
7923651
7926908
7929837
7937532
7922551
7930411
7922006
7923187
7920145
7937200
7920468
7937440
7921067
7921139
7922629
7927112
7924561
7922199
7922534
7923494
7921566
7930084
7923702
7937615
7923175
7937289
7928534
7922868
7923396
7925643
7926938
7931203
7920952
7926392
7931382
7923119
7921116
7922759
7927191
7923755
7920783
7922906
7923641
7920128
7926394
7928408
7928846
7928606
7920103
7937352
7927049
7924287
7927537
7937770
7925634
7924179
7921372
7923642
7922068
7926317
7937746
7929745
7922034
7926950
7931335
7920836
7926279
7927240
7922118
7921419
7928163
7928435
7925229
7937168
7922016
7923690
7937917
7927927
7926745
7920769
7925275
7927773
7925328
7925404
7929627
7927855
7923573
7920056
7921454
7921188
7922213
7921477
7937310
7925572
7925341
7920189
7927481
7931348
7921579
7926346
7927012
7923319
7926355
7928349
7929029
7926621
7937149
7927640
7927634
7929032
7927920
7937781
7922905
7923231
7928723
7930808
7920403
7922889
7937447
7931508
7928400
7931322
7920915
7921530
7926657
7929039
7922568
7928339
7931215
7927183
7927059
7921685
7925182
7923695
7921894
7921595
7929945
7927907
7925845
7924380
7924468
7925509
7926970
7920363
7937323
7920484
7927908
7925417
7924611
7923590
7930941
7922719
7921492
7921773
7927528
7920296
7924260
7929705
7928951
7929624
7920621
7921662
7927874
7926846
7920513
7937953
7925291
7926405
7926263
7922421
7929882
7929707
7925868
7928543
7920990
7923152
7925835
7920579
7923778
7921415
7929635
7922161
7937453
7924816
7920464
7926762
7924564
7920687
7923401
7937800
7923315
7922428
7928972
7937337
7922899
7927794
7927763
7925335
7922084
7921635
7928495
7926647
7922215
7929517
7928842
7920543
7924103
7921745
7925322
7920578
7922166
7931959
7925788
7930769
7937349
7928716
7923264
7923372
7927352
7927732
7925004
7937985
7928145
7922852
7931230
7930806
7928120
7926257
7921392
7929564
7922965
7926672
7937566
7937965
7924717
7921129
7925570
7927882
7922973
7922866
7929427
7921077
7924662
7920867
7927196
7922966
7921453
7937351
7924544
7929212
7937614
7927749
7928216
7922090
7924306
7931351
7930170
7928269
7928557
7924303
7922733
7929719
7926544
7920089
7925069
7924592
7929848
7927200
7928364
7921806
7930416
7937714
7923223
7921456
7920411
7921766
7926990
7928540
7922560
7928602
7937154
7937637
7925874
7925682
7929706
7923190
7928664
7922634
7927782
7921958
7922995
7922197
7921264
7937297
7921001
7937837
7922350
7924637
7928450
7921016
7927985
7921899
7929267
7924814
7923275
7926734
7920999
7928581
7937254
7921318
7928474
7928138
7929742
7923483
7924403
7929803
7925571
7922286
7922908
7923045
7937853
7937188
7929127
7920073
7929569
7924018
7928589
7926468
7922884
7927337
7927914
7937662
7937674
7922643
7920038
7926046
7921811
7929772
7926359
7921769
7937234
7931530
7922957
7930127
7925172
7926429
7928078
7927485
7925208
7926899
7928432
7926385
7922925
7924391
7925200
7931700
7920177
7925892
7930383
7921367
7926748
7926706
7921228
7937575
7931378
7923480
7923362
7928350
7922871
7925765
7923560
7937441
7928053
7927789
7927922
7929462
7930116
7922441
7929799
7925522
7929900
7937275
7927877
7922708
7928517
7929608
7920950
7928555
7920799
7925345
7922291
7937213
7927867
7921782
7922072
7929989
7922849
7937264
7920787
7924131
7931227
7921714
7931800
7921341
7923826
7928352
7937357
7926758
7930797
7920305
7927516
7929753
7937530
7922844
7926028
7921115
7924763
7927442
7928177
7937403
7921550
7921593
7920358
7920528
7921346
7922521
7924488
7928499
7928833
7928192
7937455
7925094
7926733
7921501
7920623
7924607
7921574
7930150
7928262
7928117
7925879
7926829
7927339
7922164
7922910
7922008
7929748
7928984
7924377
7929807
7927824
7924839
7923304
7927392
7927632
7920729
7922195
7937737
7921421
7927921
7930713
7928815
7923154
7920470
7926944
7923272
7921930
7927294
7923780
7921938
7928502
7927123
7937639
7928907
7924249
7923350
7921619
7929301
7921220
7922149
7920271
7929323
7921598
7923161
7925941
7922648
7928607
7920859
7929313
7921856
7925468
7927623
7922055
7928043
7924766
7929892
7937469
7929589
7927536
7925945
7923793
7929035
7920115
7926969
7922397
7924170
7928296
7937113
7926312
7926080
7929846
7928289
7937399
7922513
7921549
7923825
7928277
7925861
7920046
7920276
7928410
7926766
7921309
7922341
7928987
7922715
7926914
7937426
7928054
7928124
7928152
7931263
7924379
7927635
7925905
7930291
7921908
7925711
7922227
7928045
7921482
7926731
7929024
7928490
7925119
7929643
7923318
7920126
7925311
7922305
7929917
7923439
7922773
7927593
7927688
7928323
7929240
7927103
7920017
7928683
7925321
7929522
7937370
7925314
7925547
7931395
7929777
7925985
7924329
7924993
7927227
7930976
7923295
7929344
7920753
7924101
7926018
7927600
7922924
7923524
7930030
7927964
7937389
7926655
7929508
7921772
7928421
7928917
7925431
7922076
7921942
7922808
7927071
7922135
7927504
7926014
7920456
7921179
7929581
7928874
7922352
7924140
7925133
7925222
7921383
7928257
7922507
7937888
7921249
7920266
7929889
7925091
7920775
7927983
7920779
7923346
7929540
7924338
7922180
7931987
7924376
7922928
7922256
7937178
7921316
7922982
7928396
7926457
7926561
7924539
7927215
7921518
7926620
7925718
7928977
7926886
7925669
7927633
7926524
7930897
7923379
7937144
7931340
7923225
7921733
7926075
7922434
7931701
7926084
7929279
7922198
7927726
7924137
7921488
7925714
7937097
7927208
7929542
7927162
7929559
7927412
7920457
7925380
7926300
7921194
7925832
7922819
7925556
7937008
7930426
7924341
7925000
7928767
7931223
7926464
7921558
7928089
7922553
7923446
7927758
7921660
7930470
7920351
7929952
7927489
7926244
7922713
7927016
7923160
7922851
7924235
7927715
7924191
7927676
7923413
7929931
7926625
7924408
7927147
7926632
7923583
7925205
7928584
7922674
7929853
7925367
7925440
7922723
7921789
7928830
7928938
7926477
7921964
7925374
7922728
7931381
7931702
7929870
7926643
7922477
7924470
7921614
7937401
7923331
7927383
7927436
7928458
7920477
7926469
7929851
7927939
7922522
7928559
7920180
7931308
7928070
7921153
7926563
7920573
7926022
7937707
7926678
7931536
7920229
7926367
7928820
7920746
7927817
7920250
7927680
7929515
7930814
7921137
7927729
7921867
7924661
7931255
7920797
7920631
7922339
7926461
7929523
7922661
7920373
7924135
7926029
7927931
7922827
7929845
7927518
7928189
7930168
7922938
7926516
7928949
7925296
7920667
7937010
7928362
7931311
7923220
7937482
7922325
7922094
7922466
7926949
7929662
7928545
7922845
7925600
7924139
7928372
7921613
7928017
7928843
7923559
7922127
7929479
7926954
7920269
7920895
7929541
7928403
7920615
7927159
7927409
7920833
7927562
7923592
7927475
7923515
7921933
7927437
7926665
7927410
7930309
7924452
7923252
7920350
7926549
7925240
7926448
7927000
7926379
7927698
7921641
7923385
7927397
7925878
7924168
7925305
7921717
7926834
7922776
7929488
7920632
7928626
7926390
7937219
7927490
7920928
7921165
7922017
7928849
7922192
7927246
7929797
7925842
7922575
7921586
7924405
7925607
7925443
7920961
7929355
7925333
7922065
7937543
7920978
7926961
7937801
7921627
7927559
7929607
7928651
7930420
7928237
7926444
7922212
7937104
7920500
7920259
7927575
7921790
7931307
7928983
7937118
7929016
7931599
7927033
7921993
7920663
7921483
7926446
7925859
7931541
7920213
7921180
7920228
7929729
7929605
7926891
7928023
7927213
7931374
7927043
7937153
7926104
7928313
7924516
7925611
7928298
7927210
7928278
7930037
7921151
7924868
7929948
7923034
7927207
7928455
7928016
7925021
7928628
7926830
7927886
7921388
7927535
7921503
7927341
7937379
7926691
7925184
7926903
7920020
7921290
7920589
7929110
7925383
7928154
7921932
7924323
7920536
7921866
7924473
7923614
7923105
7921754
7927344
7928753
7925267
7931531
7920212
7920874
7928456
7927974
7929594
7921986
7928737
7931988
7920813
7937487
7920370
7928844
7937715
7925503
7928355
7920958
7927214
7922069
7937373
7924899
7930700
7920657
7925744
7921949
7925775
7930988
7925890
7928363
7921520
7921411
7923214
7927243
7927385
7925276
7921096
7921278
7926396
7920822
7929505
7924368
7923475
7931588
7923533
7922685
7921700
7925446
7924998
7922464
7929051
7927181
7926996
7926450
7925106
7926112
7925134
7926570
7937834
7924428
7920313
7925074
7924674
7920203
7927961
7922098
7921903
7927389
7928702
7924917
7937982
7928964
7926658
7929617
7929592
7925549
7937287
7928360
7937774
7922882
7922705
7923205
7920557
7923266
7926352
7928213
7925007
7927647
7925906
7928593
7930365
7920099
7923791
7921984
7937728
7928013
7928512
7925330
7923139
7937083
7928729
7920688
7926671
7928239
7924332
7925043
7926082
7926849
7931402
7922542
7923180
7926870
7927650
7926000
7921934
7925962
7925198
7922429
7930307
7925377
7928233
7920471
7923142
7926501
7924558
7927470
7923737
7937791
7937999
7937283
7929281
7931009
7922641
7927154
7927910
7924943
7921706
7923445
7927947
7924169
7930752
7925433
7924569
7924234
7927832
7928706
7926876
7920112
7929664
7926905
7930933
7925777
7923411
7925412
7921713
7921193
7924360
7924648
7928318
7923508
7928046
7927919
7937350
7925913
7924314
7921464
7931363
7920253
7926725
7920263
7922766
7922840
7927029
7926528
7930716
7923277
7925018
7920880
7923476
7920127
7928783
7926853
7924345
7930132
7921413
7926027
7926531
7926308
7920294
7931225
7926764
7921504
7931232
7922405
7926968
7926789
7920332
7920052
7921853
7924340
7926329
7928660
7937137
7920451
7923749
7921948
7924897
7922091
7931400
7927477
7920161
7927776
7937473
7937462
7922543
7922333
7921830
7925649
7926276
7921742
7922597
7927777
7937329
7926959
7925830
7937507
7925885
7923607
7924577
7921196
7924615
7926967
7937409
7920283
7921921
7929226
7937218
7929655
7937854
7927768
7924182
7920864
7928975
7927087
7937705
7929264
7927987
7921774
7928611
7922667
7921222
7920264
7930756
7921639
7937356
7937624
7924358
7923705
7929294
7921907
7924257
7937240
7928966
7920923
7929079
7922740
7937988
7937232
7922805
7921011
7927827
7927823
7922538
7924719
7920960
7920838
7924722
7929102
7926064
7929665
7926752
7928782
7922335
7925052
7929238
7924843
7920407
7928866
7931250
7937067
7937603
7922193
7928703
7937560
7929659
7925639
7922174
7920076
7920814
7930176
7927132
7927170
7927221
7928074
7928217
7929337
7924374
7929836
7924495
7922285
7929827
7922717
7921959
7928100
7931603
7925423
7928927
7928603
7929785
7921251
7921868
7925585
7926744
7920857
7928935
7930706
7920408
7924522
7928441
7922676
7922283
7937314
7920897
7921457
7920412
7922944
7926248
7928207
7937823
7928657
7924272
7920965
7931975
7924147
7929230
7925864
7927472
7922208
7928126
7929437
7929944
7930842
7937260
7926568
7924238
7927570
7921050
7924786
7926974
7937956
7929816
7927299
7922960
7922327
7925872
7920520
7921944
7926315
7929970
7926613
7924511
7923005
7921090
7920888
7924585
7929033
7937788
7928340
7931600
7923666
7926831
7928963
7923374
7925162
7928320
7925376
7922014
7937096
7924942
7928772
7930406
7921723
7928580
7927911
7926727
7937471
7928734
7921972
7925652
7927674
7921648
7937253
7924189
7924701
7937807
7922580
7937339
7927498
7927001
7937833
7926884
7928796
7929634
7921952
7928223
7924212
7925447
7924236
7920230
7925013
7920485
7926791
7922403
7926060
7927310
7920349
7922642
7926255
7930110
7920090
7920892
7926314
7922317
7920345
7927133
7924002
7923733
7928624
7926679
7924017
7925855
7927560
7937972
7937638
7926488
7927317
7930412
7923490
7926361
7928609
7927005
7931278
7922639
7927256
7921553
7926916
7921649
7925826
7922932
7925820
7927511
7928989
7928379
7937519
7923182
7926275
7921298
7929692
7921672
7929824
7929909
7927598
7927002
7928943
7921995
7937305
7927364
7921914
7930169
7925504
7923729
7929781
7937886
7923004
7937324
7937064
7937115
7922555
7929307
7926480
7925336
7923380
7926288
7937073
7923137
7937029
7924490
7925928
7926499
7922712
7929390
7927605
7928097
7926541
7930444
7924270
7928988
7937846
7926925
7926117
7925656
7921807
7926503
7925425
7923169
7930783
7921835
7924317
7921109
7925621
7937470
7926871
7927897
7927420
7937733
7929613
7926106
7928921
7930410
7926788
7924475
7921583
7927950
7923752
7927092
7929244
7929217
7923302
7930928
7927254
7925138
7925776
7927121
7920925
7937521
7922914
7928827
7926416
7927577
7925532
7925949
7921753
7921170
7927963
7927979
7922469
7928667
7927080
7920159
7925555
7924433
7927846
7928188
7924752
7920855
7930428
7923659
7926267
7920501
7925224
7928304
7925344
7921110
7928576
7926573
7922967
7920254
7937262
7925825
7924823
7925916
7929223
7928208
7920095
7922001
7921957
7926320
7926526
7920624
7923792
7924559
7921156
7924354
7920469
7937527
7927556
7937179
7920886
7927955
7930066
7923257
7927837
7920051
7924224
7928976
7937813
7929528
7926980
7926543
7937335
7926013
7929838
7929593
7929342
7922608
7922151
7920696
7921680
7927323
7923693
7923308
7921429
7928974
7923579
7925160
7922657
7927619
7924244
7923216
7926822
7920233
7930834
7923474
7924449
7921252
7920724
7928797
7929560
7925662
7937704
7921099
7923663
7924419
7922053
7928055
7922876
7920994
7922616
7937160
7925429
7937583
7921845
7928377
7928236
7930764
7924160
7929864
7925135
7925387
7927603
7929933
7937269
7920586
7931282
7929897
7927531
7927234
7922314
7928853
7928931
7921980
7922810
7921459
7926932
7937347
7921536
7927785
7921855
7928582
7937138
7927928
7920970
7931292
7930789
7927330
7921651
7925768
7926596
7920913
7920134
7920683
7926458
7937300
7927027
7927783
7928811
7927431
7927328
7931300
7925051
7924401
7922638
7920275
7923482
7921988
7921719
7925823
7930840
7923237
7924933
7920530
7937009
7922172
7920215
7924394
7930996
7929483
7920821
7926623
7927308
7924624
7922630
7921701
7923197
7926627
7921913
7927052
7937466
7928947
7927986
7930925
7929940
7922846
7927088
7924691
7921235
7923507
7922870
7937619
7925363
7937362
7921368
7927318
7926940
7928293
7921543
7922964
7921499
7924346
7920474
7928962
7927731
7923712
7920701
7928391
7927044
7920751
7928897
7923030
7923101
7925969
7924761
7920496
7926759
7926010
7924250
7927107
7920844
7924527
7922878
7927451
7937236
7920195
7927630
7921819
7928752
7922407
7928493
7926603
7921636
7926395
7928650
7923145
7923256
7926545
7927440
7929795
7924152
7924828
7930847
7923768
7922077
7922039
7924841
7927415
7937914
7926844
7924006
7923122
7924121
7921912
7921350
7937630
7926953
7923518
7929558
7920635
7937493
7922625
7929574
7924425
7921551
7926693
7925473
7937577
7928799
7926256
7928895
7925791
7923259
7926381
7922376
7937152
7928477
7930742
7928375
7937751
7926249
7927740
7921007
7928878
7923271
7929684
7920235
7923762
7923371
7927158
7928544
7921066
7922764
7937130
7927945
7927417
7922040
7923287
7921787
7924264
7931985
7920047
7922184
7937085
7921127
7922308
7920762
7922424
7923363
7921352
7920105
7920875
7920934
7928595
7921024
7929878
7920643
7928749
7924862
7927852
7922310
7921302
7937544
7926335
7927831
7924361
7925942
7920413
7925817
7923677
7929631
7927905
7923750
7924313
7921763
7928704
7923226
7929351
7924609
7926631
7922916
7920277
7921542
7922895
7922155
7924820
7930862
7937084
7920378
7920742
7937845
7926936
7928774
7930272
7920396
7928281
7927935
7928700
7921335
7929403
7924145
7928748
7921462
7931310
7921570
7929103
7924714
7928787
7921420
7937465
7928116
7920446
7925050
7921956
7925369
7929297
7926537
7930710
7929932
7922185
7931510
7937214
7929756
7922471
7925221
7929061
7920545
7927226
7925146
7925677
7928779
7920059
7937268
7929754
7937541
7920147
7927800
7929502
7937417
7920187
7922260
7927741
7920380
7928726
7927180
7925707
7920311
7920612
7925310
7925867
7921698
7928805
7924217
7920281
7928847
7928546
7928925
7922655
7922301
7920093
7921062
7930843
7925466
7928174
7920882
7924622
7922855
7921328
7927723
7924004
7928290
7937208
7921893
7929277
7922644
7928024
7922401
7929808
7920898
7929793
7928553
7926983
7927266
7920922
7929042
7924011
7925407
7937435
7927681
7927664
7923298
7927872
7921640
7926577
7923435
7924130
7927277
7920395
7930422
7930285
7928428
7921679
7937066
7927830
7922875
7922409
7920023
7923412
7920024
7920384
7928411
7928092
7929943
7921726
7937513
7937621
7923694
7921926
7926348
7928506
7930342
7937718
7926548
7925309
7920730
7930954
7927616
7921177
7937290
7930811
7921876
7928035
7920324
7921120
7937454
7920462
7924474
7920508
7928137
7929507
7923503
7926952
7923418
7925500
7930917
7926580
7924482
7924003
7921674
7925128
7921160
7920480
7920953
7922564
7922927
7925604
7928063
7928699
7926877
7927716
7925298
7929817
7927610
7924294
7937299
7926566
7927943
7931284
7926089
7923600
7929221
7922739
7928399
7920053
7926424
7931970
7925286
7921244
7924310
7926664
7927895
7929810
7928012
7931586
7937258
7922896
7922000
7924754
7925829
7925517
7927051
7920812
7937191
7926305
7924696
7926347
7927949
7929852
7926538
7926398
7930802
7925758
7927157
7937794
7921343
7922770
7920141
7926296
7924601
7921436
7930882
7928836
7926584
7921070
7924184
7928598
7927759
7930155
7925126
7923798
7930669
7937171
7925622
7928466
7927430
7931352
7920739
7926337
7925637
7923637
7920117
7931261
7922272
7922484
7937776
7926301
7922029
7922835
7937971
7927853
7923162
7920848
7924431
7920841
7920202
7928784
7925869
7928912
7922438
7928501
7927130
7931221
7923772
7926284
7921187
7929000
7930152
7928238
7922122
7924890
7928134
7922566
7924572
7929610
7921079
7928294
7924181
7923424
7928019
7927284
7926564
7926894
7928329
7924541
7923403
7922460
7929567
7926982
7928309
7926694
7929566
7920807
7925348
7927371
7927971
7924258
7923599
7927795
7937145
7925754
7926692
7927482
7922311
7922678
7920344
7921371
7927704
7927177
7922225
7937156
7937014
7923157
7926354
7925421
7928485
7924587
7920444
7923368
7924716
7926534
7922358
7921146
7924206
7930983
7924233
7937042
7923673
7926614
7921200
7931301
7937090
7921010
7929908
7937535
7929690
7921729
7926517
7923110
7922422
7937803
7921603
7922258
7926054
7926366
7921121
7921901
7927493
7921340
7920428
7922078
7929670
7924219
7921880
7921767
7925560
7925534
7920605
7927929
7920248
7921015
7920121
7928792
7922139
7920664
7926605
7924162
7925235
7920067
7925463
7926757
7920670
7937041
7929964
7921931
7927818
7929804
7924117
7925199
7922753
7920232
7925574
7921630
7929802
7927648
7926768
7927673
7924385
7929200
7928113
7929982
7925710
7927501
7930750
7927084
7925502
7928871
7937539
7920809
7920937
7922976
7927237
7920018
7928561
7920558
7922726
7929935
7926358
7923448
7928531
7930712
7925873
7925449
7926391
7927666
7920502
7930945
7927760
7920711
7923731
7925479
7924784
7930728
7920297
7920511
7931350
7920074
7921223
7924861
7927696
7924197
7926037
7928395
7927365
7924183
7921426
7924523
7921004
7922356
7921937
7921208
7922883
7930804
7927335
7924019
7937182
7920572
7923404
7921881
7921785
7924549
7927842
7925131
7930823
7930667
7927604
7921947
7925285
7926271
7927884
7921681
7923410
7922150
7921671
7929269
7920538
7927329
7928178
7928486
7923563
7925897
7926879
7925340
7925699
7929250
7937028
7925219
7928960
7929292
7937013
7920850
7925609
7929225
7929965
7937261
7926351
7925724
7927736
7926939
7931585
7925385
7928620
7920651
7930319
7924643
7937250
7924636
7920205
7926836
7923734
7922298
7924176
7929927
7921406
7928021
7929896
7922003
7923698
7920854
7922485
7928099
7937702
7926576
7924472
7927350
7920406
7929228
7925673
7921716
7927484
7931306
7937207
7923526
7929494
7928922
7937706
7921444
7925469
7920611
7920422
7928680
7921863
7924178
7929740
7927401
7922355
7937741
7927804
7926103
7927109
7926451
7926035
7926820
7928155
7926254
7928197
7928719
7922051
7926567
7920231
7920049
7926072
7929157
7920137
7926771
7927023
7924153
7928376
7920743
7937036
7928266
7923608
7923774
7924399
7929693
7931001
7927030
7937670
7923630
7924810
7925513
7926438
7926633
7924738
7929728
7921505
7923317
7929921
7930000
7929392
7923609
7928476
7926711
7921683
7920542
7925294
7923219
7931229
7929117
7928140
7921086
7925747
7926806
7929038
7923194
7926313
7924605
7926597
7920316
7929994
7928142
7926867
7929338
7922547
7937857
7927272
7927995
7923437
7926910
7922201
7920285
7937293
7937244
7925397
7922747
7928397
7921983
7920982
7925488
7925073
7937486
7924289
7922931
7923726
7927497
7930835
7924435
7927223
7927887
7925196
7928157
7937934
7923613
7925262
7927820
7928725
7927554
7929840
7929114
7926690
7926951
7924892
7929893
7930920
7929271
7931389
7929460
7925095
7921041
7927316
7920273
7937665
7922262
7922861
7926268
7924105
7923103
7925434
7928498
7926689
7924720
7937562
7923433
7922253
7924136
7927270
7928068
7923618
7925209
7924660
7921133
7929419
7929585
7920698
7928234
7921333
7926648
7928034
7922701
7928765
7925717
7925451
7920863
7923653
7921288
7926533
7929717
7921678
7937298
7924141
7926927
7937701
7923147
7920930
7937030
7923324
7929820
7925414
7928006
7937360
7924300
7927321
7920778
7925771
7926997
7920255
7937202
7921998
7920531
7921658
7937698
7929412
7926565
7925435
7921694
7920521
7925723
7926422
7931405
7937647
7922265
7937100
7922577
7927036
7926562
7921327
7926708
7937652
7924243
7923493
7922598
7928300
7921517
7931303
7920087
7925751
7929956
7921890
7926587
7920767
7921661
7922842
7920200
7927766
7930278
7925685
7930088
7925887
7922601
7920071
7927099
7925592
7925727
7925268
7937065
7930813
7923584
7922287
7921057
7937235
7921124
7926802
7926739
7923100
7920096
7937117
7925894
7926362
7921329
7925665
7920060
7930846
7924326
7928479
7921752
7937612
7928747
7928185
7937102
7928713
7925598
7923367
7929534
7927551
7925022
7930939
7928810
7928537
7920831
7925155
7923301
7926882
7921887
7925703
7929002
7937075
7927539
7921166
7927319
7937732
7927714
7924602
7922092
7921212
7925274
7931256
7921296
7937315
7922030
7931385
7937796
7929814
7923312
7924824
7926393
7928707
7921130
7923442
7922230
7927765
7927578
7926349
7926571
7925912
7920366
7927003
7929322
7926717
7937158
7922812
7929272
7924281
7925762
7928861
7927507
7926527
7920642
7923358
7920939
7937291
7925301
7937490
7927370
7920967
7925797
7920077
7926323
7928698
7924271
7925510
7926466
7926041
7923779
7922621
7921104
7925659
7922515
7927529
7924774
7923265
7937397
7922144
7929242
7937871
7928225
7924835
7925646
7928831
7922038
7921243
7923254
7921159
7924015
7929283
7922561
7920993
7922467
7922211
7922820
7926984
7922175
7921055
7937005
7922338
7923525
7920153
7925533
7937496
7928256
7925230
7927197
7937143
7930004
7929595
7923286
7921448
7927544
7928516
7924127
7922863
7921259
7930402
7925704
7921540
7927513
7922767
7926482
7923661
7925024
7928384
7925886
7921935
7920320
7924205
7922242
7931532
7928096
7920169
7930414
7927322
7923457
7926100
7920479
7930222
7925491
7922237
7921385
7921599
7920340
7922368
7929962
7931241
7922768
7924870
7921084
7927333
7924829
7922440
7931212
7928817
7927224
7930963
7920940
7921185
7925780
7922803
7937114
7928203
7927464
7921652
7923665
7923344
7925782
7921531
7929565
7927938
7930948
7925875
7937116
7929869
7927300
7926760
7922961
7931398
7922892
7927719
7928129
7930158
7921331
7930120
7921508
7921644
7926118
7921582
7920885
7922517
7930868
7920402
7921849
7920524
7929841
7927120
7920834
7928014
7926765
7921451
7937494
7928312
7927767
7926360
7924167
7920131
7925427
7924668
7926956
7937127
7924208
7921315
7937382
7928688
7926101
7937136
7923353
7923766
7929823
7922457
7931535
7920945
7925288
7923777
7928280
7927806
7937088
7921552
7927835
7923797
7926490
7925122
7928918
7927021
7931332
7925720
7930751
7929410
7927790
7923486
7937333
7927407
7928908
7927253
7929327
7923177
7927230
7926906
7928303
7929089
7928463
7923477
7924484
7926465
7930788
7924692
7928727
7927999
7921046
7925602
7926606
7929954
7928932
7928359
7920861
7920757
7929596
7924422
7927770
7926553
7928263
7937101
7927235
7931237
7923643
7927367
7920562
7937724
7922416
7922176
7920525
7922169
7924188
7928358
7927302
7923612
7924218
7920246
7921750
7927797
7928159
7931854
7921523
7930279
7920695
7930400
7931971
7930698
7923305
7928151
7922510
7926016
7921510
7923657
7923443
7921478
7937111
7922231
7925059
7926729
7927841
7925706
7931103
7937193
7928715
7926666
7929478
7927236
7928228
7937710
7921525
7930034
7924538
7937413
7937444
7928886
7925070
7923130
7920401
7926578
7925127
7920002
7931007
7927439
7924462
7922100
7924185
7928007
7924780
7929680
7926286
7923625
7937039
7928760
7927826
7927443
7925047
7923516
7930074
7926338
7927411
7929111
7927608
7920268
7921955
7925415
7928128
7929371
7922210
7924936
7924180
7921466
7925157
7927750
7921455
7928733
7928639
7929698
7927406
7929402
7924112
7927901
7928067
7937248
7926435
7920749
7926321
7928825
7928425
7924591
7922263
7924110
7928434
7937377
7924650
7927040
7924755
7927565
7924512
7920541
7924663
7922989
7924417
7928423
7921446
7937446
7927778
7925154
7923449
7922453
7921812
7924580
7925716
7922300
7929380
7920627
7922267
7920291
7927435
7921969
7924369
7926462
7927349
7922909
7928578
7931951
7921285
7925575
7922813
7925207
7930695
7921231
7925227
7928222
7937811
7920591
7928132
7922354
7927381
7924927
7937280
7926253
7928259
7937676
7923118
7927280
7927462
7923776
7928575
7929330
7924302
7927116
7920383
7922540
7930221
7922382
7926703
7931231
7922297
7922087
7921181
7929809
7930944
7921581
7920499
7929625
7920671
7922650
7937719
7924245
7937032
7922128
7926624
7937797
7925137
7928112
7922790
7926572
7925608
7930966
7928481
7926793
7927063
7922171
7923108
7927201
7920385
7927479
7927745
7921564
7920941
7922841
7927505
7931361
7923420
7927668
7929903
7927488
7927725
7937098
7921632
7925165
7928336
7928746
7925620
7921877
7924426
7921587
7921884
7925999
7923195
7928645
7928641
7927930
7924231
7924292
7925150
7923617
7937644
7937460
7925688
7929374
7925841
7925139
7931111
7928098
7921312
7920673
7924455
7928218
7928813
7924251
7927416
7929044
7921370
7928631
7920286
7927007
7927421
7929843
7927356
7930405
7921962
7922011
7921306
7922815
7923513
7925934
7925563
7926343
7937078
7927720
7925772
7924106
7928937
7922565
7926859
7928634
7929790
7926842
7925049
7920911
7929571
7922259
7928623
7929828
7923824
7920786
7937799
7926712
7921779
7931368
7929171
7928600
7929233
7937952
7925289
7920434
7920564
7925541
7929008
7928444
7923279
7926926
7925854
7926430
7920032
7926640
7921571
7924291
7920206
7926319
7927232
7924579
7922136
7929951
7927515
7937756
7928156
7927871
7925124
7937525
7920326
7929065
7923253
7929135
7928732
7920659
7927692
7924304
7937495
7937602
7925358
7924480
7927888
7920493
7921437
7926056
7924352
7920183
7926992
7927561
7921500
7925334
7925629
7937365
7921354
7927019
7927801
7927848
7925796
7924241
7928321
7926486
7922121
7928618
7923261
7926839
7928383
7930800
7926819
7922756
7920346
7930002
7922711
7937499
7924686
7920951
7928472
7928910
7931276
7926661
7924853
7920735
7928121
7924875
7924155
7920356
7923709
7923664
7923167
7930790
7925445
7925789
7937185
7924166
7923605
7926581
7922015
7920505
7921365
7925546
7923512
7929546
7930341
7922232
7921575
7920626
7920639
7928351
7929007
7925907
7922900
7930343
7924253
7921347
7937217
7920172
7927122
7923151
7928730
7926079
7929696
7927032
7937206
7928380
7920527
7924159
7920686
7930949
7927231
7928845
7921030
7924584
7921755
7928604
7922774
7921324
7926833
7920682
7927309
7927060
7929222
7921095
7925472
7928919
7928047
7923218
7922220
7929215
7926861
7924223
7920921
7926269
7927860
7926057
7921402
7924628
7931601
7922028
7924748
7920956
7937267
7922680
7928073
7929677
7929400
7929413
7930739
7920111
7921568
7921253
7937316
7921544
7929874
7928944
7931293
7920780
7926310
7923299
7925261
7923124
7920732
7927753
7921559
7923601
7929771
7920217
7921936
7937181
7922999
7925237
7925965
7926419
7937386
7920431
7928802
7925302
7925833
7922462
7925848
7923125
7921074
7928965
7925590
7920818
7931211
7937572
7925215
7924775
7921578
7920969
7926779
7921756
7937451
7921795
7930914
7929431
7921155
7920299
7921751
7924613
7920072
7923320
7928697
7920348
7921655
7929329
7922474
7926088
7922537
7923217
7928915
7937276
7922516
7926816
7926702
7927671
7924751
7925263
7926529
7924802
7921105
7921394
7922818
7925413
7926901
7929045
7924893
7926626
7921323
7927973
7927802
7931370
7925988
7927004
7920417
7929373
7928980
7925939
7928823
7921707
7925660
