7901703
7952626
7953498
7953661
7902811
7950383
7902861
7901739
7953792
7908018
7951984
7968665
7932859
7950435
7951205
7953751
7938147
7952872
7967938
7904482
7950058
7953777
7953725
7902998
7952086
7938792
7965937
7902637
7951914
7952245
7966195
7904662
7901907
7951893
7950768
7901531
7953902
7908083
7900391
7965243
7953497
7967592
7908714
7933336
7902325
7965710
7908332
7950133
7965627
7952070
7968550
7932324
7908148
7908106
7902692
7953327
7900638
7952002
7951355
7967916
7908465
7933332
7968380
7950516
7951180
7904473
7953763
7953975
7952515
7968126
7952765
7967230
7965863
7952716
7952950
7951453
7902178
7951908
7904976
7950718
7965135
7968852
7902356
7965226
7902482
7952237
7951254
7908905
7965871
7908776
7938140
7901741
7900623
7901523
7965857
7968069
7904757
7953311
7953407
7908519
7965787
7902498
7951693
7902816
7908992
7952239
7952560
7989789
7950800
7952066
7902922
7953972
7932303
7904000
7902264
7933442
7989864
7952168
7904484
7908585
7951722
7952734
7950140
7952443
7902092
7968782
7902822
7951134
7951969
7938168
7989631
7952913
7938157
7950970
7908250
7908864
7951162
7968898
7934444
7966729
7938035
7950193
7904790
7989272
7953414
7953999
7951003
7989955
7951518
7951753
7968065
7965093
7901519
7900537
7968779
7951606
7938488
7902366
7901516
7952606
7952202
7902895
7908753
7933000
7965545
7950707
7952453
7902666
7902815
7967651
7932308
7953452
7902409
7968672
7902807
7900626
7932854
7901522
7932013
7952887
7904038
7951634
7953467
7902762
7951579
7968356
7900261
7904346
7900241
7938522
7953136
7908202
7952817
7908700
7904250
7952806
7908995
7967183
7904658
7989835
7902237
7950559
7900079
7904759
7958673
7989674
7901427
7938504
7952275
7965674
7908656
7933300
7904082
7950798
7953602
7902197
7952383
7967976
7965400
7958178
7950094
7951464
7953005
7951819
7952125
7965164
7950785
7902920
7952302
7900662
7965873
7908056
7902694
7951265
7904840
7951109
7952290
7966123
7902005
7952415
7904750
7900307
7951015
7901710
7952203
7968494
7967877
7951937
7902724
7938523
7900473
7952198
7908291
7904850
7968887
7904372
7952629
7901632
7967351
7952396
7953901
7968656
7989167
7952419
7968278
7967600
7968861
7950099
7902729
7965539
7908772
7950149
7904727
7952740
7902277
7951526
7902970
7951452
7904091
7902945
7932530
7901585
7938144
7967126
7908717
7989716
7968907
7900969
7951521
7900355
7952406
7966260
7902175
7938027
7904333
7901598
7904524
7952105
7969719
7904804
7904494
7901193
7952403
7908294
7989928
7932533
7932054
7950478
7968496
7952914
7989441
7965844
7965118
7953967
7951130
7904839
7934476
7951362
7902761
7900694
7953364
7965896
7950186
7968731
7908178
7968708
7969675
7901678
7968518
7939373
7900013
7953359
7908990
7938022
7902845
7965622
7951827
7902686
7908442
7953789
7902538
7951540
7908907
7904513
7953805
7966197
7901735
7953117
7904597
7950041
7908128
7952119
7932614
7900137
7967310
7904844
7953070
7965262
7900644
7967874
7901058
7932609
7968165
7953781
7951487
7904969
7952414
7908574
7951198
7965830
7968362
7902275
7953596
7989516
7989035
7952738
7965498
7901675
7951351
7901084
7967662
7908235
7938544
7953505
7932557
7953772
7951703
7968543
7952295
7965768
7953686
7908617
7950702
7989890
7900993
7989518
7901720
7951119
7953903
7908815
7908697
7950835
7951993
7900124
7902163
7965006
7900131
7902246
7908153
7953250
7952807
7950254
7900628
7953106
7968998
7901208
7953307
7950379
7989264
7965165
7952437
7965629
7968524
7968688
7965004
7904425
7968711
7952355
7902436
7938700
7900661
7900277
7951002
7965044
7904646
7950751
7901666
7952492
7932121
7904656
7908631
7951694
7901670
7951299
7904686
7968087
7901451
7908180
7953231
7902938
7908174
7952948
7932251
7904875
7902225
7950748
7952845
7953854
7952999
7950345
7965144
7938017
7958545
7953904
7952393
7938889
7952699
7952153
7951421
7967353
7968492
7965668
7953795
7939782
7901654
7901949
7908738
7989615
7951925
7901088
7950180
7989288
7969723
7904249
7902718
7953889
7953187
7950130
7967573
7904816
7968520
7953000
7950267
7939311
7953704
7908205
7965343
7965380
7951659
7950339
7904778
7953020
7950132
7900505
7908965
7902800
7938156
7932601
7953774
7968738
7967418
7900429
7952279
7901674
7952993
7965581
7965783
7952261
7965373
7968642
7908323
7939314
7902403
7951037
7901439
7952301
7950376
7901019
7951709
7904593
7965671
7953923
7904382
7966293
7951313
7965013
7904935
7967312
7965040
7938525
7938996
7900691
7968454
7953010
7901579
7952176
7908930
7901081
7902708
7953403
7951643
7904936
7902422
7950592
7950512
7908784
7900075
7908638
7902512
7953036
7950953
7958675
7958154
7951170
7953642
7908081
7901279
7967131
7951341
7965416
7951639
7952192
7908006
7951702
7952535
7904959
7952519
7932472
7967273
7965065
7951966
7952399
7939338
7968014
7900595
7952572
7950343
7951258
7908275
7967635
7951273
7900366
7902999
7951160
7904383
7952240
7953355
7904004
7989475
7908058
7950711
7965948
7953072
7902098
7902525
7953315
7950398
7953239
7951970
7950824
7951434
7951510
7951767
7904486
7951911
7950282
7938472
7952730
7989617
7900418
7950683
7932119
7953395
7901822
7952398
7966192
7900089
7958819
7950255
7908242
7989875
7938003
7966140
7951958
7901756
7950729
7900021
7900121
7967779
7967127
7950253
7950260
7989839
7967555
7958168
7900070
7953055
7936510
7904242
7900350
7951543
7952942
7908536
7902301
7953801
7900120
7908694
7938082
7968068
7904446
7900090
7938417
7904375
7902616
7966179
7938423
7965456
7953418
7932414
7952712
7966138
7902879
7900134
7968114
7902608
7965509
7966375
7908706
7952069
7951545
7967425
7951322
7952080
7901701
7908715
7967152
7904349
7968386
7967489
7953383
7900457
7902612
7908272
7966343
7908885
7952343
7933335
7951356
7952381
7904377
7908453
7951039
7953898
7966174
7952952
7951879
7952985
7953530
7950954
7953425
7908501
7951890
7989260
7951573
7967218
7968714
7900037
7933310
7900093
7968339
7951395
7950661
7966352
7902731
7953932
7968514
7950557
7969676
7902430
7989771
7950474
7966066
7950145
7900225
7950420
7900968
7967261
7904437
7900624
7965505
7902055
7902491
7901342
7950277
7901135
7904545
7932840
7989494
7953832
7902994
7953082
7902454
7908981
7989658
7951324
7952099
7950449
7989921
7902569
7968300
7951227
7965818
7901693
7902221
7968573
7902971
7952951
7901805
7952440
7989802
7989703
7967645
7908734
7950224
7901512
7953974
7908795
7953464
7950606
7908506
7967720
7968080
7951794
7904847
7968404
7908678
7938780
7968522
7904394
7965554
7952811
7952187
7967196
7902171
7951735
7967187
7965625
7901766
7900946
7904143
7969109
7989445
7900606
7904592
7968100
7965402
7900518
7900238
7908644
7966194
7968512
7900227
7966376
7908933
7953367
7968430
7904557
7908241
7953620
7952164
7951548
7908622
7902772
7908707
7969611
7952233
7902554
7965113
7908788
7901631
7967208
7951384
7968752
7968690
7951204
7902621
7968402
7951429
7953150
7989800
7904359
7966139
7966766
7950423
7951153
7952701
7989177
7902839
7938520
7902105
7967338
7904159
7908342
7968137
7932256
7953612
7952482
7989453
7904085
7904264
7969100
7908619
7950409
7904770
7904463
7950311
7953135
7968467
7951357
7968921
7952018
7952201
7965096
7938102
7904932
7952874
7900359
7904553
7967216
7951936
7908050
7901705
7952092
7965786
7950682
7901546
7902962
7953242
7950039
7968471
7904793
7951056
7967284
7950655
7989702
7968692
7950662
7952909
7902586
7904931
7951222
7967699
7953943
7938518
7900127
7989287
7902544
7904355
7952501
7950325
7952794
7952304
7904408
7965711
7952214
7950350
7901594
7952628
7901852
7904385
7953390
7938878
7950809
7989472
7968260
7902377
7904228
7989976
7965848
7952869
7965385
7951029
7953527
7952346
7968722
7902801
7965309
7953670
7952847
7904140
7952378
7953700
7966339
7951404
7939341
7953968
7966747
7904893
7901556
7965197
7950023
7900197
7904663
7951165
7950771
7900566
7953243
7989988
7965729
7951201
7932098
7953702
7951032
7952743
7951795
7902933
7969291
7953089
7908039
7902893
7952404
7938863
7966070
7901850
7989197
7950626
7902934
7989654
7902343
7904654
7952860
7952761
7908979
7950438
7953227
7900489
7953188
7904892
7969022
7967619
7951252
7952548
7950561
7908199
7967681
7951519
7967399
7967981
7968884
7966285
7904136
7904444
7953738
7989458
7904026
7968882
7939753
7908158
7908652
7965016
7908991
7967606
7952298
7950120
7953950
7968397
7902511
7953007
7908970
7902582
7902147
7953636
7938529
7953324
7901348
7952916
7952077
7901760
7951080
7900954
7901338
7951084
7908955
7950463
7901520
7951332
7902758
7965660
7904852
7951176
7951459
7900081
7952587
7904274
7965610
7965728
7908054
7902768
7904305
7989785
7958392
7900679
7966052
7965450
7967106
7904341
7902705
7951747
7953651
7953234
7968485
7951615
7967712
7932844
7965081
7968728
7950983
7950989
7953078
7908836
7951609
7950294
7952041
7952906
7951000
7902827
7967500
7900902
7965310
7902698
7901177
7908254
7967419
7900229
7966755
7967321
7989950
7951673
7902784
7904499
7901485
7952313
7950091
7950020
7908787
7902989
7908589
7900302
7968715
7904786
7968047
7968971
7908890
7967247
7904945
7952867
7950141
7908099
7951772
7951775
7967716
7989926
7967789
7938521
7968433
7900519
7967227
7953658
7901101
7953205
7952254
7900252
7902790
7902789
7902911
7968641
7951213
7968417
7902674
7953564
7953782
7904150
7953248
7965518
7904923
7902956
7953797
7989521
7902307
7908921
7908860
7900100
7904462
7902269
7950823
7901170
7950631
7969823
7958153
7965449
7904025
7951261
7908835
7952988
7953316
7952425
7904629
7908874
7950767
7967941
7950493
7951497
7952142
7900689
7952423
7953611
7968746
7965765
7951719
7904980
7902259
7901689
7969760
7951389
7968464
7950481
7958183
7968326
7950175
7950540
7958654
7968806
7904194
7902421
7908550
7900266
7953040
7901464
7902754
7908210
7901281
7950926
7965828
7902211
7902650
7938020
7967900
7939317
7953191
7950179
7904320
7939786
7908031
7953811
7904337
7932116
7953858
7939307
7969700
7904640
7989227
7938513
7938532
7938100
7902446
7904088
7900996
7902496
7950166
7952636
7901783
7952320
7938436
7900933
7953835
7908008
7950200
7989279
7952364
7968182
7951249
7904338
7900375
7901119
7952303
7967539
7902830
7950720
7932605
7908092
7904890
7989897
7904169
7938430
7951414
7950499
7967939
7951311
7989713
7951553
7989670
7901479
7953723
7900607
7968071
7902380
7904352
7939368
7901408
7904609
7904608
7951532
7953761
7932300
7901811
7968564
7904688
7951496
7908143
7965737
7953482
7966304
7938101
7901715
7904637
7968465
7904239
7950762
7967085
7951016
7953538
7901369
7908290
7958283
7900999
7902021
7967046
7989170
7952859
7902274
7965186
7902578
7951155
7904447
7938991
7951875
7953031
7968401
7900270
7904180
7950330
7904958
7900054
7900579
7968720
7901515
7951513
7902834
7951679
7950593
7951474
7989519
7950590
7989665
7953828
7901196
7904246
7951877
7904865
7965301
7952912
7953160
7967108
7953357
7965894
7966284
7902107
7904243
7904335
7950161
7902102
7953750
7965188
7908733
7953410
7904820
7967040
7904289
7900086
7952359
7989657
7989087
7967101
7908480
7950752
7965233
7938500
7950585
7938512
7951699
7901640
7908247
7951233
7951307
7908737
7904208
7908556
7951120
7969084
7953365
7989247
7968097
7953303
7904767
7989300
7952322
7989989
7989836
7952923
7965915
7965583
7951317
7967327
7952131
7969644
7901315
7969010
7952933
7904991
7967777
7968679
7902426
7950026
7950916
7951517
7900951
7952520
7951851
7901682
7966025
7901500
7953252
7950796
7951444
7965252
7932841
7901350
7902923
7908701
7900136
7989806
7968756
7968156
7908187
7966353
7951978
7966069
7938131
7902398
7904895
7989974
7901446
7965635
7965293
7950314
7908597
7965938
7950618
7989755
7902581
7989862
7965727
7953733
7952058
7901530
7902972
7952488
7989907
7900334
7968221
7951369
7968661
7989857
7901737
7939362
7951832
7966305
7951850
7950377
7967933
7952901
7902257
7904314
7950647
7908783
7989249
7902495
7952634
7950737
7952022
7969651
7900416
7951365
7968674
7965702
7901093
7950694
7901743
7951782
7904889
7989633
7908105
7953304
7953582
7902095
7939742
7950674
7952596
7967041
7965827
7952117
7951561
7939397
7901206
7967067
7952609
7953402
7902918
7965989
7967758
7953933
7950177
7951787
7904400
7951847
7908239
7952146
7900484
7967329
7950208
7901568
7904904
7904981
7966186
7908915
7904199
7958173
7950084
7968076
7966102
7967963
7952769
7932425
7908167
7953979
7953034
7965602
7953784
7900522
7958192
7953399
7950968
7968515
7900077
7953542
7908964
7938127
7953047
7953712
7989282
7968519
7989812
7951619
7902455
7968826
7965349
7900024
7953173
7908980
7902516
7950408
7950605
7951057
7966040
7938148
7952490
7951224
7967912
7900232
7938902
7951127
7968705
7950288
7952654
7900234
7938000
7938990
7900049
7952616
7965191
7952836
7908546
7967508
7902159
7950233
7901181
7965771
7932114
7904964
7902902
7968864
7952991
7951301
7969763
7900936
7951523
7952172
7950305
7902342
7967099
7908440
7967512
7952576
7967136
7968407
7951372
7953824
7952962
7953444
7969272
7950062
7953674
7952918
7958546
7951864
7901178
7952771
7953254
7950072
7908780
7967381
7953625
7908912
7904653
7958567
7908324
7953270
7901340
7904300
7908720
7938153
7908475
7952149
7965714
7968168
7908557
7965007
7900305
7989834
7965396
7968916
7953139
7950795
7965983
7950845
7902900
7952181
7900016
7953004
7989742
7950390
7953283
7952379
7902006
7951981
7908023
7904652
7966363
7951174
7908035
7953347
7902852
7953800
7902979
7953729
7900361
7902929
7951657
7900462
7968933
7968437
7900073
7952483
7989283
7952571
7967387
7952513
7939737
7904982
7952939
7900097
7968751
7989718
7968365
7951873
7932091
7900981
7965155
7966764
7904057
7932120
7902605
7908343
7966322
7951611
7969347
7932255
7965291
7932435
7900646
7952838
7950417
7900260
7904269
7908801
7900043
7952899
7952679
7904022
7908179
7951831
7967134
7901655
7953563
7966329
7908960
7950727
7950541
7965398
7901277
7953098
7902765
7900092
7908920
7901240
7967825
7967593
7967949
7989465
7989808
7965503
7952342
7950591
7965474
7934665
7902640
7908125
7904712
7953126
7950108
7952206
7950858
7952463
7904213
7951807
7965466
7953346
7900664
7904921
7968700
7950178
7902266
7967910
7904751
7965969
7965936
7950504
7953310
7966094
7908818
7952391
7967652
7951137
7932331
7989760
7989811
7904690
7950719
7932438
7939007
7953918
7967744
7953301
7900284
7902783
7958399
7952111
7951830
7952485
7951401
7953148
7902611
7908219
7901452
7952980
7950693
7904407
7938495
7953229
7901995
7908145
7904053
7958200
7951072
7938891
7951839
7953030
7965587
7939775
7900328
7904615
7951681
7967791
7904762
7908511
7966302
7900048
7966224
7952770
7938997
7952489
7950705
7938476
7901259
7938161
7901303
7908141
7967217
7950319
7902522
7950466
7951817
7950620
7900237
7953442
7904052
7989131
7902244
7965605
7952130
7953867
7901950
7901534
7951596
7967866
7989091
7901767
7952056
7904224
7901419
7952878
7952885
7953850
7967137
7902777
7965975
7951716
7908470
7904477
7953006
7953001
7951578
7902996
7965962
7953275
7952265
7951983
7932427
7950891
7965953
7932052
7953786
7904825
7901175
7952224
7900130
7901685
7989919
7951823
7902658
7904536
7953125
7969973
7901171
7989178
7958632
7966017
7901179
7968196
7967717
7951929
7939743
7902515
7902906
7951210
7950571
7902976
7902623
7902737
7952728
7951754
7901172
7901687
7933666
7966031
7901716
7933311
7952816
7967371
7953694
7965323
7953328
7939393
7952274
7950698
7951797
7965394
7900622
7958853
7904193
7953111
7902419
7908017
7953523
7908317
7900372
7989528
7950128
7951921
7965454
7938106
7952733
7939367
7904357
7904509
7939313
7900014
7965001
7965490
7989959
7965342
7950136
7908259
7989766
7965269
7938868
7951021
7908338
7950987
7938478
7968982
7952344
7904178
7950854
7950951
7900327
7901444
7968595
7965161
7968956
7900938
7967833
7904559
7951270
7938133
7952106
7952183
7952220
7952017
7908220
7951901
7902135
7968337
7965258
7932253
7951898
7902567
7952001
7967553
7989876
7967714
7952021
7950321
7952790
7902986
7908196
7969228
7908586
7953443
7989471
7950802
7953778
7901008
7951410
7950225
7965082
7908274
7908903
7953480
7950994
7951525
7902149
7967474
7950293
7902267
7908244
7951802
7953202
7967423
7900572
7904292
7951321
7953671
7938351
7951091
7904271
7952182
7989908
7932129
7938113
7952300
7904960
7950855
7950195
7950773
7951560
7989463
7965424
7902983
7951367
7952223
7952650
7950045
7908269
7950337
7953934
7904283
7904423
7965353
7967231
7902545
7951774
7932544
7904450
7951148
7908129
7958684
7967735
7904062
7965495
7965338
7950665
7902381
7902385
7951635
7989773
7902191
7965808
7904544
7901009
7968795
7900122
7965123
7904610
7908100
7951577
7902166
7952524
7950395
7953766
7950794
7958800
7904214
7965282
7904777
7900082
7950434
7904103
7968557
7965049
7989712
7900298
7968928
7933931
7900549
7968381
7904260
7953493
7958824
7900964
7902562
7951707
7953829
7902050
7968542
7900696
7938534
7969114
7951691
7953086
7951272
7952664
7952841
7950692
7908670
7950696
7965824
7958629
7904572
7900688
7902941
7951870
7968868
7968444
7932845
7950467
7901759
7965778
7950381
7951456
7933904
7953196
7952987
7965643
7952793
7951431
7908516
7939300
7968396
7901793
7968377
7965379
7968876
7900598
7968378
7932426
7950676
7932332
7953285
7950830
7953189
7951193
7902124
7902955
7900035
7900271
7901711
7951493
7908312
7966115
7965447
7968713
7950484
7904392
7938146
7904555
7967473
7900306
7939335
7967283
7902127
7902128
7953251
7900590
7908203
7950995
7902518
7908600
7951687
7989810
7902766
7908044
7908231
7951478
7952462
7902151
7950562
7908581
7951835
7932010
7908599
7900496
7966012
7952652
7951892
7965884
7938158
7908238
7932443
7969197
7950960
7958828
7908595
7938910
7939388
7950003
7908976
7958832
7969622
7908640
7951550
7953793
7968949
7969972
7950138
7908377
7968075
7951755
7965788
7953325
7902357
7968601
7950458
7953237
7904776
7953769
7904949
7953042
7902919
7902931
7901210
7965646
7900684
7950280
7953080
7902957
7904272
7950733
7951616
7939315
7966063
7965198
7900918
7953268
7950654
7902810
7953859
7989501
7967952
7966099
7908030
7908668
7904699
7966101
7908966
7901337
7900654
7902912
7901470
7901454
7952047
7965132
7951670
7950451
7938448
7901590
7904066
7900632
7968763
7901723
7950139
7904625
7950285
7904221
7902212
7908282
7950227
7904983
7965743
7950394
7904257
7951086
7908773
7953161
7989788
7966053
7904200
7968910
7967863
7953211
7908647
7904127
7966306
7953743
7901691
7965133
7900947
7908328
7901150
7952362
7953340
7969656
7952365
7900584
7967481
7901937
7966502
7904693
7908262
7967463
7900060
7968493
7932400
7965548
7969031
7951419
7900906
7902170
7951846
7902268
7967401
7951101
7902641
7953087
7904917
7989671
7904956
7951469
7908927
7950388
7952710
7950064
7968181
7908509
7965010
7900600
7904498
7968012
7902300
7904028
7904843
7969089
7952451
7968592
7904144
7950013
7967672
7904332
7908809
7908279
7967139
7900116
7966666
7952065
7932420
7900596
7904113
7951886
7967530
7908654
7953472
7932417
7967987
7950667
7938111
7951818
7908512
7952565
7900363
7966282
7967864
7953969
7938989
7938466
7904611
7967954
7904501
7965988
7904940
7950510
7933337
7902763
7908728
7952048
7953953
7901549
7967379
7902967
7952093
7938992
7953626
7902947
7908306
7953108
7900325
7933322
7904485
7950689
7904460
7989527
7900297
7950019
7901733
7901734
7950347
7951131
7989774
7908808
7952161
7904063
7989143
7901431
7904846
7968089
7950861
7950044
7965089
7952045
7950137
7953955
7952854
7950740
7968604
7968650
7900386
7951279
7965234
7901505
7965029
7902205
7902075
7989286
7951189
7951757
7934443
7952792
7952558
7938143
7952883
7953646
7951345
7900031
7904789
7965328
7950852
7968716
7951152
7951416
7950613
7967538
7904351
7965601
7938666
7950587
7902690
7953380
7968747
7904253
7952666
7951352
7967075
7904436
7968605
7989953
7900647
7904168
7953192
7904891
7950623
7908200
7965185
7950296
7952621
7969018
7902199
7953181
7904184
7902626
7950827
7967133
7952349
7952277
7939319
7902272
7958649
7966062
7953966
7967154
7951520
7966769
7904019
7902067
7902876
7952115
7967086
7989829
7965758
7950349
7901906
7953521
7908484
7967049
7902628
7950745
7902960
7908038
7965609
7952731
7904389
7938864
7902078
7901349
7901750
7967726
7902389
7904047
7967665
7950877
7989130
7932848
7953629
7967457
7951405
7967969
7952306
7968373
7952958
7968223
7900482
7908853
7967368
7950975
7953028
7953976
7967393
7932336
7938338
7951584
7950181
7953336
7967571
7968500
7900283
7967221
7939705
7952947
7951927
7965917
7966770
7908702
7904083
7908057
7900415
7900550
7908893
7967599
7967722
7951229
7901345
7902009
7952525
7965311
7967155
7908985
7902644
7902958
7900529
7908303
7951571
7932019
7938166
7900431
7902304
7953939
7908931
7989775
7938508
7951006
7950486
7951641
7900544
7908692
7901699
7908665
7900989
7952992
7953727
7908878
7953193
7953109
7932313
7965020
7965287
7952510
7938906
7965026
7908531
7953319
7908924
7952071
7951964
7900676
7968449
7968508
7951951
7904492
7902851
7950160
7967006
7902882
7967309
7950658
7952155
7932123
7950527
7908302
7902631
7967224
7958189
7968477
7967919
7901801
7965961
7953240
7904226
7900983
7952873
7908107
7951991
7952139
7904152
7950411
7967772
7989780
7902144
7951946
7904883
7902590
7951230
7950760
7904667
7989656
7967172
7953415
7950636
7901529
7902193
7904668
7965294
7902367
7950893
7989659
7953711
7951104
7965356
7902752
7989237
7900521
7934661
7902753
7953635
7950329
7953023
7966037
7904856
7952421
7950634
7989619
7952332
7904318
7950496
7953614
7932625
7951128
7908007
7950221
7965542
7966346
7953018
7967410
7953601
7901894
7968899
7901299
7901195
7950971
7902734
7900459
7967181
7908873
7902125
7908104
7904669
7901788
7953504
7953132
7953656
7967420
7968639
7952959
7953986
7951682
7968765
7904046
7932603
7965245
7967617
7951746
7953699
7989236
7965530
7953649
7967219
7952329
7950815
7904710
7953532
7950431
7967316
7938531
7968849
7952368
7908171
7908161
7908078
7908156
7967184
7953501
7951810
7966288
7966720
7939364
7952594
7989722
7904339
7938912
7953539
7902558
7932320
7908273
7901426
7902156
7965967
7908085
7965241
7908828
7968525
7900300
7989039
7966335
7965767
7951377
7950820
7901173
7953947
7969714
7952143
7950919
7967161
7952660
7965900
7908732
7950849
7908601
7950664
7908406
7950119
7953891
7904084
7900547
7938869
7953690
7953535
7951905
7901508
7904328
7967792
7950106
7938900
7900467
7908682
7939347
7900929
7965574
7904649
7953809
7951302
7904802
7951467
7950860
7989720
7950793
7901688
7908070
7989517
7950199
7953960
7951865
7902604
7901787
7908076
7902333
7951274
7953440
7989276
7904678
7904857
7904823
7952891
7953272
7950819
7904210
7967795
7902390
7951318
7952911
7939715
7904612
7901051
7967163
7951089
7965461
7953559
7908139
7908510
7967015
7951740
7952401
7939391
7965919
7938984
7958199
7989293
7950863
7965700
7953597
7902804
7938800
7952472
7902670
7966342
7908499
7908540
7965299
7938005
7989923
7932232
7938001
7902549
7901671
7952603
7968906
7902897
7932322
7951858
7966713
7900972
7950416
7938036
7966741
7902936
7902134
7900979
7904618
7902921
7950607
7902629
7904395
7904913
7967834
7989242
7967147
7952521
7908937
7989483
7952204
7900066
7901414
7952386
7953871
7904315
7902475
7904726
7904381
7951068
7951684
7952250
7953506
7953069
7901575
7966076
7902435
7967390
7968463
7938993
7902233
7967143
7932411
7902001
7953166
7902552
7938484
7904378
7952128
7904855
7904898
7952549
7951257
7953262
7900308
7902949
7938505
7900463
7965957
7939380
7908704
7951826
7902888
7989244
7951387
7953424
7952263
7904919
7952782
7953046
7904112
7952553
7952046
7968392
7938445
7952917
7968046
7950203
7938152
7950344
7965669
7951551
7989508
7953707
7932554
7965486
7950678
7900955
7969213
7953775
7902571
7904818
7951906
7965406
7951860
7902767
7951674
7908028
7989770
7967472
7989904
7904497
7950010
7904010
7968855
7901258
7902053
7967319
7902561
7902184
7953917
7989653
7908925
7932127
7902060
7902310
7965661
7938986
7901593
7900219
7952043
7901690
7953949
7952124
7967453
7904573
7952543
7968710
7908069
7950217
7953989
7953549
7900335
7902261
7901194
7950779
7904433
7950535
7953689
7908548
7965012
7989142
7958182
7950640
7951269
7958149
7953003
7904267
7904397
7904342
7950437
7938416
7900287
7953207
7989263
7900333
7965084
7965417
7901576
7968647
7953154
7908090
7965637
7938913
7952337
7953129
7902418
7967448
7968394
7901176
7953610
7967376
7938551
7950704
7951602
7969747
7953052
7952789
7965283
7953167
7989833
7901986
7901054
7900247
7904454
7938524
7967851
7951340
7952940
7904343
7901725
7908209
7968666
7966084
7904986
7953958
7969778
7953884
7951124
7900102
7901131
7965222
7900920
7900963
7901341
7951100
7904327
7952632
7965023
7952293
7938883
7958240
7958562
7989813
7908723
7967194
7953509
7951828
7950453
7953332
7908718
7904027
7953147
7953428
7900015
7902172
7939787
7952004
7950028
7953598
7967449
7965419
7951888
7967331
7902200
7967370
7968600
7953894
7965976
7951751
7902245
7952755
7939331
7989767
7939309
7952112
7952118
7953875
7952898
7951603
7908983
7965693
7902278
7908580
7953153
7952837
7932553
7967236
7900263
7904922
7953199
7901645
7939383
7965355
7951418
7904218
7900336
7902046
7902854
7908579
7952744
7951177
7952736
7952235
7951051
7950116
7965963
7904903
7901442
7932060
7966727
7952964
7958847
7965580
7901507
7901482
7900365
7951783
7966125
7958568
7908204
7908181
7901747
7904754
7900533
7965908
7952785
7900427
7966280
7939318
7900310
7950304
7951614
7950914
7952711
7900543
7904439
7950492
7953338
7950792
7951169
7902645
7901717
7951103
7967088
7953445
7951648
7965823
7908285
7965257
7951721
7966704
7967009
7969113
7968488
7902503
7951768
7908810
7951347
7933999
7938457
7966275
7901753
7967509
7950057
7904174
7908833
7965183
7951276
7967740
7950144
7904308
7904149
7968517
7950263
7908575
7901782
7951805
7952871
7950247
7989532
7904037
7904628
7902181
7936555
7951705
7952104
7951923
7908583
7904920
7950051
7902785
7953060
7900275
7904874
7904834
7900491
7953256
7967177
7908797
7951390
7902255
7900059
7989832
7953965
7904871
7908494
7904832
7968155
7938409
7901560
7933328
7989526
7951406
7950724
7904192
7938431
7958166
7902311
7950743
7965687
7989246
7953742
7904810
7904813
7967663
7968962
7904683
7953561
7904761
7950848
7965586
7951184
7902296
7965511
7953484
7904441
7951881
7966728
7950112
7951136
7950791
7965232
7969037
7904944
7904908
7904859
7965599
7950837
7908943
7951315
7953104
7989920
7904517
7989281
7968596
7968017
7989724
7951188
7908103
7900265
7953788
7989782
7989803
7953081
7902695
7950258
7951243
7901368
7951095
7904452
7950095
7902027
7989668
7967366
7950234
7965302
7950174
7908666
7965095
7967918
7969284
7950415
7967413
7989990
7950952
7969777
7904241
7952861
7968272
7904831
7902557
7908276
7904583
7965984
7966701
7904973
7900435
7902954
7904535
7951027
7902173
7901435
7966744
7952102
7967093
7950315
7965829
7952129
7958645
7953594
7965330
7950049
7952724
7967117
7908691
7900488
7952691
7952998
7901586
7904515
7950617
7932111
7952585
7950764
7901513
7968432
7951308
7902619
7902792
7952006
7952382
7968867
7958247
7933930
7953045
7951626
7967430
7908003
7965521
7967240
7966771
7952296
7953128
7950262
7968139
7952763
7938403
7967233
7952312
7950134
7904403
7951749
7902510
7951488
7951647
7951926
7953408
7902691
7968210
7904459
7950635
7950990
7952563
7967213
7951427
7908175
7968645
7900394
7904379
7950352
7932865
7953734
7939301
7904977
7965966
7965792
7908857
7968435
7951736
7953114
7965752
7901853
7966300
7950998
7967624
7950598
7901664
7904163
7951638
7900098
7953677
7950560
7950433
7952060
7900346
7950442
7965322
7938651
7901795
7951685
7904438
7904254
7967145
7908288
7965527
7900985
7951486
7951442
7952039
7951954
7967346
7904858
7951624
7904487
7908215
7952356
7951471
7989212
7904245
7904775
7969087
7950289
7902194
7951061
7953779
7908542
7900246
7901044
7908570
7902821
7950190
7908009
7900556
7904275
7902365
7900354
7951075
7953748
7953375
7953247
7966086
7904097
7901858
7950755
7939703
7950272
7953765
7950721
7902618
7932423
7900028
7953580
7953400
7951262
7908492
7950715
7952241
7951752
7950501
7953963
7965489
7950742
7965254
7950985
7952282
7965453
7900318
7902040
7953174
7966387
7939712
7908108
7951327
7901383
7968737
7904872
7904578
7950472
7967653
7965632
7950276
7952676
7965244
7950287
7901433
7953322
7969804
7900648
7939375
7953619
7966366
7901381
7953634
7968733
7901785
7958657
7904259
7965441
7967286
7901608
7953927
7965797
7953456
7951784
7950817
7902726
7904096
7989274
7900405
7966388
7904826
7904370
7904483
7965459
7908133
7902818
7952170
7904093
7968701
7951447
7953489
7908770
7967774
7939365
7934668
7965751
7951724
7901749
7950759
7902744
7901774
7908523
7900904
7953430
7904176
7952273
7965203
7965146
7900023
7950622
7952215
7908606
7951725
7904507
7952412
7904195
7950183
7950450
7902103
7958635
7901658
7969650
7968929
7966097
7952390
7952735
7939345
7953862
7966270
7904715
7902678
7900244
7900352
7901888
7932849
7968153
7902441
7967447
7952518
7901429
7968357
7965180
7967470
7901030
7904281
7901034
7908165
7939312
7965300
7965777
7966087
7953465
7951192
7908281
7952714
7953609
7965425
7968277
7951672
7951933
7951455
7951129
7950491
7953613
7902521
7967229
7901257
7952448
7989858
7951161
7938114
7958391
7904282
7902413
7950185
7967193
7952772
7952289
7965504
7950641
7904491
7938007
7939724
7952773
7908594
7908075
7951113
7950007
7965796
7952892
7951930
7950444
7953922
7958267
7908240
7989865
7951586
7908910
7989460
7951919
7939304
7953687
7965577
7953653
7901781
7969658
7902306
7965304
7953616
7952527
7967054
7952234
7967140
7904543
7989746
7965633
7951582
7968808
7951941
7901209
7936600
7902610
7967358
7904990
7951495
7908046
7989245
7966331
7900367
7967756
7989830
7989732
7908792
7950088
7908618
7968812
7951960
7932531
7904974
7967179
7904036
7902474
7900342
7953961
7953525
7989877
7938893
7951994
7965618
7968858
7908504
7968687
7968468
7965140
7965508
7939374
7965536
7951374
7904794
7904334
7951637
7938010
7989869
7938121
7965017
7904007
7952238
7968750
7953945
7950576
7989614
7952945
7967272
7967003
7968985
7904719
7950475
7904324
7953013
7953436
7904862
7968612
7904034
7952924
7953926
7951494
7952812
7953936
7950925
7952068
7902485
7951656
7952067
7902959
7967121
7938527
7904191
7901005
7951028
7900578
7951457
7908596
7952427
7932545
7968004
7951023
7950974
7950441
7950959
7902501
7952452
7904589
7953149
7968136
7902442
7904132
7967044
7902833
7904842
7965488
7901696
7904330
7989892
7953817
7952777
7969287
7953065
7908934
7900433
7908614
7951062
7952325
7951792
7901657
7958844
7965053
7900480
7908764
7953133
7951803
7953558
7953363
7950312
7900390
7900935
7965238
7965986
7904118
7953605
7904279
7902047
7902143
7901807
7900029
7900545
7967977
7939794
7965549
7900278
7902946
7908993
7900660
7900132
7953794
7950406
7953553
7968061
7938998
7967911
7952491
7901102
7908115
7938908
7989446
7967339
7965918
7908553
7908642
7952454
7952280
7989239
7950159
7969042
7953138
7902465
7950511
7953183
7932402
7965996
7968668
7900620
7950578
7902028
7953176
7950309
7950440
7904691
7950471
7965716
7952444
7967971
7965500
7939303
7951111
7902847
7952723
7900637
7950265
7965181
7951934
7952324
7900959
7953977
7908730
7938418
7952848
7908735
7950000
7950167
7900470
7938778
7965076
7900658
7950843
7951928
7950533
7908687
7938408
7908445
7967537
7953372
7952156
7989171
7952905
7968470
7952395
7950611
7939717
7902682
7967318
7966785
7902177
7901336
7965273
7950500
7965426
7900095
7904418
7950786
7900113
7965352
7968754
7908592
7908118
7904911
7951349
7951972
7902136
7989505
7965757
7958552
7950814
7989931
7902169
7952331
7900653
7951123
7901866
7950870
7953241
7902709
7953813
7902689
7951125
7900499
7932858
7932843
7953555
7967148
7951203
7932128
7939392
7965598
7901401
7958223
7904633
7953437
7965032
7902434
7952082
7951354
7967461
7904978
7900379
7965058
7908101
7966313
7939757
7968723
7900650
7952171
7953731
7958836
7952034
7900046
7902860
7953466
7952927
7965750
7904276
7938428
7968680
7908206
7900559
7904566
7938789
7951798
7950445
7953041
7951604
7938907
7900257
7967297
7952813
7952259
7950326
7965865
7968598
7951121
7939334
7953740
7904530
7908880
7958625
7952853
7950002
7908522
7989684
7950298
7908034
7968367
7939390
7902051
7902132
7908131
7902841
7904087
7967021
7965656
7900912
7965137
7967597
7967061
7952875
7908794
7952633
7953439
7953219
7953249
7953049
7902894
7908932
7950122
7953105
7932406
7900506
7952078
7953420
7901993
7953032
7989231
7938356
7908661
7900477
7989120
7958514
7953679
7989265
7908950
7951663
7908304
7904197
7938405
7965516
7953907
7908888
7953435
7908197
7965663
7932558
7969720
7901799
7902564
7989927
7951558
7950780
7951330
7908150
7989673
7952781
7967968
7902646
7952968
7900538
7953471
7951255
7951939
7908906
7900027
7902372
7938019
7965617
7953893
7902755
7969654
7968489
7951990
7904867
7958510
7902812
7952063
7951422
7932316
7901905
7967674
7950430
7908680
7965647
7904696
7900214
7904177
7900671
7904051
7908722
7904591
7902978
7950899
7908939
7968912
7951843
7952697
7904675
7968063
7950093
7900288
7950123
7901335
7904142
7968635
7953716
7902479
7900200
7901422
7902837
7967670
7951541
7967892
7951720
7967951
7965825
7950548
7965535
7950996
7932543
7952096
7902461
7965590
7952791
7904896
7900965
7966323
7902158
7902907
7902427
7902890
7932323
7953676
7951186
7953253
7958864
7958882
7952814
7902230
7900276
7950182
7908819
7900575
7966281
7968544
7953951
7989863
7908571
7900087
7965085
7965148
7953825
7952210
7965655
7967334
7952326
7908137
7902288
7967299
7952429
7950530
7902877
7967446
7904880
7953627
7951053
7966726
7904373
7953574
7989975
7968124
7951011
7968888
7951073
7965565
7953029
7965478
7951671
7966035
7967014
7968127
7901504
7908063
7951856
7952061
7968685
7902599
7902077
7902943
7951821
7989683
7951557
7958642
7908478
7989486
7900258
7966378
7958881
7969793
7952037
7900430
7900138
7967828
7932548
7904110
7969055
7965158
7902563
7950157
7938401
7965189
7965351
7989628
7900669
7952937
7989924
7965519
7953664
7966336
7932310
7900561
7904256
7904548
7968749
7951501
7951580
7952528
7989901
7904620
7904551
7902892
7939750
7951143
7908022
7965150
7904041
7989123
7938446
7908968
7951566
7950017
7908953
7989084
7900586
7953746
7951811
7939306
7967407
7904215
7965260
7953701
7968189
7904471
7951588
7938999
7902736
7902655
7901713
7901111
7904879
7938876
7939395
7950539
7952276
7900291
7950460
7904304
7967004
7950878
7966334
7967087
7969073
7965045
7908463
7932542
7968851
7902864
7969023
7952471
7965555
7989973
7904984
7904261
7904129
7965672
7908684
7950728
7952003
7952456
7904918
7902795
7953260
7901405
7939332
7968472
7968390
7904594
7904080
7968426
7965944
7952308
7989248
7952015
7965030
7952611
7950836
7951598
7953593
7902977
7967045
7989868
7950030
7968151
7908973
7950392
7968832
7951786
7904301
7967361
7965024
7968651
7900478
7969034
7969729
7951085
7953186
7989912
7902452
7952726
7904897
7967715
7952475
7901722
7932421
7952921
7952062
7938301
7953085
7966091
7900207
7951157
7952291
7989717
7902331
7953279
7904390
7952574
7952941
7908455
7953543
7967563
7967747
7968621
7932429
7951664
7938129
7902546
7951320
7908278
7967384
7902513
7953230
7953422
7965523
7939346
7939316
7968222
7952416
7902568
7902146
7965433
7965200
7965451
7989987
7953888
7967752
7989700
7952177
7902203
7967228
7952582
7968516
7969210
7953757
7901712
7968547
7967112
7904687
7967913
7968037
7902866
7965506
7952799
7951967
7989887
7908146
7950121
7950348
7901042
7968549
7965688
7904070
7908500
7900358
7902162
7902657
7965334
7966049
7968609
7951066
7967111
7902684
7908582
7967363
7965325
7901863
7953592
7953954
7968497
7908505
7951082
7965673
7951592
7951531
7952480
7908234
7902968
7904353
7950335
7968106
7968185
7953666
7902284
7968791
7901109
7904431
7951403
7953861
7953076
7901800
7958543
7900018
7952340
7900315
7901942
7952165
7952246
7952925
7904685
7953752
7952631
7938033
7968490
7904207
7900369
7904773
7939398
7950604
7900962
7989804
7900289
7904479
7908479
7900204
7966153
7952138
7966134
7904533
7953760
7967601
7952226
7932850
7950109
7938030
7968336
7952830
7953423
7951246
7904229
7938440
7902347
7908467
7901280
7908881
7966145
7902248
7965331
7908013
7908862
7950465
7953937
7951530
7904234
7969104
7932555
7953883
7932326
7901055
7952884
7904716
7953094
7950005
7989179
7952333
7938897
7965147
7952258
7965985
7902504
7951907
7901574
7938777
7938349
7967182
7953571
7908246
7901745
7967250
7901275
7950988
7902995
7902451
7952876
7951985
7904647
7958663
7951440
7904013
7902632
7953682
7908802
7902850
7967203
7968755
7902243
7902771
7950688
7952005
7950210
7965460
7953358
7989291
7953632
7902607
7908838
7965499
7951411
7951371
7950653
7908917
7965472
7939310
7901204
7952167
7950097
7901588
7904868
7953843
7900641
7967660
7902492
7951303
7967751
7958167
7904657
7952618
7965455
7938787
7950061
7902797
7950517
7969281
7902113
7950701
7950788
7950651
7967254
7902868
7904537
7968827
7902577
7900389
7908957
7967478
7901339
7950710
7901503
7989710
7953494
7953386
7938690
7950382
7950152
7965009
7951660
7900209
7908193
7953691
7966078
7958825
7965152
7904165
7958261
7953083
7932606
7908593
7908852
7966010
7953615
7958136
7950189
7904414
7904698
7952249
7902293
7951849
7904268
7904518
7952540
7953708
7904175
7908868
7908138
7965790
7932015
7900527
7953528
7965292
7951102
7904779
7967372
7908032
7968161
7989271
7950649
7904421
7951654
7989503
7950105
7952745
7902624
7908289
7908207
7952027
7951894
7950789
7908876
7967794
7904987
7902846
7908213
7950229
7908922
7965667
7967442
7953323
7967501
7904109
7952818
7950958
7936222
7989991
7989816
7967369
7932409
7953993
7902575
7950969
7952758
7953515
7950868
7951196
7952741
7952748
7908547
7966008
7900362
7950871
7967416
7932317
7952175
7953335
7989918
7951855
7951820
7967060
7902951
7953284
7901908
7950113
7900988
7953924
7900047
7989456
7900076
7950646
7900960
7908568
7952978
7953198
7950769
7968107
7967238
7908861
7953959
7904003
7951097
7904092
7951446
7902201
7902676
7966504
7901492
7965805
7968893
7967805
7902560
7904558
7989169
7938887
7951652
7933321
7951763
7953102
7938402
7902007
7968284
7952225
7950644
7965492
7967207
7965209
7967560
7901387
7908908
7950766
7900084
7952890
7902234
7967428
7969021
7952033
7952868
7989451
7989482
7953210
7938404
7951465
7953776
7965898
7953369
7951391
7904785
7952928
7901184
7967129
7965290
7904916
7965916
7950126
7966709
7932249
7967937
7969703
7951514
7965404
7951470
7989714
7965168
7953438
7958541
7951380
7965531
7952495
7967209
7968740
7904598
7953280
7900101
7902260
7953292
7965709
7967340
7958626
7900210
7901587
7953655
7968175
7902065
7953413
7966116
7966105
7904995
7965487
7901999
7965533
7965467
7965134
7989083
7953851
7902360
7967123
7950687
7908507
7952822
7953747
7900514
7902738
7950248
7950397
7951559
7950468
7950074
7908074
7952915
7965314
7904506
7967979
7904079
7951368
7908185
7951460
7908789
7952424
7951717
7951610
7951296
7967008
7958636
7932475
7950405
7968456
7950811
7950082
7908330
7952357
7951163
7952605
7901775
7967731
7951583
7904828
7953720
7950902
7965261
7967607
7900245
7953074
7952505
7939730
7902160
7950978
7951484
7952317
7952466
7904812
7953419
7950904
7900464
7908310
7989296
7901719
7902908
7952350
7952581
7904240
7951686
7901721
7958588
7900597
7967955
7967462
7908004
7901804
7939378
7938181
7901548
7953600
7969285
7902591
7965192
7989731
7967574
7953345
7908695
7989172
7953885
7989124
7900107
7969707
7901105
7952447
7908021
7950226
7967320
7900472
7989484
7904048
7902932
7952960
7967245
7950833
7908482
7904430
7965517
7901099
7951953
7902406
7952458
7950872
7902927
7958176
7902872
7902345
7968883
7901580
7953274
7901450
7951417
7966768
7950165
7902494
7965266
7901806
7965418
7965403
7904306
7904639
7965041
7989133
7938501
7968064
7902760
7952305
7953796
7952656
7951982
7953194
7902378
7901110
7958459
7950087
7967282
7904985
7968193
7908803
7900320
7902584
7953604
7967162
7965990
7967360
7904998
7967308
7965678
7989635
7950033
7951408
7950069
7953526
7952388
7908066
7968943
7951570
7904266
7938165
7952200
7968448
7952879
7952509
7989444
7939372
7951505
7952855
7900368
7953344
7932122
7951466
7965101
7939793
7908804
7953432
7901038
7933323
7902735
7952546
7904965
7953971
7901343
7938533
7952230
7952630
7933200
7953715
7967293
7953985
7989529
7950022
7900915
7904899
7932096
7953446
7901681
7901363
7952994
7953606
7950574
7900026
7953821
7902520
7904061
7965839
7902168
7908055
7951430
7900516
7989701
7938479
7902871
7902251
7904042
7952430
7952481
7932003
7953552
7933992
7952251
7902489
7953326
7908261
7965437
7950196
7967305
7904160
7953745
7967311
7952260
7932410
7965551
7902835
7902122
7965628
7953213
7952219
7967901
7902585
7901923
7950148
7904796
7908975
7966712
7950042
7965387
7904100
7967733
7965407
7950567
7904108
7953397
7938502
7952222
7951987
7989613
7968008
7901868
7965094
7938995
7950071
7901754
7966039
7908698
7908653
7952907
7967300
7967654
7950407
7938909
7968670
7967666
7952624
7908232
7989298
7989481
7951644
7952674
7904788
7932093
7958803
7989228
7967771
7951885
7932112
7932416
7968820
7953122
7902444
7902312
7965086
7967702
7938029
7965732
7901659
7902407
7968897
7968776
7968769
7953300
7951009
7904671
7965639
7965954
7965036
7966359
7938791
7950469
7989442
7950846
7968086
7965696
7989509
7953735
7958405
7953317
7901727
7967333
7904763
7958664
7952310
7965683
7901332
7904295
7968067
7953051
7900373
7902534
7965819
7952919
7900982
7900001
7902528
7902681
7965885
7901428
7950275
7904496
7953401
7908820
7951779
7900096
7904503
7965103
7965174
7938331
7950271
7951263
7950982
7950642
7951359
7902450
7965630
7951344
7951017
7952504
7950006
7951266
7952717
7908969
7989476
7953121
7904679
7951608
7953457
7900330
7953099
7953043
7952057
7967454
7965370
7933331
7967821
7951348
7951542
7933888
7951476
7951857
7965934
7950946
7902653
7904869
7901633
7901697
7901198
7951732
7900050
7908194
7908518
7953103
7904915
7953019
7953935
7901652
7951769
7938163
7904252
7965214
7908741
7901698
7953696
7967342
7967748
7900593
7965833
7965175
7952091
7989036
7958395
7902254
7951862
7900677
7968958
7952534
7901792
7904076
7901796
7904219
7950046
7908493
7950853
7968333
7967522
7968804
7951147
7902141
7902917
7952835
7967189
7965831
7908114
7966365
7950131
7938426
7950844
7952135
7968667
7953798
7902944
7953925
7966340
7953470
7958843
7938028
7952934
7953630
7958837
7951791
7953693
7968947
7968031
7968154
7953223
7938116
7989828
7967857
7952051
7953450
7951534
7965764
7951996
7989888
7967357
7900927
7904230
7904851
7950494
7902720
7952589
7939721
7951370
7989125
7904672
7950479
7950251
7968833
7950775
7950050
7901423
7950114
7952248
7952579
7904336
7933334
7953790
7904270
7952943
7900326
7950204
7950808
7951591
7968070
7968824
7950302
7968743
7933160
7900532
7953739
7933998
7952897
7904571
7938025
7904128
7938013
7953271
7958211
7965725
7968663
7900106
7950589
7953293
7908498
7953381
7950964
7968466
7965412
7958631
7968375
7950162
7965881
7958810
7952358
7965998
7904512
7951026
7951780
7901642
7953398
7968644
7904864
7951748
7950965
7968439
7968118
7908543
7908515
7989135
7938866
7904870
7950332
7953681
7989618
7908821
7904172
7950100
7952411
7938788
7953623
7989993
7950603
7901366
7953873
7958669
7950428
7953067
7952207
7967532
7989443
7965285
7908669
7968483
7953486
7932401
7908928
7952615
7953500
7900635
7900313
7904579
7901147
7951141
7950153
7965106
7950418
7950340
7908673
7908552
7900528
7902283
7952602
7953785
7952706
7902351
7953299
7967373
7900921
7968847
7989611
7908124
7968261
7969970
7969794
7966100
7902727
7900942
7950895
7953827
7904232
7951734
7901669
7952826
7902602
7965870
7968535
7900396
7989295
7902123
7951007
7901597
7951381
7950947
7953816
7952653
7908335
7953220
7901098
7968783
7904888
7904766
7901538
7967034
7950147
7953297
7952930
7989655
7951989
7952797
7904660
7952374
7904145
7908660
7900274
7932617
7953548
7952283
7965225
7965886
7901940
7951788
7951680
7989629
7953570
7904900
7966317
7950782
7953860
7951621
7908457
7900934
7951816
7904771
7953362
7934664
7953491
7952662
7953737
7950514
7967762
7900665
7968023
7953453
7965481
7958137
7950048
7902805
7951759
7965068
7951871
7965926
7908791
7904114
7953334
7904161
7953906
7951385
7950723
7904398
7953119
7908544
7965802
7969052
7908898
7967445
7965117
7965594
7900589
7966015
7908605
7902208
7902362
7904130
7901040
7951305
7951424
7951244
7967025
7908340
7989881
7966368
7908331
7902472
7968527
7968412
7908268
7908228
7908186
7951031
7908944
7900485
7908962
7902817
7900444
7952702
7908755
7965922
7967404
7968005
7902532
7902400
7953156
7953206
7901769
7965977
7953058
7989917
7904391
7902580
7938509
7967456
7958570
7958639
7968854
7901263
7951668
7958511
7951729
7967104
7965279
7900500
7939387
7989624
7952802
7953024
7908740
7908805
7904549
7901333
7904827
7951506
7900044
7938151
7951760
7989129
7904455
7902721
7989507
7965312
7908872
7902889
7952442
7951498
7904247
7951677
7965662
7953638
7968626
7904764
7968323
7938895
7965442
7900294
7951399
7900540
7966325
7900599
7908806
7902786
7950732
7902635
7969746
7901902
7950519
7966250
7900667
7904511
7968683
7969061
7967335
7952570
7951666
7951764
7951825
7968374
7952030
7938311
7966187
7900338
7951065
7989705
7989682
7939792
7908598
7951058
7932433
7908790
7900675
7902473
7968141
7933329
7938171
7900393
7953741
7958850
7904554
7953373
7908514
7968836
7968450
7938782
7950625
7932057
7950637
7953100
7952888
7900085
7967753
7968034
7965528
7908816
7958011
7953588
7967655
7951304
7953810
7900202
7989916
7900695
7904458
7904909
7966019
7953942
7951145
7953235
7908001
7951572
7951642
7908283
7953546
7952073
7908645
7950306
7965021
7952864
7902535
7967109
7951114
7953277
7952072
7901120
7965284
7969048
7951618
7939710
7908093
7951012
7938475
7950402
7938149
7951463
7968462
7953908
7902799
7952533
7965265
7952721
7951316
7966059
7989757
7968529
7900139
7952719
7968816
7965121
7965255
7900123
7904590
7952231
7953062
7952819
7932403
7900507
7965993
7904975
7953073
7958671
7965849
7908883
7904521
7951971
7901334
7958648
7900937
7952756
7904329
7965654
7967398
7952184
7904412
7968963
7932006
7902722
7904947
7952151
7951407
7953313
7904756
7908667
7952526
7902438
7902987
7968771
7965558
7952795
7902099
7965889
7904574
7966380
7902054
7932407
7908994
7950924
7952455
7967914
7967260
7902685
7953416
7901956
7968125
7967931
7952185
7932404
7908948
7950900
7950008
7953281
7950976
7950714
7965358
7908313
7967124
7950758
7966171
7967171
7951396
7965363
7966722
7900610
7969067
7938490
7965880
7908587
7904606
7952752
7904356
7989122
7900103
7902101
7952580
7900432
7953483
7901113
7950615
7932092
7965923
7902058
7952284
7965228
7968117
7904325
7950526
7904006
7967640
7951099
7989662
7908996
7966121
7950387
7950840
7968389
7965563
7902008
7952688
7950850
7965151
7902620
7968908
7968831
7965584
7902064
7966113
7950436
7904262
7901744
7953118
7932405
7989984
7952536
7969610
7950393
7953647
7967729
7904569
7904405
7965525
7902638
7904642
7938455
7967234
7968620
7951713
7950432
7901359
7967103
7965759
7908938
7952285
7953869
7968002
7951275
7901096
7908037
7965141
7901983
7953209
7989134
7953054
7953912
7966163
7952541
7968905
7953208
7950209
7952174
7965270
7989174
7953123
7951116
7965271
7965231
7968040
7951867
7902867
7965324
7953404
7908904
7900651
7900919
7951182
7901644
7938308
7967388
7950552
7900243
7950648
7951758
7950977
7953818
7953448
7952405
7900534
7938134
7901384
7950572
7953296
7953567
7901718
7904018
7950528
7953654
7953037
7951569
7908091
7939396
7950079
7965430
7965675
7968132
7951589
7953460
7908300
7908443
7966198
7904838
7902213
7951593
7968920
7951868
7904115
7952297
7965452
7965064
7951853
7989466
7953724
7950207
7966287
7904206
7967050
7989740
7953469
7900133
7902043
7968959
7904910
7967298
7900497
7953238
7953182
7965815
7989520
7952338
7958623
7908703
7952435
7902368
7950202
7967458
7908451
7965515
7950892
7953264
7953314
7953899
7904285
7951175
7965066
7900698
7951067
7967406
7908945
7989769
7900992
7950184
7952114
7951219
7932056
7965526
7953473
7968994
7950813
7900476
7953640
7950750
7908459
7967066
7908257
7904755
7950859
7939377
7953246
7952366
7901015
7966500
7950439
7965297
7951508
7901794
7938315
7968020
7900064
7902824
7902256
7950461
7953856
7966761
7965296
7908839
7902952
7953984
7968627
7968575
7902164
7901183
7952145
7938904
7900501
7900053
7958680
7968946
7968681
7969800
7950323
7966875
7904442
7989791
7965748
7952257
7989704
7969706
7968576
7900109
7902445
7952881
7908067
7904235
7951499
7908690
7950818
7953680
7904244
7951655
7904972
7900364
7952133
7902466
7908126
7989163
7967343
7968434
7939379
7989930
7989910
7950274
7967862
7951208
7965613
7951149
7938112
7958558
7939714
7908348
7901436
7901635
7966386
7900259
7952377
7989727
7950127
7901830
7951669
7904419
7908941
7908671
7965636
7951625
7952544
7952627
7952089
7902597
7904429
7989121
7904772
7938410
7965522
7952000
7968104
7951156
7953940
7967055
7967314
7951947
7908822
7902588
7953683
7904287
7938779
7908604
7950955
7950783
7968271
7952638
7938511
7968798
7989872
7900957
7908169
7951428
7967365
7989851
7953566
7936999
7951195
7965063
7901262
7950117
7951708
7904413
7904516
7953110
7939340
7950338
7953371
7901017
7966156
7965690
7908284
7904848
7965496
7901103
7967503
7904024
7952623
7902150
7904803
7953964
7938400
7900625
7904440
7966003
7904584
7969704
7965593
7989448
7965995
7965608
7938463
7958062
7952850
7938303
7950680
7965280
7900250
7953988
7952373
7900636
7904303
7952635
7967802
7968860
7908166
7902263
7950412
7953744
7950757
7908163
7951472
7950686
7938412
7902680
7951259
7965722
7904631
7968842
7989741
7900487
7953652
7901471
7901285
7904094
7953352
7950713
7951999
7952804
7966272
7938026
7966721
7904360
7952681
7953002
7952407
7904552
7989165
7965691
7966874
7952588
7901189
7904164
7953057
7901092
7938339
7900941
7938105
7900672
7968760
7900268
7951140
7902639
7900560
7953643
7902916
7904901
7951623
7902012
7951364
7900640
7901524
7902286
7938125
7902129
7968562
7902829
7952561
7908121
7902066
7967011
7951479
7989706
7932556
7901458
7951504
7965092
7908214
7952107
7950534
7953806
7900256
7951019
7908280
7952577
7901037
7900967
7952026
7950422
7968606
7908188
7958829
7958398
7952269
7952507
7952613
7933994
7953075
7901403
7908646
7989234
7989285
7951400
7908045
7902456
7965375
7989160
7967170
7902097
7900552
7965585
7902593
7965879
7904938
7901742
7908249
7904424
7902313
7965795
7968416
7952023
7967780
7952370
7953426
7908060
7967303
7908132
7901679
7989763
7951833
7958841
7950963
7900916
7953478
7965465
7951874
7950150
7968904
7965125
7902391
7965597
7904402
7965931
7989196
7968965
7904170
7965704
7904288
7901360
7950700
7951544
7950566
7938130
7901694
7965115
7967396
7952197
7908649
7951150
7989726
7900531
7951536
7965384
7952335
7902386
7902003
7908263
7951556
7967867
7965638
7950532
7965861
7968273
7953882
7951896
7901778
7908909
7968932
7902814
7900051
7965513
7904313
7908314
7950252
7904939
7908779
7902033
7989284
7950320
7950736
7902327
7951309
7901791
7950614
7968579
7938077
7953840
7904971
7950831
7968013
7965631
7932604
7953008
7932487
7900436
7965705
7900099
7908020
7967850
7968431
7951323
7953514
7950297
7904345
7965072
7901553
7952372
7968507
7908142
7967750
7950921
7952742
7952639
7968953
7952552
7938994
7908297
7901521
7953009
7902542
7965611
7904045
7904607
7952686
7965005
7989632
7968421
7951458
7902576
7938119
7969736
7952966
7950866
7989616
7951077
7908675
7904753
7965573
7908307
7967942
7901832
7958624
7901188
7950961
7904307
7965798
7938173
7967922
7904371
7900286
7989867
7902029
7950666
7965171
7908998
7952768
7938015
7953650
7967330
7968101
7965906
7951965
7965882
7952141
7904032
7965114
7904321
7965883
7900312
7953722
7902688
7950370
7967100
7950310
7968162
7951154
7952800
7932856
7908061
7938911
7968846
7965850
7900423
7952880
7900511
7953905
7904187
7904073
7951904
7953485
7952607
7902843
7968398
7950101
7904415
7901618
7908699
7968363
7950986
7932237
7900542
7989878
7965909
7902247
7951310
7965588
7900434
7902315
7966316
7938344
7952180
7953353
7989622
7938118
7902529
7989211
7951814
7901003
7989268
7904993
7951004
7958821
7950156
7900211
7953190
7950731
7966328
7902825
7902120
7938781
7908800
7952586
7989462
7953255
7967175
7902991
7952375
7969711
7967039
7904585
7904021
7989879
7953233
7951132
7989232
7951135
7969971
7989478
7967394
7901115
7950040
7953608
7900345
7939105
7968572
7953799
7902487
7951932
7950822
7953294
7900493
7901909
7900666
7908662
7938110
7952786
7932115
7967611
7951963
7969616
7952127
7952689
7900909
7951079
7952753
7965196
7900564
7901514
7938419
7953146
7968388
7902287
7965901
7908152
7989522
7953762
7953815
7965131
7952179
7908471
7908144
7908588
7908727
7900045
7951388
7951922
7969009
7901803
7965600
7950151
7953165
7968767
7904619
7953864
7901402
7932099
7950753
7965645
7904117
7989132
7904098
7908487
7968761
7908325
7938002
7989932
7902617
7968892
7968926
7989241
7901400
7989089
7904595
7952798
7965190
7904156
7951107
7902210
7904835
7951361
7952766
7902514
7904714
7968111
7900233
7989652
7965163
7900539
7967291
7900428
7908346
7952136
7950544
7902855
7951490
7908971
7902271
7989213
7933324
7951658
7902057
7904641
7952213
7902925
7900353
7952309
7904203
7967294
7965992
7952739
7902352
7953767
7950568
7908886
7951973
7902903
7901489
7966358
7952694
7950697
7900994
7968561
7938413
7900581
7902743
7953337
7951770
7966108
7968553
7901860
7951555
7968262
7952895
7989825
7951632
7902126
7952655
7958201
7968338
7952038
7950829
7904968
7951366
7951733
7900548
7953159
7950797
7952886
7901358
7952646
7967306
7900385
7953637
7952559
7953948
7938865
7952659
7900656
7953607
7968006
7904581
7904520
7951448
7953184
7966034
7902696
7950464
7953688
7965239
7952877
7951765
7902408
7952680
7900206
7938145
7904651
7900332
7953547
7966036
7950945
7967198
7900486
7902966
7950739
7968986
7904280
7958185
7904504
7966170
7902693
7967711
7938314
7951744
7951836
7952749
7958805
7951423
7932535
7965022
7902878
7900604
7968772
7902796
7904201
7952110
7902836
7953768
7953170
7965965
7902873
7953339
7968780
7932250
7908679
7952957
7968032
7965576
7952321
7901272
7950012
7965471
7969083
7965761
7952640
7908027
7967029
7900639
7908472
7904550
7951945
7958133
7989531
7967853
7951164
7965427
7901870
7902587
7952935
7952953
7933349
7951512
7965657
7952829
7967012
7966752
7952737
7950594
7904863
7953258
7952417
7966104
7908252
7901707
7908834
7938208
7908866
7900441
7950385
7968790
7989822
7950066
7901542
7904495
7989535
7966085
7965332
7950427
7989725
7965074
7900627
7952542
7953887
7967605
7950581
7938528
7967076
7902909
7900091
7951607
7953876
7908913
7952849
7904111
7902094
7904065
7951379
7967824
7900930
7901786
7952554
7902326
7950073
7951667
7908155
7904005
7950266
7969280
7932207
7953863
7951212
7902899
7989880
7953143
7951443
7902739
7952573
7952949
7908321
7958643
7989515
7953155
7950292
7953282
7967776
7952938
7958620
7950596
7953870
7900551
7953787
7904134
7968729
7908935
7967336
7965784
7989929
7900567
7908049
7938104
7953379
7951172
7952323
7951250
7904666
7950873
7902905
7904158
7951995
7950413
7968911
7951432
7989768
7953970
7952651
7951897
7950784
7908318
7965263
7967609
7965866
7939381
7953516
7904105
7968548
7939711
7950659
7952657
7967328
7902697
7965054
7902536
7989707
7901535
7900282
7900949
7904791
7904634
7938888
7968091
7932247
7938471
7950075
7953836
7950142
7932666
7966277
7951334
7908109
7902176
7951312
7953728
7902383
7950322
7900360
7952600
7951620
7953645
7968803
7950776
7950278
7952893
7952122
7908316
7965838
7901353
7952438
7904001
7902883
7951078
7953710
7904449
7950695
7901271
7953524
7902187
7965475
7989913
7939788
7900426
7953831
7966240
7966183
7950609
7904694
7967775
7908863
7951549
7938915
7939389
7939709
7952506
7968263
7904508
7904016
7953496
7967344
7908865
7900012
7965763
7989669
7950212
7932860
7952267
7950457
7953388
7901555
7989454
7966106
7952672
7968369
7953011
7952493
7965888
7904364
7953236
7952644
7965658
7952109
7965779
7950334
7951010
7951662
7953217
7968811
7950129
7989198
7939700
7901665
7902425
7904155
7901851
7953232
7902974
7950577
7989141
7968475
7951480
7952178
7965154
7900387
7900594
7908266
7951333
7951645
7900631
7989805
7902440
7989269
7950812
7953124
7965713
7902769
7951808
7904138
7969206
7904204
7908607
7901656
7908256
7952094
7900033
7904002
7902844
7938453
7953713
7908191
7902849
7953719
7950671
7950171
7908025
7953412
7900931
7968927
7952422
7951441
7968961
7951326
7953622
7952120
7967091
7938023
7938516
7901274
7904198
7950507
7902013
7900388
7900608
7950443
7908019
7904365
7950834
7952434
7904636
7900069
7952862
7965769
7967158
7904125
7989514
7989450
7900061
7950601
7965462
7953591
7968632
7958826
7952902
7950730
7965933
7950554
7951438
7951935
7932439
7965493
7953289
7901798
7989626
7901551
7938694
7951144
7953387
7908113
7950497
7951064
7932311
7968195
7953490
7950565
7951492
7904630
7908633
7952920
7950679
7951473
7951974
7901596
7952775
7904056
7908959
7933440
7953913
7908079
7969201
7967615
7967770
7904225
7989761
7952550
7902396
7904962
7965592
7901557
7904278
7952974
7950725
7900347
7901610
7938038
7967323
7965664
7908513
7900634
7958868
7953228
7953441
7952670
7908043
7968781
7965890
7967427
7953116
7904119
7967116
7958628
7908041
7951834
7965652
7904049
7952760
7950722
7908036
7904877
7967201
7953586
7952578
7968267
7904284
7967788
7902131
7953957
7967364
7908064
7902926
7950991
7951449
7900303
7968762
7968597
7900438
7950684
7908657
7952764
7938506
7952281
7969215
7904599
7951539
7902928
7950842
7904476
7904807
7938884
7953812
7904366
7989489
7952590
7952971
7902091
7951552
7904621
7908648
7965083
7950154
7902392
7950546
7933933
7950078
7989261
7901186
7953808
7965692
7902579
7966307
7932312
7953540
7908882
7908736
7908217
7939784
7952597
7904031
7967242
7967935
7968429
7968800
7908270
7908900
7952464
7951585
7989235
7951221
7967153
7901609
7938901
7950426
7989972
7965564
7965073
7908716
7908441
7901990
7965145
7908688
7900068
7969218
7952840
7951781
7951952
7951756
7902914
7952103
7932483
7968745
7952087
7951325
7967482
7904404
7952441
7989721
7968577
7967734
7901496
7904369
7908299
7952190
7951529
7958134
7950429
7952931
7901344
7902961
7904039
7953394
7968625
7965211
7904638
7951950
7966767
7904387
7900948
7965002
7902636
7966711
7989956
7953802
7966777
7953329
7989627
7952610
7902651
7951916
7902699
7950018
7965366
7989273
7950083
7967409
7950545
7965388
7989459
7901581
7965846
7900577
7967441
7989925
7902000
7951511
7952729
7951992
7966054
7968987
7932536
7904626
7952024
7967295
7950627
7989744
7900924
7904060
7952450
7950774
7965246
7953672
7966162
7953392
7938450
7904849
7904542
7902856
7967047
7968623
7951617
7967739
7951202
7952641
7952272
7950495
7968358
7950558
7950328
7958396
7951876
7950717
7965606
7951319
7952159
7953050
7967159
7967443
7950610
7950564
7908856
7901289
7938353
7908011
7932432
7951038
7965546
7904426
7902505
7908245
7900460
7989525
7938896
7952820
7902791
7967324
7967650
7967859
7966249
7904821
7902252
7900591
7953377
7901191
7902034
7938160
7952667
7904635
7950599
7902728
7904783
7989970
7968945
7902394
7932424
7950103
7952042
7950630
7952247
7908676
7904216
7953366
7902613
7965242
7951509
7908052
7939785
7951105
7950032
7968487
7952162
7965537
7950291
7900602
7967669
7908826
7953579
7904525
7950342
7950738
7951882
7952116
7953276
7902148
7932479
7968951
7950001
7938514
7932621
7968400
7901981
7908897
7904089
7951158
7967465
7904340
7965088
7967232
7952319
7951194
7967830
7968098
7938076
7901284
7939778
7900381
7968220
7904957
7989637
7952598
7904600
7989500
7969735
7901000
7965619
7908658
7965410
7953406
7951980
7952648
7932546
7902863
7966130
7908002
7950726
7953151
7904575
7951436
7968593
7908229
7900321
7965991
7902292
7908859
7967115
7950246
7965018
7904905
7966362
7932415
7966143
7953354
7952955
7938916
7900986
7989663
7938336
7966158
7953257
7902677
7939342
7902140
7968143
7953868
7968270
7900925
7900984
7968060
7950972
7968794
7953152
7908183
7989485
7952774
7968792
7908298
7953771
7968418
7951690
7900376
7968565
7965102
7966038
7950825
7952946
7950477
7900498
7900587
7958641
7908807
7965676
7967856
7908221
7965541
7908488
7902388
7952780
7904529
7904824
7904291
7967878
7902262
7901491
7900074
7950187
7902770
7938503
7950874
7953599
7953463
7952833
7967059
7967079
7953685
7904845
7904217
7938004
7967395
7939376
7908110
7965250
7951631
7951535
7952394
7950391
7989610
7908016
7904461
7902669
7950375
7953431
7951575
7965858
7968968
7951957
7965173
7902415
7908879
7950582
7904800
7952029
7969047
7953476
7965087
7989667
7967051
7908048
7904799
7900253
7965055
7902654
7968837
7904961
7965698
7951567
7952620
7965177
7952500
7950488
7953669
7932110
7952675
7901757
7902857
7902382
7952591
7908448
7968368
7951112
7965162
7952843
7950862
7953916
7968057
7908677
7952484
7958177
7908447
7951595
7951083
7966043
7952810
7938433
7908823
7950283
7951800
7938333
7900314
7904453
7904470
7904255
7900546
7908947
7902477
7900699
7901380
7938075
7952228
7901300
7900119
7901526
7966724
7968455
7902011
7953318
7951363
7967415
7951931
7904601
7902880
7904107
7968566
7951812
7904384
7967452
7967796
7951122
7904040
7952121
7938205
7968974
7966303
7904299
7952351
7952808
7900524
7953134
7908799
7952997
7904815
7952821
7904602
7952457
7966301
7967460
7902285
7904528
7951178
7900290
7967392
7950910
7904556
7952367
7953717
7900272
7950999
7938482
7965275
7951373
7968174
7951242
7904464
7958151
7908630
7938132
7900573
7966185
7952028
7904613
7952361
7908117
7902045
7904992
7950110
7989819
7901709
7900411
7953378
7967185
7965429
7908468
7900126
7908201
7951013
7968778
7965793
7932538
7951565
7932248
7900605
7904258
7967737
7902671
7908766
7908655
7951889
7965677
7904963
7908226
7951076
7967052
7904884
7900940
7900585
7968184
7952436
7901892
7965994
7904689
7950053
7938905
7965695
7952870
7968552
7908517
7950455
7952965
7908068
7908474
7901779
7951778
7953053
7952449
7951220
7950903
7908184
7950639
7908042
7965626
7901527
7967855
7950865
7989826
7904833
7968112
7902457
7932541
7967028
7950004
7967400
7951600
7958500
7904237
7951378
7904020
7902858
7952330
7953350
7952256
7908208
7952097
7958257
7932230
7908024
7958621
7953351
7904443
7904317
7950663
7908752
7902725
7939308
7967989
7965391
7950261
7938898
7989661
7953517
7902218
7989997
7908173
7908891
7968424
7901456
7965721
7901421
7902664
7950218
7965753
7965046
7965195
7989708
7902428
7952134
7938414
7939386
7901736
7965552
7953726
7900230
7901776
7952705
7900513
7950384
7908176
7968578
7902886
7904296
7933997
7953368
7968599
7908952
7968130
7908545
7950025
7950194
7950279
7965210
7938793
7952803
7952687
7952229
7952413
7950399
7902449
7952976
7902393
7950670
7965235
7950928
7900576
7969652
7904914
7908887
7902556
7908095
7900953
7900108
7908157
7969014
7950067
7951146
7965706
7951997
7902519
7908951
7908503
7969717
7952311
7967053
7950716
7952385
7953461
7950600
7908311
7951739
7952922
7951191
7900475
7900939
7952208
7904427
7965344
7900574
7900911
7900998
7950414
7950538
7952088
7904768
7939799
7901483
7951337
7902706
7952908
7952397
7904994
7968121
7967978
7951331
7966029
7950754
7965887
7965286
7904806
7965223
7952823
7951649
7900512
7967362
7900220
7904348
7965463
7902447
7953890
7952990
7950052
7904367
7932489
7968422
7966161
7951872
7951576
7902270
7932016
7967160
7950220
7953090
7952098
7908508
7968558
7950081
7951773
7908781
7951650
7967732
7968925
7952409
7953356
7900322
7938507
7952052
7908059
7950778
7902273
7965956
7952095
7989886
7932473
7904522
7958138
7967631
7953803
7968473
7950259
7902303
7902044
7901438
7967042
7950712
7900570
7950031
7902547
7950838
7950787
7901490
7902874
7936936
7953169
7965008
7951516
7950076
7904014
7904008
7952661
7952889
7953044
7953595
7902633
7901367
7938530
7968788
7951683
7908005
7950652
7952529
7965166
7953534
7950290
7969079
7951665
7989229
7950213
7952747
7950962
7989262
7900479
7952478
7950851
7958186
7951483
7908260
7969805
7989679
7900558
7967820
7900032
7952253
7908218
7902975
7902885
7966071
7952152
7908320
7908164
7989621
7951394
7902314
7908086
7901755
7953261
7908813
7933325
7967668
7965389
7902174
7968915
7900380
7900295
7950650
7902832
7952575
7989630
7989711
7904997
7901481
7953389
7900296
7950992
7908745
7951564
7908490
7953405
7952054
7908958
7908578
7908454
7904029
7953633
7953714
7965648
7904580
7904181
7952562
7953492
7934431
7904277
7966725
7908902
7965501
7902282
7904588
7904190
7953171
7908224
7967431
7953269
7953462
7904157
7968140
7902100
7900203
7908650
7908837
7952288
7989440
7968476
7958190
7951375
7900034
7908743
7902865
7938103
7968453
7950170
7902627
7989874
7908198
7950608
7901234
7953061
7969724
7953321
7989776
7901182
7952545
7950917
7965100
7902165
7901746
7989895
7908485
7965477
7953502
7904432
7953309
7968759
7904451
7967391
7965589
7952522
7902090
7908641
7965376
7904488
7967956
7967225
7952292
7953718
7950709
7932842
7938483
7908496
7908696
7904946
7968785
7908884
7951745
7989922
7900115
7938496
7966133
7932053
7969792
7952982
7968706
7950176
7953012
7952158
7951142
7908664
7950806
7908602
7902649
7908911
7953306
7967535
7951696
7950228
7953077
7953896
7967302
7902179
7901203
7900010
7902530
7965891
7901641
7965791
7908119
7953946
7958811
7952420
7958393
7904456
7902730
7904664
7953113
7908102
7951167
7900970
7950569
7951766
7932319
7938012
7950894
7900995
7939736
7904406
7968739
7989161
7938032
7900055
7951986
7900971
7938343
7904967
7952904
7904538
7950446
7968707
7968984
7904996
7908916
7904467
7950452
7967013
7965665
7952599
7965056
7967278
7968810
7951338
7965682
7939385
7968937
7902601
7939755
7951813
7952531
7989512
7989891
7953084
7966371
7951714
7958172
7904643
7902990
7952318
7965620
7951841
7966751
7902870
7950476
7951840
7900468
7951959
7950690
7953617
7904604
7953417
7901904
7952217
7950708
7908464
7950102
7967269
7951601
7969653
7951435
7950317
7908123
7989893
7901453
7901684
7904539
7938461
7967570
7952839
7965372
7965756
7901331
7908012
7950875
7938861
7966147
7900371
7989085
7904183
7938340
7953033
7952264
7958394
7951217
7908534
7902316
7939384
7965371
7951200
7904023
7965109
7932125
7902622
7908319
7952053
7952693
7900248
7900439
7966141
7966792
7967826
7989764
7950172
7967301
7968988
7901256
7965596
7908225
7951730
7908308
7958175
7900483
7939361
7965689
7968823
7902992
7950807
7952796
7950456
7950542
7901385
7950790
7950146
7951398
7908211
7932418
7966155
7952815
7908539
7950054
7932613
7967239
7904428
7968634
7951574
7953872
7900299
7904587
7904227
7950191
7908923
7908555
7968793
7953144
7952090
7969235
7900490
7953459
7902108
7989906
7965381
7900508
7967031
7965642
7901276
7900502
7902279
7951314
7967270
7901537
7989793
7902486
7950522
7952865
7965878
7950098
7967940
7950909
7902226
7902526
7951522
7900235
7953487
7904929
7951491
7953764
7902981
7950419
7952147
7953855
7966180
7953537
7908223
7965156
7900382
7904505
7950523
7900408
7968797
7952428
7951035
7953663
7951726
7951018
7900568
7952431
7952055
7951277
7951247
7966748
7968173
7967000
7902056
7908347
7951801
7900304
7908831
7902859
7965295
7950313
7902630
7967718
7989860
7989266
7904162
7952530
7952126
7938894
7908111
7904148
7939366
7902942
7989233
7952715
7902355
7953185
7966000
7968491
7908782
7900923
7965348
7938429
7952967
7904075
7967204
7951546
7968633
7904126
7950619
7950089
7900987
7953382
7950096
7953266
7902609
7939339
7965369
7902647
7966172
7965959
7908130
7900201
7950584
7950124
7951139
7939305
7908051
7953508
7950060
7900011
7965350
7967367
7908077
7953838
7966167
7950915
7965902
7968952
7932619
7965826
7967450
7952199
7968973
7965822
7904298
7965204
7969795
7968741
7950556
7904659
7953120
7967657
7989464
7966706
7902157
7953157
7908659
7952555
7965640
7908159
7951809
7950216
7950027
7904873
7950632
7952036
7932050
7950543
7968438
7989748
7904934
7965130
7969733
7967023
7951030
7950269
7902683
7902480
7908634
7901057
7951350
7904017
7901362
7902305
7951895
7902219
7904465
7952805
7900583
7989176
7901413
7953557
7901114
7932440
7908572
7939399
7953177
7965562
7952583
7951653
7901243
7950508
7950901
7908867
7904576
7901662
7902924
7950810
7900928
7952193
7908097
7953554
7953852
7967022
7904632
7953780
7966168
7951824
7908456
7902258
7966702
7904388
7933996
7902939
7932325
7902659
7952218
7934481
7950973
7908832
7951298
7950404
7902531
7989275
7908233
7951218
7953385
7904009
7900443
7952551
7950579
7951891
7908140
7966878
7968053
7901273
7904469
7953536
7950583
7902059
7968484
7989452
7965050
7968073
7951646
7902973
7938444
7950115
7968862
7953180
7965172
7902838
7950011
7989457
7968758
7904188
7902500
7908999
7900515
7953973
7965491
7900630
7952460
7953952
7908295
7953245
7968419
7952189
7953374
7951300
7904416
7902820
7952809
7952725
7908458
7951386
7951168
7952035
7968839
7953568
7904570
7951587
7900317
7900609
7908408
7904510
7902439
7966274
7952496
7968856
7989861
7904717
7965473
7969612
7952191
7969702
7939382
7967205
7989092
7902940
7953361
7952209
7933339
7900509
7950135
7967807
7904069
7950549
7950656
7951878
7967128
7967953
7953287
7952376
7901854
7902948
7950912
7939330
7968753
7989745
7902813
7953541
7908305
7938120
7902161
7904798
7902265
7901192
7952538
7951727
7938517
7908940
7950677
7951700
7951060
7950222
7900437
7952903
7900221
7908481
7953697
7901016
7938136
7901532
7965903
7953507
7951711
7904780
7965566
7951789
7951293
7902543
7908486
7950273
7953409
7950586
7951903
7953819
7952465
7953529
7901525
7902309
7902281
7950553
7989954
7953025
7965251
7989827
7902652
7908636
7904526
7952963
7908397
7952137
7951008
7900536
7967132
7900285
7901869
7951697
7950927
7968135
7952683
7904263
7904074
7901740
7953145
7904326
7952169
7901561
7967741
7952557
7951503
7904233
7900997
7938415
7951054
7933993
7902231
7968266
7968545
7901773
7900128
7965681
7952896
7953978
7904297
7989277
7900223
7950913
7952684
7968805
7968691
7950245
7989850
7951181
7953791
7933441
7902478
7951268
7953511
7965859
7900693
7952307
7939343
7965345
7953421
7938460
7908136
7938178
7968712
7908929
7950336
7900348
7965952
7952486
7968095
7904133
7950365
7904490
7967469
7904502
7952564
7950907
7908189
7952221
7953983
7967926
7958627
7952566
7904141
7950232
7904376
7902502
7951630
7952827
7968989
7953433
7901903
7908337
7950816
7966318
7951052
7902192
7952025
7952473
7953091
7908535
7966327
7965457
7904331
7952857
7953886
7951854
7900340
7969705
7908029
7932482
7902781
7951562
7950214
7953038
7951187
7951185
7932200
7968183
7950803
7902875
7904236
7967664
7952007
7901388
7989037
7950024
7952354
7950268
7965841
7952801
7938300
7966057
7904445
7969205
7965816
7908967
7900205
7901420
7900400
7908663
7932252
7952173
7953556
7904680
7952347
7904681
7902643
7965320
7902603
7932857
7904493
7965485
7939333
7901185
7952619
7901864
7904582
7900494
7965697
7950770
7908286
7965939
7968445
7900944
7951159
7951515
7904514
7934669
7950595
7950805
7902798
7902329
7908309
7952144
7908896
7932327
7952537
7967754
7901357
7952380
7989634
7953878
7901180
7900249
7953998
7969809
7950211
7951728
7904534
7965842
7950016
7900080
7900633
7953631
7965840
7902614
7902648
7900374
7965432
7968186
7953931
7904760
7966073
7966367
7952076
7950223
7953814
7902964
7967354
7950485
7950264
7902145
7968675
7953706
7951651
7950107
7951796
7989292
7950575
7969060
7953107
7952019
7950772
7965038
7953115
7902634
7966700
7989040
7902862
7904151
7904399
7904650
7900228
7967961
7953941
7953644
7938785
7951339
7966756
7904925
7902399
7950299
7901230
7967332
7904758
7904819
7952083
7965945
7908135
7968113
7965397
7951264
7908984
7951468
7951216
7902410
7908491
7952352
7950876
7965832
7968150
7933991
7965604
7901242
7904547
7904077
7951329
7968531
7950621
7908015
7902589
7967122
7968157
7908243
7989838
7952479
7950890
7908577
7950675
7900231
7902570
7952400
7966319
7967925
7952882
7967582
7908264
7967341
7952512
7989468
7967114
7952148
7952517
7951106
7989455
7953481
7953330
7904362
7951568
7902276
7902155
7902371
7902130
7958637
7965854
7950547
7902625
7904030
7902842
7965408
7966506
7951528
7968990
7965138
7950781
7933302
7953468
7951117
7950143
7908729
7989903
7908449
7902195
7901409
7950085
7951563
7968016
7951507
7951913
7901501
7968408
7953288
7900042
7950080
7904930
7967130
7950037
7968719
7950580
7904648
7951902
7951383
7900504
7958592
7902823
7965582
7950908
7950035
7950896
7968838
7900642
7958806
7967348
7904586
7952698
7953877
7908080
7950462
7908296
7953659
7966077
7908576
7965612
7989751
7900973
7967957
7900961
7953668
7952369
7908869
7967030
7901352
7989809
7952622
7968172
7968853
7938008
7904876
7900052
7938492
7904999
7900062
7950498
7965423
7904801
7989536
7904409
7968102
7968511
7951689
7953830
7969086
7950997
7908942
7953928
7951118
7950869
7902121
7904290
7938167
7908858
7951110
7900392
7902363
7904603
7950685
7951715
7969294
7965483
7904937
7908974
7908040
7900117
7989504
7900242
7902715
7902154
7951481
7968191
7953930
7953479
7965288
7958634
7901900
7989534
7901732
7989870
7950672
7950295
7938126
7950503
7951328
7968890
7952020
7950201
7953429
7968066
7965855
7904374
7965104
7951477
7902471
7950643
7968796
7953667
7932113
7951883
7951392
7908195
7951962
7967349
7950777
7953393
7968689
7904068
7951627
7938477
7967486
7904139
7901752
7904044
7932608
7951912
7932532
7904286
7904614
7989824
7938406
7965128
7968521
7952194
7932419
7968574
7901831
7967265
7951837
7951731
7952009
7950950
7900403
7900094
7932321
7969108
7900523
7965199
7904401
7950059
7965042
7902673
7908786
7951450
7938465
7965201
7904185
7938443
7968024
7950681
7951211
7989772
7902405
7900022
7968334
7908190
7908708
7967492
7952900
7952601
7950244
7951718
7950657
7966369
7951223
7989820
7950706
7969177
7952345
7904474
7968825
7901041
7968817
7969207
7908172
7968923
7908830
7951087
7950421
7908287
7950092
7902483
7953312
7900058
7989166
7952776
7902937
7904774
7900104
7965276
7953343
7908689
7951949
7902997
7950703
7900910
7950401
7967876
7904979
7901200
7950981
7950490
7951088
7967256
7950047
7908182
7901437
7952956
7951228
7950911
7932434
7951014
7950906
7965666
7952831
7908502
7968784
7951360
7904519
7902757
7965914
7934663
7951676
7967200
7950015
7950513
7902153
7938432
7953451
7908089
7952084
7902443
7953929
7902468
7965603
7958869
7951688
7951859
7952665
7900020
7908444
7951413
7901149
7908216
7953022
7938348
7908785
7900370
7951706
7958169
7953560
7900555
7950691
7902010
7953603
7965333
7900932
7908248
7989762
7901282
7904309
7908170
7967304
7989873
7938796
7904943
7950857
7901083
7953427
7951790
7904489
7900905
7900541
7951848
7902337
7953286
7958403
7965217
7908122
7950090
7965591
7950014
7950518
7900057
7900198
7939349
7969203
7900316
7908277
7901714
7953265
7952154
7901278
7902093
7904294
7902555
7965641
7938342
7953900
7952668
7966024
7904081
7965444
7953175
7900557
7953581
7953914
7902416
7953520
7952150
7952299
7951336
7900517
7908466
7953675
7989449
7952064
7950368
7938493
7904064
7953341
7965899
7966338
7900908
7989894
7951402
7950086
7938316
7904231
7902764
7966705
7950967
7902828
7908798
7968646
7953396
7967464
7989195
7902642
7965955
7902049
7904122
7989794
7966206
7901761
7938081
7989297
7904695
7932309
7953909
7938159
7900673
7965970
7938305
7938473
7904212
7901288
7950389
7908236
7950164
7901432
7904033
7908771
7967253
7908177
7953101
7908315
7952932
7901080
7965595
7902458
7967455
7967307
7951256
7965341
7933327
7989896
7908632
7958146
7953221
7967173
7901086
7902615
7953522
7952569
7965659
7969799
7904067
7900652
7958872
7965025
7952205
7908255
7904645
7951710
7958650
7958839
7953919
7908681
7989815
7952746
7953039
7902076
7902606
7952612
7908251
7951445
7951267
7950597
7901010
7968997
7952979
7952645
7900914
7904661
7966117
7904323
7902803
7952008
7908919
7989781
7904674
7904988
7901107
7965413
7953127
7968818
7968957
7953475
7953938
7951695
7901459
7904422
7966190
7950155
7952244
7950804
7967350
7951001
7952842
7902745
7967083
7969655
7951640
7902214
7901982
7968869
7989902
7951397
7950331
7900071
7901361
7951226
7904546
7951629
7952707
7904808
7965194
7950864
7950021
7968275
7904043
7951071
7950056
7901201
7939751
7902104
7904202
7900311
7967402
7953770
7969289
7904617
7967202
7951461
7953244
7908460
7966850
7902982
7951098
7952371
7967113
7951852
7901650
7958848
7908329
7951415
7908151
7902719
7950525
7951094
7965213
7902239
7958801
7952195
7904882
7952353
7953703
7965772
7989750
7968039
7908559
7901283
7951861
7953705
7966791
7967641
7902014
7902190
7965336
7952929
7950524
7967562
7952227
7904078
7900690
7968383
7904368
7953673
7950897
7951537
7965616
7958827
7902216
7951866
7900323
7902052
7908497
7908258
7953833
7952050
7904531
7966046
7965326
7901117
7904011
7908591
7904220
7966286
7952113
7908624
7953773
7965897
7952166
7989447
7958681
7908918
7952595
7900329
7908477
7989905
7967701
7952081
7952469
7968677
7900991
7953880
7968673
7900685
7968591
7902369
7967279
7953545
7953944
7951183
7951426
7958852
7965997
7966797
7953874
7951533
7908062
7900657
7950284
7950219
7902672
7950957
7958830
7904837
7901286
7950380
7950645
7902826
7953660
7968730
7908721
7901891
7904238
7950555
7901382
7965377
7969123
7952863
7953088
7953178
7967081
7952328
7951454
7965960
7950473
7952556
7953384
7904153
7908987
7965892
7952100
7904146
7965182
7902551
7952762
7953017
7965112
7953349
7965547
7952494
7951297
7953662
7951115
7965067
7950029
7952825
7951737
7966004
7900236
7950747
7989467
7901797
7938914
7952617
7901616
7904319
7904211
7938535
7950602
7951961
7951034
7969602
7967038
7904420
7950588
7904924
7904095
7951599
7950198
7938526
7966083
7950638
7965374
7969077
7965799
7901677
7958515
7967214
7969039
7989719
7904050
7950489
7938334
7953749
7900922
7953533
7904302
7968653
7951845
7908094
7902493
7951485
7902541
7933313
7966276
7967636
7900629
7989210
7904829
7965317
7950735
7965249
7900216
7965099
7967422
7902139
7950520
7904527
7900456
7902433
7900125
7950993
7950197
7950828
7901859
7908956
7932471
7958538
7904655
7900378
7952936
7902756
7968428
7901220
7902353
7908705
7900926
7952996
7952722
7989898
7965978
7938427
7965947
7965755
7901355
7967667
7908573
7938903
7965153
7900025
7968457
7965624
7950923
7901592
7950009
7900349
7901287
7967934
7953915
7908450
7952643
7952242
7953305
7904171
7908333
7932422
7938515
7938034
7952690
7952567
7901772
7902215
7900469
7902506
7900135
7900956
7965057
7904071
7958584
7968265
7966324
7952828
7950034
7904885
7967082
7908639
7904697
7951661
7933343
7958193
7900398
7951005
7900309
7950616
7908778
7953474
7950118
7901347
7904380
7953168
7953513
7951590
7950502
7900678
7965318
7902395
7904101
7952614
7902896
7908719
7989814
7953550
7951944
7951248
7951133
7953736
7989523
7965205
7951033
7950243
7900990
7965543
7902431
7953333
7950308
7953628
7904166
7908977
7902887
7904311
7952446
7952649
7952341
7902106
7953048
7952216
7900065
7938540
7952502
7950922
7939790
7938302
7953910
7904665
7908047
7938691
7950949
7952101
7968459
7938422
7968980
7967226
7951594
7953962
7900041
7950832
7953290
7939106
7901056
7950801
7904173
7966742
7951215
7908541
7953434
7900952
7953391
7939731
7902759
7904358
7901346
7989038
7908793
7908120
7966372
7953921
7904386
7951524
7938474
7938469
7965907
7989743
7953130
7953956
7908162
7904811
7900255
7965108
7953298
7904475
7965392
7953569
7958804
7902819
7966128
7953783
7902741
7902253
7953892
7951977
7967927
7965230
7952732
7901789
7967417
7950699
7902167
7904605
7967661
7952418
7968611
7951500
7951251
7900592
7953112
7950270
7901122
7901430
7950036
7950215
7901510
7902138
7953911
7908672
7902484
7951979
7952348
7902687
7938018
7900224
7908901
7966165
7951762
7952866
7958653
7965803
7968361
7902787
7951358
7900273
7951502
7902723
7952784
7900530
7989715
7908685
7904682
7902913
7901695
7950403
7968703
7952604
7900222
7933932
7951070
7908889
7901407
7904718
7953063
7968569
7952211
7965972
7952163
7968938
7951738
7908116
7932616
7900337
7989951
7951554
7966355
7901673
7953807
7950077
7900056
7952852
7904167
7950063
7908349
7908327
7965607
7965614
7953839
7901351
7952140
7966790
7908293
7967094
7965160
7900649
7950856
7900199
7951482
7968603
7953064
7902910
7966042
7902417
7953295
7950905
7908071
7901506
7968815
7908292
7953059
7968446
7908899
7953695
7904058
7967411
7902354
7939797
7900442
7953163
7951704
7952547
7901607
7904182
7967962
7904209
7958638
7900440
7965212
7901771
7908549
7989818
7902509
7900907
7950761
7900901
7952523
7950867
7908643
7968954
7938486
7950257
7967397
7900264
7904102
7951804
7908635
7904104
7901700
7967852
7965644
7902036
7908946
7908065
7953920
7965069
7968283
7951776
7950979
7967057
7967860
7951924
7965649
7958560
7900945
7950070
7953837
7967502
7901082
7950563
7900384
7966111
7967252
7932852
7900503
7951880
7950749
7950841
7968479
7953056
7950316
7951915
7951475
7953066
7902598
7965470
7967412
7965075
7904012
7953263
7904894
7902548
7932442
7969761
7953449
7900129
7901686
7953820
7938204
7939783
7951020
7904035
7951171
7952514
7965337
7908149
7989752
7950847
7950424
7951069
7900520
7904135
7904435
7965313
7902553
7900466
7951090
7950286
7950948
7952157
7950746
7965382
7904015
7908796
7901236
7968624
7989889
7908855
7952954
7952439
7902806
7953214
7989506
7989957
7951777
7951547
7908554
7965623
7902387
7901205
7902794
7902565
7950303
7967827
7950929
7939752
7966026
7952432
7951179
7950570
7904866
7953618
7900903
7951910
7965720
7968622
7968618
7900383
7900083
7904822
7989168
7908253
7904410
7953302
7989784
7904765
7953678
7904692
7952389
7968802
7953721
7952637
7966310
7952783
7900072
7932551
7952608
7989831
7967854
7952671
7908212
7933326
7951920
7953454
7965940
7951306
7904059
7965011
7952186
7902965
7967169
7967773
7933301
7904179
7902808
7938407
7989625
7908894
7965169
7968608
7908010
7951612
7952232
7902523
7953291
7953732
7952516
7908452
7968726
7901889
7965329
7902183
7989612
7967721
7952278
7908777
7967424
7953698
7902429
7953095
7950799
7901780
7908651
7952944
7900461
7939104
7904322
7938434
7965219
7966356
7904596
7951527
7968748
7936666
7902364
7952532
7908339
7904676
7908147
7901050
7953079
7968556
7969288
7951462
7904137
7951899
7904989
7951074
7950765
7958157
7951742
7951785
7967646
7967048
7902533
7904532
7900481
7953215
7967590
7966074
7908192
7908854
7950068
7904787
7951199
7965524
7968481
7932864
7938200
7965958
7901748
7900281
7950333
7952593
7938650
7904887
7902891
7953565
7900240
7989914
7965979
7951712
7932600
7989994
7967429
7901365
7953562
7951420
7966789
7968152
7951025
7902802
7902232
7904540
7900455
7950633
7952236
7951489
7900401
7902004
7901123
7950763
7901790
7953218
7967386
7968637
7951633
7900251
7967151
7900215
7901461
7958188
7904354
7938107
7932126
7969200
7951675
7900036
7908926
7968718
7932408
7901547
7989474
7901565
7950158
7951538
7901704
7902524
7901763
7951342
7902096
7952059
7989164
7900958
7951844
7904265
7950111
7989128
7904752
7952426
7966357
7902481
7902566
7908053
7952123
7908334
7958161
7904684
7968443
7967507
7968799
7900226
7902594
7904316
7938537
7953331
7965179
7967659
7939360
7951081
7900950
7938468
7950125
7932863
7952075
7932607
7952270
7952642
7968829
7951425
7968385
7938447
7953142
7967723
7902881
7900562
7950281
7902980
7901571
7958802
7902437
7989709
7938117
7902361
7938519
7904411
7951863
7932488
7951151
7902853
7901898
7951597
7950956
7958838
7952969
7901511
7904478
7902404
7938123
7908551
7965651
7952445
7967268
7904154
7967212
7958455
7951353
7904222
7966129
7953826
7952977
7958158
7901751
7965071
7951692
7908949
7902235
7902592
7958142
7902540
7908271
7968636
7951793
7904344
7939394
7901100
7952188
7968955
7900580
7901095
7953895
7900474
7953071
7951884
7965821
7953224
7908026
7953754
7952834
7953503
7900495
7966859
7967491
7932014
7904123
7902358
7904500
7958833
7968613
7952334
7968682
7965741
7902600
7908989
7908825
7904577
7902559
7967277
7902448
7950756
7900038
7951451
7951138
7904670
7938206
7904099
7968580
7900553
7966757
7908469
7951806
7953131
7901207
7952487
7953823
7968655
7958111
7965904
7967313
7967237
7933333
7965634
7953273
7938652
7932846
7904468
7908112
7967745
7938080
7965845
7900118
7968049
7951271
7951613
7908914
7953755
7989214
7989817
7966795
7965411
7900269
7966788
7953259
7950879
7900409
7952750
7952294
7904347
7952778
7950425
7901663
7902180
7951829
7950256
7902488
7938346
7952511
7902507
7958640
7953834
7951723
7967612
7904417
7900239
7901424
7950400
7968274
7951605
7965544
7952584
7950206
7967186
7908584
7902297
7952508
7904523
7951622
7968129
7900674
7950918
7932238
7968654
7952673
7965383
7953730
7900424
7953665
7904713
7938435
7989650
7901706
7951166
7953488
7950550
7968027
7953709
7902133
7908000
7952016
7952336
7900655
7958145
7965060
7901545
7950168
7953014
7968022
7908415
7952727
7901943
7968501
7966095
7900697
7908877
7951376
7902476
7953759
7902679
7953225
7901386
7904541
7900164
7968325
7953578
7966753
7901290
7951869
7968506
7908134
7904116
7967290
7951412
7950192
7908954
7950480
7965924
7904086
7900492
7952568
7939336
7953348
7958849
7950324
7951838
7902583
7952262
7967738
7952894
7968536
7967374
7902984
7900407
7939707
7932552
7950734
7902137
7968264
7965159
7968530
7953518
7904205
7908637
7938139
7950104
7968460
7968850
7966014
7904955
7950447
7952961
7951022
7967970
7904644
7904350
7950351
7901692
7908350
7902704
7967858
7965707
7908693
7904966
7908222
7908461
7950188
7968079
7967199
7950826
7965277
7938456
7958502
7989240
7901857
7965950
7938510
7904251
7902701
7953758
7967948
7950205
