96279190
96279764
96279688
96279675
96279983
96279287
96279248
96279602
96279914
96279045
96279724
96279102
96279867
96279508
96279148
96279616
96279234
96279502
96279578
96279855
96279748
96279666
96279972
96279007
96279296
96279203
96279023
96279596
96279347
96279948
96279940
96279610
96279520
96279798
96279589
96279990
96279391
96279705
96279147
96279698
96279140
96279572
96279066
96279827
96279112
96279428
96279911
96279188
96279766
96279726
96279300
96279304
96279360
96279227
96279042
96279737
96279649
96279311
96279970
96279777
96279786
96279086
96279709
96279538
96279057
96279856
96279609
96279987
96279040
96279965
96279005
96279062
96279787
96279944
96279590
96279313
96279968
96279634
96279528
96279020
96279208
96279689
96279815
96279153
96279747
96279232
96279245
96279327
96279217
96279253
96279832
96279926
96279076
96279340
96279315
96279871
96279753
96279505
96279745
96279247
96279723
96279825
96279828
96279368
96279749
96279352
96279598
96279263
96279930
96279026
96279956
96279929
96279851
96279569
96279942
96279240
96279796
96279402
96279128
96279013
96279135
96279119
96279583
96279865
96279070
96279658
96279048
96279049
96279308
96279838
96279154
96279920
96279344
96279631
96279913
96279973
96279515
96279758
96279847
96279290
96279885
96279014
96279536
96279722
96279859
96279012
96279215
96279168
96279080
96279810
96279700
96279974
96279513
96279255
96279916
96279420
96279088
96279644
96279157
96279731
96279226
96279966
96279880
96279301
96279615
96279955
96279746
96279760
96279401
96279038
96279568
96279511
96279617
96279657
96279084
96279160
96279909
96279842
96279752
96279537
96279526
96279266
96279622
96279170
96279534
96279804
96279114
96279595
96279424
96279958
96279803
96279765
96279404
96279891
96279662
96279171
96279566
96279912
96279175
96279608
96279177
96279667
96279788
96279783
96279213
96279195
96279400
96279257
96279426
96279962
96279034
96279405
96279819
96279897
96279686
96279820
96279305
96279669
96279650
96279187
96279349
96279730
96279275
96279553
96279696
96279194
96279222
96279579
96279067
96279708
96279265
96279588
96279668
96279089
96279831
96279071
96279895
96279580
96279379
96279367
96279872
96279639
96279652
96279951
96279927
96279433
96279638
96279952
96279358
96279159
96279750
96279999
96279104
96279146
96279558
96279697
96279693
96279915
96279873
96279185
96279374
96279937
96279341
96279728
96279387
96279419
96279081
96279779
96279353
96279417
96279525
96279660
96279751
96279612
96279214
96279806
96279434
96279196
96279770
96279860
96279519
96279834
96279823
96279365
96279103
96279790
96279314
96279509
96279137
96279908
96279228
96279510
96279539
96279418
96279659
96279623
96279715
96279507
96279010
96279181
96279172
96279710
96279837
96279079
96279388
96279646
96279363
96279587
96279085
96279380
96279530
96279716
96279059
96279316
96279585
96279399
96279876
96279604
96279318
96279559
96279703
96279165
96279532
96279060
96279923
96279905
96279077
96279063
96279406
96279816
96279892
96279725
96279643
96279762
96279971
96279225
96279009
96279922
96279624
96279414
96279550
96279221
96279100
96279099
96279680
96279357
96279092
96279988
96279249
96279364
96279396
96279184
96279706
96279977
96279570
96279312
96279739
96279355
96279317
96279763
96279874
96279852
96279733
96279324
96279933
96279795
96279978
96279250
96279863
96279106
96279844
96279938
96279198
96279785
96279337
96279338
96279416
96279620
96279403
96279354
96279921
96279356
96279567
96279056
96279260
96279409
96279138
96279151
96279654
96279205
96279322
96279714
96279591
96279601
96279592
96279954
96279366
96279162
96279903
96279628
96279044
96279535
96279516
96279767
96279755
96279378
96279061
96279279
96279641
96279514
96279191
96279695
96279701
96279127
96279691
96279543
96279619
96279894
96279210
96279800
96279902
96279130
96279098
96279653
96279866
96279814
96279174
96279223
96279611
96279868
96279236
96279142
96279204
96279582
96279571
96279824
96279545
96279811
96279960
96279969
96279369
96279556
96279161
96279947
96279761
96279164
96279431
96279548
96279054
96279959
96279035
96279527
96279430
96279840
96279200
96279133
96279980
96279637
96279791
96279252
96279293
96279979
96279633
96279173
96279218
96279015
96279919
96279329
96279021
96279555
96279166
96279813
96279768
96279371
96279306
96279682
96279924
96279522
96279984
96279008
96279878
96279707
96279298
96279531
96279331
96279581
96279110
96279343
96279158
96279738
96279276
96279032
96279033
96279593
96279625
96279233
96279075
96279900
96279712
96279607
96279774
96279862
96279906
96279284
96279870
96279246
96279802
96279342
96279887
96279711
96279422
96279155
96279294
96279789
96279683
96279936
96279163
96279239
96279586
96279288
96279664
96279123
96279046
96279264
96279334
96279407
96279238
96279512
96279375
96279741
96279982
96279101
96279096
96279231
96279719
96279976
96279692
96279857
96279943
96279503
96279427
96279235
96279964
96279299
96279212
96279398
96279024
96279879
96279839
96279182
96279678
96279065
96279744
96279429
96279219
96279517
96279945
96279799
96279884
96279518
96279781
96279674
96279981
96279533
96279028
96279647
96279072
96279893
96279743
96279117
96279412
96279136
96279704
96279335
96279563
96279432
96279350
96279389
96279377
96279144
96279599
96279934
96279506
96279736
96279376
96279882
96279778
96279359
96279256
96279209
96279126
96279702
96279574
96279769
96279251
96279544
96279677
96279656
96279890
96279286
96279626
96279083
96279821
96279143
96279541
96279812
96279183
96279630
96279178
96279055
96279068
96279899
96279671
96279064
96279289
96279397
96279141
96279504
96279268
96279917
96279850
96279115
96279267
96279111
96279421
96279272
96279597
96279993
96279116
96279229
96279793
96279735
96279551
96279330
96279386
96279606
96279618
96279687
96279090
96279713
96279176
96279091
96279271
96279169
96279017
96279410
96279224
96279220
96279047
96279584
96279411
96279025
96279346
96279302
96279853
96279095
96279886
96279109
96279640
96279339
96279835
96279629
96279613
96279694
96279523
96279282
96279244
96279122
96279991
96279120
96279577
96279843
96279896
96279053
96279097
96279242
96279384
96279663
96279833
96279985
96279554
96279336
96279904
96279394
96279552
96279995
96279665
96279672
96279361
96279037
96279546
96279729
96279775
96279043
96279848
96279139
96279759
96279094
96279197
96279000
96279345
96279270
96279935
96279004
96279150
96279321
96279561
96279051
96279594
96279676
96279949
96279564
96279784
96279953
96279206
96279928
96279881
96279211
96279690
96279605
96279297
96279941
96279996
96279425
96279967
96279742
96279809
96279547
96279016
96279323
96279869
96279078
96279002
96279845
96279018
96279627
96279829
96279858
96279041
96279529
96279167
96279648
96279186
96279036
96279573
96279549
96279808
96279390
96279776
96279600
96279254
96279201
96279562
96279632
96279393
96279237
96279864
96279877
96279756
96279720
96279673
96279670
96279258
96279121
96279822
96279348
96279679
96279854
96279655
96279325
96279105
96279883
96279230
96279757
96279326
96279125
96279780
96279362
96279957
96279328
96279645
96279179
96279207
96279372
96279087
96279946
96279285
96279278
96279129
96279262
96279351
96279408
96279145
96279241
96279383
96279754
96279560
96279846
96279261
96279849
96279243
96279841
96279385
96279180
96279039
96279875
96279370
96279889
96279986
96279295
96279156
96279280
96279031
96279907
96279309
96279797
96279413
96279030
96279773
96279901
96279415
96279861
96279050
96279027
96279961
96279029
96279557
96279199
96279192
96279134
96279395
96279992
96279771
96279817
96279718
96279269
96279998
96279721
96279836
96279382
96279989
96279006
96279259
96279069
96279681
96279381
96279124
96279082
96279963
96279576
96279273
96279392
96279975
96279950
96279152
96279826
96279575
96279801
96279001
96279500
96279732
96279292
96279699
96279925
96279910
96279108
96279274
96279898
96279320
96279661
96279621
96279636
96279740
96279202
96279074
96279642
96279107
96279307
96279131
96279073
96279717
96279565
96279189
96279319
96279058
96279022
96279635
96279132
96279818
96279281
96279734
96279805
96279003
96279118
96279939
96279310
96279603
96279501
96279277
96279727
96279685
96279332
96279193
96279011
96279019
96279113
96279303
96279149
96279524
96279807
96279542
96279614
96279291
96279052
96279521
96279918
96279830
96279684
96279651
96279540
96279283
96279093
96279423
96279782
96279216
96279772
96279333
96279373
