35191726
35191842
35191003
35191484
35191403
35191934
35191860
35191898
35191873
35191368
35191786
35191702
35191901
35191178
35191056
35191216
35191486
35191826
35191626
35191232
35191532
35191700
35191567
35191096
35191495
35191434
35191830
35191691
35191988
35191436
35191469
35191303
35191745
35191475
35191360
35191990
35191677
35191263
35191212
35191985
35191116
35191863
35191474
35191184
35191049
35191738
35191794
35191222
35191427
35191776
35191255
35191308
35191323
35191849
35191106
35191674
35191052
35191410
35191200
35191870
35191859
35191938
35191176
35191380
35191595
35191354
35191973
35191033
35191536
35191571
35191580
35191576
35191507
35191625
35191819
35191251
35191042
35191191
35191198
35191721
35191699
35191909
35191913
35191076
35191297
35191392
35191755
35191614
35191487
35191867
35191409
35191669
35191343
35191768
35191195
35191098
35191295
35191814
35191730
35191356
35191847
35191593
35191610
35191829
35191416
35191329
35191783
35191002
35191154
35191355
35191089
35191180
35191797
35191587
35191401
35191598
35191633
35191000
35191684
35191107
35191695
35191848
35191519
35191335
35191750
35191013
35191012
35191477
35191334
35191090
35191888
35191589
35191500
35191596
35191522
35191841
35191607
35191602
35191659
35191731
35191117
35191640
35191030
35191720
35191179
35191464
35191683
35191319
35191627
35191008
35191428
35191081
35191097
35191654
35191749
35191539
35191352
35191370
35191077
35191419
35191840
35191751
35191729
35191442
35191082
35191994
35191717
35191701
35191728
35191837
35191183
35191922
35191194
35191579
35191510
35191741
35192130
35191026
35191658
35191935
35191275
35191890
35191254
35191713
35191059
35191846
35191636
35191759
35191175
35191902
35191672
35191936
35191989
35191771
35191647
35191899
35191605
35191094
35191590
35191620
35191556
35191050
35191108
35191631
35191855
35191565
35191655
35191045
35191843
35191502
35191358
35191087
35191521
35191649
35191498
35191215
35191104
35191381
35191237
35191286
35191980
35191921
35191967
35191506
35191563
35191290
35191616
35191451
35191816
35191925
35191760
35191057
35191548
35191570
35191080
35191641
35191481
35191488
35191850
35191177
35191544
35191471
35191746
35191438
35191578
35191955
35191526
35191363
35191213
35191891
35191911
35191321
35191997
35191492
35191714
35191910
35191582
35191804
35191694
35191795
35191939
35191758
35191311
35191823
35191831
35191025
35191207
35191555
35191972
35191630
35191024
35191331
35191259
35191623
35191784
35191300
35191111
35191102
35191968
35191095
35191617
35191511
35191785
35191591
35191880
35191515
35191947
35191535
35191756
35191182
35191754
35191313
35191459
35191223
35191219
35191809
35191447
35191838
35191294
35191186
35191824
35191693
35191603
35191456
35191520
35191422
35191264
35191834
35191876
35191646
35191431
35191835
35191706
35191226
35191396
35191211
35191283
35191036
35191044
35191662
35191686
35191347
35191960
35191402
35191350
35191501
35191513
35191320
35191315
35191387
35191821
35191100
35191868
35191543
35191667
35191609
35191204
35191314
35191413
35191948
35191851
35191597
35191031
35191353
35191245
35191299
35191230
35191019
35192165
35191192
35191004
35191881
35191657
35191038
35191820
35191449
35191271
35191074
35191246
35191425
35191736
35191929
35191739
35191547
35191879
35191001
35191577
35191926
35191460
35191218
35191979
35191248
35191250
35191196
35191193
35191429
35191051
35191054
35191235
35191523
35191531
35191991
35191585
35191058
35191895
35191328
35191807
35191715
35191930
35191418
35191018
35191468
35191340
35191953
35191414
35191070
35191889
35191811
35191723
35191345
35191399
35191966
35191552
35191514
35191618
35191553
35191301
35191270
35191369
35191032
35191615
35191712
35191493
35191956
35191206
35191293
35191817
35191446
35191405
35191753
35191558
35191257
35191015
35191920
35191864
35191375
35191327
35191274
35191349
35191812
35191262
35191400
35191112
35191078
35191977
35191366
35191316
35191153
35191430
35191907
35191796
35191382
35191969
35191866
35191265
35191845
35191330
35191525
35191660
35191426
35191791
35191415
35191608
35191093
35191963
35191171
35191861
35191384
35191629
35191833
35191725
35191611
35191485
35191862
35191802
35191534
35191505
35191298
35191908
35191241
35191490
35191735
35191239
35191325
35191234
35191209
35191220
35191029
35191858
35191079
35191439
35191109
35191931
35191685
35191770
35191550
35191959
35191733
35191269
35191398
35191307
35191569
35191836
35191822
35191420
35191652
35191284
35191458
35191103
35191236
35191680
35191266
35191238
35191664
35191393
35191764
35191478
35191904
35191581
35191466
35191893
35191159
35191394
35191389
35191928
35191663
35191941
35191872
35191010
35191896
35191240
35191557
35191651
35191806
35191305
35191205
35191156
35191906
35191788
35191944
35191233
35191933
35191084
35191995
35191782
35191174
35191016
35191724
35191281
35191635
35191411
35191336
35191339
35191575
35191092
35191856
35191642
35191181
35191007
35191190
35191954
35191064
35191971
35191150
35191687
35191516
35191900
35191091
35191562
35191158
35191815
35191302
35191227
35191022
35191322
35191406
35191790
35191189
35191976
35191606
35191671
35191946
35191170
35191047
35191546
35191113
35191114
35191292
35191703
35191775
35191818
35191208
35191337
35191673
35191604
35191675
35191917
35191027
35191372
35191249
35191463
35191637
35191853
35191886
35191065
35191528
35191957
35191072
35191450
35191118
35191857
35191291
35191897
35191978
35191903
35191766
35191915
35191312
35191813
35191005
35191231
35191732
35191572
35191648
35191068
35191151
35191529
35191083
35191653
35191568
35191453
35191217
35191827
35191221
35191476
35191408
35191367
35191101
35191718
35191229
35191542
35191600
35191621
35191697
35191261
35191258
35191810
35191279
35191601
35191318
35191828
35191371
35191748
35191792
35191774
35191984
35191046
35191678
35191433
35191247
35191395
35191554
35191040
35191041
35191185
35191584
35191443
35191011
35191444
35191919
35191187
35191777
35191088
35191918
35191105
35191545
35191961
35191645
35191333
35191875
35191388
35191632
35191285
35191157
35191952
35191225
35191676
35191793
35191905
35191376
35191927
35191661
35191480
35191883
35191744
35191267
35191540
35191378
35191152
35191099
35191757
35191773
35191780
35191277
35191865
35191361
35191945
35191282
35191743
35191483
35191696
35191573
35191202
35191252
35191634
35191878
35191473
35191937
35191445
35191950
35191789
35191346
35191332
35191362
35191053
35191992
35191586
35191761
35191781
35191060
35191787
35191924
35191559
35191075
35191549
35191877
35191021
35191844
35191326
35191650
35191710
35191048
35191509
35191644
35191524
35191359
35191964
35191533
35191537
35191437
35191707
35191504
35191932
35191763
35191769
35191364
35191734
35191940
35191491
35191949
35191882
35191432
35191467
35191778
35191825
35191465
35191982
35191338
35191203
35191309
35191854
35191975
35191874
35191965
35191043
35191067
35191006
35191348
35191551
35191983
35191342
35191885
35191201
35191317
35191421
35191805
35191698
35191690
35191711
35192147
35191424
35191668
35191268
35191665
35191679
35191304
35191404
35191916
35191440
35191737
35191999
35191742
35191613
35191970
35191260
35191489
35191017
35191306
35191341
35191435
35191912
35191772
35191628
35191884
35191612
35191762
35191374
35191682
35191560
35191390
35191951
35191379
35191344
35191034
35191063
35191799
35191719
35191197
35191276
35191801
35191253
35191727
35191832
35191385
35191214
35191643
35191377
35191869
35191155
35191705
35191564
35191566
35191397
35191272
35191228
35191894
35191383
35191624
35191986
35191716
35191472
35191020
35191839
35191039
35191622
35191278
35191448
35191666
35191530
35191351
35191958
35191638
35191503
35191028
35191009
35191119
35191452
35191172
35191722
35191061
35191457
35191287
35191289
35191073
35191461
35191454
35191752
35191499
35191740
35191808
35191993
35191541
35191852
35191470
35191599
35191689
35191296
35191412
35191987
35191588
35191407
35191479
35191037
35191708
35191767
35191704
35191062
35191280
35191110
35191996
35191482
35191974
35191365
35191656
35191496
35191256
35191688
35191210
35191357
35191035
35191199
35191871
35191517
35191085
35191243
35191188
35191765
35191942
35191923
35191417
35191681
35191779
35191462
35191386
35191639
35191173
35191066
35191455
35191512
35191887
35191494
35191692
35191943
35191288
35191242
35191423
35191892
35191670
35191069
35191224
35191244
35191273
35191803
35191594
