35192013
35192006
35192030
35192031
35192048
35192000
35192046
35192049
35192018
35192041
35192007
35192057
35192025
35192005
35192220
35192020
35192001
35192027
35192040
35192058
35192004
35192052
35192002
35192010
35192055
35192216
35192028
35192019
35192016
35192039
35192050
35192038
35192034
35192032
35192044
35192051
35192026
35192023
35192003
35192035
35192033
35192042
35192054
35192014
35192024
35192037
35192036
35192043
35192053
35192056
35192008
35192017
35192029
35192022
35192012
35192015
35192045
35192021
35192059
