82104402
82107443
82106773
82109672
82109838
82106765
82104494
82107532
82106762
82107352
82106810
82102897
82109743
82102933
82103475
82106624
82103526
82104339
82107358
82102964
82102769
82107466
82102666
82109877
82103476
82106649
82102601
82103051
82102775
82103568
82102745
82107461
82104464
82102990
82106803
82107459
82109608
82102887
82102621
82103094
82109616
82107503
82104571
82103446
82103514
82106774
82103566
82106744
82102913
82109890
82103482
82103430
82106631
82109916
82102661
82104507
82103169
82102612
82103157
82109668
82102910
82103354
82107333
82104366
82103181
82102780
82109683
82106768
82102938
82103507
82102617
82103512
82102638
82102958
82104360
82107448
82109969
82164345
82103590
82103356
82104458
82104575
82109656
82103379
82107537
82103595
82102801
82107517
82103092
82102673
82109879
82103452
82103104
82103480
82107310
82109885
82104544
82109750
82103338
82107556
82102996
82103006
82107501
82103160
82106637
82103305
82102705
82102814
82107563
82102649
82106828
82103339
82106690
82109828
82104445
82104530
82106719
82102611
82109854
82104559
82102716
82109960
82103576
82104401
82109664
82103330
82107589
82106722
82109840
82109773
82103464
82103034
82102985
82103351
82103375
82103166
82103598
82103108
82107348
82106749
82109795
82102929
82103100
82107354
82104413
82102909
82102797
82104459
82104400
82102944
82109938
82103417
82109691
82109986
82104538
82109942
82107346
82109751
82106758
82106730
82103536
82107458
82102751
82103004
82103451
82109730
82106755
82103466
82107512
82107534
82104545
82106769
82102955
82109779
82103142
82107509
82102822
82106634
82109867
82107436
82104312
82107578
82107596
82109725
82109671
82109932
82103449
82107540
82103179
82107303
82103033
82103301
82107531
82103156
82104495
82107567
82106807
82106757
82102732
82102634
82107376
82103347
82103080
82109734
82103143
82103543
82102832
82103551
82103441
82103432
82102999
82107482
82106741
82102937
82103567
82107444
82107577
82102624
82104386
82103022
82109823
82106600
82109719
82103592
82104313
82102700
82103048
82106806
82102871
82103485
82103309
82106736
82109835
82102941
82109778
82107433
82103533
82103304
82102867
82103370
82104415
82109852
82107451
82109663
82102946
82102720
82102927
82104307
82104478
82109657
82109821
82106689
82106613
82107594
82106855
82102757
82103436
82106653
82104403
82104593
82104474
82104581
82102695
82109655
82109940
82104594
82106850
82109930
82107408
82107579
82104414
82106620
82102837
82103188
82104390
82107407
82109602
82103539
82109889
82109897
82109882
82102753
82109604
82109665
82109956
82106647
82109904
82102608
82102779
82107576
82109747
82107528
82102842
82103487
82103553
82107316
82107474
82109611
82103401
82103368
82106713
82103352
82109839
82104372
82104520
82102975
82102816
82102888
82103366
82103055
82107424
82109692
82109975
82104412
82104591
82103565
82104316
82109939
82107486
82103056
82102885
82103318
82103479
82104534
82107380
82103455
82106831
82104480
82106771
82109868
82109871
82104300
82107300
82103324
82102747
82102859
82104440
82107590
82103540
82109804
82106698
82106878
82102758
82102644
82109830
82104310
82103431
82103057
82106658
82104383
82107572
82109653
82104502
82103323
82104583
82107571
82104326
82109992
82104566
82104374
82104573
82106752
82102987
82106639
82109865
82103380
82102810
82102671
82102839
82103008
82102660
82109966
82107341
82102772
82107541
82109785
82109953
82107559
82104371
82102733
82107476
82103572
82106766
82104362
82104432
82106739
82109699
82107397
82103194
82106693
82104475
82104321
82103419
82107304
82106654
82102795
82104352
82102734
82107323
82103311
82102677
82102862
82103557
82104546
82102632
82103404
82102907
82103030
82106606
82106650
82102643
82109922
82103585
82106763
82104399
82107416
82107550
82103440
82104533
82102850
82102723
82102890
82104585
82104570
82102833
82102784
82109976
82107367
82104503
82103434
82102725
82103384
82107446
82109643
82103474
82102692
82103177
82107398
82109862
82104465
82103495
82102892
82104391
82102727
82106700
82102893
82109654
82106829
82106738
82109769
82103410
82102627
82103492
82104555
82109717
82102674
82109646
82109803
82104351
82104323
82102845
82104368
82103439
82109648
82102600
82102869
82102669
82107554
82103481
82107481
82106865
82106835
82107379
82102710
82104320
82109788
82106857
82103161
82103059
82103527
82106819
82107454
82103074
82102629
82104588
82103574
82103511
82103052
82103406
82106717
82103118
82106789
82106851
82103302
82102656
82104470
82103483
82107359
82102730
82104490
82103508
82104394
82103159
82102967
82107373
82109716
82104553
82107434
82109988
82102898
82103020
82102844
82102706
82106626
82106742
82102891
82106814
82106686
82107599
82102719
82103408
82106635
82102765
82102992
82103165
82106839
82102746
82103579
82106623
82102912
82107406
82102808
82103348
82103319
82102670
82109689
82104389
82104561
82109825
82109675
82103488
82106860
82104485
82106830
82103061
82102866
82102856
82102908
82109737
82102712
82103433
82104565
82102788
82102623
82109791
82103117
82104446
82109979
82104487
82109805
82107460
82102688
82109727
82103329
82103593
82103127
82103378
82107494
82104453
82109810
82104527
82103505
82103082
82106898
82103126
82107549
82104336
82109968
82106661
82103049
82103477
82104567
82109673
82109666
82107565
82106627
82102865
82107544
82106660
82109918
82109681
82103189
82103005
82106643
82109607
82106809
82102754
82109931
82109949
82102667
82102874
82107422
82103456
82102879
82102843
82109874
82109614
82103162
82109720
82109824
82104380
82109816
82104357
82107560
82104369
82106675
82102824
82107337
82103185
82109695
82103424
82107478
82102647
82102625
82104419
82103453
82103336
82107353
82109844
82103307
82103346
82107435
82102756
82109674
82103058
82109634
82109757
82106786
82107365
82104343
82109628
82103435
82107335
82103542
82107483
82109836
82106812
82109914
82102703
82103597
82104587
82106849
82102886
82109878
82104580
82102911
82107395
82106745
82109995
82103032
82109641
82103583
82102977
82104572
82102972
82103016
82104511
82103083
82103069
82104516
82104365
82102736
82109843
82103129
82104523
82107472
82107390
82102610
82107508
82107558
82102935
82102855
82102894
82106709
82102668
82104556
82103041
82109678
82104381
82107513
82102789
82103105
82104549
82109849
82102943
82102685
82102791
82107309
82104404
82107325
82109892
82103120
82107415
82102976
82109869
82103478
82106780
82102811
82107378
82109688
82102602
82107374
82109612
82102728
82106861
82102741
82103588
82107502
82104488
82109775
82106754
82102773
82102799
82107368
82102880
82107328
82103131
82107527
82106813
82109736
82106725
82109921
82102651
82102604
82106747
82103398
82102768
82107345
82102739
82109638
82103116
82109621
82107307
82109989
82103517
82103345
82103556
82106629
82109702
82104354
82109650
82103350
82106862
82102853
82109764
82104375
82103534
82106893
82106847
82107564
82107484
82106801
82102631
82107362
82102735
82106870
82107329
82103594
82104443
82107318
82106858
82102956
82109891
82109746
82107522
82102954
82106746
82103174
82102680
82107510
82103103
82107445
82109962
82109682
82103335
82107387
82104501
82104547
82107584
82104578
82106728
82109690
82104558
82109706
82109950
82109887
82104596
82104340
82106683
82102970
82109629
82106641
82103317
82109696
82103471
82102715
82102676
82103358
82102704
82106614
82109651
82103407
82103085
82103554
82102628
82102729
82102691
82109991
82103031
82102980
82103017
82109792
82104364
82104489
82102973
82109977
82103349
82103314
82103413
82106879
82103130
82106799
82104309
82107455
82103561
82103125
82103191
82106630
82103581
82102724
82103180
82103550
82107360
82103457
82103133
82109768
82109920
82104525
82109806
82107546
82106729
82107356
82103167
82107331
82106704
82103454
82109658
82104363
82103312
82103325
82104421
82107551
82103510
82103128
82107469
82107557
82109990
82106703
82106868
82106884
82106827
82106671
82104349
82104586
82109973
82106628
82106846
82106798
82109978
82106735
82109993
82106877
82109767
82103528
82106759
82107372
82104304
82107463
82106873
82107529
82109728
82109911
82109783
82106714
82106826
82106652
82103073
82107498
82107320
82109771
82103096
82109723
82103393
82106890
82104550
82103394
82104590
82104560
82104496
82109906
82109694
82102858
82104529
82103369
82103026
82103342
82103520
82107428
82107426
82107514
82107439
82109902
82102847
82107305
82102653
82109763
82107485
82102854
82103065
82102940
82103140
82106750
82102748
82103315
82103414
82104444
82103364
82106669
82102701
82102931
82107421
82103321
82106605
82107491
82107568
82102665
82109872
82103547
82102654
82103500
82102763
82103310
82103438
82107521
82107548
82109684
82107574
82109649
82103361
82103415
82104477
82109970
82103558
82103331
82107470
82109837
82102607
82103149
82109635
82104512
82106622
82106871
82107492
82103164
82103472
82109829
82104595
82109876
82109864
82102809
82106607
82107389
82109721
82107490
82104469
82104504
82109951
82102962
82106670
82109624
82102633
82107468
82109753
82107525
82109639
82106787
82106659
82102875
82102635
82104395
82102860
82109881
82103145
82103144
82109998
82103044
82102639
82109761
82107440
82103509
82107497
82104541
82109782
82109686
82109894
82102776
82102762
82103506
82107473
82109883
82107405
82109603
82109831
82102983
82106760
82102857
82109929
82106764
82102868
82107317
82104535
82103470
82104408
82109941
82107441
82107420
82106672
82107322
82102841
82102936
82107410
82103011
82106853
82104500
82103099
82104499
82106701
82104493
82103484
82109928
82104452
82103097
82109802
82107414
82103391
82106674
82104519
82109789
82104422
82103337
82106772
82103381
82103150
82106667
82106691
82102648
82106770
82104431
82103409
82102835
82104548
82103037
82107487
82107520
82102873
82106825
82104540
82107587
82102960
82106854
82109924
82107392
82109609
82109905
82109927
82109793
82107383
82102615
82103122
82103584
82104338
82104576
82104441
82104471
82103450
82103088
82109711
82109644
82103340
82104379
82103411
82107326
82103089
82102883
82107597
82107570
82103148
82102738
82106815
82106866
82103146
82102957
82104515
82106756
82109873
82106848
82107314
82109965
82102971
82106782
82107547
82106797
82103313
82107499
82103427
82104517
82107427
82103468
82103114
82103418
82109718
82102717
82102829
82103063
82109662
82104302
82104524
82103420
82104434
82102827
82107523
82107336
82107334
82102614
82104552
82103447
82103504
82102743
82103012
82104332
82103025
82104557
82103009
82103538
82106886
82109652
82107418
82103403
82106609
82102782
82106666
82107593
82104308
82102812
82103066
82106610
82103465
82109980
82103523
82109961
82106685
82103463
82103461
82103075
82103443
82102998
82103077
82109772
82102807
82103086
82104306
82107399
82103494
82107561
82107471
82106695
82107530
82103003
82107409
82109600
82106615
82109866
82104574
82102790
82104439
82106699
82107465
82103178
82103190
82106822
82104387
82102650
82103308
82106711
82103170
82103563
82106712
82107338
82109615
82106775
82104563
82107480
82109983
82109813
82103493
82109971
82103392
82106796
82109917
82103360
82107361
82103184
82103113
82102722
82104454
82104335
82109733
82103187
82103516
82103367
82103502
82106852
82102658
82107504
82106681
82106684
82103545
82102696
82102622
82104410
82104579
82102749
82109631
82109697
82104577
82102861
82103445
82103119
82102882
82102922
82104531
82102678
82109807
82102731
82103405
82102613
82102939
82107312
82103425
82107467
82104456
82104426
82109740
82103462
82107437
82106642
82104377
82103376
82104347
82109670
82109859
82103158
82104438
82109745
82104311
82107330
82104356
82107402
82102995
82102877
82106777
82103141
82102609
82104427
82103015
82103068
82102679
82103115
82102760
82109698
82106721
82104564
82107442
82106880
82103175
82102950
82106804
82103473
82107562
82103341
82103332
82109786
82107386
82103388
82103064
82103591
82102778
82103489
82107404
82102626
82104542
82109895
82102721
82104345
82102708
82102687
82109640
82107535
82107475
82103132
82109967
82109660
82104562
82104481
82102918
82109799
82102681
82107347
82103522
82109620
82109848
82104406
82106651
82103562
82103503
82104513
82109637
82103426
82104472
82104373
82107363
82103045
82103087
82104428
82102686
82109605
82104554
82103139
82102662
82103303
82106648
82106891
82103124
82102709
82106748
82102787
82107301
82102966
82102949
82107388
82104468
82106817
82104370
82103387
82109632
82103076
82107518
82107524
82109944
82103490
82109801
82103091
82107364
82102796
82102766
82104425
82104331
82104314
82104526
82102993
82103060
82103193
82107526
82103575
82103199
82109759
82103198
82109981
82107319
82109832
82109846
82109935
82103343
82106602
82109853
82104473
82103035
82103399
82106732
82102930
82109774
82109959
82106612
82104367
82107515
82104460
82106692
82102800
82104305
82102689
82106899
82104420
82103548
82104325
82103362
82106837
82102899
82109842
82107327
82103182
82102690
82104355
82109899
82103028
82107438
82104416
82107450
82103530
82109903
82102934
82103586
82107583
82102702
82103531
82104337
82107456
82109948
82102697
82102914
82103111
82109708
82102896
82109964
82102997
82103322
82103078
82109814
82106888
82103582
82103070
82104384
82102846
82102659
82102963
82102683
82109741
82102663
82104324
82104463
82104483
82103024
82104455
82103560
82109954
82106836
82103019
82102698
82104539
82102932
82104506
82103334
82103577
82102805
82104433
82102864
82102781
82104398
82107366
82102905
82102718
82103102
82103320
82103093
82107592
82109687
82106646
82104327
82107536
82102764
82102794
82104498
82109855
82102820
82107569
82104518
82102951
82103023
82103072
82109963
82102921
82107403
82103013
82106645
82103014
82109845
82109700
82104597
82102991
82103095
82106603
82109781
82103046
82102878
82107506
82106767
82103589
82107479
82103071
82109817
82107581
82106874
82104543
82102802
82102675
82102978
82102640
82104405
82104417
82103138
82106668
82106724
82109999
82109784
82103385
82109850
82103172
82102636
82104476
82109633
82109856
82107382
82107500
82102920
82102641
82103459
82107464
82106800
82104569
82102646
82104462
82103163
82102655
82106723
82103573
82102798
82104385
82103513
82103525
82104466
82107371
82107488
82109926
82109946
82106734
82109925
82107566
82102952
82103491
82104492
82106727
82104447
82106656
82104344
82103390
82106708
82102984
82103400
82102657
82102761
82109623
82104376
82107586
82106676
82104409
82103171
82106821
82103067
82107349
82106677
82107401
82106702
82103053
82102819
82106838
82109707
82104479
82106892
82106863
82109913
82102785
82109752
82104353
82107588
82107321
82109800
82107340
82109893
82106832
82109732
82106743
82104551
82104430
82103377
82107598
82102828
82102672
82103036
82109857
82103372
82103029
82109819
82106737
82104505
82106761
82104484
82104328
82103515
82102771
82103344
82102803
82109755
82103389
82102817
82109886
82109934
82107449
82109880
82106665
82103501
82109749
82102989
82106616
82109796
82103326
82103444
82106733
82104449
82104393
82103327
82104358
82109748
82104382
82106678
82106636
82106779
82106619
82106805
82107311
82103580
82109613
82103373
82109787
82109667
82103397
82107315
82102923
82103147
82106872
82107370
82109659
82102848
82103090
82103155
82104423
82102618
82104333
82106663
82109626
82103518
82103109
82103007
82107413
82102744
82106816
82103359
82103054
82106718
82103423
82106621
82103355
82109610
82104315
82102915
82106820
82103112
82104346
82102630
82102682
82103371
82103460
82107519
82106706
82103039
82109661
82103396
82103421
82107591
82109919
82106788
82104508
82104448
82109936
82104521
82104510
82109847
82103192
82109680
82103042
82109985
82104317
82102620
82106894
82104532
82103186
82103101
82106753
82109726
82104397
82104411
82102793
82107351
82109811
82109669
82102605
82102948
82104491
82102863
82106604
82109884
82107552
82106859
82103571
82102792
82102603
82106864
82109780
82109851
82104301
82107396
82109820
82107542
82103021
82109955
82104361
82109896
82107580
82106679
82106617
82104342
82109617
82103151
82109776
82107495
82102925
82102707
82102840
82109900
82109645
82102711
82109627
82106823
82103010
82102974
82102947
82104451
82107429
82104522
82107308
82103499
82104322
82109898
82102742
82103429
82103001
82106856
82109809
82106790
82109622
82107539
82107585
82106844
82103569
82109619
82102926
82102876
82106784
82102767
82102900
82103428
82106705
82109703
82102684
82102713
82102902
82109601
82102759
82106716
82107350
82109943
82106633
82102969
82106811
82103134
82103498
82106687
82104388
82109909
82103532
82104536
82103043
82109958
82102838
82107306
82103316
82102818
82107496
82107533
82107457
82106657
82104319
82103496
82106611
82106680
82103136
82106833
82106707
82107538
82106601
82109744
82103437
82109777
82103084
82103098
82107339
82103555
82107343
82103552
82104435
82103521
82104457
82103564
82102942
82109770
82106785
82109952
82109834
82106720
82106783
82109982
82102652
82109705
82109677
82102770
82102813
82103469
82103529
82104407
82104334
82107412
82109729
82106638
82109618
82104318
82103081
82102664
82103176
82102988
82103519
82103402
82106781
82107477
82103382
82107332
82109704
82109907
82104497
82102637
82109642
82109808
82106876
82107381
82109915
82107419
82106776
82103110
82109818
82104598
82103386
82102714
82102755
82102872
82104392
82103123
82103152
82107447
82102924
82106640
82102959
82106726
82102830
82107394
82107313
82103002
82109833
82106793
82102825
82109923
82109647
82104537
82106655
82109758
82103422
82106875
82103559
82107543
82103596
82106794
82107385
82103497
82102737
82103570
82104482
82102642
82104396
82102928
82109984
82107553
82106802
82103000
82104330
82103374
82106662
82102968
82102693
82109974
82107355
82102906
82103137
82106824
82106731
82106608
82109738
82102786
82106625
82104303
82107324
82102981
82104486
82103546
82104584
82109636
82103363
82103537
82104348
82103106
82102823
82107516
82109754
82107452
82109815
82103306
82106808
82102774
82107423
82106791
82103599
82102979
82104568
82102806
82109957
82109722
82162247
82107400
82109860
82104509
82103442
82107417
82103153
82104528
82109676
82103328
82107430
82106818
82109679
82109910
82109724
82102870
82102965
82103578
82104442
82102961
82107432
82109742
82107462
82103038
82104359
82109937
82109625
82109756
82106834
82103383
82103154
82103300
82107411
82103544
82106887
82109841
82109901
82102834
82106740
82107545
82104467
82102826
82107375
82107384
82107573
82102821
82103524
82102884
82104514
82109870
82109863
82109701
82106696
82104329
82109762
82103018
82102777
82109794
82102815
82104341
82106715
82109739
82109760
82102783
82109858
82109790
82104450
82109798
82102836
82107344
82109797
82103541
82106778
82102645
82103333
82103357
82102916
82109861
82104461
82106632
82103173
82106694
82107377
82102895
82107393
82103121
82102740
82107582
82109945
82107342
82104599
82102694
82106751
82106688
82103535
82104582
82104589
82103587
82103395
82102851
82102889
82109908
82103448
82107357
82104436
82106792
82109933
82103549
82104424
82103467
82103047
82102606
82107507
82103365
82103107
82103412
82107302
82109765
82106644
82106697
82109630
82109731
82102616
82104592
82102849
82109996
82107425
82109822
82107511
82109685
82102750
82106618
82106664
82103458
82102804
82102994
82106889
82109735
82109766
82103135
82102752
82103353
82102852
82102953
82109875
82104437
82107369
82106682
82102699
82103168
82106710
82104378
82109715
82107453
82109947
82103027
82109912
82104418
82102881
82103040
82109606
82102726
82104429
82102619
82103062
82104350
82107595
82102945
82102901
82107431
82102831
82102982
82109972
82103050
