82102374
82107914
82108021
82102500
82105731
82105806
82107722
82107926
82105606
82102523
82105763
82104066
82102470
82102304
82102564
82108289
82107921
82102243
82105813
82102381
82108429
82107941
82105836
82102516
82107777
82108317
82102351
82108426
82104010
82107754
82107928
82105966
82105790
82108012
82102524
82102521
82104098
82105838
82108492
82102543
82108006
82102493
82107930
82105758
82107724
82102550
82102389
82102591
82107757
82107762
82102428
82108283
82107913
82105877
82107720
82105639
82108231
82104005
82108316
82108586
82102597
82102203
82105766
82102313
82107748
82102293
82102228
82105624
82108341
82107736
82102464
82102359
82108177
82102318
82108213
82105630
82108034
82105854
82108557
82107918
82105942
82102491
82108125
82105658
82108360
82105678
82102463
82102358
82108169
82107706
82102434
82108166
82104056
82108448
82102553
82108270
82102406
82102306
82105949
82108438
82102443
82107702
82102440
82108248
82105689
82104087
82108033
82108513
82108302
82105642
82107734
82107900
82108435
82102450
82108524
82108544
82108414
82108299
82102535
82105816
82102471
82105840
82108098
82102206
82105801
82104095
82108474
82108409
82105757
82104002
82102522
82105848
82108441
82108572
82108408
82102286
82108385
82102259
82102520
82108410
82105961
82102363
82105796
82105644
82108406
82105710
82105898
82102415
82102466
82102236
82102589
82105698
82102414
82108423
82105760
82104036
82104054
82108529
82102377
82104042
82104060
82108099
82102384
82108004
82102439
82108014
82104053
82107765
82102242
82102426
82105669
82108263
82102338
82105732
82107701
82104024
82107721
82105752
82105862
82104037
82108546
82107740
82104011
82108588
82108391
82105858
82108596
82102590
82105905
82108273
82102456
82102330
82104058
82102476
82104025
82108239
82102214
82108454
82105702
82105919
82102557
82105622
82107935
82105711
82108519
82105623
82102485
82108424
82102343
82105667
82102433
82108469
82102328
82108483
82102583
82107934
82105837
82105944
82102287
82105690
82104018
82105688
82102572
82108352
82108457
82108459
82102326
82108246
82102484
82102505
82104014
82102396
82104023
82108460
82105913
82108587
82104015
82108395
82107747
82105912
82105629
82108313
82102529
82105822
82105614
82105605
82102539
82105860
82108126
82102526
82105929
82108078
82108071
82108323
82102488
82108361
82108508
82102409
82107760
82107771
82108228
82102251
82102252
82105958
82105713
82107798
82108191
82102333
82102263
82108175
82108075
82108458
82108575
82102273
82108568
82107997
82105712
82105873
82107931
82105686
82105673
82108000
82102486
82107794
82108373
82105601
82105675
82102232
82102229
82108151
82108430
82108292
82105874
82102577
82108181
82102438
82102239
82108478
82105967
82105628
82105924
82102231
82108450
82105922
82102576
82105882
82107923
82105909
82102508
82108235
82108442
82108420
82105940
82105777
82102398
82104041
82108205
82105923
82108536
82102532
82108082
82105619
82108551
82108532
82108350
82108002
82102383
82108232
82102373
82105779
82105771
82108028
82108370
82108001
82105795
82102264
82107742
82102587
82104039
82102392
82102534
82108363
82108088
82105612
82108358
82102506
82108332
82105891
82108338
82102509
82102204
82104017
82105762
82105685
82102575
82105814
82102497
82108380
82102449
82105939
82108375
82105659
82104067
82105730
82108431
82102366
82108347
82108294
82108539
82107756
82108381
82102369
82105664
82105720
82102531
82102391
82102548
82108425
82102290
82102370
82107759
82108089
82102225
82108061
82102222
82102226
82102337
82108443
82102540
82108543
82104075
82108206
82108019
82108229
82102596
82104083
82108476
82102258
82102212
82108160
82107703
82108504
82105963
82108277
82105797
82105865
82108510
82102356
82102592
82107929
82108569
82104085
82102336
82105844
82108253
82108500
82105646
82104020
82108276
82105660
82108153
82105892
82104000
82104021
82108234
82108537
82107925
82108452
82102525
82108268
82102551
82108139
82104061
82108545
82105845
82102262
82108005
82108378
82105774
82108200
82102552
82108473
82108271
82102299
82108334
82102296
82105608
82102372
82108484
82108566
82102510
82104077
82102435
82107907
82108376
82108550
82108377
82102332
82104093
82105755
82102507
82108309
82105647
82108011
82102565
82102462
82108003
82108095
82105915
82104040
82107730
82102335
82107795
82105918
82107963
82102533
82108477
82107774
82104026
82102301
82105969
82108127
82105834
82104079
82107752
82102394
82105657
82105787
82105618
82105886
82105687
82108362
82108259
82102445
82102379
82107778
82105965
82105800
82108494
82108530
82105661
82105625
82105819
82108337
82108080
82108109
82104030
82105645
82105633
82108131
82102309
82105637
82107906
82107727
82108394
82108427
82102221
82105692
82105901
82108327
82105830
82102280
82105853
82102314
82107788
82108525
82105670
82108433
82108590
82102569
82108359
82108174
82108344
82105864
82108558
82108507
82102511
82105600
82108416
82108451
82105684
82105636
82108389
82102324
82108217
82107917
82102375
82105695
82105694
82107764
82108030
82102233
82105782
82108274
82102382
82108244
82105894
82102568
82107746
82102544
82102247
82102321
82104022
82107741
82102567
82102279
82102270
82105723
82108025
82102494
82104009
82102545
82105663
82102362
82108515
82105728
82108201
82105955
82104094
82102227
82102298
82105718
82102288
82105893
82107763
82102200
82108589
82102482
82108436
82105895
82102285
82102352
82105707
82108506
82108304
82102573
82105683
82102441
82102410
82104092
82108489
82108074
82108415
82108403
82105613
82105847
82108598
82102472
82105627
82104076
82108514
82102350
82105682
82105925
82108493
82108182
82105789
82102556
82102586
82108212
82108531
82108059
82108280
82102238
82108585
82108269
82105705
82102393
82107707
82108541
82104033
82108552
82108312
82108480
82105768
82107714
82105610
82108221
82108258
82105856
82102455
82104043
82102558
82108560
82102349
82107920
82108397
82102378
82102489
82102339
82107731
82105959
82102595
82108336
82102574
82105751
82107793
82108224
82108328
82107751
82102257
82108509
82108223
82108563
82102416
82108345
82102515
82105681
82102473
82102461
82102519
82107769
82108578
82108526
82107758
82105706
82108310
82105603
82102209
82105849
82104088
82108026
82102260
82105703
82105742
82102284
82102315
82108490
82108571
82107939
82108257
82105759
82102346
82104052
82102478
82102302
82108141
82105916
82102357
82108559
82102555
82108058
82102467
82108440
82102431
82102430
82102562
82107761
82105842
82108368
82107927
82105626
82104016
82102528
82108346
82108250
82108453
82102311
82108238
82108405
82102213
82102403
82102599
82105655
82102215
82104038
82108264
82102266
82102460
82102442
82102593
82102248
82105824
82102465
82108455
82105609
82105680
82105815
82108156
82102202
82102425
82108210
82105812
82104050
82102417
82102419
82102559
82108356
82108369
82102477
82105737
82108121
82108326
82108324
82108117
82108495
82105859
82102210
82108291
82108107
82108138
82108183
82105719
82104074
82108007
82102376
82102295
82108556
82108393
82102334
82107937
82105665
82105652
82105773
82108554
82108340
82104059
82102246
82102341
82108407
82108287
82108548
82102481
82108252
82108122
82105943
82108249
82108226
82105621
82108164
82108251
82108029
82108222
82104073
82102201
82104062
82105672
82108290
82108399
82102348
82102244
82107738
82108307
82108383
82108102
82108533
82105850
82105648
82108364
82108562
82104032
82102429
82105651
82102297
82105721
82105957
82102308
82104064
82108272
82108081
82102498
82108390
82104090
82108204
82108305
82102582
82102207
82102234
82108528
82102344
82104006
82107749
82108096
82105871
82102211
82104008
82105805
82104012
82108284
82105641
82107704
82108447
82108152
82107933
82108488
82108386
82105736
82102549
82105809
82107797
82105937
82108335
82108580
82108255
82105631
82105825
82102292
82108501
82102316
82108024
82105878
82108516
82102360
82108260
82102300
82102421
82108070
82105722
82105611
82102317
82107779
82102218
82105654
82108193
82102223
82102347
82108527
82102310
82102265
82108079
82102256
82105826
82108561
82102312
82108595
82107705
82108462
82105792
82108505
82102459
82102269
82105767
82105743
82108401
82102530
82102276
82102268
82105746
82104031
82102452
82108230
82108463
82102325
82102274
82105948
82104055
82108311
82102368
82107942
82108511
82105831
82108456
82105679
82107773
82105697
82107916
82105947
82108503
82108535
82102322
82102538
82108517
82102254
82108400
82108419
82108471
82108372
82102275
82102305
82108266
82105879
82102387
82108354
82102278
82102323
82105954
82108285
82105725
82107781
82105635
82104028
82105704
82104070
82105828
82107708
82108281
82105617
82105839
82108225
82108594
82102479
82108396
82102401
82108432
82105780
82108339
82108322
82108100
82108256
82108233
82105656
82102514
82104099
82107919
82108254
82102408
82102371
82105914
82108470
82108384
82107770
82108479
82102468
82108325
82102542
82105604
82107713
82104080
82105715
82105676
82102594
82108371
82108413
82108094
82102444
82102487
82108245
82107733
82107737
82108434
82104071
82105699
82108481
82108203
82105964
82104082
82104027
82102380
82105793
82104045
82102402
82105717
82108357
82105827
82105729
82102578
82108073
82102249
82108496
82108220
82108209
82105748
82108547
82105745
82102400
82108140
82105835
82105846
82102277
82108242
82108583
82108243
82107766
82102399
82102217
82108472
82105638
82102546
82105804
82102536
82108020
82104035
82102208
82105910
82108355
82105785
82105602
82105927
82108502
82102364
82108411
82102541
82108549
82105791
82107711
82105674
82105640
82102432
82107936
82102320
82105649
82102240
82102250
82108398
82105855
82102388
82105739
82104065
82107940
82105765
82105933
82102365
82102261
82105883
82108579
82107744
82102413
82108379
82105896
82104086
82102220
82102496
82108077
82108555
82108518
82102598
82102571
82102427
82108597
82108542
82108215
82108267
82108570
82102397
82102420
82108486
82104097
82102291
82105832
82107732
82108296
82105880
82108581
82102517
82102289
82104048
82108475
82108461
82102585
82102448
82108418
82102345
82105820
82105807
82108466
82102581
82105817
82108062
82105802
82108108
82108446
82105852
82108279
82107768
82104096
82102255
82102424
82108467
82105781
82108060
82108468
82108192
82108498
82104034
82105900
82105794
82105931
82108599
82102501
82107735
82102437
82108574
82108314
82102563
82102579
82105945
82105716
82105938
82105899
82105769
82105833
82105926
82105917
82105953
82104089
82105754
82107728
82104001
82108584
82102411
82102340
82102560
82107924
82108009
82104072
82108445
82108010
82105829
82107750
82102561
82107999
82105946
82105691
82102235
82102412
82108565
82108564
82104003
82105872
82108265
82105607
82102390
82108449
82105772
82102385
82105843
82108207
82105764
82108072
82107791
82105696
82102570
82107717
82108240
82108331
82102395
82108422
82102469
82108237
82105744
82105863
82108367
82107712
82102447
82108288
82108013
82105870
82108573
82107922
82102423
82102418
82108320
82102495
82102474
82102580
82108521
82102319
82104047
82108342
82108008
82102282
82108148
82108214
82104044
82108261
82108155
82102294
82108330
82102386
82105726
82102241
82102205
82105962
82104084
82107723
82105632
82102512
82107739
82108097
82108293
82108439
82102490
82108351
82107912
82105798
82102327
82108306
82102353
82102566
82102502
82108464
82108298
82108497
82108582
82108412
82105756
82102475
82108491
82105911
82105708
82102216
82105823
82108567
82108576
82108512
82108120
82102355
82108499
82105616
82102267
82105934
82102272
82105788
82108076
82102422
82108465
82105956
82102307
82108577
82108318
82108592
82105653
82102329
82108308
82105803
82105968
82108366
82108329
82108421
82105643
82108534
82108591
82105786
82108402
82108216
82102405
82108417
82108365
82107726
82105841
82108295
82108286
82108387
82108211
82102584
82102230
82105851
82105818
82105701
82105950
82108262
82108101
82104057
82102361
82105904
82104081
82108538
82108388
82104068
82108485
82105668
82108315
82108392
82102547
82102331
82102458
82108241
82102446
82102504
82102271
82104078
82105761
82105634
82105677
82104013
82108523
82108353
82102518
82107745
82105714
82108297
82108173
82102513
82105810
82104004
82108487
82105808
82102253
82107710
82102224
82105932
82107725
82105615
82108218
82108553
82105693
82105941
82108343
82105662
82102503
82104007
82102407
82102537
82107700
82102245
82108520
82102480
82105671
82105861
82105897
82107743
82102499
82105930
82102436
82102492
82107709
82105775
82104051
82105857
82108382
82108278
82104046
82108437
82105749
82108208
82107979
82105778
82108374
82108300
82108348
82107938
82107767
82108349
82107799
82107753
82105821
82108247
82102354
82108319
82105811
82102367
82108482
82107755
82104063
82108144
82104019
82108428
82104069
82105920
82102483
82105784
82104049
82105709
82102303
82108540
82102588
82102281
82102554
82108301
82105738
82105875
82104029
82108143
82102527
82105650
82108321
82108227
82108522
82105620
82107932
82108236
82105936
82102237
82108593
