82106445
82102153
82106503
82105517
82108999
82103201
82103274
82106311
82104813
82107270
82109555
82108919
82109342
82103758
82106322
82109351
82104629
82104901
82109216
82108633
82109296
82102194
82108641
82108972
82104734
82102121
82105365
82109539
82104706
82109388
82109421
82108788
82108954
82105464
82105441
82104819
82108979
82103819
82109583
82108776
82104782
82103873
82103850
82103805
82104793
82103230
82104979
82103903
82104897
82104822
82109156
82103822
82103687
82103715
82103846
82106407
82103624
82103994
82103216
82104635
82108920
82105329
82104869
82103297
82105482
82109352
82104708
82106300
82104721
82108998
82103626
82106380
82107276
82102185
82103772
82105492
82105592
82105545
82103206
82108611
82106415
82103740
82102154
82108605
82109062
82105429
82103887
82103618
82109480
82109223
82108765
82109302
82108872
82109113
82103685
82106404
82108650
82109364
82109139
82106442
82108629
82102111
82109574
82104790
82109178
82103214
82103236
82105427
82106384
82109103
82109401
82109578
82106492
82104666
82109402
82109431
82103831
82106500
82109197
82108793
82109065
82109304
82104634
82109007
82103704
82108680
82109340
82109309
82109295
82107230
82105394
82109104
82109049
82108785
82103694
82102139
82109221
82109426
82102103
82104749
82109158
82109055
82109111
82109544
82109120
82107240
82109520
82106437
82108986
82109112
82104887
82108747
82105435
82108994
82108640
82104806
82103761
82105496
82109059
82104759
82103282
82106498
82103936
82108651
82108744
82106381
82103200
82108763
82106521
82102166
82109325
82109441
82105452
82105499
82108838
82104879
82109237
82109172
82103935
82109217
82109053
82103753
82103228
82108985
82103675
82104643
82105558
82103611
82109376
82106567
82106536
82109121
82106455
82105597
82105386
82105325
82109579
82109128
82106316
82103710
82106386
82108742
82103672
82108731
82108937
82104996
82106590
82109457
82108618
82109270
82104664
82104642
82108912
82109186
82109366
82108989
82102144
82103601
82105502
82107257
82104868
82109056
82108697
82109404
82103737
82103272
82108980
82104744
82103603
82109562
82108726
82106423
82106335
82104788
82104687
82107212
82106368
82109368
82105453
82105564
82105326
82107219
82104883
82109276
82106406
82103667
82104807
82106354
82106378
82107211
82106414
82109597
82107235
82106419
82108992
82109166
82103655
82107204
82104939
82105413
82108683
82109305
82106465
82104902
82102106
82109513
82173597
82104951
82104858
82109284
82106453
82108690
82109553
82103745
82104923
82104660
82109204
82102122
82108787
82106553
82104702
82105512
82105420
82109145
82104848
82103680
82106398
82106587
82109335
82105477
82104954
82109415
82108717
82109040
82102193
82102102
82109171
82103836
82109489
82103294
82109591
82109356
82103656
82108884
82107242
82105411
82102108
82105448
82104671
82109563
82103795
82108662
82107205
82105396
82104716
82108887
82109329
82104846
82103692
82106393
82108703
82109456
82105318
82103812
82105383
82109088
82109510
82109542
82108832
82103702
82106374
82105412
82109138
82107231
82106594
82104977
82109242
82103949
82103643
82105574
82106370
82105428
82108991
82106317
82106314
82103757
82104738
82109392
82109134
82108790
82105327
82108810
82106396
82105550
82109483
82104733
82102116
82108710
82105319
82108718
82106330
82103678
82108882
82103234
82108878
82106377
82108934
82108917
82103679
82109561
82109353
82108636
82105305
82102101
82107228
82108626
82108601
82106410
82103769
82103845
82105377
82105425
82108969
82108983
82105590
82106356
82109169
82109203
82105341
82103660
82106533
82104604
82105522
82108982
82106504
82106385
82109000
82109425
82105513
82108649
82109175
82104830
82106366
82108770
82103909
82105468
82109277
82103646
82108620
82106463
82106405
82106551
82104698
82109199
82109472
82103904
82106509
82103644
82103215
82103913
82109590
82103248
82108653
82103645
82103735
82103665
82105407
82104761
82107289
82109034
82105335
82104763
82107297
82108779
82109593
82105450
82106327
82107251
82106576
82109205
82103938
82106400
82109572
82103780
82109377
82109599
82108875
82103947
82106562
82104727
82106477
82109312
82106324
82106332
82105578
82104622
82108861
82102183
82102113
82104732
82103919
82109222
82106496
82106413
82105387
82103832
82103888
82106353
82103981
82108713
82104746
82103976
82108775
82104712
82104972
82103881
82106489
82109346
82103700
82109071
82109438
82104754
82108830
82109405
82104787
82103905
82104624
82105360
82103874
82104946
82103281
82103898
82109140
82108881
82105503
82109273
82104784
82107222
82105480
82103920
82109046
82109323
82108975
82106582
82109585
82109213
82105582
82108833
82104724
82108795
82103730
82109052
82103854
82106554
82106305
82109343
82109588
82105573
82109311
82109350
82108631
82108607
82103844
82108783
82106540
82104823
82105378
82108990
82107209
82103901
82109260
82103885
82106373
82105398
82107273
82104655
82107238
82105431
82109367
82105361
82109349
82105521
82103785
82103604
82109030
82102187
82108958
82109419
82109581
82107239
82104609
82106573
82104770
82104757
82109374
82103238
82109288
82108817
82106307
82103937
82105583
82104882
82109167
82102176
82109523
82105320
82102137
82104949
82109354
82106516
82109422
82106491
82109133
82105588
82109227
82108801
82109306
82105467
82105560
82103774
82103796
82105395
82105475
82106401
82106313
82104840
82104942
82106362
82104870
82104956
82104821
82104679
82105549
82103839
82108615
82109257
82106303
82109560
82109338
82102132
82106565
82108886
82106372
82103817
82109126
82103288
82108730
82103892
82103894
82109022
82108727
82104726
82104641
82103766
82105459
82104982
82105301
82105303
82109246
82108961
82108905
82107207
82108748
82109559
82105454
82107259
82103662
82109176
82104796
82104899
82105457
82105430
82105514
82109424
82103705
82103252
82103841
82108947
82107244
82108664
82103661
82109096
82106589
82109198
82106487
82104649
82104695
82104769
82108970
82105515
82104981
82103605
82108759
82105523
82109524
82106484
82105415
82105501
82109251
82109492
82107246
82109174
82109507
82108976
82104943
82108922
82108860
82104924
82108728
82109547
82102195
82103917
82106435
82109266
82109226
82109231
82102178
82109162
82103242
82106344
82106584
82102115
82109256
82102160
82109184
82109482
82104909
82103980
82107223
82104861
82103861
82108754
82105439
82109258
82105416
82103217
82106560
82104952
82109010
82103829
82109300
82104615
82104851
82109577
82104756
82103627
82103858
82105511
82108714
82104891
82109500
82103895
82103218
82108836
82108648
82104766
82103682
82109014
82103703
82105388
82104610
82109077
82104938
82105506
82104853
82108809
82103684
82103210
82106309
82108745
82103241
82108676
82102156
82106441
82103258
82109465
82106420
82106333
82105571
82107290
82109084
82105449
82105328
82109476
82109380
82106315
82109153
82104818
82105474
82105399
82103924
82105313
82108891
82103813
82108645
82108932
82105556
82104703
82102174
82105543
82107224
82103257
82102112
82103778
82107250
82108660
82104968
82103619
82109008
82103657
82109155
82103866
82106505
82109596
82103278
82108647
82108802
82103932
82104739
82108973
82105438
82105447
82109589
82109355
82106559
82108746
82108729
82103260
82109157
82102130
82104910
82106531
82106452
82104860
82103953
82108634
82109460
82109328
82109348
82109341
82105491
82109078
82108885
82106434
82109179
82104894
82104648
82103783
82103727
82105311
82109268
82105345
82104808
82108625
82109230
82103883
82109545
82103771
82108889
82109537
82106429
82109114
82106338
82103765
82104636
82108604
82103615
82105589
82102175
82103267
82105525
82104688
82109313
82106549
82105353
82103907
82105331
82104864
82104856
82109363
82103882
82107247
82105384
82106535
82108906
82109567
82103696
82109333
82106475
82107237
82103203
82109362
82109412
82106432
82109048
82103712
82108716
82103940
82104630
82105469
82104794
82104654
82109394
82106557
82103759
82104999
82109291
82105495
82108708
82109262
82109207
82106558
82108995
82106365
82109147
82109506
82105497
82109530
82109318
82102181
82108867
82104850
82103639
82109235
82106308
82106454
82103239
82105436
82109233
82106523
82104937
82103782
82106597
82109584
82106474
82109504
82104667
82107225
82109098
82103751
82109117
82107274
82105371
82103784
82109410
82108644
82108796
82106438
82105486
82107262
82103676
82109320
82106375
82106339
82105359
82105461
82108723
82104755
82105434
82103770
82109259
82109206
82108737
82105487
82105479
82109087
82104602
82109122
82108781
82103677
82104652
82106337
82104935
82109094
82109209
82106592
82109383
82105372
82109580
82106552
82109321
82108706
82106348
82105534
82108855
82103860
82103918
82106568
82105364
82109433
82106302
82108939
82109211
82103722
82109029
82106450
82108829
82109177
82105581
82102163
82109095
82109336
82106577
82106513
82106574
82108699
82108751
82104617
82106390
82109033
82107260
82104709
82104922
82109493
82109037
82103650
82109006
82109543
82105352
82109301
82109453
82105481
82103205
82103701
82109316
82103613
82106326
82109118
82109236
82103654
82109541
82109339
82108951
82105392
82108842
82103880
82106389
82106580
82106341
82105483
82109131
82104699
82103755
82106528
82108743
82103284
82104878
82106369
82106570
82104644
82104862
82108852
82104792
82105308
82109491
82108675
82107268
82103633
82103871
82104781
82106345
82109097
82104966
82104936
82108890
82109528
82105381
82104705
82104849
82109281
82109100
82103699
82109183
82102123
82106417
82103617
82103688
82102131
82109386
82104917
82104619
82104797
82106519
82108769
82102114
82109050
82104627
82109459
82106395
82104694
82102128
82103825
82109090
82105586
82103974
82103245
82109330
82103638
82106323
82102155
82103606
82103996
82107221
82106572
82109432
82108773
82109357
82103855
82107243
82104684
82109576
82108981
82105471
82106379
82104701
82109557
82102143
82105498
82109454
82104719
82104827
82108918
82105440
82109444
82103864
82105368
82109210
82103952
82109307
82103815
82103929
82109464
82106548
82105456
82103747
82108894
82108822
82104798
82103942
82104718
82104811
82104714
82106485
82106351
82106522
82108950
82109452
82109026
82109105
82103821
82102105
82107248
82108750
82109063
82105382
82109485
82108600
82106476
82103820
82109044
82103930
82103614
82103865
82109278
82106546
82108715
82108847
82109214
82104632
82107275
82105557
82103610
82109051
82103255
82102170
82106488
82108948
82103635
82108672
82107252
82103254
82102142
82104768
82109540
82105337
82107291
82102118
82104957
82105537
82108997
82108669
82108925
82109127
82109160
82109107
82107203
82108873
82109497
82108957
82109413
82103950
82109253
82109066
82108764
82106399
82103209
82108910
82107295
82107266
82106340
82108612
82105505
82105533
82108724
82109072
82103211
82109116
82102199
82108977
82104600
82109436
82103999
82104845
82104735
82103714
82109239
82109536
82108766
82106517
82108685
82103977
82107296
82105324
82104825
82103889
82109025
82103958
82106495
82108953
82106466
82103741
82105373
82105554
82108771
82106436
82103824
82109598
82108942
82108760
82103691
82106527
82103652
82103222
82105547
82105414
82103734
82103659
82104911
82105380
82104725
82109396
82106529
82108968
82109191
82105332
82105344
82106391
82102124
82106421
82104751
82109185
82105437
82105567
82109332
82108825
82109473
82103856
82108988
82105408
82105367
82108778
82109360
82106394
82103793
82109267
82104729
82103731
82106412
82108896
82109152
82103609
82108671
82103270
82106469
82109102
82108712
82107227
82103736
82103789
82104603
82109043
82108668
82109575
82104905
82104983
82109004
82105587
82109248
82103800
82106525
82109058
82105553
82109070
82108756
82105593
82105333
82103621
82102136
82103708
82104842
82105405
82107234
82105561
82172174
82106539
82104965
82109407
82103225
82108876
82109324
82103810
82106318
82103733
82103275
82103828
82102179
82109161
82103879
82106494
82103719
82106440
82106588
82109208
82108811
82108627
82108892
82108923
82108614
82103912
82104730
82109101
82105355
82109074
82109595
82105579
82103893
82103649
82102197
82106359
82103997
82102168
82103664
82109038
82105314
82106506
82105338
82108914
82104675
82109190
82103612
82109232
82109279
82103975
82108931
82109005
82105463
82104836
82109345
82103802
82109149
82106510
82103788
82108755
82108689
82108702
82108674
82104810
82103948
82109136
82104908
82106371
82105424
82109079
82103607
82109289
82102186
82104919
82103891
82109249
82105330
82102140
82108632
82109531
82108741
82108610
82105304
82105321
82106460
82104760
82109550
82103939
82107253
82109287
82105366
82109551
82102196
82109150
82108707
82108837
82104884
82104762
82103742
82109370
82106490
82105426
82109393
82109123
82108962
82103760
82106478
82103264
82103689
82103833
82108907
82106364
82104780
82104852
82105446
82108780
82108602
82103713
82109009
82103931
82108902
82109408
82103848
82109069
82103748
82109400
82104713
82109250
82106310
82109331
82106508
82103928
82109265
82105538
82108768
82103693
82108666
82103787
82107216
82104677
82106507
82109303
82109509
82106402
82109228
82108974
82103292
82108816
82109582
82106346
82103290
82104829
82109411
82109282
82109135
82102162
82103608
82108941
82103697
82109137
82109001
82104903
82103925
82104874
82108679
82102158
82102167
82104745
82105401
82109195
82104786
82108993
82103724
82109298
82104877
82106545
82108643
82107267
82105323
82103767
82109384
82109515
82103900
82105443
82103756
82104843
82109148
82109045
82104628
82102100
82109314
82107236
82103636
82103283
82109462
82108678
82103955
82109032
82106473
82106439
82102172
82105357
82109275
82108732
82106328
82109180
82108705
82109109
82103911
82109594
82104944
82104831
82109468
82106537
82104876
82104611
82104994
82108719
82108904
82108908
82108915
82103718
82108900
82104815
82105509
82107215
82105531
82108740
82104967
82108888
82108871
82103916
82108606
82103208
82108955
82105548
82107245
82105507
82103823
82106461
82108791
82103776
82108859
82105403
82103681
82105527
82104803
82108638
82103709
82108622
82103968
82103243
82107210
82109002
82104993
82104955
82108851
82109057
82109263
82104926
82102120
82103640
82103246
82105310
82109488
82106467
82103791
82107298
82104686
82106538
82109023
82109496
82104653
82109218
82104728
82106403
82108870
82108849
82108956
82105418
82108827
82106447
82108935
82104658
82108971
82103869
82103298
82108869
82103600
82107269
82104692
82107264
82104689
82108949
82108725
82109274
82104741
82103280
82109108
82104947
82109427
82109151
82109141
82103867
82109494
82104888
82104945
82108792
82106479
82108616
82109481
82105354
82102129
82109254
82109168
82109317
82106544
82108901
82106418
82105575
82102150
82108663
82105519
82102164
82109173
82104817
82105374
82106306
82107279
82107202
82103247
82103227
82108877
82102126
82109308
82109414
82108646
82109490
82104711
82103637
82103262
82109382
82106367
82103943
82103768
82103923
82103616
82105518
82105433
82104656
82108895
82103723
82104783
82104904
82105470
82105307
82104737
82109194
82109125
82109337
82109219
82104605
82109467
82103857
82106334
82109039
82104855
82103299
82105375
82103219
82105591
82103806
82105594
82105529
82109067
82107285
82107292
82109527
82109381
82109130
82109271
82105385
82109385
82108897
82104913
82109061
82105404
82103972
82109390
82105302
82106425
82103884
82105490
82109379
82103922
82109538
82104801
82108856
82108978
82109554
82108863
82104865
82109017
82108621
82108814
82108848
82108868
82103811
82108824
82104932
82104927
82109019
82104665
82108628
82103602
82109587
82109252
82108613
82104832
82104896
82104804
82109437
82108670
82104620
82103951
82103842
82103969
82109517
82108701
82109011
82109292
82109451
82106358
82103954
82103622
82108926
82109092
82103287
82106350
82102104
82106409
82109129
82106422
82109247
82103651
82108667
82109546
82106325
82108757
82107277
82109327
82103859
82104752
82105476
82109187
82109403
82103231
82103647
82106520
82103674
82109532
82108782
82108840
82105478
82106448
82105599
82104940
82109041
82102177
82108800
82104785
82108835
82104906
82109434
82107255
82104795
82109503
82105363
82104750
82109028
82109522
82104889
82103706
82105489
82108655
82108752
82103852
82108946
82104682
82103642
82109021
82105493
82104663
82102117
82103779
82107261
82103250
82105300
82108635
82104659
82103863
82109115
82105530
82106355
82103266
82106376
82105397
82109119
82108722
82108864
82104775
82109189
82103807
82109420
82109334
82108692
82108940
82108736
82107249
82103259
82102138
82109106
82105369
82106472
82105585
82103673
82108700
82105535
82103220
82107213
82106569
82106456
82105445
82109085
82108963
82106579
82109486
82104915
82103926
82109047
82106550
82109534
82104809
82103743
82106493
82104992
82109533
82103739
82103809
82109443
82109369
82106502
82104631
82105536
82105539
82104743
82109016
82109471
82102192
82103773
82103764
82103726
82104838
82104871
82105339
82102184
82107286
82109477
82105488
82104893
82105348
82104740
82104837
82108709
82106543
82104623
82109110
82103945
82108761
82106526
82106342
82109146
82109165
82107232
82108850
82104638
82109429
82103628
82104715
82108938
82106542
82109568
82109387
82109571
82105336
82104881
82108928
82108799
82109449
82106561
82107288
82105334
82104833
82108924
82105393
82104618
82107233
82102198
82106480
82109163
82108841
82109516
82105451
82105520
82103732
82108673
82105576
82109398
82108853
82104616
82107294
82103750
82106426
82103249
82109409
82103207
82109566
82107220
82108845
82108688
82104773
82107208
82109505
82106352
82105566
82104661
82105508
82104941
82109501
82109294
82108711
82108619
82103670
82106524
82105577
82102151
82103666
82108929
82108639
82103251
82105417
82108960
82103868
82103663
82108686
82104742
82109439
82104717
82109024
82104690
82104696
82107282
82108967
82108789
82109372
82106591
82109461
82104964
82108691
82105598
82108804
82108815
82108831
82109093
82104920
82104826
82103720
82109234
82108834
82103902
82105544
82107271
82108819
82107218
82105376
82108739
82109229
82102146
82108684
82103934
82108609
82103847
82108984
82109255
82105410
82106470
82109201
82104953
82103671
82109290
82109003
82103799
82103658
82109243
82106486
82107272
82108767
82103690
82108805
82103946
82104651
82102125
82109132
82106515
82102141
82102165
82109018
82102171
82109440
82104601
82104857
82103840
82104697
82103906
82103982
82109535
82109036
82105409
82109280
82108854
82105465
82102161
82108637
82109315
82103818
82102180
82109244
82105351
82104621
82103749
82108909
82106397
82104872
82109322
82105423
82108687
82106581
82105528
82109080
82106482
82107200
82106433
82105389
82103830
82106383
82107229
82109060
82107214
82104835
82108913
82105406
82102110
82104985
82109442
82109193
82103914
82102173
82109397
82104693
82105458
82105379
82109054
82109518
82103957
82109529
82108797
82107217
82103915
82103293
82108677
82108720
82109326
82106593
82104886
82105510
82104841
82106583
82106320
82109344
82104895
82104767
82108843
82104912
82103286
82109395
82109020
82104640
82109417
82104772
82109450
82106388
82107226
82103229
82104991
82105306
82104921
82109423
82107281
82109474
82103959
82105402
82106312
82108794
82109495
82103792
82104828
82106336
82106304
82109514
82105419
82104612
82103837
82104626
82104914
82109358
82104731
82105316
82106444
82108608
82109558
82108617
82106547
82104998
82108749
82108812
82109261
82104820
82106301
82105400
82108966
82105442
82104866
82103271
82104867
82108965
82104722
82103707
82105312
82103781
82109241
82104614
82104747
82109347
82106586
82109416
82108693
82104639
82103235
82109159
82103843
82104898
82109212
82107258
82104657
82109285
82107278
82104647
82105555
82109519
82109428
82102182
82108821
82109283
82103803
82109375
82103623
82109240
82104662
82102134
82105580
82105350
82103910
82102189
82106585
82106331
82109272
82103899
82104934
82102109
82103728
82109565
82104916
82103875
82108808
82104892
82105356
82105460
82104668
82103631
82108661
82103630
82103853
82103941
82108682
82103870
82109478
82103801
82105532
82103237
82107287
82108820
82104933
82107283
82106392
82108899
82102133
82109293
82109406
82103295
82103790
82108738
82103711
82108652
82106462
82103725
82108866
82103668
82108803
82108826
82106321
82109447
82104681
82109319
82108623
82105444
82109470
82104776
82109196
82108818
82104736
82106598
82103634
82109564
82104928
82103872
82109238
82102190
82103244
82109286
82102127
82106347
82109089
82109526
82109224
82104691
82106431
82108844
82108857
82108813
82109220
82108777
82104678
82104650
82109015
82104925
82109035
82109073
82103269
82106599
82103862
82109463
82103204
82103834
82108933
82103717
82107293
82106361
82109373
82109027
82104707
82103777
82106319
82109076
82108630
82103797
82107280
82109144
82109479
82104765
82109469
82105596
82109264
82109245
82109448
82107206
82104758
82103851
82109182
82106501
82109012
82103816
82103849
82108758
82105584
82108839
82102188
82109297
82109525
82109188
82104637
82106518
82109124
82105346
82109299
82105317
82108806
82108828
82103226
82106530
82105322
82103897
82103261
82103956
82105500
82103804
82106483
82108721
82105315
82108823
82109391
82108772
82103641
82109548
82104873
82105485
82109521
82109487
82109475
82106468
82106382
82104764
82108916
82104704
82104633
82103933
82104672
82109511
82104613
82108698
82108603
82103808
82106363
82108987
82103291
82109556
82108883
82108786
82106578
82104950
82103277
82109430
82106556
82104847
82109361
82109389
82103296
82103268
82104805
82108927
82103927
82104948
82103276
82105541
82107254
82103232
82105340
82106408
82103625
82106343
82108880
82103744
82106360
82103620
82109455
82105455
82102191
82103686
82104685
82105504
82103279
82109031
82105362
82104890
82106424
82109435
82103775
82104723
82105516
82104824
82103921
82106428
82104900
82103826
82105572
82109502
82109181
82103212
82108943
82105540
82109586
82105342
82104608
82103273
82102107
82104844
82106499
82104799
82105421
82106416
82105391
82105343
82105347
82109570
82108945
82109484
82103878
82109498
82102157
82104929
82108695
82104880
82102169
82108665
82109508
82103213
82106471
82109170
82105473
82109549
82103233
82103798
82106541
82103729
82103240
82108936
82103835
82107265
82104875
82106464
82109042
82109143
82106329
82108735
82103629
82109082
82103224
82103838
82104789
82103794
82109192
82104931
82104859
82107299
82108654
82103265
82109512
82104646
82109099
82103814
82108911
82104997
82103752
82109466
82103289
82104854
82108798
82104995
82109418
82103648
82103896
82108704
82103263
82106555
82103993
82104802
82104680
82109075
82108681
82105526
82109142
82105595
82103221
82106387
82109365
82108903
82109310
82108930
82107256
82108762
82106595
82104710
82103746
82106571
82105551
82108696
82106534
82108898
82106563
82106564
82105494
82109064
82105559
82104814
82103908
82106596
82104606
82104676
82109091
82108858
82104753
82105570
82105309
82105524
82103973
82103738
82109378
82106430
82109086
82108944
82105390
82103653
82104720
82102145
82103763
82104812
82105568
82106443
82108996
82105466
82104674
82103721
82103202
82103944
82103890
82109081
82105370
82106349
82109154
82102135
82103632
82105349
82105472
82109215
82104963
82106427
82103877
82103683
82105546
82108964
82104816
82103253
82109164
82109446
82102159
82109083
82108774
82104918
82106511
82104791
82103762
82108807
82106411
82106566
82106449
82105462
82107284
82103695
82108921
82105422
82104800
82105552
82106512
82104607
82104907
82103876
82104748
82104930
82109371
82104885
82108865
82108734
82109592
82103698
82103716
82109552
82108874
82103754
82107241
82109399
82109068
82109569
82108893
82103786
82103223
82104669
82109359
82108959
82106357
82108846
82103285
82105358
82104645
82103967
82108862
82106575
82103886
82108624
82108642
82106514
82106481
82108753
82109013
82105432
82106532
82103669
82108784
82104670
82109269
82106451
82108879
82108733
82109445
82108694
82108952
82105542
82103827
82104779
82103256
82109458
82109573
82105484
