82105161
82105106
82104103
82105097
82107158
82107678
82105292
82105070
82105048
82105126
82105025
82104133
82104254
82104127
82104114
82107111
82104115
82105128
82107190
82104153
82104259
82105195
82104187
82105208
82104182
82106218
82105147
82105079
82105218
82102061
82102002
82105259
82105231
82106232
82105135
82104173
82107613
82104128
82105074
82105053
82102096
82106255
82105115
82105295
82105094
82106234
82105044
82102001
82107683
82106279
82104211
82105158
82107682
82107113
82105073
82102032
82106243
82105241
82105238
82105047
82107663
82104143
82107177
82104107
82102044
82105096
82105145
82104224
82107137
82107185
82104157
82105099
82104243
82102021
82104199
82105056
82107616
82107100
82107644
82105171
82105103
82106238
82106214
82102000
82104155
82105012
82105004
82107121
82105009
82107161
82104270
82105014
82102036
82104274
82106263
82104296
82106290
82105007
82105020
82107674
82105276
82104186
82102060
82102022
82104169
82107646
82105199
82104130
82106201
82106207
82107631
82104179
82104257
82105119
82106280
82105176
82104249
82104184
82107641
82105127
82104240
82107610
82105019
82105268
82107196
82105275
82107601
82105214
82105036
82107131
82104207
82107673
82104117
82106264
82105243
82105256
82105050
82107124
82104219
82107170
82105043
82107115
82107199
82104217
82106241
82104125
82107130
82102080
82104237
82105204
82105221
82102074
82105186
82105093
82107119
82104227
82104269
82105296
82106205
82106244
82104235
82107136
82107696
82107666
82104108
82104263
82105181
82102079
82105152
82104231
82105196
82105038
82107176
82102076
82107118
82107662
82104251
82104267
82105166
82105280
82102062
82106226
82106236
82105205
82106221
82107172
82105262
82106212
82105037
82105223
82105177
82104258
82105121
82102077
82107106
82104190
82105198
82105151
82107684
82105032
82107676
82105239
82104147
82107660
82104131
82104168
82107191
82102089
82107181
82105089
82107604
82102090
82105011
82105216
82102012
82105182
82107619
82106299
82105178
82104140
82104232
82104275
82107159
82107184
82102064
82106267
82104285
82102056
82102070
82104223
82105138
82105122
82104142
82104192
82105018
82105248
82106275
82105160
82107609
82107116
82107151
82102016
82106291
82105149
82105293
82105201
82107628
82107612
82106239
82105269
82105087
82104282
82104148
82105285
82106254
82106253
82107665
82105185
82105203
82105191
82107156
82105206
82105215
82105228
82104137
82105289
82107149
82104138
82107192
82104206
82102033
82104156
82105157
82105264
82105156
82102029
82104134
82104261
82107179
82102054
82105111
82107120
82107195
82106235
82105118
82107652
82104145
82105130
82106261
82105188
82106220
82104102
82105124
82104191
82105299
82104210
82102007
82106211
82106257
82107608
82107695
82105028
82104242
82105006
82102004
82105075
82104252
82106216
82105273
82107635
82107671
82105168
82104175
82106245
82105207
82102024
82105219
82104203
82107685
82105227
82105136
82106258
82107651
82105001
82105142
82107101
82105235
82105112
82106270
82104105
82104183
82107688
82104264
82105105
82105175
82104281
82105057
82102042
82105140
82105084
82107679
82107648
82107661
82104154
82105260
82104113
82104284
82107183
82104214
82107103
82107637
82107643
82107658
82102048
82107133
82105008
82107178
82107638
82107677
82105174
82105245
82105229
82105081
82105113
82104158
82105100
82107689
82105197
82102030
82105266
82105129
82105237
82105170
82106210
82104189
82107647
82104268
82104288
82105033
82105282
82104172
82104290
82104170
82105173
82106292
82102039
82107155
82105076
82105049
82106209
82102071
82107614
82105090
82104174
82102018
82107107
82105164
82105052
82104225
82105247
82107627
82104164
82106266
82104120
82107675
82104152
82102037
82106247
82105233
82105134
82105244
82105120
82104205
82107672
82106269
82107634
82107129
82107630
82105034
82107686
82104146
82105153
82102065
82105187
82105159
82107654
82105251
82104246
82102066
82105179
82102081
82104100
82106282
82104239
82105184
82105143
82104135
82105297
82107135
82105003
82106284
82107134
82104255
82105224
82106281
82104236
82107618
82106285
82107153
82102055
82107621
82107150
82106228
82104228
82105022
82106222
82106230
82105005
82105059
82105069
82107650
82107102
82102046
82102083
82107144
82106251
82104141
82107607
82106277
82107600
82106276
82105193
82104193
82105061
82105067
82106229
82104118
82107632
82104287
82106246
82106260
82104204
82102078
82105172
82105144
82102003
82106297
82105165
82105058
82104226
82107664
82104241
82107167
82105137
82106293
82105146
82105226
82105257
82102069
82104119
82104123
82107182
82105252
82105278
82105162
82105035
82105267
82106215
82102015
82104188
82107681
82107145
82102009
82105078
82104279
82105279
82105265
82107617
82105242
82107174
82107142
82104234
82107126
82107687
82105055
82104163
82104159
82104196
82104266
82106288
82107189
82107602
82107649
82104149
82107657
82107166
82102014
82102045
82106242
82106278
82104101
82102027
82104132
82102057
82105077
82106298
82104198
82107147
82107128
82105108
82105211
82104298
82106273
82106213
82105277
82104150
82104250
82105220
82102017
82105082
82102020
82105117
82107122
82102025
82106286
82105254
82105232
82105109
82105274
82107105
82105104
82107655
82105062
82102010
82107140
82105192
82104299
82105054
82106231
82105291
82107194
82107154
82107160
82105002
82105209
82105045
82107642
82104212
82107193
82105281
82104278
82104178
82107625
82105286
82105040
82104126
82104208
82105046
82105234
82104180
82104289
82107636
82104104
82104109
82106233
82102028
82106227
82105202
82104221
82104166
82104276
82105284
82104277
82107603
82107163
82102026
82104213
82107659
82104139
82106295
82102050
82102047
82104292
82107138
82106204
82107148
82102008
82104194
82106256
82104136
82102082
82106208
82104162
82104171
82105154
82104209
82105139
82105189
82104202
82104220
82105155
82107139
82106296
82102088
82102068
82102043
82105024
82104160
82107697
82104121
82105013
82104283
82104122
82105212
82102084
82104291
82105068
82102049
82104181
82105041
82104293
82104230
82105110
82105141
82106224
82107108
82105148
82105131
82104112
82105066
82107186
82106237
82107611
82105042
82107110
82102006
82105083
82104233
82105088
82106287
82102005
82105194
82104280
82102063
82107164
82102094
82104215
82105051
82104272
82106240
82105249
82104262
82107123
82102059
82107645
82106217
82102087
82105065
82105125
82105283
82105116
82107141
82105030
82102035
82107125
82104200
82105258
82105016
82107668
82104218
82105222
82107653
82105213
82107127
82107187
82107656
82105255
82105250
82104161
82107680
82102067
82105288
82105017
82104265
82102019
82105236
82106219
82105210
82104111
82107629
82106223
82104144
82107623
82105114
82106206
82105132
82107109
82105271
82107624
82102051
82107114
82105272
82102073
82107615
82105167
82104176
82107633
82106274
82105261
82106262
82107146
82106202
82106265
82102013
82104124
82105217
82107626
82105163
82105298
82107175
82105071
82102075
82106249
82105091
82105031
82105085
82105095
82107669
82105102
82104110
82107112
82106294
82105063
82105287
82105021
82106250
82104185
82104229
82107169
82107162
82107117
82105263
82104222
82105133
82106268
82104201
82104297
82105092
82104260
82104294
82102011
82104248
82105180
82105026
82102058
82106203
82105290
82104256
82107620
82105270
82102093
82107171
82104238
82104216
82102052
82105015
82107639
82102034
82107640
82104151
82105107
82102095
82107173
82102085
82104244
82104253
82104165
82104271
82107180
82105060
82107667
82105101
82107622
82105253
82105000
82107168
82107157
82104167
82107104
82104197
82107188
82105039
82107152
82104106
82104129
82105064
82104116
82104247
82105169
82105029
82105230
82105246
82102086
82105183
82104245
82105294
82106248
82105225
82102053
82102023
82104295
82105023
82105190
82107132
82105098
82105240
82102031
82105080
82106283
82106289
82107605
82102041
82104177
82105123
82107143
82102098
82107197
82107165
82105150
82105027
82102038
82107670
82104286
82104273
82106252
82106272
82106259
82106225
82104195
82106271
82102040
