58416840
58426771
58426409
58426226
58416454
58416011
58416192
58416052
58416758
58426686
58416724
58416496
58416604
58426580
58426431
58416964
58426193
58416537
58426430
58416733
58416442
58416504
58416416
58426876
58416431
58416145
58426182
58426466
58416863
58416904
58416067
58426943
58426941
58426001
58426884
58426034
58416176
58416822
58426695
58426931
58416169
58416987
58426634
58426784
58416412
58426744
58416111
58416540
58416130
58426236
58416280
58426238
58426441
58426038
58416168
58426534
58416789
58416289
58426045
58416989
58416144
58426450
58426504
58416768
58426153
58426268
58416131
58416271
58426362
58416001
58426036
58416347
58426306
58426969
58426908
58416819
58416379
58416236
58426926
58416894
58426764
58416476
58416017
58426405
58416581
58416177
58426181
58426758
58416881
58416117
58416141
58426562
58426118
58416090
58416241
58426129
58416654
58416358
58416599
58416012
58426781
58416672
58426983
58426477
58426340
58426219
58426760
58426678
58416375
58426404
58426644
58416993
58426356
58416423
58426391
58426865
58416092
58426339
58426816
58426107
58416005
58416828
58416702
58426044
58416791
58416751
58426746
58426654
58426021
58416355
58426295
58416151
58416248
58426170
58416876
58426461
58416124
58426964
58416891
58416102
58416737
58416825
58416931
58416584
58426674
58416036
58416473
58426112
58416908
58426625
58416552
58426702
58416739
58416859
58426596
58426087
58426577
58426609
58416961
58426892
58426547
58416184
58426290
58416408
58426017
58416531
58416433
58416411
58416030
58426478
58416958
58426125
58426571
58426144
58426217
58416195
58426121
58416870
58426102
58416602
58426737
58416647
58426550
58426342
58416762
58426047
58426057
58426848
58426046
58426421
58416812
58426906
58426192
58426080
58426762
58426475
58416875
58426938
58416097
58426673
58416466
58426243
58416868
58426630
58416741
58426444
58416649
58426018
58416245
58416244
58426173
58426715
58426684
58416055
58426789
58426842
58426070
58426130
58416933
58426978
58416003
58416969
58426626
58426554
58416646
58416489
58416421
58416999
58426496
58426015
58416047
58426535
58416624
58426434
58416827
58416317
58416182
58416759
58426272
58426584
58426141
58426786
58416714
58416286
58426594
58426323
58426988
58416653
58426666
58416207
58416199
58426643
58416695
58416515
58416595
58416027
58416506
58426541
58416451
58416354
58426729
58416550
58426494
58416449
58426433
58416009
58426146
58416917
58416594
58426537
58416389
58416919
58416119
58416634
58426959
58416128
58416297
58416687
58416689
58426819
58426324
58426519
58426307
58416521
58426064
58426032
58416223
58416478
58426794
58416021
58426516
58426558
58426752
58426573
58416745
58416915
58416351
58416994
58426837
58426258
58416853
58426385
58416143
58416329
58416572
58426321
58426606
58416482
58426216
58426724
58416164
58426540
58416447
58416988
58426086
58426536
58416772
58416929
58426468
58416795
58416172
58416498
58416288
58426708
58426025
58416212
58416690
58426325
58426445
58426068
58416060
58426283
58426346
58416285
58426945
58426042
58416946
58416272
58426487
58416480
58416545
58426049
58416511
58426055
58426511
58416780
58426361
58416788
58426851
58416024
58416834
58426353
58426425
58416125
58416305
58426091
58426635
58426791
58426700
58426229
58426176
58416722
58426250
58416566
58426126
58426873
58426901
58416703
58416781
58416377
58426587
58416427
58426348
58416486
58416344
58426588
58426187
58426211
58416041
58426004
58416598
58426063
58416397
58426472
58426031
58426240
58416561
58426539
58426327
58426555
58416508
58416405
58426115
58426936
58416831
58416664
58416858
58416322
58426208
58416603
58426128
58426883
58416526
58426677
58426522
58426465
58416254
58426958
58416583
58426578
58416324
58416083
58426854
58426989
58416609
58416150
58426897
58426003
58416050
58416644
58426269
58426373
58416966
58416253
58416667
58416895
58416750
58416267
58416851
58416726
58416023
58426973
58416086
58416798
58416217
58426871
58426228
58426928
58426903
58416530
58416676
58416857
58416058
58416081
58416343
58416907
58426886
58426694
58416616
58416543
58416370
58426818
58416279
58426067
58426077
58426092
58416225
58426641
58416331
58416906
58416826
58426416
58426647
58416500
58426227
58416738
58426670
58426881
58416755
58426987
58426659
58416767
58416161
58426493
58416591
58426135
58426836
58416747
58416336
58416717
58426769
58416162
58426774
58416656
58426367
58426867
58416813
58426117
58426636
58426471
58426979
58416685
58426175
58426407
58416560
58416625
58426719
58416815
58416352
58416700
58426079
58426246
58416139
58426372
58426687
58426071
58416997
58426645
58416323
58416912
58426622
58416401
58416337
58426701
58416756
58426050
58426806
58416920
58426056
58426658
58416752
58426614
58426597
58426028
58426994
58416951
58426968
58416626
58426972
58426009
58416495
58426174
58426993
58416407
58426206
58416639
58426158
58426501
58426276
58416373
58426783
58426632
58416483
58416469
58416388
58416742
58416257
58426893
58426023
58416056
58416309
58426923
58426288
58426312
58416582
58426875
58416205
58426552
58416166
58416773
58416044
58426710
58416558
58426763
58426532
58416453
58416554
58426234
58426559
58426248
58426629
58426395
58426720
58416252
58416472
58426716
58426613
58416766
58416650
58426754
58426526
58426900
58426831
58426484
58426951
58416221
58426024
58426946
58426631
58426190
58426462
58426850
58426149
58416159
58426514
58426120
58426384
58416848
58416091
58426691
58426180
58426735
58416499
58416042
58416211
58426963
58416424
58416391
58426790
58416163
58416615
58426531
58416796
58416890
58426249
58426349
58416652
58426446
58426952
58426862
58416533
58416913
58416867
58426066
58426424
58426394
58426051
58416311
58416869
58416944
58416505
58416746
58416326
58416844
58416996
58416112
58426199
58416777
58426768
58426481
58426196
58426281
58426232
58426668
58426853
58416835
58416544
58426860
58426566
58426917
58416415
58416503
58426693
58416479
58426440
58416888
58416497
58416402
58416678
58426427
58426662
58416642
58416549
58416404
58426646
58426776
58426220
58426100
58426095
58416339
58426665
58416136
58416570
58426310
58426533
58426709
58426798
58416718
58416296
58416287
58426576
58426257
58416470
58426358
58416715
58426675
58416274
58416947
58426697
58426939
58426770
58426574
58426492
58416735
58416079
58416063
58426628
58426403
58426247
58426520
58426506
58416494
58416843
58426591
58416707
58426075
58416502
58426599
58416882
58426309
58426169
58416732
58426160
58426344
58416877
58416684
58416073
58426363
58426291
58426457
58426838
58426699
58426528
58426780
58426341
58416376
58416233
58426801
58426845
58416018
58426490
58426491
58426859
58426016
58416417
58416820
58416633
58426722
58416959
58416903
58426041
58416227
58416189
58416698
58416551
58416805
58426060
58416348
58416701
58416174
58416542
58416448
58416372
58426333
58416203
58416095
58426648
58426672
58426779
58426995
58426218
58416628
58426757
58426251
58426203
58416298
58426603
58416601
58416240
58416108
58426751
58426913
58416014
58416998
58426633
58416674
58426005
58416845
58416104
58416471
58426207
58426382
58416488
58416457
58426225
58426882
58426948
58426488
58416123
58416191
58416170
58426615
58416383
58416380
58416460
58416992
58426828
58426200
58426544
58416986
58426277
58426318
58416666
58416013
58416190
58426568
58416318
58416974
58416231
58416395
58426151
58416080
58416518
58416129
58426332
58416020
58426111
58416019
58426043
58426962
58426157
58426750
58416266
58426415
58416350
58416578
58426253
58426439
58426114
58426289
58426742
58416490
58426739
58426595
58416612
58426245
58426244
58426869
58416838
58416487
58416579
58426849
58426191
58416333
58426713
58416784
58416611
58416671
58426019
58416836
58426094
58416210
58416197
58426027
58426392
58426345
58416007
58416638
58426052
58416991
58416512
58426579
58426982
58416049
58416686
58416774
58416444
58426402
58426259
58416786
58416390
58426676
58426168
58416963
58426618
58416832
58416015
58426829
58426830
58416943
58426961
58416939
58416585
58426447
58426823
58416854
58426414
58426601
58416657
58426048
58416704
58426902
58426108
58426201
58426766
58416960
58416887
58426260
58416675
58426265
58426813
58426417
58426679
58426040
58426866
58416413
58426586
58416040
58416381
58416623
58426379
58416436
58426420
58426657
58416113
58426171
58426725
58416665
58426922
58426863
58416532
58426303
58416062
58426489
58416120
58416938
58426759
58426652
58416418
58426927
58426083
58416045
58426011
58426623
58416374
58426469
58426924
58426911
58426777
58416481
58416730
58416861
58426198
58416098
58426736
58416237
58426525
58416778
58416093
58416804
58426793
58426858
58416608
58426890
58416277
58416491
58426502
58416420
58426189
58416313
58426650
58426990
58416763
58426523
58416934
58426840
58416105
58426355
58416367
58416068
58416573
58416076
58416564
58426933
58416632
58416025
58416066
58416580
58416567
58426194
58416202
58416856
58416679
58416855
58426947
58426138
58416970
58426230
58426377
58416106
58416465
58426755
58426698
58416956
58426483
58416982
58426101
58426824
58416596
58426378
58426712
58426682
58426717
58426084
58416432
58416458
58416468
58416873
58416930
58416220
58426256
58416883
58426835
58416392
58416534
58416419
58416918
58416830
58416094
58416033
58416520
58416363
58416074
58416977
58416978
58416605
58416462
58426352
58416032
58426350
58426082
58426515
58426053
58416760
58426929
58416196
58416860
58426811
58416492
58416400
58426912
58426593
58416251
58426996
58426396
58426795
58416569
58416522
58426155
58416185
58416984
58416435
58426847
58416206
58426620
58416239
58416160
58426497
58426765
58416640
58426010
58426284
58416775
58416085
58426954
58426388
58426733
58416312
58416878
58426164
58426435
58416614
58416484
58426949
58416731
58416264
58416721
58416276
58426977
58426267
58426756
58426463
58416509
58416179
58426513
58426651
58426270
58426470
58416817
58416193
58426581
58426690
58416035
58416643
58416158
58426570
58416340
58426012
58416990
58426334
58426314
58426109
58416346
58416909
58426518
58416980
58426030
58426279
58416364
58416357
58426998
58416709
58416304
58416728
58426856
58416100
58416864
58426782
58426741
58426820
58426255
58416187
58416152
58416556
58416935
58416806
58426543
58416385
58416157
58416562
58426809
58416031
58426455
58416275
58426705
58426460
58416720
58416683
58416414
58416661
58416147
58416114
58426454
58416028
58426937
58426448
58416365
58426891
58426844
58426408
58426320
58426184
58426020
58426081
58426839
58426895
58416523
58426410
58416456
58416443
58426583
58426062
58426292
58426767
58416940
58416349
58426069
58416269
58426147
58416029
58426546
58416078
58426731
58416651
58416622
58416320
58416619
58426013
58426905
58416538
58416133
58416535
58426761
58416116
58426366
58426582
58426898
58416575
58416452
58416446
58416110
58416985
58426960
58416600
58426728
58416053
58416932
58426930
58416846
58416557
58426233
58416006
58416871
58416631
58426874
58416438
58416109
58426383
58426467
58416493
58416555
58426331
58426266
58416902
58426527
58416301
58416593
58426796
58416229
58426611
58416748
58426178
58416270
58426778
58426480
58426704
58426237
58426374
58426432
58426116
58426807
58416378
58416668
58426338
58416362
58426370
58426592
58426825
58416341
58416662
58426572
58416246
58416517
58426639
58416234
58416711
58416889
58416455
58416115
58416761
58416259
58416384
58416785
58426671
58416968
58416995
58426640
58426999
58416398
58426512
58416837
58416660
58416641
58416563
58426797
58426479
58416749
58416936
58416054
58426688
58416885
58426804
58426888
58416426
58426940
58426894
58426872
58416802
58426986
58416209
58426335
58416955
58416694
58416138
58426428
58426707
58426585
58416261
58416034
58426271
58416799
58426389
58426364
58416434
58426808
58426664
58426649
58426510
58426569
58416610
58416188
58416592
58416892
58426745
58416680
58416087
58426183
58426166
58426984
58426140
58416445
58426006
58426214
58426749
58426316
58416841
58416232
58416893
58416928
58416387
58426298
58426381
58426899
58426474
58416198
58426918
58416295
58426817
58426621
58426365
58416814
58426753
58426177
58426564
58426834
58426399
58426821
58416461
58416316
58416801
58426054
58426134
58416898
58416536
58426549
58416810
58426524
58416226
58426683
58426453
58416069
58416082
58426438
58426163
58416002
58416976
58426300
58426401
58426685
58416981
58426932
58416403
58416713
58426145
58416670
58416235
58426965
58426172
58426039
58416314
58426154
58416051
58426261
58416064
58416315
58416260
58426703
58416284
58426072
58416215
58426330
58416072
58426037
58416101
58426305
58426411
58426161
58426832
58426390
58426224
58416719
58426841
58426061
58426264
58426241
58416278
58416727
58426921
58416696
58426997
58426885
58426235
58416818
58426097
58426714
58426727
58416764
58426386
58416249
58416922
58426907
58426553
58426239
58416281
58426567
58416342
58416224
58416559
58416710
58426608
58416071
58426810
58426096
58426104
58426747
58426143
58416371
58416807
58426915
58416425
58426167
58426304
58416099
58426286
58426944
58426223
58426868
58416366
58416770
58426748
58426556
58426152
58416910
58416620
58426464
58416137
58426059
58416677
58416613
58416648
58426322
58416180
58426136
58426910
58426103
58416399
58416957
58426575
58426278
58426301
58426785
58416635
58416725
58416916
58416118
58426215
58416865
58416962
58416008
58426935
58426802
58426669
58416925
58416699
58426106
58426351
58426663
58426418
58426706
58426162
58416250
58416450
58416541
58416833
58416681
58426412
58416228
58426287
58426088
58416743
58416148
58416527
58426822
58416792
58416729
58416519
58426294
58416393
58426275
58416849
58426530
58416874
58426681
58416516
58426950
58416914
58416693
58416547
58426485
58426589
58416328
58416038
58416971
58426509
58416636
58426347
58426221
58416736
58426360
58426909
58426800
58426653
58416474
58426456
58426616
58416753
58426788
58426273
58426920
58416924
58416382
58426529
58426127
58426029
58416655
58416576
58426967
58426980
58426375
58416059
58426870
58426400
58416181
58416501
58426726
58426827
58416368
58426319
58426590
58416107
58426604
58416061
58416000
58426205
58426139
58416307
58426612
58426093
58426296
58416716
58426254
58426985
58416937
58416621
58416230
58416793
58426302
58416022
58416134
58426857
58416485
58416842
58416803
58426889
58426315
58416862
58426326
58426833
58416972
58426119
58416514
58426426
58416565
58416900
58416154
58416548
58426449
58426772
58416308
58416586
58426914
58416262
58416811
58416464
58426799
58426610
58426974
58426538
58416800
58416606
58426966
58426498
58426723
58416809
58416140
58416440
58426607
58416077
58426142
58416290
58426308
58426843
58426667
58416706
58416477
58416238
58416712
58416510
58426156
58416697
58426507
58426521
58426617
58426545
58426925
58416905
58416571
58426619
58426459
58426814
58416587
58416896
58426689
58426110
58416204
58416945
58416186
58416734
58426231
58426738
58426357
58416222
58416201
58416256
58416852
58416345
58416589
58416441
58426014
58416682
58416546
58426000
58426337
58416361
58416338
58426642
58426242
58416299
58416292
58426022
58416808
58426680
58426008
58426624
58416213
58426942
58426861
58416952
58416293
58426878
58426557
58416173
58426600
58416132
58416769
58426262
58416396
58416167
58416439
58416103
58416525
58416302
58416394
58426551
58426957
58416954
58426542
58426202
58416194
58416200
58416886
58416218
58426124
58426773
58426482
58416923
58426422
58416839
58416779
58416705
58426436
58426473
58426148
58426073
58426359
58426123
58426803
58416026
58416965
58426953
58426976
58416386
58416459
58426132
58426380
58416321
58426732
58426696
58416122
58416607
58416214
58416273
58426458
58416263
58416096
58426354
58416294
58416475
58426185
58416669
58416216
58416242
58416409
58416135
58416529
58416618
58426517
58426387
58416429
58426329
58426846
58416155
58426074
58426317
58426655
58416142
58416524
58426078
58416070
58416588
58416208
58416901
58416866
58426209
58416658
58416872
58426637
58416283
58426981
58426368
58416794
58426423
58416121
58426734
58416754
58426159
58426508
58416306
58416048
58426855
58426197
58426660
58426393
58426561
58416899
58416075
58416823
58416949
58426222
58426195
58426443
58426212
58426730
58416335
58426476
58416942
58426495
58416926
58426026
58416590
58426718
58426451
58416004
58426274
58416255
58416673
58426638
58426598
58416016
58416983
58426992
58426376
58416782
58416282
58426904
58416776
58416663
58426505
58416740
58426879
58426343
58426692
58416065
58416146
58426975
58416911
58416153
58426122
58426775
58416165
58426442
58416879
58416430
58426656
58416797
58416410
58426792
58426311
58426499
58426934
58426263
58426864
58416637
58416258
58416268
58416765
58416057
58416948
58416437
58416291
58416353
58416884
58416089
58416821
58416037
58426188
58416513
58416428
58416847
58416577
58416790
58416319
58426113
58416369
58416691
58426826
58416645
58426956
58426065
58426133
58426131
58426076
58416088
58416183
58426500
58416617
58416967
58426297
58426971
58426336
58426627
58426413
58416356
58416127
58426955
58416553
58426437
58416084
58416359
58426280
58426090
58416771
58426452
58416422
58426887
58416850
58416528
58426565
58426035
58416787
58416953
58416507
58416627
58426486
58416171
58416463
58426285
58416708
58426740
58416330
58426397
58426812
58416325
58426916
58416979
58426105
58426563
58426252
58426282
58416327
58426098
58426204
58426299
58416941
58416744
58426896
58426503
58416300
58416243
58416630
58416265
58426002
58426602
58426919
58416175
58426560
58416149
58426877
58416973
58426137
58426548
58426605
58426970
58426058
58416950
58426313
58426179
58426429
58426089
58416824
58426293
58426743
58416406
58426406
58416334
58426210
58416829
58416897
58416010
58426419
58426815
58426371
58416597
58416757
58416219
58426787
58426711
58426852
58416178
58426880
58426398
58416574
58416783
58416310
58426007
58416568
58426165
58416880
58416247
58426085
58426721
58416688
58416046
58416659
58426369
58426213
58416816
58416539
58426661
58416629
58416927
58416332
58416467
58416039
58416975
58416692
58416360
58416303
58426186
58426991
58416156
58416723
58416921
58426033
58426328
58426805
58416043
58426099
58426150
58416126
