549112154
549113328
549112127
549115903
549116218
549115727
549113273
549116688
549113385
549113826
549115644
549113392
549115781
549116818
549113818
549116207
549116651
549116828
549116814
549113775
549116415
549116689
549116815
549112108
549112041
549113396
549116437
549113823
549116024
549116425
549115901
549116823
549113774
549115868
549113335
549116436
549115890
549116031
549112188
549113240
549116413
549116136
549113819
549116652
549113243
549115785
549115893
549115723
549113303
549113371
549115739
549116435
549115880
549115909
549116225
549113350
549113327
549112172
549112119
549116824
549115887
549113259
549112131
549116023
549115737
549116816
549113235
549112177
549113300
549116432
549115860
549113351
549115902
549116131
549113296
549113330
549113386
549116813
549112179
549116412
549113800
549113388
549116032
549112170
549112046
549113790
549113806
549115864
549112140
549113398
549116125
549116683
549112109
549116663
549112195
549113820
549112196
549113342
549116216
549115647
549113269
549116222
549113399
549115771
549113792
549115729
549115772
549115597
549113776
549112102
549113393
549112130
549116695
549116680
549115738
549116124
549115865
549113361
549116012
549115778
549113395
549112125
549113813
549116237
549112120
549113324
549113256
549113768
549116130
549113799
549112111
549113389
549116648
549112121
549115736
549113751
549113808
549116693
549116010
549115783
549116424
549115733
549113255
549113285
549115789
549112105
549115897
549116013
549112137
549112133
549112157
549116038
549112156
549113763
549116235
549116030
549116647
549113334
549112144
549112106
549116135
549113251
549113299
549113381
549113239
549112190
549115726
549113254
549112142
549113795
549113780
549115776
549115774
549116019
549112164
549113286
549113364
549113348
549113778
549113777
549113815
549116025
549113307
549113352
549112166
549116134
549113283
549113308
549115779
549113360
549113336
549115641
549112181
549116834
549116200
549115649
549113242
549116036
549115720
549116226
549112148
549113325
549116839
549115884
549112159
549113802
549113260
549116418
549116121
549115898
549113368
549113786
549115878
549113362
549113292
549115721
549115728
549115871
549115886
549112048
549113294
549115908
549112141
549116224
549112049
549116692
549113783
549112139
549116205
549115722
549115891
549113276
549113236
549113773
549115599
549112198
549113223
549116238
549116673
549116209
549113309
549116122
549113257
549116204
549116687
549113363
549113760
549113384
549113797
549116837
549113344
549116139
549112145
549116410
549113755
549113297
549113258
549113811
549116228
549113374
549113224
549115869
549116137
549112180
549116212
549113267
549116213
549113322
549112128
549112123
549116417
549116408
549113814
549116657
549115875
549116439
549116831
549116217
549113313
549113373
549113264
549116811
549116029
549116138
549112165
549115863
549112175
549112113
549115596
549113750
549116027
549115872
549112153
549115888
549116690
549116696
549113306
549116817
549115894
549113323
549115642
549116123
549112104
549116203
549113791
549113231
549113293
549115882
549112116
549112124
549115907
549113789
549113263
549112138
549112162
549113829
549116671
549115883
549113781
549113277
549113278
549112040
549113253
549112122
549115590
549115516
549113261
549113315
549116654
549116405
549115598
549116655
549113262
549113268
549113347
549113357
549112171
549113270
549116669
549116691
549113827
549112143
549112152
549116645
549112169
549112176
549113341
549116830
549112100
549112146
549116670
549115512
549116838
549116132
549116826
549112163
549112115
549113288
549116020
549112042
549113771
549116422
549116686
549113245
549116833
549113809
549113769
549113379
549113233
549116681
549113250
549115592
549116414
549113793
549112134
549113372
549113762
549116021
549116678
549112174
549113266
549113314
549116423
549116400
549116404
549115510
549116659
549115643
549113238
549113812
549113803
549113289
549116401
549113359
549112114
549113332
549116832
549116037
549116128
549113225
549116675
549113320
549116420
549115892
549112155
549116682
549113241
549113282
549115877
549116219
549113816
549116017
549113767
549115885
549116231
549113787
549112186
549113333
549113311
549112199
549113252
549116644
549116653
549113761
549113246
549112167
549113230
549112118
549115861
549112191
549116676
549115594
549115788
549113222
549116641
549113275
549112151
549116662
549113356
549113825
549116433
549115648
549116407
549113810
549116127
549113804
549116011
549112132
549113290
549113221
549115870
549113354
549116640
549116664
549116035
549113226
549113756
549113321
549112189
549115876
549116660
549116666
549116668
549116202
549116685
549113784
549116819
549116234
549115782
549116215
549113366
549115905
549113770
549113779
549116649
549115866
549112103
549116427
549113340
549113265
549116239
549113788
549113387
549113295
549113302
549113310
549115873
549113355
549116126
549115879
549113272
549115899
549116409
549113228
549112112
549115640
549112158
549116672
549115514
549113378
549113764
549113280
549116232
549116233
549116835
549113345
549113346
549115732
549115519
549112178
549112173
549116208
549113785
549116658
549113796
549116821
549116642
549113298
549116694
549115874
549112101
549115734
549113752
549116820
549112194
549113369
549113382
549113274
549116229
549112044
549113824
549116016
549116022
549113376
549112043
549113316
549113397
549112184
549112185
549113765
549116227
549113339
549116033
549115780
549113377
549115515
549116028
549116438
549113227
549113237
549116210
549112149
549113349
549116220
549113220
549113759
549113375
549113358
549113754
549116201
549113319
549113247
549112183
549113279
549116836
549113329
549115595
549116667
549113817
549116679
549116403
549113318
549112147
549113337
549116230
549116812
549113271
549112193
549116674
549116018
549113281
549113390
549115896
549113312
549116236
549113229
549116015
549116419
549113798
549113391
549116411
549116822
549113284
549113772
549115770
549115731
549116211
549116829
549115725
549115724
549115646
549113805
549115904
549113244
549113353
549116133
549112107
549113305
549116661
549112197
549115777
549112047
549112160
549113234
549116825
549116402
549116430
549112182
549113807
549116650
549115862
549112187
549113365
549115906
549113291
549112135
549116677
549116416
549113383
549116039
549115730
549113753
549112192
549113821
549112136
549113370
549115784
549113326
549116120
549116214
549113822
549113394
549112150
549116684
549113249
549113828
549113801
549112161
549115786
549113782
549113287
549112045
549115881
549113232
549116646
549115889
549113304
549116026
549115895
549115591
549116223
549113766
549113794
549116656
549116406
549113757
549113317
549115735
549113331
549116426
549112168
549115645
549116129
549116206
549113380
549115773
549116431
549116643
549115775
549115787
549112110
549115518
549112117
549116434
549115900
549115867
549113248
549112126
549116221
549115511
549116034
549113301
549113367
549116428
549115517
549115513
549115593
549116014
549116429
549113758
549116665
549112129
549116827
549113338
549113343
