549117122
549112916
549117646
549115303
549117615
549115040
549112862
549112221
549112472
549112036
549114491
549117185
549115212
549115718
549113717
549112828
549112095
549112846
549112973
549114526
549114946
549117261
549115804
549114012
549115336
549115017
549112966
549112866
549112418
549115858
549115742
549112997
549115425
549117268
549112309
549115535
549117162
549115573
549117265
549117171
549117896
549112526
549117336
549112621
549115044
549112593
549114496
549117019
549115586
549112735
549112476
549112446
549117613
549117027
549112070
549112584
549112590
549112440
549115912
549112752
549115400
549114035
549112374
549112436
549117281
549112836
549116094
549117650
549112475
549112522
549113441
549112420
549113424
549115717
549114054
549112716
549112640
549113483
549112430
549117236
549112630
549112734
549114710
549114072
549117013
549115397
549112680
549117347
549114089
549115588
549112641
549117138
549117325
549112550
549112569
549112636
549117355
549116395
549112994
549117031
549114538
549112312
549114062
549116955
549113837
549114020
549112863
549112907
549114180
549112917
549112870
549112709
549115000
549112519
549112880
549155137
549112868
549117222
549114412
549112462
549115918
549112743
549115620
549115205
549115238
549112807
549115743
549117173
549112322
549115546
549112268
549115409
549112555
549112293
549112478
549114088
549114033
549112804
549112291
549112419
549115293
549112451
549112497
549117326
549112970
549112691
549114177
549115453
549112887
549112280
549112979
549115621
549112812
549117331
549115385
549115231
549115240
549115458
549112665
549112079
549115391
549112466
549113541
549112329
549112668
549115677
549117276
549115237
549112265
549112711
549117134
549112948
549112754
549117093
549112896
549117289
549114000
549115188
549117364
549112532
549113831
549114475
549117070
549115296
549115028
549115350
549112597
549113461
549117273
549115855
549112365
549115462
549117091
549112819
549115469
549117080
549115625
549115222
549115805
549112450
549112234
549112493
549113486
549114082
549115415
549115448
549112091
549113405
549113445
549115259
549114163
549112361
549113484
549115297
549112282
549113509
549114422
549112391
549112965
549152694
549112243
549115553
549115424
549114190
549117890
549115432
549113496
549112675
549112565
549115667
549117156
549117254
549115356
549112705
549114438
549113538
549115914
549113493
549117029
549114187
549115071
549115452
549115253
549114971
549113485
549117113
549112568
549115315
549115337
549114970
549115765
549112089
549113548
549112878
549115314
549117030
549116280
549114436
549115672
549115317
549112219
549115041
549115287
549117075
549117301
549112225
549117350
549112289
549116631
549112945
549112656
549117605
549113440
549112993
549115585
549115299
549112558
549112202
549115088
549116995
549112536
549115047
549113444
549114055
549112359
549114073
549112676
549114494
549117329
549115853
549112955
549117194
549117160
549113427
549115436
549115383
549116630
549112096
549112300
549112503
549115690
549112925
549112718
549114030
549115128
549115306
549112939
549112823
549113531
549117144
549115580
549115800
549113721
549112085
549112242
549115005
549115319
549115032
549117184
549112389
549117114
549115031
549114014
549115013
549113832
549112908
549112755
549117150
549115664
549116996
549112796
549115451
549112281
549112689
549115300
549112564
549114056
549112382
549112874
549115574
549112335
549112670
549116849
549116846
549114477
549117363
549115249
549114169
549115447
549112897
549115407
549117082
549112937
549117898
549112695
549115086
549114047
549115246
549112305
549112911
549117893
549114471
549115038
549117616
549112072
549112596
549117258
549113555
549114405
549114009
549112600
549112820
549112648
549114050
549117377
549112401
549114192
549117293
549114186
549112938
549113462
549114440
549117303
549116997
549117232
549112922
549117349
549117026
549117102
549115531
549114445
549117060
549115547
549113535
549112434
549115394
549117212
549112817
549113476
549112586
549117250
549117279
549115609
549112523
549112215
549112511
549117209
549115577
549116957
549117002
549112763
549117046
549117125
549114559
549117011
549114023
549117049
549114992
549113715
549116637
549113553
549113734
549113507
549114991
549112254
549113520
549115307
549112729
549114070
549115054
549116892
549112445
549112459
549114183
549117245
549117308
549113524
549115711
549116287
549115402
549112259
549117140
549115605
549112618
549115463
549115196
549117627
549115761
549117248
549113434
549113516
549117136
549112919
549112634
549112207
549112637
549115913
549112667
549115666
549112850
549117159
549112022
549112027
549117285
549117005
549112706
549112739
549112581
549112623
549116281
549117163
549115354
549112075
549112397
549117314
549116896
549113513
549112657
549115440
549114536
549117078
549117197
549112635
549117051
549112037
549113428
549112708
549112073
549117218
549115434
549115468
549113558
549114184
549114927
549112562
549115223
549113420
549112821
549112222
549115068
549115393
549117372
549115345
549112240
549117025
549114090
549115671
549112770
549115275
549117186
549112913
549117633
549112514
549112214
549114997
549156159
549116098
549114039
549112284
549115382
549112723
549114490
549115602
549115302
549117270
549112490
549112543
549112725
549115206
549115271
549113733
549112928
549115127
549117135
549117227
549117290
549113454
549117076
549112023
549117148
549112988
549115454
549117264
549112437
549112277
549117292
549115488
549117302
549114029
549112429
549114157
549117886
549112508
549112288
549112495
549117215
549112957
549112021
549115545
549113448
549116898
549114063
549117142
549115325
549115422
549112661
549115270
549115539
549117608
549117309
549114980
549115766
549116848
549113489
549112722
549112824
549117317
549114076
549112051
549114087
549115570
549117166
549112350
549112738
549112082
549112879
549115852
549112229
549117602
549114197
549115619
549117324
549117891
549112883
549117189
549115322
549113539
549117133
549112877
549112509
549112311
549112390
549115536
549116390
549112594
549116890
549115341
549112385
549112627
549113413
549115023
549117371
549112843
549117320
549117287
549113726
549117341
549112854
549112333
549117612
549112865
549112806
549115353
549112235
549115486
549116844
549112747
549116392
549112296
549112098
549112728
549115304
549115768
549112370
549112677
549113554
549115220
549115273
549116847
549117379
549112726
549115614
549115685
549112086
549115769
549114188
549113408
549117016
549115746
549112873
549117151
549112727
549112323
549115274
549113710
549114160
549112881
549112439
549112315
549112557
549117244
549117361
549114947
549115678
549117107
549117145
549117152
549116286
549113423
549112789
549114021
549114419
549112958
549115506
549112071
549112946
549117074
549117237
549112579
549115003
549115741
549115318
549112231
549112501
549113442
549114075
549112653
549113838
549115211
549113547
549115344
549117124
549115428
549112572
549113482
549112588
549116638
549115604
549112395
549115548
549115245
549112063
549112319
549112034
549112292
549117229
549115764
549112030
549112375
549117040
549115466
549115244
549112485
549113737
549112326
549117164
549115608
549113519
549117294
549115806
549112338
549112759
549117199
549114940
549116998
549115045
549115681
549117606
549112690
549112244
549116992
549113526
549113546
549116959
549112031
549115009
549112779
549117311
549112678
549112423
549112682
549117280
549115209
549112898
549112317
549115662
549114141
549117210
549115282
549113744
549112248
549115218
549115550
549115276
549117021
549115445
549112516
549115277
549112083
549114994
549112272
549112383
549115183
549112367
549115181
549117143
549112561
549112631
549112785
549116093
549117130
549114057
549114174
549112498
549114176
549113479
549112929
549112975
549112527
549112639
549112853
549112279
549114081
549115230
549114189
549112504
549115052
549113740
549112224
549113730
549117192
549115359
549112577
549114067
549112699
549112841
549115006
549112220
549112211
549114408
549115034
549112406
549112744
549112758
549113488
549117249
549114142
549112692
549115001
549115089
549112236
549117346
549115338
549115803
549112780
549113431
549115404
549114411
549112811
549117034
549115419
549113557
549113400
549112762
549116891
549115916
549115919
549114003
549113495
549114195
549117636
549112608
549114001
549112092
549116635
549113411
549116284
549113422
549115444
549112334
549115584
549116288
549117206
549115542
549113522
549115295
549114144
549112398
549115323
549112252
549112912
549114479
549112217
549115578
549112515
549113556
549117123
549115065
549112205
549112688
549115857
549115504
549112360
549114051
549112433
549113542
549113469
549113465
549115552
549117207
549115213
549112930
549114079
549117344
549112750
549117374
549112815
549117376
549112987
549117262
549112539
549112481
549112720
549112316
549115037
549112551
549112669
549115680
549112386
549116990
549117221
549115575
549115606
549114156
549115334
549112886
549115029
549115747
549114449
549115461
549113722
549115398
549117069
549112351
549115294
549112591
549115408
549112960
549155944
549117191
549115581
549115482
549114403
549117359
549114429
549112492
549115203
549116954
549112449
549113833
549112721
549115610
549112062
549115749
549112953
549113414
549112525
549115692
549115067
549117084
549115236
549115002
549112858
549112506
549112378
549115807
549112629
549114168
549112054
549117617
549115084
549117330
549114418
549112813
549115601
549115416
549117097
549112605
549117272
549112480
549112546
549114093
549113450
549112447
549112855
549117153
549112746
549112344
549112560
549117120
549117365
549114939
549115489
549112583
549114044
549114193
549115715
549116952
549114439
549114046
549114167
549114198
549112308
549115850
549114171
549115762
549115426
549115349
549117278
549117059
549114437
549115214
549112331
549117099
549114159
549115073
549112696
549115039
549113830
549117643
549112547
549114084
549115481
549115503
549114472
549117063
549114949
549112730
549112921
549112208
549114040
549113736
549113549
549115414
549117321
549117001
549117101
549112373
549112683
549115255
549115219
549112624
549112687
549115429
549117263
549115243
549115712
549112340
549113439
549112469
549117352
549117226
549112761
549117039
549112081
549112918
549112698
549115278
549112936
549112380
549112935
549116999
549112964
549115380
549112707
549114060
549112461
549115582
549112320
549112736
549112909
549113487
549112263
549115446
549114434
549115258
549112888
549117176
549112213
549114986
549112321
549115351
549113720
549112742
549113731
549112840
549114162
549113500
549114979
549113429
549115010
549115191
549113729
549117096
549113503
549114002
549115541
549112368
549117062
549114185
549117635
549115744
549113409
549114430
549114178
549117274
549113537
549115225
549112638
549113497
549117892
549116958
549115459
549114083
549112421
549115714
549112900
549114015
549113742
549112963
549117010
549112589
549112304
549114096
549113559
549116897
549112662
549115339
549112076
549113446
549115332
549117332
549114424
549114027
549115760
549115763
549112893
549115413
549117299
549115062
549112849
549114049
549112931
549115767
549115600
549112458
549112633
549115200
549117219
549114058
549112388
549112986
549112606
549112538
549115410
549115328
549115198
549112573
549117291
549115055
549115016
549112534
549117000
549114417
549112467
549115248
549112892
549115226
549112851
549117231
549112998
549112869
549114415
549115533
549115060
549112798
549112201
549112782
549115689
549112616
549117161
549112799
549112216
549113532
549112405
549113504
549115063
549115460
549117220
549112926
549113540
549115193
549117139
549115388
549117634
549115180
549112566
549117296
549115346
549115192
549112535
549117089
549112298
549112956
549112681
549112860
549156674
549112786
549115281
549112290
549117009
549112748
549115442
549115286
549112038
549115309
549117183
549113836
549112857
549115185
549112934
549115241
549114031
549114973
549112788
549114426
549112571
549113473
549115210
549115915
549112927
549117642
549116289
549112278
549115305
549112303
549112659
549112693
549114011
549113470
549112833
549117112
549117256
549115583
549112694
549112366
549115283
549112258
549116396
549112425
549114960
549115538
549115686
549112299
549116840
549112249
549112544
549112954
549112756
549112413
549114094
549114578
549114026
549114407
549115417
549117366
549115330
549117196
549115665
549114019
549115624
549112026
549112353
549112530
549114414
549112518
549112465
549112947
549112952
549115696
549112890
549112510
549115623
549115450
549115340
549115078
549117253
549117180
549117094
549117083
549115069
549112614
549112431
549114069
549112715
549112885
549117050
549115327
549115384
549112775
549112422
549113835
549112372
549112410
549112941
549112751
549115242
549115285
549117053
549113528
549117537
549114978
549112856
549114493
549117146
549112269
549115015
549115012
549113544
549112787
549114085
549115048
549117609
549115187
549116068
549115008
549112464
549112414
549115392
549112393
549114998
549115455
549115507
549112999
549113415
549117622
549112604
549115122
549115465
549117600
549114052
549115559
549115532
549112968
549115011
549114936
549115284
549112381
549113499
549116283
549112603
549114145
549113732
549114528
549117174
549114706
549115431
549117015
549114969
549117266
549114409
549112969
549117645
549115125
549112416
549112996
549115018
549115673
549112379
549112549
549115308
549117038
549117246
549115215
549112753
549112765
549112580
549114147
549115320
549114404
549112867
549112404
549113403
549112260
549115660
549113502
549115555
549113501
549115589
549112358
549114161
549112845
549114478
549115406
549117018
549113402
549117233
549117240
549112090
549115301
549112294
549112615
549115554
549117900
549112829
549117214
549115046
549112528
549113741
549114045
549112559
549112570
549117037
549112438
549112773
549115572
549114914
549112347
549115613
549117023
549116893
549117639
549112328
549112652
549112399
549112654
549115331
549113432
549115051
549115204
549115074
549112645
549115291
549115024
549113474
549112377
549112407
549112428
549115256
549112719
549112801
549113747
549112496
549112417
549117630
549112933
549116894
549112033
549117338
549112575
549112830
549115257
549115082
549112838
549115412
549112371
549117337
549112424
549115418
549112409
549112793
549115120
549113727
549115079
549113723
549117077
549117182
549117362
549115189
549114074
549113437
549112578
549112724
549112486
549112602
549112882
549112356
549117055
549112024
549112777
549112920
549115663
549117047
549112620
549115228
549112426
549113512
549117108
549115250
549112275
549113478
549113430
549112651
549113453
549112332
549115676
549115421
549117045
549112204
549115437
549115184
549114945
549112901
549112487
549114993
549112345
549112483
549114563
549113514
549112491
549116382
549115343
549115423
549113418
549112065
549115859
549117115
549115386
549117086
549112876
549114935
549112814
549115043
549117004
549117006
549112915
549117624
549115254
549112899
549117328
549112084
549113511
549113510
549114473
549112435
549112283
549117128
549112325
549112574
549112981
549115627
549112337
549113412
549112452
549112302
549117235
549112610
549112460
549113463
549115186
549115247
549117628
549114170
549112776
549117141
549114989
549112891
549115312
549115357
549115856
549117211
549112270
549117119
549112470
549112512
549113416
549115053
549115537
549115808
549112327
549115348
549115233
549112387
549112521
549115207
549117203
549116092
549112408
549112250
549112764
549112924
549112261
549114474
549112700
549112241
549114427
549112592
549115035
549112287
549116398
549112619
549115399
549114095
549113724
549112685
549112910
549112297
549117304
549115121
549117323
549112844
549117042
549117195
549112276
549112672
549112576
549112923
549115679
549117154
549115396
549114446
549114179
549112477
549113480
549117217
549112740
549112264
549112206
549115070
549113749
549115687
549117601
549114048
549112889
549117610
549117342
549116899
549117198
549112760
549113748
549114402
549115558
549112607
549112582
549113477
549117175
549117378
549113438
549113472
549112314
549114870
549114022
549112942
549112884
549112710
549117255
549112552
549117335
549112774
549117036
549112402
549116980
549113718
549117621
549117297
549113515
549116639
549117603
549112520
549115801
549117259
549112976
549112808
549112554
549115007
549112990
549115235
549114007
549115480
549115217
549112772
549112567
549113457
549113475
549116095
549114191
549114410
549115075
549117079
549115020
549112494
549115748
549112097
549112902
549112545
549113498
549114444
549114034
549112456
549117316
549113481
549117121
549112842
549115587
549116981
549113464
549117170
549114077
549113455
549112643
549112443
549115719
549117072
549114428
549112507
549117223
549113410
549115910
549117252
549112991
549113527
549117228
549112059
549116399
549116987
549117298
549112343
549112064
549156157
549112962
549115064
549117127
549117607
549112218
549112664
549112816
549112355
549117888
549112977
549112556
549112463
549117116
549114974
549117370
549115411
549114172
549117283
549112232
549114068
549117109
549117022
549117106
549112324
549117064
549112914
549112238
549116895
549112349
549112663
549112733
549115617
549117343
549112837
549114173
549114181
549113467
549117315
549114937
549117897
549112647
549112985
549112984
549112791
549113458
549112679
549112055
549112346
549112400
549114420
549117085
549115033
549115683
549115004
549112025
549114448
549115403
549114042
549117081
549112307
549116993
549112376
549113426
549115603
549117267
549113443
549112427
549117312
549115508
549113714
549112256
549112800
549113471
549117020
549115467
549113505
549112904
549117604
549115395
549115316
549112795
549115809
549117310
549117360
549115485
549113713
549113436
549114006
549114406
549117358
549115401
549115911
549117200
549112363
549112039
549115056
549117028
549112301
549116384
549115433
549112940
549117104
549112992
549112609
549117351
549117230
549117165
549112052
549112239
549115352
549112697
549115027
549116282
549114495
549112944
549112441
549112971
549112563
549114435
549115674
549112792
549112803
549114938
549113466
549112500
549117300
549117168
549112529
549117614
549113735
549112622
549112995
549112980
549112517
549115697
549112442
549117066
549115224
549114004
549115629
549114086
549115310
549115066
549115081
549117895
549112484
549117147
549115321
549116845
549115182
549115389
549115057
549114028
549116953
549115194
549115123
549112228
549115080
549117103
549112457
549113490
549115229
549115688
549117368
549117035
549112768
549112822
549113725
549112769
549112717
549113738
549114470
549112598
549117188
549116982
549114091
549112553
549112482
549112625
549112757
549117282
549114013
549115019
549112671
549115693
549112805
549115484
549115042
549112714
549112894
549115670
549115439
549115124
549115405
549114143
549117899
549117275
549117024
549114032
549113460
549115430
549112056
549112989
549112068
549115342
549117056
549115464
549112057
549117353
549117369
549117357
549115026
549113508
549117247
549112448
549117251
549115085
549112020
549117327
549115607
549112542
549117095
549112674
549117213
549115534
549112285
549115058
549112658
549112099
549115199
549115551
549117205
549117269
549112646
549117313
549115438
549115854
549115036
549114097
549112474
549113746
549115668
549112339
549117307
549113745
549116988
549113711
549115483
549114078
549115544
549113449
549117132
549117225
549117073
549115695
549112246
549112533
549114413
549112223
549112077
549114175
549114059
549115358
549114537
549112783
549112352
549117157
549115289
549112253
549112587
549117052
549117319
549117158
549112310
549114158
549115197
549115076
549112069
549114972
549112972
549116099
549112632
549115333
549112505
549115710
549112951
549117243
549112392
549112080
549112974
549112644
549115216
549113417
549112369
549112749
549112794
549112471
549115579
549117295
549115612
549115234
549115329
549112797
549112348
549115691
549114092
549115530
549116956
549117007
549112455
549115387
549114565
549117032
549112704
549112262
549117071
549112871
549115557
549114016
549112872
549117271
549116381
549112295
549115087
549115684
549117178
549117043
549114043
549112226
549117067
549113545
549112541
549115501
549112251
549112403
549117172
549112741
549112895
549117208
549112978
549115441
549117126
549115014
549115457
549113421
549112362
549112274
549112453
549117149
549115049
549114539
549114915
549117887
549114916
549112628
549112818
549112354
549112766
549115543
549115420
549114194
549117012
549115221
549114071
549112737
549112531
549112330
549114199
549114099
549117305
549117340
549112053
549112713
549115509
549114018
549115272
549112342
549113536
549112666
549117167
549113739
549113834
549112983
549112852
549112834
549115077
549112513
549117100
549112599
549112732
549113517
549114098
549114530
549117239
549117058
549115025
549114025
549112861
549112468
549112074
549115500
549114400
549113550
549112839
549112784
549113839
549117179
549115072
549112058
549117105
549115381
549115576
549115232
549117155
549117623
549112245
549112712
549112341
549114425
549112318
549117373
549112595
549112029
549112488
549112859
549112767
549112060
549112267
549112617
549112266
549115427
549112444
549112286
549115298
549112209
549112684
549115622
549115611
549115505
549115571
549115435
549113533
549117110
549113543
549112832
549117334
549114008
549115239
549114917
549117088
549112088
549116397
549112227
549117041
549114148
549112585
549112548
549113425
549113447
549112067
549117129
549112982
549115698
549112237
549117339
549115740
549115616
549117629
549112825
549112203
549117620
549115279
549115195
549112686
549117345
549112489
549112831
549112655
549115292
549117201
549113716
549117284
549112028
549117193
549112950
549117190
549117257
549114005
549117057
549117277
549115288
549113492
549113491
549114017
549113433
549113728
549113534
549114037
549116950
549113451
549117169
549112273
549112650
549112061
549112035
549115540
549112200
549115202
549115190
549115290
549113743
549113401
549113712
549115487
549112432
549112502
549113406
549113468
549112731
549117234
549112771
549117260
549117652
549112271
549115618
549115252
549113459
549117090
549112066
549117177
549112078
549117033
549113518
549112357
549114036
549113530
549117118
549117111
549112247
549117238
549115083
549117356
549117137
549117375
549117348
549112959
549115626
549112411
549115502
549115201
549112875
549112230
549112537
549115129
549115030
549112809
549114579
549112611
549115802
549112524
549112087
549114146
549117202
549117889
549112702
549112094
549117611
549114064
549112396
549115699
549117318
549115324
549113552
549112050
549117333
549112781
549114401
549112943
549115126
549112499
549115208
549113494
549116285
549114038
549117017
549115022
549112835
549112864
549117204
549117894
549115313
549113523
549114399
549117354
549112703
549117003
549113452
549115390
549112336
549113521
549112540
549113529
549112454
549115335
549115061
549112412
549115311
549117288
549114164
549115021
549112255
549115745
549112613
549114421
549112649
549116989
549112473
549113525
549112949
549112384
549112826
549117054
549115851
549117048
549117044
549115050
549113551
549112932
549112847
549113419
549115713
549117618
549112967
549115682
549115456
549112093
549117061
549117306
549115280
549114010
549114065
549112257
549114540
549114041
549117008
549114447
549112790
549117087
549115716
549115251
549115628
549112961
549116634
549115556
549112642
549114166
549113407
549115694
549114066
549112905
549112906
549113456
549117241
549112673
549112210
549117322
549115669
549117098
549115227
549112306
549112626
549115449
549112479
549114492
549112415
549115326
549112032
549112364
549117131
549112313
549114499
549114948
549115347
549115443
549117242
549112848
549117831
549117014
549117117
549112701
549112827
549117181
549114975
549112612
549115917
549116983
549117065
549117187
549113506
549117632
549114928
549117216
549117286
549112233
549112394
549115355
549113404
549114061
549112778
549117367
549114080
549114165
549117092
549113719
549112601
549114149
549112212
549114416
549114673
549112660
549112903
549114024
549115615
549117619
549112802
549112745
549117068
549114053
549115549
549113435
549115675
549114196
549112810
549114140
549115059
549117224
549115661
