479559
479080
479523
474165
479070
474581
474826
479922
479745
479479
479415
479947
479754
479609
479704
479522
479114
479489
479924
479191
474005
474157
479558
479537
479039
479417
479531
479914
474798
474822
479769
479930
479551
479756
479106
479501
479549
479418
479921
474696
479157
479500
479137
479579
479047
479008
479955
479155
479101
479918
479172
479036
479113
474161
474824
479514
479173
474018
474187
479771
479186
479069
479504
474681
479031
479482
479506
474176
479595
479508
474776
479081
479946
474186
474680
479718
474179
479105
479586
474767
479156
474808
479534
474783
479762
474816
479934
474148
479574
479949
479199
479058
479035
479659
479948
479112
474821
479749
479082
479533
479050
479953
474801
479487
479593
474693
474775
479556
474787
479014
474588
479777
479038
479087
479002
479098
479536
474189
479746
479158
474789
474806
479169
474667
479605
479068
479013
474166
479936
479194
479072
479651
474175
479061
479033
479185
479134
474804
474799
479007
479711
474158
479529
479573
479170
474173
479484
479943
479486
479177
479011
479710
479524
479037
474823
479920
474763
479511
479193
479116
474818
474784
479554
479589
474147
479104
474089
479119
479752
474771
479041
474164
474151
479021
479097
479763
479767
474181
479161
474088
479580
474811
479933
479020
479775
479163
474170
479413
479017
479519
474687
474086
479585
479091
479174
479192
479603
479151
479481
479403
474585
479010
474163
479927
474694
479546
479003
479488
479587
479624
479099
479570
479766
479005
474810
479592
479583
479758
479057
479602
479168
474004
474682
479939
479552
479102
474781
479498
479030
479931
479136
479911
479079
479656
474825
479550
474785
479520
479063
479055
479513
479184
479138
479414
474150
479938
474819
479198
474691
479759
479510
474145
479623
479740
479652
474143
479913
479124
479598
479503
479096
479742
474180
479774
479653
479195
479629
479130
479760
479553
479117
479741
474780
479054
474007
474765
479159
479175
479095
479153
479052
479152
474580
479755
474188
479000
479528
474009
479077
479015
479521
479795
474162
479028
479154
479588
479919
479750
479062
479658
479535
479655
474618
479167
479716
474017
479075
479100
479764
479190
479923
474790
479944
479507
479544
479910
479541
479064
479539
479517
474171
474172
479701
479131
474830
474684
479555
479952
479024
474141
474800
479188
479744
479743
479176
479622
479628
479578
479164
474817
474085
474768
479912
474168
474803
479942
479181
474153
479928
479092
474820
479074
479108
479094
479596
474159
479778
474084
479706
479196
474167
479621
479608
479543
479516
479705
474182
474770
479180
479714
474812
474019
479032
474786
479160
474827
479071
474764
479709
479485
479557
474814
479717
474766
479703
474782
479006
479712
479707
479073
479526
479950
474140
474154
474685
479702
479748
479166
479926
479576
479189
479958
479532
474183
479051
479093
474760
479757
474589
479751
479607
479796
474695
479584
479515
479713
479547
479512
479719
479715
474185
479132
479601
479571
479932
474809
479505
479548
479530
479029
479600
479083
479178
479103
479133
479761
479929
474683
479770
479026
479954
479925
474006
474174
474813
479480
479915
479590
479753
479139
479416
479053
479060
479107
479059
479575
479171
479089
479747
474692
474142
479625
479016
479066
479959
479657
479620
479034
479700
474087
479776
479597
479040
474689
479773
474829
474686
479165
479001
479599
474842
479183
479527
479162
474688
474805
479916
479956
479572
474144
474762
479027
479022
474802
474828
479765
479009
479525
479135
479056
474761
479018
474177
479798
479419
474149
479940
479109
479540
479917
474178
479626
479478
479067
479650
479197
479111
479594
479076
479088
479065
474184
479110
479497
479797
474015
479582
474815
479019
479799
479090
474788
479779
479084
474016
474155
479591
479182
479654
479708
479627
479941
474160
479078
479518
479935
479483
479606
474666
474156
479945
479604
479509
474152
479768
479187
479405
479951
479118
479025
479150
479115
479937
474169
479957
474008
479085
479502
479581
479538
479004
479086
479545
479577
479012
474807
479772
474690
479023
474146
479179
479542
