479671
479275
479284
479962
474583
479327
479307
474538
479838
474510
479864
479668
479247
479885
479206
479211
479203
479267
474034
474543
479833
474549
479205
479271
474512
479874
474663
474064
479889
474649
479299
479347
479213
474132
479851
479200
474028
474133
479324
479342
474033
479300
474654
479807
474736
474713
474716
479870
479669
474031
474010
479245
479801
479389
479868
479861
474531
474642
479279
479836
474717
474535
479837
479288
479969
479847
474001
474536
474840
479869
479302
479367
479325
474720
479961
479881
479273
474138
474540
479360
479236
474071
479817
479887
479323
479225
474546
479844
479235
474528
474544
474046
479820
479295
479675
479845
474643
474049
474074
474030
479285
479243
474722
474072
479858
479841
479301
479249
474519
479283
479875
474131
474730
479240
474732
474523
479882
479818
479673
474661
479857
474542
479306
479344
479346
479369
474047
479806
479280
474647
479201
479226
479296
474029
474533
479286
479209
479221
479386
479878
479805
479308
479329
474541
479862
479233
479843
474550
479265
474515
479219
479960
479276
474032
479281
479852
474135
474061
479830
479289
474526
479821
474063
479349
479822
479343
479385
479383
479963
479218
479666
479272
479678
479834
479305
479361
479220
479269
479366
479341
474130
479832
479260
474517
479674
479967
474078
479224
479340
479884
479968
479823
479804
479262
474739
479248
479320
479849
479809
479298
474077
479831
474070
474648
479291
474641
479232
474850
474650
479825
474584
479326
479816
479282
479888
479803
479879
479227
474062
479266
479345
474548
479217
479368
479214
474715
479848
479856
474516
479873
474547
474721
474522
474551
479237
474073
479876
479826
479322
474137
479854
479292
479679
474076
474644
479293
474545
479212
474534
479239
479965
479277
479828
479802
479815
474060
474525
479222
479304
479241
474674
474524
479208
474511
479855
474670
479294
479877
479665
479667
479835
474733
479228
479863
474134
479819
479244
479287
479886
479388
474537
474518
479216
479677
479263
479670
474055
479853
479860
479381
474734
474527
479242
479839
479261
479297
474532
474529
479384
474714
479303
479380
474520
479257
479865
479800
479672
479867
479840
479880
479229
474586
479238
474737
474045
474139
479215
479202
479883
479871
474079
479230
479899
479363
479204
479290
479842
474539
479676
479268
479246
479387
474136
474662
479866
479264
474514
474646
479964
479274
474645
479850
479872
479278
479365
474521
474731
474735
479270
479234
479223
474513
474075
479829
479391
474738
479382
474675
479808
474640
479309
479362
479210
479207
479348
479328
479824
479321
479364
474048
474530
479827
479859
479966
479231
479846
