474114
479255
479972
479128
474193
474752
474676
474056
474740
474759
479901
474635
479685
474706
479251
479680
479690
474621
474068
479989
479691
474054
474889
474096
474885
474655
479974
479696
479979
474835
479127
474750
479980
479890
474097
474112
474556
474866
474616
474707
479730
479907
474880
474601
479739
474554
474665
474044
474668
479976
479681
474846
474091
479431
474851
474590
479692
479436
474014
474099
479699
474679
474602
474883
479987
474882
474773
474057
474748
474847
474040
479395
474629
474860
479125
474600
474651
479453
474623
474772
479254
479736
479432
479456
474774
479129
479409
474794
479684
474899
474587
479981
479455
479904
474614
474671
474664
474869
474895
479970
474864
479438
479971
474637
479909
479686
479393
474093
474865
474755
479392
474756
474041
479973
474757
479406
479738
479664
474639
474868
479695
474094
479735
479430
474704
479983
474859
474012
474622
474861
474625
474863
474596
474560
479250
474791
479439
474597
474831
474558
479689
474624
479399
474636
474612
474634
479734
474090
479397
474595
474849
474657
474795
474836
474563
474098
474796
479459
474611
479986
479662
479252
474553
474095
479394
479396
474592
474705
474552
479731
479401
479398
474652
474555
474069
479256
474745
474741
479663
479687
474067
479450
479126
474702
479902
479435
474888
474754
479044
474779
474848
474092
479472
479985
474059
474052
479697
474043
479471
474615
479693
479454
474065
474110
474613
474894
479698
474627
474113
479458
474607
479682
479737
474862
479661
479688
479975
474698
479900
474606
474832
474719
474628
474845
474561
474886
474115
474604
474751
479452
474839
479903
479978
474838
474659
474572
479683
474658
474557
474792
474573
474697
474887
479908
474626
479982
474605
474116
474003
479906
474797
474747
474111
474603
474053
479733
474881
479984
479473
474677
479905
479451
474190
479694
474653
474672
474082
479977
479408
474844
479253
474678
479457
479042
474778
479122
474708
474609
474080
474002
479988
474058
474843
474753
474669
474884
479732
474746
474701
479407
479400
474042
474867
474656
474192
474638
479434
474758
474608
474051
