659115
659114
659113
659112
659119
659118
659117
659116
659111
659110
659126
659125
659124
659123
659129
659128
659127
659122
659121
659120
659137
659136
659135
659134
659139
659138
659133
659132
659131
659130
659159
659158
659157
659156
659151
659150
659155
659154
659153
659152
659179
659178
659173
659172
659171
659170
659177
659176
659175
659174
659299
659298
659297
659296
659295
658124
658125
658122
658123
658128
658129
658126
658127
658120
658121
659357
659356
659355
659354
659359
659358
659353
659352
659351
659350
659371
659370
659399
659398
659393
659392
659391
659390
659397
659396
659395
659394
659445
659444
659443
659442
659449
659448
659447
659446
659441
659440
659467
659466
659465
659464
659469
659468
659462
659461
659460
658300
658301
658304
658305
658302
658303
658308
658309
658306
658307
658319
658317
658318
658311
658312
658310
658315
658316
658313
658314
658344
658345
658342
658343
658348
658349
658346
658347
658340
658341
659610
659614
659613
659612
659611
659618
659617
659616
659615
659619
659628
659627
659626
659621
659620
659625
659624
659623
659622
658421
658422
658420
658425
658426
658423
658424
658429
658427
658428
659632
659631
659630
659636
659635
659634
659633
659639
659638
659637
658438
658439
658432
658433
658430
658431
658436
658437
658434
658435
659649
659648
659643
659642
659641
659640
659647
659646
659645
659644
659654
659653
659652
659651
659658
659657
659656
659655
659650
659659
659665
659664
659663
659662
659669
659668
659667
659666
659661
659660
659675
659674
659673
659679
659678
659677
659672
659671
659670
659728
659727
659726
659725
659729
659720
659724
659723
659722
659721
659731
659730
659735
659734
659733
659732
659739
659738
659737
659736
659753
659752
659751
659750
659757
659756
659755
659754
659759
659758
659775
659774
659773
659772
659779
659778
659777
659776
659771
659770
659786
659785
659784
659783
659789
659788
659787
659782
659781
659780
659827
659826
659825
659824
659829
659828
659823
659822
659821
659820
659838
659837
659836
659835
659839
659830
659834
659833
659832
659831
659869
659868
659863
659862
659861
659860
659867
659866
659865
659864
658674
658672
658673
658678
658679
658676
658677
658670
658671
659896
659895
659894
659893
659899
659898
659897
659892
659891
659890
