659109
659104
659103
659102
659101
659108
659107
659106
659105
659100
659148
659147
659146
659145
659149
659140
659144
659143
659142
659141
659169
659168
659167
659162
659161
659160
659166
659165
659164
659163
659180
659189
659184
659183
659182
659181
659188
659187
659186
659185
659247
659246
659245
659244
659249
659248
659243
659242
659241
659240
658119
658113
658114
658111
658112
658117
658118
658115
658116
658110
658135
658136
658133
658134
658139
658137
658138
658131
658132
658130
658157
658158
658155
658156
658159
658150
658153
658154
658151
658152
658168
658169
658166
658167
658160
658161
658164
658165
658162
658163
659389
659388
659387
659386
659385
659384
658201
658202
658200
658205
658206
658203
658204
658209
658207
658208
659429
659428
659423
659422
659421
659420
659427
659426
659425
659424
658234
658235
658232
658233
658238
658239
658236
658237
658230
658231
658245
658246
658243
658244
658249
658247
658248
658242
659456
659455
659454
659453
659459
659458
659457
659452
659451
659450
658256
658257
658254
658255
658258
658259
658253
658250
658251
659489
659488
659487
659486
659481
659480
659485
659484
659483
659482
659499
658476
658474
658478
658479
658472
658473
658470
658471
658564
658565
658562
658563
658568
658569
658566
658567
658560
658561
659852
659851
659850
659856
659855
659854
659853
659859
659858
659857
