659191
659190
659195
659194
659193
659192
659199
659198
659197
659196
659335
659339
659338
659337
659336
658229
658267
658268
658023
658265
658266
658029
658269
658027
658028
658260
658021
658263
658264
658022
658261
658262
658020
658498
658014
658015
658499
658496
658012
658013
658497
658019
658016
658490
658491
658494
658010
658495
658011
658492
658493
658289
658287
658288
658281
658282
658280
658285
658286
658283
658041
658284
658036
658278
658279
658037
658276
658277
658038
658039
658270
658271
658032
658033
658030
658272
658273
658031
658298
658299
658292
658293
658290
658291
658296
658297
658294
658295
658878
658879
658883
658641
658884
658400
658642
658881
658882
658640
658403
658887
658645
658404
658646
658885
658643
658401
658402
658886
658644
658627
658869
659717
658628
659716
659715
658625
658868
658626
659714
658629
658872
658873
658870
658876
658877
658874
658875
658418
658419
658658
658416
658659
658417
658663
658664
658661
658662
658667
658668
658665
658666
658660
658649
658407
658408
658405
658889
658647
658648
658406
658409
658652
658894
658410
658653
658411
658895
658892
658650
658651
658893
658898
658656
658414
658415
658657
658899
658412
658654
658896
658413
658897
658655
658890
658891
658685
658686
658683
658684
658689
658687
658688
658681
658682
658680
658669
658218
658465
658223
658466
658224
658463
658221
658222
658464
658469
658227
658228
658225
658467
658226
658468
658461
658462
658220
658460
658212
658696
658454
658697
658213
658455
658210
658452
658694
658211
658695
658453
658458
658459
658214
658698
658456
658457
658215
658699
658692
658450
658451
658693
658690
658691
658800
658814
658815
658812
658813
658818
658819
658816
658817
658821
658822
658820
658809
658803
658804
658801
658802
658807
658808
658805
658806
658810
658811
658836
658837
658834
658835
658838
658839
658840
658601
658843
658602
658841
658600
658842
658825
658826
658823
658824
658829
658827
658828
658832
658833
658830
658831
658858
658616
658617
658859
658614
658856
658857
658615
658618
658619
658861
658862
658620
658860
659713
658623
659712
658866
658624
659711
658863
658621
658622
658864
659710
658847
658605
658606
658845
658846
658604
658609
658607
658849
658608
658850
658851
658854
658612
658613
658855
658852
658610
658853
658611
659059
659058
659057
659052
659051
659050
659056
659055
659054
659053
658190
659049
659048
659047
658199
659046
658193
659041
659040
658194
658191
658192
658197
659045
658198
659044
659043
658195
658196
659042
659070
659079
659074
659073
659072
659071
659078
659077
659076
659075
659069
659068
659063
659062
659061
659060
659067
659066
659064
659092
659091
659090
659096
659095
659094
659093
659099
659098
659097
659081
659085
659084
659083
659082
659089
659088
659087
659086
658366
658367
658364
658365
658368
658369
658362
658363
658360
658361
658597
658355
658598
658356
658353
658595
658354
658596
658359
658599
658357
658358
658590
658351
658593
658594
658352
658591
658592
658350
658146
659236
658388
658147
658389
659235
658386
659234
658144
658387
658145
659233
659239
659238
658148
658149
659237
658380
658381
659232
658142
658384
658143
659231
658385
659230
658382
658141
658383
658377
658378
658375
658376
658379
658370
658373
658374
658371
658372
659016
659015
659014
659019
659018
659017
659012
659011
659010
658399
659005
659004
659003
658397
659002
658398
659009
659008
659007
659006
658391
658390
658395
659001
658396
658393
658394
659038
659279
659037
659278
658188
659036
659035
658189
659277
659039
659030
659272
658182
659271
658183
658180
659270
658181
659034
659276
658186
659275
659033
658187
658184
659032
659274
658185
659031
659273
659027
659026
659025
659029
659028
659023
659022
659021
658517
658759
658518
658757
658515
658516
658758
658519
658520
658762
658521
658763
658760
658761
658766
658524
658525
658767
658764
658522
658523
658506
658748
658507
658749
658746
658504
658505
658747
658508
658509
658751
658752
658510
658750
658755
658513
658514
658756
658753
658511
658754
658512
658539
658537
658538
658784
658782
658783
658788
658789
658786
658787
658780
658781
658528
658526
658768
658769
658531
658532
658530
658535
658536
658533
658534
658559
658322
658323
658320
658321
658326
658324
658325
658553
658795
659885
659884
658796
658554
659883
658793
658551
658552
659882
659889
658799
658557
658558
659888
658555
659887
658797
659886
658798
658556
659881
658792
658550
659880
658790
658339
658586
658587
658584
658585
658588
658589
658582
658580
658581
658328
658329
658575
658333
658576
658334
658331
658573
658332
658574
658337
658579
658338
658577
658335
658336
658578
658571
658330
658919
658913
658914
658911
658912
658917
658918
658915
658916
658920
658921
658908
658909
658902
658903
658900
658901
658906
658907
658904
658905
658910
658935
658936
658933
658934
658939
658937
658938
658700
658942
658943
658701
658940
658941
658924
658925
658922
658923
658928
658929
658926
658927
658931
658932
658930
658715
658716
658713
658714
658719
658717
659807
658718
659806
659812
658722
658723
659811
658720
659810
658721
658704
658946
658705
658947
658944
658702
658703
658708
658709
658706
658948
658949
658707
658950
658711
658712
659800
658951
658710
658952
658737
658738
658735
658736
658739
658740
658741
658744
658502
658503
658745
658742
658500
658501
658743
658726
659816
658727
659815
659814
659813
658725
659819
659818
658729
659817
658730
658733
658734
658731
658732
