592619
592684
592656
592622
592625
592660
592699
592643
592602
592628
592694
592611
592677
592638
592661
592691
592631
592604
592617
592614
592613
592667
592637
592608
592650
592620
592648
592657
592689
592603
592665
592668
592655
592616
592601
592696
592678
592647
592633
592690
592664
592606
592688
592630
592695
592687
592658
592607
592605
592612
592644
592615
592624
592698
592671
592649
592636
592652
592621
592672
592682
592639
592692
592670
592666
592681
592679
592686
592693
592680
592673
592646
592653
592610
592669
592675
592618
592641
592654
592645
592629
592609
592697
592640
592642
592663
592676
592685
592626
592662
592600
592632
592683
592627
592635
592634
592659
592674
592623
592651
