2677677
2677410
2677455
2677629
2677402
2677123
2677155
2677182
2677601
2677122
2677152
2677661
2677421
2677409
2677154
2677108
2677469
2677163
2677131
2677669
2677151
2677118
2677168
2677191
2677109
2677676
2677602
2677111
2677133
2677613
2677125
2677105
2677600
2677124
2677161
2677128
2677419
2677179
2677193
2677120
2677176
2677159
2677181
2677414
2677457
2677425
2677139
2677477
2677145
2677674
2677428
2677458
2677475
2677479
2677605
2677424
2677474
2677113
2677197
2677178
2677100
2677150
2677417
2677186
2677189
2677171
2677611
2677132
2677106
2677199
2677467
2677101
2677450
2677465
2677130
2677470
2677671
2677183
2677140
2677670
2677625
2677609
2677665
2677663
2677422
2677134
2677668
2677401
2677429
2677157
2677116
2677188
2677102
2677464
2677138
2677607
2677622
2677471
2677141
2677456
2677416
2677415
2677158
2677423
2677103
2677460
2677129
2677418
2677476
2677403
2677115
2677672
2677426
2677461
2677167
2677606
2677678
2677400
2677121
2677180
2677185
2677407
2677411
2677660
2677623
2677404
2677472
2677192
2677427
2677604
2677166
2677406
2677170
2677612
2677673
2677126
2677451
2677617
2677164
2677627
2677619
2677177
2677413
2677143
2677473
2677675
2677664
2677112
2677187
2677452
2677412
2677147
2677114
2677466
2677127
2677195
2677156
2677462
2677117
2677615
2677142
2677194
2677198
2677196
2677620
2677169
2677610
2677148
2677174
2677162
2677153
2677136
2677144
2677666
2677616
2677621
2677173
2677146
2677608
2677459
2677405
2677679
2677190
2677149
2677184
2677420
2677628
2677107
2677453
2677119
2677478
2677624
2677172
2677463
2677408
2677135
2677667
2677160
2677165
2677603
2677662
2677110
2677614
2677618
2677468
2677175
2677454
2677626
2677137
2677104
