2677437
2677261
2677439
2677203
2677432
2677653
2677638
2677260
2677444
2677241
2677207
2677299
2677658
2677431
2677232
2677652
2677272
2677234
2677217
2677441
2677233
2677223
2677215
2677216
2677224
2677212
2677200
2677242
2677267
2677209
2677659
2677271
2677289
2677255
2677226
2677642
2677283
2677633
2677205
2677281
2677447
2677247
2677252
2677630
2677278
2677213
2677285
2677282
2677249
2677202
2677291
2677644
2677237
2677440
2677256
2677275
2677434
2677273
2677276
2677435
2677650
2677640
2677446
2677651
2677287
2677263
2677229
2677295
2677244
2677298
2677656
2677654
2677258
2677248
2677239
2677442
2677218
2677227
2677235
2677206
2677270
2677231
2677294
2677246
2677228
2677288
2677240
2677645
2677219
2677279
2677214
2677649
2677433
2677297
2677222
2677243
2677443
2677204
2677262
2677643
2677657
2677639
2677266
2677293
2677290
2677265
2677436
2677647
2677211
2677230
2677430
2677655
2677220
2677253
2677264
2677201
2677257
2677225
2677292
2677648
2677634
2677250
2677449
2677269
2677284
2677268
2677445
2677221
2677296
2677280
2677245
2677210
2677646
2677438
2677208
2677286
2677448
2677637
2677631
2677636
2677274
2677236
2677251
2677238
2677277
2677254
2677635
2677641
2677632
2677259
