2677802
2677749
2677756
2677691
2677776
2677777
2677795
2677689
2677767
2677742
2677762
2677686
2677694
2677716
2677759
2677763
2677739
2677758
2677685
2677751
2677682
2677750
2677768
2677692
2677690
2677714
2677773
2677794
2677781
2677718
2677713
2677703
2677683
2677797
2677765
2677734
2677778
2677793
2677755
2677706
2677717
2677761
2677719
2677789
2677711
2677696
2677792
2677772
2677754
2677681
2677736
2677731
2677708
2677705
2677715
2677775
2677812
2677746
2677769
2677798
2677733
2677787
2677748
2677784
2677687
2677747
2677782
2677699
2677700
2677693
2677740
2677783
2677779
2677744
2677743
2677764
2677786
2677741
2677753
2677752
2677702
2677805
2677737
2677770
2677757
2677684
2677695
2677680
2677707
2677730
2677732
2677774
2677791
2677790
2677710
2677800
2677735
2677712
2677709
2677788
2677688
2677704
2677799
2677811
2677698
2677766
2677796
2677780
2677697
2677701
2677745
2677738
2677771
2677785
2677760
