49179518
49163719
49178144
49177383
49177969
49179460
49178334
49163639
49177180
49179515
49163519
49179346
49179528
49163183
49177299
49179419
49178284
49177650
49178522
49178835
49179121
49178332
49163778
49163377
49179741
49178574
49177551
49163635
49177600
49178920
49178436
49178519
49177813
49179659
49177707
49163208
49163863
49177525
49179403
49163251
49178240
49177819
49163895
49178917
49177350
49177445
49178527
49179217
49163420
49179200
49177915
49177918
49163565
49163978
49163851
49177784
49179368
49177281
49177676
49163806
49177434
49179664
49177653
49177619
49163362
49177791
49163501
49163755
49178109
49177753
49163461
49179686
49163964
49179204
49179131
49178580
49179270
49179228
49178912
49163831
49179859
49177935
49163844
49177641
49177594
49163980
49163202
49163395
49177860
49179929
49178234
49177486
49163968
49178636
49163521
49163339
49163118
49179392
49178843
49177728
49178490
49163205
49178617
49177957
49177543
49179469
49178451
49177615
49178601
49163878
49178560
49179674
49178627
49163986
49179753
49179292
49178189
49178538
49179101
49163159
49179240
49163784
49177612
49178589
49179737
49163615
49178909
49163405
49163024
49177272
49163333
49177249
49177850
49179610
49178306
49177690
49163660
49163876
49163748
49177166
49163462
49163200
49163357
49178661
49178853
49177837
49178575
49179941
49163292
49163879
49178108
49179421
49179762
49163177
49179537
49179923
49177342
49179118
49178850
49178182
49177896
49178379
49178644
49179777
49179133
49179480
49163785
49163197
49163791
49177238
49178341
49179720
49178552
49179462
49179721
49179141
49163972
49179501
49178862
49163002
49163509
49179233
49179679
49177621
49178314
49177590
49179602
49163910
49177295
49177873
49177457
49178409
49179325
49179414
49163685
49179311
49178558
49163135
49177243
49177185
49179411
49163681
49178509
49163932
49178326
49179837
49178375
49178710
49163640
49178669
49163032
49178812
49177982
49177267
49178408
49179783
49179824
49177691
49178640
49163443
49177347
49179758
49177725
49163181
49177302
49163947
49177232
49179846
49163744
49178893
49163918
49163187
49178840
49178344
49163466
49163525
49163534
49177745
49163543
49179399
49179900
49178738
49163913
49177808
49178265
49177162
49178367
49177758
49179136
49178625
49178628
49163698
49163810
49179502
49179928
49163951
49177176
49179596
49177425
49177744
49163943
49163397
49178119
49177887
49179128
49177919
49178746
49178919
49178392
49178836
49179440
49177293
49179105
49178304
49179742
49178934
49177455
49179409
49178140
49163896
49179487
49177980
49163160
49178614
49163507
49178567
49179949
49178716
49178460
49179693
49178897
49178603
49163258
49178578
49178249
49179156
49178130
49179453
49178245
49177576
49163600
49177822
49178914
49177484
49163696
49178725
49163692
49179533
49163112
49179447
49177442
49178874
49177266
49163338
49177977
49179727
49178407
49163140
49177380
49178153
49163804
49178523
49179683
49178852
49177939
49163717
49163298
49177410
49177354
49178317
49163767
49178434
49177978
49178122
49179252
49178413
49178401
49178545
49179249
49179481
49163888
49179649
49177514
49178507
49177851
49163661
49163973
49179559
49177958
49163546
49177172
49179590
49163229
49163894
49163564
49177305
49163771
49163579
49163889
49178726
49178813
49178639
49177869
49178269
49177362
49163101
49178651
49163487
49163638
49177328
49163148
49179123
49163214
49163192
49177912
49163407
49178502
49179263
49177312
49163250
49177607
49163305
49178939
49163178
49179535
49177448
49163149
49178780
49179137
49178770
49178817
49178381
49178665
49179428
49178503
49177130
49179375
49178615
49179662
49177616
49178637
49178354
49177408
49177441
49178683
49163891
49177371
49177261
49177395
49178722
49178837
49178903
49178736
49178763
49179919
49178235
49163113
49177394
49177802
49163262
49163949
49179532
49163766
49177153
49163737
49177507
49163608
49177835
49177373
49179975
49177282
49177519
49178308
49177258
49177497
49163155
49163222
49163845
49179484
49177417
49179193
49163231
49177696
49178253
49179673
49177746
49177345
49179822
49177148
49163342
49163700
49179879
49177715
49177713
49178353
49178982
49178942
49179406
49179888
49179937
49179931
49163220
49177775
49163198
49163619
49179563
49177268
49177771
49163430
49179691
49177420
49177605
49178988
49179943
49177288
49163042
49163977
49177827
49179687
49177333
49178321
49163343
49178652
49178243
49177581
49177684
49163386
49163809
49178622
49179542
49177233
49163188
49179707
49177439
49178606
49177666
49163031
49163520
49163765
49163757
49163927
49179234
49179772
49178505
49177645
49177541
49178801
49179828
49163045
49177389
49177742
49178158
49177248
49163169
49163027
49163286
49177167
49177259
49163331
49177844
49177338
49179516
49178929
49163609
49179433
49178918
49179345
49177198
49179628
49178111
49179213
49163548
49178685
49178927
49177664
49179507
49177182
49163568
49163790
49178584
49163429
49177485
49178469
49163483
49163952
49179293
49179397
49178870
49177853
49163941
49179475
49178922
49178210
49177195
49163663
49163833
49177805
49179415
49178209
49177571
49177874
49178613
49177866
49163018
49178508
49163865
49177437
49177500
49177739
49163454
49179295
49163171
49177797
49179437
49178292
49163221
49177719
49163176
49177190
49163850
49179592
49163309
49177877
49178530
49179770
49179523
49163711
49179993
49177296
49163252
49177392
49177224
49177778
49163311
49178686
49163529
49179988
49178703
49163517
49178845
49178605
49163937
49177188
49177878
49163291
49177566
49178533
49177561
49178697
49178271
49178457
49179803
49178476
49163226
49177184
49177369
49163903
49163439
49177506
49178655
49177663
49163204
49163904
49177705
49178777
49177718
49163294
49177652
49178811
49178264
49179736
49177428
49177480
49178361
49178330
49179811
49179595
49179731
49178786
49178302
49178921
49163697
49163796
49177646
49178479
49163584
49179225
49177229
49177236
49177157
49163030
49178566
49179680
49179135
49163041
49163626
49177622
49177488
49178232
49179221
49178834
49179494
49177553
49178390
49179750
49163906
49177510
49163500
49179455
49179497
49177929
49177971
49163684
49163531
49163817
49179541
49178299
49163853
49179496
49178616
49177529
49163667
49163490
49163580
49163801
49177482
49163710
49178393
49178230
49178611
49178301
49178911
49163421
49179788
49163434
49177520
49163729
49163369
49178849
49163828
49179412
49177625
49179467
49179605
49177388
49178426
49177226
49179820
49163671
49178906
49178400
49177142
49177544
49177639
49177278
49178313
49178735
49179571
49163987
49163843
49177890
49178364
49177535
49163037
49178118
49178810
49177552
49177729
49177400
49178913
49177446
49177324
49178800
49163427
49178307
49179934
49178114
49179978
49178815
49178467
49178521
49177790
49178672
49163954
49163812
49179298
49179740
49178322
49178165
49179450
49163239
49177909
49163199
49178824
49177583
49177401
49178515
49178664
49179112
49178877
49178983
49177804
49177240
49178668
49163595
49177936
49177405
49179280
49178128
49163153
49178895
49177453
49179203
49179527
49163400
49179538
49177585
49179238
49163881
49163453
49179241
49177702
49163924
49163783
49179482
49178495
49177386
49163916
49163350
49178127
49178635
49177567
49177256
49178289
49178262
49179329
49177402
49177579
49178579
49163009
49163211
49163401
49177499
49163620
49177252
49178465
49177558
49179615
49177838
49177938
49177870
49163614
49178146
49179926
49163142
49178881
49177415
49179781
49177595
49179728
49177701
49177471
49177900
49178950
49179606
49179668
49163100
49179254
49163385
49163036
49179448
49178794
49177285
49178721
49177452
49179514
49177973
49177927
49177438
49177856
49177694
49178583
49163773
49177861
49177421
49177343
49163447
49163456
49177427
49178200
49179620
49178171
49178162
49177313
49163720
49163706
49177513
49179395
49177330
49163846
49177181
49177599
49177320
49179326
49179393
49163782
49177794
49178220
49179901
49177634
49177133
49179257
49178587
49177309
49179265
49177817
49177858
49177930
49163781
49179906
49163856
49178487
49178924
49177823
49177964
49177508
49163448
49177846
49179530
49178667
49163682
49163738
49178319
49177460
49178263
49178157
49163081
49178438
49163686
49163603
49178489
49177689
49178239
49179768
49163864
49179319
49163679
49163909
49177577
49163365
49163734
49177626
49179568
49177845
49179723
49177491
49178456
49163458
49179341
49179827
49179956
49178915
49178179
49179179
49177557
49178329
49178656
49163966
49163495
49177545
49178884
49163510
49178323
49177726
49163912
49163179
49178970
49163174
49178152
49177239
49179743
49178175
49163982
49163602
49163753
49163792
49163265
49179864
49177598
49177671
49163315
49179773
49178447
49163494
49178594
49179466
49179420
49178275
49177673
49163867
49179793
49163788
49178641
49163384
49178624
49178219
49163728
49179222
49163150
49177260
49179117
49177549
49163130
49177651
49179248
49179488
49179945
49178941
49178261
49178968
49163467
49179786
49177245
49163005
49163143
49179785
49177355
49179939
49177816
49179324
49178423
49163215
49163701
49179909
49177704
49177467
49177292
49177391
49163880
49179215
49178470
49178676
49178305
49178764
49178203
49179685
49163883
49177772
49177871
49163884
49177564
49163464
49178204
49178272
49177316
49178252
49178671
49177801
49177721
49178761
49163156
49179172
49177747
49177200
49178298
49178557
49177374
49178958
49163184
49163335
49163825
49177720
49178688
49179702
49163712
49163248
49178932
49163940
49178415
49163886
49163979
49178793
49163288
49178480
49179759
49163914
49163256
49177828
49163803
49179100
49179476
49177360
49178933
49179495
49178923
49178463
49177492
49177483
49163318
49178342
49177880
49179891
49179893
49163209
49163477
49179974
49177403
49177875
49179126
49178892
49177963
49178205
49177769
49179372
49179429
49177311
49178170
49177503
49179114
49178433
49177898
49178729
49177379
49177586
49177974
49177454
49163161
49179567
49163460
49163970
49163631
49178160
49163330
49177235
49179413
49178805
49179521
49163808
49178368
49178254
49179216
49179426
49163780
49163962
49178443
49177135
49178185
49178212
49177201
49163012
49179441
49178196
49179666
49163618
49179299
49178803
49179873
49179232
49163724
49163861
49178654
49179652
49179799
49163158
49178885
49177175
49163794
49163472
49178759
49177447
49163725
49163468
49178187
49177685
49179474
49179774
49177518
49177644
49163758
49179235
49179868
49163249
49178802
49163444
49178391
49178829
49179418
49178659
49178969
49163723
49163191
49163168
49177359
49179833
49163345
49179613
49177451
49163269
49177280
49177848
49179139
49179594
49177149
49178977
49178799
49177776
49178847
49179231
49177526
49177548
49179982
49179446
49177907
49163687
49178333
49177826
49178776
49163730
49163482
49178816
49163194
49179971
49163225
49179104
49179442
49163392
49179436
49178149
49178430
49178634
49177893
49178900
49163419
49178137
49163513
49163372
49179275
49163974
49179925
49163604
49177431
49163702
49177522
49177377
49177228
49163689
49177231
49163465
49179211
49178717
49179739
49163632
49163657
49163442
49178110
49177972
49163823
49163266
49179398
49179755
49163818
49163908
49177461
49163436
49179678
49177968
49179677
49163290
49178691
49177872
49179999
49177339
49178555
49177679
49179729
49178899
49179465
49178539
49178608
49163917
49179539
49163756
49177962
49179842
49177796
49179111
49179417
49163870
49178233
49178186
49178286
49178327
49177738
49179804
49179962
49179618
49179992
49178287
49163819
49163516
49177515
49179512
49177792
49178670
49179458
49178328
49163396
49177537
49179432
49178875
49163960
49163874
49163328
49177521
49179425
49163787
49163360
49177665
49163939
49179935
49178822
49163834
49177298
49177774
49178112
49177833
49178418
49178832
49177319
49163408
49179122
49163370
49177979
49179108
49177444
49177264
49178266
49178839
49163838
49163254
49179531
49163432
49163797
49177761
49163573
49179227
49178244
49163749
49178133
49178446
49179129
49177493
49163813
49177764
49163795
49177697
49163080
49178684
49177476
49163321
49163425
49179549
49179832
49178936
49163920
49163240
49179456
49177756
49179486
49178532
49177138
49163776
49163820
49177349
49179940
49163677
49178846
49163727
49178760
49178610
49163929
49178553
49177811
49178309
49177863
49179127
49177475
49179212
49178528
49178563
49178910
49163690
49178525
49179754
49163325
49178973
49163733
49163235
49177314
49178290
49163379
49163956
49179972
49178481
49177183
49163119
49163976
49178202
49178237
49178724
49163224
49179449
49163882
49177170
49163515
49178678
49178491
49179947
49178883
49177481
49163431
49178273
49179792
49177286
49177271
49179142
49163324
49178121
49177680
49178316
49178217
49177688
49178935
49179483
49179438
49163859
49178331
49178887
49163164
49177560
49179256
49163413
49163858
49163145
49178281
49178163
49178854
49178168
49179423
49163868
49178373
49178259
49163238
49177274
49179140
49163508
49178586
49177450
49163505
49163989
49163236
49163674
49163162
49177463
49178930
49177291
49178576
49178868
49177768
49163498
49179598
49177418
49178406
49177895
49179508
49177591
49177334
49178177
49179916
49177396
49178863
49179206
49163346
49163835
49177412
49178638
49179611
49177336
49177390
49178865
49163133
49177173
49163577
49178526
49178698
49163152
49178559
49177629
49178980
49179815
49177648
49163131
49177156
49163450
49178103
49177892
49178166
49163247
49177731
49179320
49163276
49178823
49177422
49178582
49177868
49179463
49177300
49178276
49178547
49179260
49177163
49179958
49177899
49179704
49163955
49179757
49163354
49163433
49177692
49163409
49177194
49179408
49179328
49163263
49163598
49179994
49178156
49179942
49177530
49163672
49163630
49177716
49177270
49179194
49163267
49178757
49177722
49179261
49179407
49177424
49163043
49178602
49178291
49163872
49179565
49178176
49179198
49178154
49163435
49179779
49163629
49177820
49163925
49177781
49163244
49163102
49178214
49163624
49163849
49179327
49177363
49177867
49179509
49163562
49179715
49177204
49179769
49177301
49178867
49179291
49178673
49177263
49163563
49177954
49163504
49163237
49179603
49179459
49178370
49179747
49178775
49177655
49179236
49163839
49178730
49163522
49163496
49177668
49163625
49163514
49179604
49177287
49178782
49178901
49178573
49178398
49179219
49177597
49179230
49179671
49179517
49179323
49178896
49178297
49177528
49179648
49179470
49163167
49163774
49163786
49178514
49163945
49177468
49177456
49178680
49177323
49178593
49178188
49178174
49178126
49177632
49163764
49178282
49178223
49163301
49179113
49163049
49177647
49178833
49179452
49179798
49177393
49163390
49163484
49178455
49179866
49179547
49163459
49177237
49177618
49178534
49179226
49177737
49178336
49177397
49177965
49179764
49163323
49177798
49163285
49177578
49179237
49163678
49163233
49177780
49178141
49163314
49178860
49177407
49178147
49163403
49177465
49163255
49178642
49177814
49177633
49179829
49177879
49178279
49179208
49163341
49178405
49178513
49178945
49177165
49163196
49163552
49178904
49179154
49177306
49177637
49177246
49179454
49179120
49163137
49178517
49179210
49177275
49177883
49163302
49178151
49178207
49163933
49163902
49177411
49177750
49179787
49179451
49177757
49177378
49179607
49179617
49163277
49177423
49163662
49179705
49179911
49177283
49163885
49178181
49163693
49163953
49163491
49179616
49177218
49163492
49177538
49177732
49163547
49163361
49178453
49178979
49177352
49178462
49179174
49163479
49177331
49178755
49179188
49177901
49179548
49163566
49177284
49179511
49179457
49178101
49163946
49178247
49178974
49163124
49177145
49163351
49178821
49177916
49163742
49177956
49178345
49163675
49177137
49177941
49179168
49163230
49177570
49179932
49179930
49163746
49177593
49178483
49177654
49177477
49177222
49177357
49163245
49163186
49163798
49178690
49177649
49179500
49163259
49163892
49178311
49163382
49177843
49163627
49163961
49163887
49179991
49177770
49163147
49179424
49178283
49177960
49178164
49177711
49178351
49179670
49177213
49178604
49177852
49179362
49178785
49178285
49177589
49163367
49163928
49178838
49177344
49163424
49178809
49177840
49179761
49163841
49179963
49178734
49178564
49163228
49177657
49177404
49163232
49178452
49179490
49178633
49177487
49163300
49177700
49178107
49178402
49163212
49178612
49163636
49177337
49177891
49179430
49178572
49178197
49179147
49178711
49178371
49177376
49178356
49177937
49179922
49177882
49178346
49178450
49179151
49178411
49177917
49178211
49163832
49163718
49178754
49179434
49177788
49163907
49177638
49178125
49179202
49178689
49177678
49163316
49177546
49177327
49163019
49179989
49177473
49178414
49178180
49163623
49179684
49163182
49163293
49178363
49177925
49178355
49178631
49163366
49179218
49179690
49179371
49179391
49179543
49179102
49177847
49177262
49178826
49163449
49179473
49177147
49163763
49178693
49178714
49178410
49178543
49179366
49178343
49177297
49163040
49163139
49178679
49163363
49177382
49178577
49178516
49178554
49179591
49178844
49177921
49177836
49178783
49178139
49179492
49177413
49177675
49163213
49179908
49179364
49163195
49179791
49177933
49178876
49177168
49163877
49179730
49163210
49178831
49163128
49177743
49163136
49179485
49178750
49163873
49177247
49179499
49178440
49178723
49178842
49163969
49163246
49177532
49178201
49163574
49179614
49163736
49163555
49177970
49177806
49163446
49178753
49179478
49179895
49179636
49179134
49177762
49177809
49179382
49178404
49177565
49177717
49177141
49179534
49177191
49178472
49177575
49163481
49178731
49163857
49178873
49179439
49179933
49177144
49163634
49179184
49177540
49163463
49178879
49177196
49178293
49178938
49163138
49177643
49177596
49163480
49179536
49177479
49177889
49177922
49177609
49178376
49177414
49163175
49179797
49178357
49179416
49177674
49178459
49163337
49177504
49163469
49179775
49163688
49178231
49179924
49163905
49163922
49163862
49177273
49179443
49177752
49179896
49163144
49177670
49178378
49163163
49177372
49163146
49163172
49163854
49163486
49179681
49163704
49177569
49177709
49163814
49177759
49178762
49163569
49178124
49177277
49178798
49178431
49163732
49163173
49179383
49178506
49178961
49178458
49177242
49178374
49177517
49179506
49178925
49177449
49177197
49178807
49179297
49177628
49163234
49177511
49179505
49179107
49163033
49177307
49178819
49178320
49178745
49163406
49177466
49163129
49163303
49177592
49179782
49178677
49178444
49178682
49177542
49177686
49177894
49179110
49178960
49179464
49163683
49163680
49178195
49163676
49179713
49177335
49179138
49177364
49163241
49179479
49163180
49178814
49163641
49179390
49179826
49177340
49178134
49178238
49179675
49179964
49178549
49178588
49179665
49178213
49177961
49177244
49178148
49179132
49178882
49163393
49163344
49177624
49178384
49178520
49179525
49177751
49163715
49178274
49163441
49163457
49178818
49163371
49179746
49178585
49177864
49178653
49177433
49177384
49179776
49163599
49177636
49179545
49178132
49177913
49163971
49163550
49163890
49178349
49177139
49177154
49177799
49163134
49177443
49178396
49177505
49179269
49179296
49177931
49177789
49177225
49178325
49177512
49178632
49178318
49178888
49179504
49177857
49177289
49179267
49163821
49178851
49178720
49177677
49179789
49177777
49179268
49177329
49178827
49178806
49179503
49178257
49179921
49163154
49163871
49177474
49163044
49177911
49179752
49178550
49179498
49177368
49179513
49163368
49178889
49163219
49163869
49179700
49177606
49178348
49179566
49178771
49177206
49163616
49177432
49163410
49163014
49177563
49178191
49177257
49178674
49178218
49163383
49163260
49178395
49178420
49178739
49177547
49178255
49177667
49177381
49177695
49163936
49163919
49177322
49179243
49179698
49163606
49177308
49163132
49163741
49178715
49163039
49177712
49177489
49177341
49178704
49177326
49163473
49179510
49178359
49163739
49179546
49177735
49177785
49163261
49178169
49163125
49178484
49163847
49163452
49163981
49177187
49178981
49163206
49163279
49163201
49163253
49177617
49178891
49177501
49178142
49163170
49177755
49179106
49178172
49163612
49178675
49163404
49177966
49163348
49178869
49179763
49178335
49178338
49178143
49179876
49163601
49177143
49163141
49163659
49177527
49177462
49178477
49178696
49179910
49177174
49178541
49178510
49179744
49178681
49178493
49177351
49177470
49179694
49178366
49179676
49163665
49177834
49163524
49177932
49177464
49163264
49178695
49177687
49178427
49163257
49177610
49178848
49177601
49163637
49177749
49178531
49178556
49177897
49163607
49163438
49163428
49178296
49177627
49177325
49177214
49178536
49177169
49177706
49177631
49177241
49163567
49163312
49163217
49163334
49178630
49163760
49179347
49163789
49178712
49163898
49177310
49178104
49177584
49179477
49163921
49163218
49179491
49178629
49178358
49178256
49178412
49179190
49179149
49178159
49178337
49179431
49163772
49179825
49163915
49177211
49163621
49178425
49178403
49177502
49163478
49163768
49179902
49179355
49179468
49163722
49179967
49177318
49177630
49163950
49163475
49163471
49163006
49163105
49178692
49179472
49178841
49177859
49177787
49178135
49178858
49177332
49178744
49179493
49163617
49178500
49178106
49177179
49179712
49177928
49178705
49178590
49178702
49179984
49178542
49179735
49179701
49179422
49178466
49179696
49178872
49177967
49163666
49179109
49178972
49177304
49178535
49179388
49163445
49177881
49178551
49178825
49179242
49178663
49178687
49177862
49163695
49177910
49178864
49177490
49163829
49163779
49178694
49163356
49163691
49179540
49163866
49178347
49178478
49177682
49177210
49179553
49163714
49163923
49163897
49163926
49163474
49179706
49177223
49178161
49178719
49178855
49178658
49177159
49179258
49177230
49177146
49177588
49178241
49179749
49163699
49179695
49179936
49178167
49177642
49163731
49177741
49177855
49179214
49177216
49178136
49179410
49177234
49163802
49179124
49179612
49177613
49178251
49163957
49178102
49163336
49178660
49163289
49177841
49178861
49177469
49177815
49177562
49178657
49178198
49163613
49163275
49179726
49177472
49179321
49163227
49178607
49178303
49178488
49179489
49163544
49163752
49177221
49163455
49163852
49178699
49178113
49179244
49163605
49178183
49177202
49179294
49178352
49177975
49177440
49163948
49178512
49163399
49179125
49178591
49179379
49178310
49163775
49177458
49179519
49177367
49178324
49179976
49178138
49179143
49179608
49163769
49178312
49179771
49163317
49163963
49179187
49163190
49178473
49179396
49163476
49177699
49179239
49177773
49179471
49177736
49163426
49177748
49179266
49177582
49163203
49177321
49179290
49163983
49177876
49179660
49178529
49177611
49178592
49179340
49178270
49177793
49163185
49179322
49177495
49177346
49178497
49163759
49163875
49178562
49177215
49178300
49178288
49178581
49177603
49178518
49177779
49178975
49178315
49178339
49179806
49163811
49163721
49178976
49179920
49163268
49163901
49177158
49163272
49163287
49163127
49179583
49177250
49179794
49178449
49163364
49163793
49163380
49163243
49179160
49177693
49163109
49178609
49178662
49163533
49163743
49178540
49177164
49178178
49178713
49178190
49163935
49179578
49178278
49178499
49178377
49163020
49163669
49178242
49163373
49179116
49177265
49177269
49179461
49178494
49178511
49178546
49179599
49163470
49178145
49178206
49163985
49163451
49178498
49163347
49163007
49178732
49178350
49179625
49178804
49177703
49178728
49177710
49179367
49178295
49178236
49178962
49163193
49179745
49163166
49178908
49178561
49177219
49179427
49163967
49177888
49178468
49177924
49179224
49177387
49178878
49163117
49178537
49163489
49177494
49179651
49177276
49177795
49179973
49163527
49179699
49177398
49178474
49177186
49179977
49177754
49163826
49178184
49177559
49177786
49163988
49179780
49178828
49177623
49179223
49179950
49179544
49179181
49163633
49179938
49177839
49163207
49177807
49163242
49177572
49178448
49163670
49178898
49163499
49163694
49178871
49178199
49178620
49163716
49163860
49178524
49163965
49177669
49179748
49163418
49177782
49178905
49179689
49177459
49163422
49163740
49179784
49163703
49163735
49178808
49179103
49177803
49178916
49178931
49163664
49163284
49177205
49177640
49179220
49178294
49163151
49178623
49163799
49178890
49178886
49178767
49178971
49178859
49177189
49178787
49177430
49163278
49178228
49179834
49179703
49179435
49163378
49177831
49178399
49177524
49178937
49177212
49178544
49177681
49177602
49163628
49178471
49179130
49163770
49177829
49163216
49178907
49178131
49163911
49163157
49177140
