49171442
49170781
49175489
49170187
49175680
49170288
49170659
49170211
49175723
49171239
49171230
49175460
49170840
49170300
49171678
49170805
49171761
49170650
49171742
49170870
49170534
49175563
49170823
49171638
49171996
49170539
49171214
49171400
49170538
49170636
49170368
49175254
49170311
49171321
49171241
49170388
49171169
49171748
49175230
49171512
49171454
49170506
49170753
49175983
49170924
49170920
49175997
49171462
49171431
49175530
49175501
49175238
49175701
49175829
49170825
49170240
49175797
49175845
49171644
49175663
49171634
49175653
49171530
49171823
49171773
49175448
49171612
49170241
49175913
49171312
49170276
49175198
49171675
49171235
49170744
49175581
49171555
49175775
49171465
49175513
49170742
49170468
49170117
49175695
49170965
49170230
49170611
49175117
49175641
49175480
49175905
49170791
49175220
49170568
49170978
49171270
49175705
49170561
49170518
49175898
49171409
49171683
49175647
49170186
49171158
49175542
49170928
49175356
49175782
49175648
49171818
49171708
49175250
49170771
49170411
49170107
49171937
49170485
49171119
49170560
49170939
49171510
49175244
49171632
49175124
49170756
49170324
49170958
49171405
49171983
49175388
49175376
49175951
49170655
49170977
49170412
49175596
49175644
49171572
49171905
49170799
49170487
49170310
49175881
49171445
49175863
49170821
49171112
49171206
49171435
49170968
49170228
49170375
49171871
49170894
49171417
49170800
49171914
49170757
49175347
49175152
49170221
49175789
49170985
49170772
49170266
49170989
49171106
49171744
49175613
49171141
49175515
49170869
49171798
49170850
49170477
49171545
49170784
49170410
49170362
49171366
49170451
49175344
49175999
49171353
49171695
49175546
49171293
49170907
49171980
49170665
49171883
49170479
49175718
49175684
49171568
49171763
49170577
49170986
49170246
49175506
49171110
49171463
49170956
49170632
49175151
49170219
49170967
49170465
49170322
49170826
49170919
49175706
49171301
49170177
49175491
49175468
49175754
49171784
49171533
49170484
49175375
49171389
49171439
49171900
49171631
49171527
49175355
49170372
49170445
49175980
49175858
49170981
49171930
49171154
49171190
49170770
49175410
49175810
49175541
49175834
49175348
49170741
49171682
49171752
49175597
49170702
49170357
49170660
49175514
49171528
49170432
49175975
49175242
49171377
49171934
49171795
49171227
49175866
49170991
49171976
49170536
49171833
49175519
49170625
49171717
49171714
49171982
49175558
49171579
49171220
49175707
49170849
49170457
49175155
49175903
49170100
49171896
49170824
49170338
49175862
49170739
49175298
49170401
49171973
49170554
49170365
49175467
49175768
49175340
49171286
49171863
49171962
49170766
49175351
49171765
49170734
49175201
49170215
49175101
49171620
49175564
49170274
49175602
49175401
49170114
49170530
49170261
49170760
49171148
49175821
49170272
49171534
49171287
49170497
49170505
49170976
49171481
49171307
49171474
49171104
49175279
49175126
49171718
49171240
49170499
49171189
49175774
49171700
49175608
49171757
49170161
49175535
49170188
49171310
49171156
49175293
49175927
49170767
49175216
49171228
49171459
49170289
49170407
49175629
49175157
49175856
49175885
49170303
49170295
49171920
49175780
49171619
49175482
49170167
49170367
49175918
49171677
49170127
49171972
49171885
49171984
49171957
49170525
49175405
49171337
49171724
49170582
49170316
49170116
49171211
49171903
49171974
49175812
49171783
49171806
49171737
49171799
49171215
49171549
49170163
49170878
49170780
49171305
49170634
49170598
49175993
49170446
49171488
49171831
49175801
49175779
49170341
49175656
49175342
49171743
49175496
49170292
49171149
49171177
49175538
49175609
49171753
49170346
49170225
49170562
49175928
49171565
49170491
49171418
49175867
49175792
49170325
49175814
49170160
49175566
49170337
49175850
49171935
49170789
49175330
49170231
49160412
49175105
49171146
49171330
49171539
49175123
49171367
49175361
49170524
49170845
49170614
49175258
49170526
49171350
49175651
49170359
49175954
49175805
49171722
49170358
49170816
49170176
49171194
49171212
49171518
49171538
49171369
49171291
49175579
49175326
49175635
49171532
49171926
49170992
49170588
49175529
49175848
49170528
49171710
49171611
49170642
49171864
49170903
49175411
49171898
49171182
49175960
49171210
49170453
49171487
49175257
49171647
49175301
49170304
49175595
49171322
49171302
49175761
49170205
49175649
49170590
49170546
49171475
49171437
49170376
49170630
49170994
49170697
49171796
49175946
49170544
49170377
49170959
49171511
49170899
49171825
49170804
49171233
49170501
49175168
49175153
49170857
49170157
49170191
49175577
49170409
49175972
49171537
49175362
49175426
49175662
49170467
49170751
49171231
49175363
49171657
49175261
49175614
49170810
49175996
49170879
49175102
49171987
49175292
49170243
49171191
49175237
49171144
49175738
49170340
49175897
49175500
49170639
49170319
49171338
49171246
49175187
49171551
49170282
49175253
49170315
49171840
49171519
49175906
49175710
49175962
49171284
49170955
49175193
49175113
49175777
49171865
49171635
49175205
49171821
49170669
49170146
49170794
49175378
49170901
49170166
49171173
49175322
49175852
49171822
49160154
49175811
49171320
49171122
49175128
49175922
49170454
49175459
49171521
49171653
49170335
49171994
49171476
49175479
49171123
49171546
49170833
49175163
49175154
49175470
49170106
49171712
49170605
49170200
49171500
49170571
49170263
49175670
49170761
49171652
49171792
49171685
49171648
49170408
49171499
49175112
49170156
49170706
49175562
49171184
49170927
49175696
49171872
49171923
49175971
49171640
49171843
49175255
49170189
49171346
49170381
49171787
49171413
49175580
49170930
49175552
49175824
49175689
49171643
49171649
49171526
49175785
49175309
49175721
49171659
49170558
49175245
49171918
49170519
49171791
49170547
49175365
49171311
49175682
49175896
49170119
49175343
49171334
49171216
49170434
49175161
49170883
49170579
49170360
49171970
49171515
49171997
49175914
49170687
49170931
49170438
49171224
49175273
49175180
49171676
49171995
49170877
49171162
49170652
49175804
49170413
49175570
49171201
49170685
49175671
49175174
49175994
49175800
49170647
49175423
49171125
49171731
49170299
49170548
49171181
49171861
49170202
49170593
49175367
49171629
49171586
49170336
49175909
49170603
49170680
49175234
49171961
49175750
49171344
49170291
49170331
49170508
49170963
49175586
49170541
49171121
49171769
49170835
49170975
49171318
49171912
49171855
49175587
49170369
49175446
49175642
49171341
49170348
49175731
49175210
49171166
49175758
49175584
49175859
49171188
49175940
49171379
49170689
49175336
49171420
49170798
49171303
49171817
49171343
49175458
49175217
49175324
49170666
49175965
49170618
49171911
49171274
49170433
49170709
49175183
49175855
49171567
49170700
49171513
49175150
49171759
49171323
49175266
49175694
49171625
49170164
49175372
49175660
49171699
49175456
49171427
49175619
49175453
49170204
49175699
49171456
49171899
49175207
49171874
49171716
49171375
49171958
49175417
49170599
49171244
49170244
49175921
49170929
49170916
49170242
49170382
49170418
49171698
49171207
49171260
49170556
49175986
49171760
49171542
49170144
49170997
49171414
49171187
49170626
49171285
49175794
49171236
49175700
49171687
49175712
49170224
49170286
49171509
49171999
49170974
49171740
49175226
49175206
49175655
49171782
49171324
49170463
49170876
49175509
49175708
49170217
49170803
49175667
49171299
49170817
49170287
49171965
49171279
49175736
49175948
49170615
49170442
49171309
49170280
49171406
49171835
49170321
49171482
49175783
49175861
49170403
49170952
49171319
49171561
49171814
49171617
49171296
49171446
49170476
49171440
49171203
49171686
49171931
49171959
49171992
49175420
49170270
49175416
49170827
49175533
49175956
49170861
49171229
49175271
49175275
49170502
49170233
49171600
49170918
49170693
49171165
49170583
49171326
49175904
49171573
49170405
49175252
49170521
49170543
49171388
49170416
49171266
49170421
49171357
49170430
49171455
49171809
49175725
49175926
49175247
49170482
49175703
49170806
49170696
49171553
49175748
49171697
49170832
49175561
49170153
49171492
49170737
49175430
49170610
49175251
49171349
49170859
49171842
49170496
49170113
49171691
49175567
49175544
49170302
49170940
49175116
49171485
49175888
49175525
49175215
49170456
49175190
49171897
49170867
49171928
49170334
49175272
49175111
49170122
49170461
49170149
49170886
49170812
49175268
49175114
49175654
49170790
49171143
49175767
49171654
49175751
49171772
49175787
49170747
49171403
49175600
49170195
49171566
49170586
49170552
49171955
49171282
49175449
49175598
49170232
49171479
49175646
49171550
49170185
49175604
49171802
49170198
49171735
49175555
49171851
49170483
49171504
49171816
49171280
49171738
49175414
49170892
49171111
49171559
49175118
49170814
49171968
49175435
49171486
49175204
49170180
49175158
49170566
49175728
49171421
49175374
49175129
49175553
49170493
49170616
49175744
49170414
49175732
49171614
49175749
49175211
49170523
49171862
49171115
49171758
49170406
49175522
49171947
49175494
49171535
49175481
49175917
49175893
49175447
49175571
49171908
49170656
49175933
49175769
49175554
49171673
49171288
49175276
49170750
49171193
49171832
49175528
49175981
49170462
49171480
49171425
49171627
49175827
49175404
49171317
49175433
49170120
49171441
49170910
49171704
49175349
49170306
49175407
49170701
49171470
49170342
49171226
49170333
49175213
49175714
49171507
49175145
49170746
49170874
49175568
49175633
49170783
49171932
49175120
49175284
49171978
49171741
49170352
49170437
49171922
49170507
49171501
49170298
49175507
49175717
49175995
49170695
49175358
49175412
49171167
49171803
49171936
49171160
49175583
49171423
49171641
49171964
49171670
49170565
49170969
49170601
49175719
49170962
49170402
49170852
49175288
49175844
49170818
49170589
49171732
49170173
49171109
49171575
49171448
49170776
49175277
49171531
49170597
49175472
49171954
49171812
49170500
49175854
49170480
49175952
49175560
49175424
49171774
49171846
49175191
49175643
49171917
49170651
49175440
49171636
49171860
49171927
49170293
49170668
49171688
49171651
49171689
49170718
49171473
49170535
49170210
49170115
49175359
49175345
49175576
49171161
49175961
49175286
49171584
49170110
49170158
49171114
49175517
49170473
49171378
49171939
49175370
49170912
49170779
49171543
49175942
49175536
49175690
49175938
49171975
49175702
49175760
49170297
49175795
49171447
49171238
49171946
49171497
49170777
49171581
49175518
49175209
49170129
49171845
49175229
49175400
49170329
49175880
49175615
49175849
49171304
49171387
49171879
49175274
49170327
49175729
49175763
49170111
49170645
49171877
49171232
49175427
49170563
49175325
49170691
49175357
49171849
49175418
49170441
49175853
49175297
49175521
49175837
49170264
49171457
49170945
49170793
49175969
49170349
49170356
49175693
49171335
49175360
49170727
49170902
49175531
49175692
49171200
49175487
49170946
49170212
49170140
49171386
49160415
49171727
49171569
49171382
49171711
49171412
49170745
49171127
49170897
49171283
49175871
49175890
49171540
49170607
49175486
49170531
49175233
49171680
49170926
49170613
49170339
49171820
49170683
49170284
49171355
49170617
49175640
49170866
49171157
49171267
49171739
49170905
49170380
49170628
49170802
49171290
49175974
49171562
49175739
49175606
49175164
49171788
49175807
49175462
49170318
49171168
49175490
49175289
49171785
49175527
49170172
49175638
49171945
49171703
49170663
49175910
49170542
49170271
49170622
49170226
49175949
49171556
49171128
49170415
49175406
49170374
49170649
49170807
49175661
49175966
49171807
49175461
49170314
49170735
49175333
49170128
49170218
49171329
49170474
49170108
49170653
49170600
49175353
49170323
49171364
49171891
49170584
49175243
49175590
49170662
49175720
49175757
49171175
49175148
49171747
49171827
49171828
49170193
49175715
49175681
49171422
49175534
49171199
49171909
49171129
49175616
49171808
49175439
49170182
49175872
49175402
49171977
49170326
49170686
49171990
49171801
49175485
49171933
49175591
49175678
49170550
49175332
49170796
49171294
49171642
49170904
49171721
49171755
49171477
49175621
49170104
49170460
49171563
49175550
49175465
49175110
49175156
49175878
49175377
49175208
49171603
49175919
49175259
49175668
49170914
49175321
49175524
49171247
49175429
49170353
49170643
49175497
49170350
49170248
49171564
49171866
49171709
49170982
49171602
49170843
49175623
49170533
49171376
49171884
49175934
49170612
49175282
49171805
49175283
49175169
49175874
49171164
49175451
49171777
49175380
49170452
49170941
49170585
49171374
49175930
49175895
49170458
49171411
49170860
49170707
49175444
49175188
49171886
49170522
49175857
49170236
49175502
49175958
49170671
49171904
49175936
49170755
49171588
49171186
49171921
49171150
49170478
49170729
49171372
49170470
49175452
49170490
49170580
49170495
49171892
49171869
49171385
49171424
49175235
49171174
49170960
49171225
49175323
49170670
49175838
49170344
49171436
49171356
49170170
49170207
49171764
49175842
49175166
49171557
49170720
49170190
49171915
49175752
49170440
49170908
49175464
49175141
49170688
49171916
49171520
49171552
49170147
49175341
49170819
49175665
49170262
49171985
49175809
49170363
49170620
49175820
49170308
49171810
49175865
49175232
49171271
49171819
49171313
49171578
49170809
49170355
49175929
49170673
49175944
49171298
49170192
49175578
49170715
49171360
49170109
49170557
49170404
49170731
49175192
49171102
49171615
49171351
49170987
49170516
49170913
49170966
49170769
49171580
49175299
49171498
49175730
49175296
49170488
49171867
49170896
49171384
49175977
49171547
49171242
49175889
49171894
49171208
49175851
49170283
49175425
49175823
49170273
49170277
49170895
49175737
49171192
49175947
49175403
49170900
49170285
49171925
49171707
49171554
49170527
49171779
49175469
49171800
49175165
49175387
49170801
49171105
49175735
49175228
49175987
49170143
49170983
49171684
49170447
49170721
49170400
49175622
49175771
49171410
49175932
49170183
49175762
49170229
49175493
49170864
49171502
49171489
49175483
49175328
49170873
49175122
49175556
49171245
49175711
49170884
49175318
49175798
49170234
49175970
49170964
49171494
49175819
49170247
49175262
49175953
49170694
49171348
49171924
49175474
49171768
49171770
49175537
49160413
49171786
49175162
49170594
49171300
49170328
49171776
49171370
49175224
49175300
49171451
49171113
49171754
49171725
49171838
49171273
49170716
49170730
49170313
49171895
49171902
49175557
49171878
49171859
49171269
49170555
49175181
49171314
49170717
49175173
49171426
49171331
49171692
49170148
49171646
49171523
49175256
49170494
49171209
49170740
49170988
49171276
49170305
49170275
49171870
49170619
49175441
49171887
49171261
49171558
49171991
49171336
49171272
49170704
49171155
49171345
49171118
49170486
49170993
49171836
49171147
49171750
49175476
49175634
49170570
49170520
49175227
49170950
49170765
49175167
49175610
49171601
49175839
49171993
49171505
49170822
49171496
49170444
49171381
49171433
49170842
49170101
49170345
49175379
49175599
49170576
49175574
49175436
49171848
49171616
49175964
49170811
49170703
49175923
49170906
49175759
49171471
49175884
49175652
49175334
49175886
49170466
49171450
49171126
49175912
49170937
49170222
49170472
49171383
49175466
49170855
49171265
49175294
49170591
49171736
49171452
49171101
49171221
49171989
49171262
49170320
49170738
49170419
49170775
49171514
49170813
49170150
49171152
49171306
49170435
49171120
49171633
49171719
49171706
49170238
49171316
49171929
49171853
49171237
49175846
49175803
49175843
49175551
49171116
49175784
49170888
49171401
49170667
49170773
49170197
49171536
49175236
49175901
49170239
49171506
49170778
49170492
49171690
49175473
49175202
49171658
49175585
49171967
49171734
49175984
49171516
49175144
49170868
49170383
49170782
49171907
49171701
49170121
49170732
49171340
49171960
49170690
49171674
49175240
49171327
49171587
49170606
49171610
49170267
49171434
49175828
49170736
49170159
49171541
49171971
49170371
49175796
49170890
49171308
49171880
49171544
49171281
49170312
49170343
49175657
49170227
49171645
49171196
49170853
49175335
49170347
49170155
49170934
49171404
49170124
49171618
49175674
49171628
49170559
49171170
49171560
49175263
49171332
49175194
49171751
49170184
49175484
49175627
49170733
49170125
49175716
49171949
49175791
49175982
49171491
49170851
49170637
49170181
49170301
49170223
49175990
49171430
49171705
49170475
49171495
49170235
49170354
49171407
49170471
49171197
49171585
49175666
49170831
49171938
49170604
49170949
49171829
49171608
49171478
49170862
49171813
49171839
49170984
49170387
49171873
49170206
49170836
49171720
49170788
49175511
49175697
49171204
49171797
49171746
49171726
49171483
49171289
49171140
49175793
49175195
49175327
49175477
49175219
49171988
49175281
49175499
49171428
49171963
49175488
49171359
49171623
49171941
49170815
49171890
49175632
49175664
49170317
49171576
49170450
49175685
49171655
49171570
49170936
49175408
49170838
49170658
49170510
49175565
49171159
49171775
49170638
49171577
49175588
49175270
49175512
49170692
49170294
49175320
49175248
49171315
49175683
49170711
49170509
49170839
49175455
49175891
49171444
49171218
49171153
49171622
49175454
49170330
49170498
49171790
49175523
49171952
49170898
49175159
49171449
49171217
49171956
49175673
49171728
49170572
49170679
49171844
49171180
49175688
49171151
49170209
49175385
49171198
49171264
49175860
49171222
49170909
49170932
49175434
49170830
49175883
49170260
49175478
49170712
49171453
49171292
49175539
49171219
49175526
49175366
49175813
49170545
49171756
49175364
49170384
49170564
49171624
49170279
49171694
49171583
49175421
49175352
49170872
49170681
49175543
49171263
49170631
49170307
49170469
49170587
49170787
49175582
49175617
49170281
49175371
49170846
49171847
49170699
49170201
49171824
49175241
49175687
49175475
49170954
49175592
49175900
49171380
49171517
49175618
49175197
49170245
49170705
49171781
49170889
49175593
49175753
49170141
49170990
49170503
49170633
49171582
49175892
49171142
49170871
49171443
49170996
49175612
49171841
49175691
49175808
49171650
49175605
49171571
49175432
49175569
49171656
49170624
49175142
49171830
49171333
49175978
49171493
49175285
49175185
49171780
49171354
49170792
49175203
49171953
49175747
49171771
49170551
49175976
49170834
49170332
49170269
49170961
49171297
49160414
49171363
49170208
49171339
49171762
49170948
49171529
49175225
49175223
49171325
49170154
49175413
49170216
49175196
49171213
49170220
49175437
49170880
49175172
49171793
49175925
49175457
49171950
49171850
49175726
49170553
49171352
49170797
49171234
49171172
49170540
49170389
49175115
49175382
49175788
49171419
49170677
49170278
49171472
49170385
49170174
49175442
49175109
49175350
49171361
49170922
49171275
49170921
49171278
49171466
49175290
49175831
49175988
49170268
49170489
49170943
49170602
49171508
49170237
49175764
49175722
49171729
49175106
49171268
49175620
49170592
49175611
49175267
49171408
49170786
49170749
49170529
49171826
49170795
49175669
49171179
49175935
49171178
49171621
49170443
49175998
49175389
49170370
49170296
49171195
49170714
49170366
49171604
49170980
49171373
49175221
49175713
49175231
49170774
49171876
49170386
49170752
49171163
49175545
49171415
49171837
49175127
49171243
49171804
49170290
49170126
49171733
49175269
49171693
49171749
49175911
49175734
49170915
49171998
49170351
49171205
49170837
49170938
49171358
49170935
49175199
49171868
49175877
49175594
49170581
49171672
49170844
49175572
49171171
49170710
49175170
49175902
49170162
49170309
49171522
49170785
49170459
49171277
49175873
49175879
49171103
49171176
49175504
49170203
49171834
49170373
49175428
49171328
49175445
49171548
49170841
49175265
49175149
49170532
49175331
49170595
49171893
49170214
49171681
49171484
49175287
49175920
49170762
49171888
49171524
49175645
49171202
49175520
49171458
49171145
49170213
49170979
49171951
49170708
49175931
49171979
49171371
49175868
49171966
49171490
49171626
49170431
49175291
49171943
49171702
49171811
49175841
49170957
49175989
49170596
49175373
49175222
49170361
49170464
49170123
49170481
49170455
49170933
49171342
49171745
49171368
49175876
49170575
49171347
49170249
49170145
49170142
49170865
49170152
49170621
49170891
49175916
49171730
49175908
49175415
49175450
49170448
49171365
49171416
49175607
49171124
49171910
49175802
49170763
49170265
49170748
49170995
49175727
49170944
49175295
49170417
49170514
49170573
49170923
