49174635
49173786
49173981
49173249
49172656
49174891
49172633
49174323
49172747
49172740
49173151
49172971
49174418
49174269
49162150
49173932
49174334
49173493
49174445
49173808
49174938
49174897
49174932
49172899
49173735
49173953
49172318
49162756
49162430
49174648
49174901
49174939
49172745
49162486
49172472
49173920
49172321
49162484
49174975
49173712
49162574
49173283
49174540
49172600
49174316
49172292
49172655
49174169
49174831
49174638
49162138
49174572
49173914
49172603
49174417
49174766
49173177
49174337
49172697
49173624
49172707
49174806
49174904
49173320
49162464
49174392
49174566
49172822
49162202
49172810
49172161
49162544
49173167
49174863
49172375
49162817
49174882
49173989
49172599
49173257
49174382
49172888
49174895
49174468
49162962
49162471
49174670
49173152
49162362
49174251
49172935
49172523
49173828
49162982
49172215
49162587
49172924
49162681
49162984
49173636
49174560
49162357
49173885
49173306
49173209
49162801
49173732
49162965
49162157
49174233
49172435
49173533
49174991
49173536
49162406
49172474
49173253
49162322
49172324
49172988
49162527
49162282
49174527
49172932
49172148
49172886
49162603
49173384
49173849
49173284
49173693
49173457
49174779
49162407
49162244
49162365
49173287
49174355
49173364
49174307
49173308
49162188
49172715
49172620
49174989
49172727
49172424
49174722
49173268
49172245
49172289
49174990
49173400
49173947
49173252
49172798
49172568
49174918
49162436
49174299
49172778
49173698
49162203
49173303
49173930
49173791
49174314
49174280
49172256
49173654
49173711
49172831
49172709
49172729
49173589
49173271
49174332
49172596
49173519
49172582
49173511
49172253
49174135
49172213
49162238
49173827
49162592
49172650
49162236
49172156
49172259
49172530
49173934
49162169
49172737
49174209
49174775
49172664
49162485
49174386
49172187
49162866
49174751
49172785
49174931
49162843
49162992
49172293
49162976
49172238
49162797
49173354
49173380
49174913
49174247
49172908
49172618
49172658
49173863
49162604
49162765
49173254
49172104
49174601
49162542
49162901
49173717
49174626
49162131
49162739
49172147
49173208
49172574
49162671
49174474
49162846
49174887
49162205
49173534
49174198
49172177
49174810
49174656
49173653
49173977
49173912
49162659
49162525
49174673
49162210
49174644
49172174
49173756
49173422
49173830
49174530
49172925
49162635
49162885
49174464
49162903
49162296
49172694
49174364
49173329
49174285
49174753
49173769
49174791
49172179
49162795
49162757
49162379
49172513
49162838
49173196
49174339
49174186
49172170
49174999
49174216
49174361
49162426
49162183
49174497
49174466
49172791
49173561
49162734
49173729
49174832
49162498
49173398
49174855
49173715
49174925
49174884
49173182
49173971
49174469
49162206
49173691
49173762
49174453
49172498
49172631
49172132
49162826
49162937
49162717
49162664
49174926
49173809
49174183
49174372
49162986
49172160
49173587
49172263
49174335
49174998
49162237
49162132
49174666
49162786
49172325
49173773
49162105
49172322
49162453
49162779
49174921
49173949
49172789
49173884
49162192
49172407
49173588
49173571
49174924
49172807
49174699
49173663
49172410
49172139
49172954
49172165
49172171
49162800
49162818
49172309
49172216
49173795
49172876
49162653
49172307
49174602
49172825
49172436
49173963
49173855
49173904
49162382
49174739
49173862
49162496
49173381
49162611
49172852
49173462
49162615
49162881
49172258
49172149
49173815
49172731
49162283
49174849
49172538
49174179
49162605
49172255
49174902
49174344
49172203
49174646
49173596
49172893
49172285
49174416
49172853
49172797
49162619
49162728
49173150
49172724
49162568
49172630
49173483
49174191
49174614
49174780
49172920
49172777
49172635
49173894
49173749
49162688
49174632
49173289
49172355
49174816
49172240
49174743
49173615
49162915
49173560
49174994
49173541
49172997
49172623
49174185
49172739
49172274
49172195
49162580
49173960
49174301
49172164
49173965
49173985
49173251
49173520
49172836
49172166
49172863
49172270
49162699
49174930
49173594
49173721
49162943
49173190
49172232
49173512
49162854
49174740
49174623
49172180
49172682
49174641
49174403
49162489
49173800
49174943
49162922
49174376
49172427
49173452
49173889
49172847
49174511
49173435
49172481
49162918
49174148
49173866
49172677
49172431
49173576
49162820
49162927
49173543
49173651
49162444
49162730
49162908
49172687
49162261
49162780
49162375
49162369
49162893
49162625
49172826
49172921
49174373
49173610
49173936
49173847
49172460
49174620
49174807
49174758
49172710
49174610
49162305
49173754
49174592
49173527
49173579
49174869
49173990
49173660
49172406
49172286
49173272
49173247
49173401
49174258
49174438
49173219
49173979
49162466
49172808
49174914
49162434
49174672
49172751
49174467
49174881
49173801
49172345
49173842
49162473
49173276
49172605
49162867
49174188
49174874
49173406
49173316
49174397
49173909
49174490
49173234
49172597
49172942
49174436
49174413
49174997
49173567
49162291
49172546
49162815
49162639
49173824
49173655
49174410
49162974
49162569
49174543
49172438
49174688
49172473
49173537
49162217
49173678
49162194
49172748
49173141
49162218
49162583
49173906
49162823
49173429
49173394
49173768
49162594
49174579
49162241
49173437
49172443
49174200
49174590
49172995
49174522
49172176
49172915
49172610
49162660
49172494
49172744
49173811
49174618
49173943
49162961
49172247
49174578
49173995
49162911
49172378
49174406
49174254
49172858
49174759
49172535
49174571
49172198
49174443
49172685
49172137
49174809
49173929
49172248
49162966
49162806
49174218
49162539
49173244
49173911
49173191
49172150
49174800
49162773
49173694
49162335
49162607
49172773
49162313
49162252
49172396
49174163
49173886
49172812
49172560
49172284
49172142
49173861
49174371
49173767
49172743
49172691
49172956
49174379
49173736
49172143
49172966
49172273
49173856
49173391
49174157
49162392
49162947
49162926
49174210
49172950
49172695
49162373
49173496
49173402
49173865
49174102
49172953
49172642
49173180
49174367
49173575
49174498
49173726
49174961
49172788
49173535
49174782
49162435
49172492
49174734
49172606
49172923
49173270
49174611
49173172
49173573
49162518
49173647
49172700
49174730
49172404
49162665
49172194
49174282
49173599
49173942
49174103
49172704
49162543
49162584
49172425
49174563
49173204
49173635
49173311
49162533
49172914
49174387
49162462
49162942
49162632
49173964
49162938
49174603
49162638
49174802
49172592
49162182
49173996
49174164
49174536
49172172
49162101
49162196
49162802
49162876
49174519
49162626
49162130
49173206
49174446
49172675
49173988
49174838
49162985
49172306
49172383
49174851
49173876
49174535
49174237
49162388
49172311
49173883
49174650
49173176
49162540
49174671
49173201
49173350
49174987
49174528
49173266
49172880
49173563
49172803
49174574
49174643
49172300
49162845
49162497
49162790
49174707
49174880
49162248
49174363
49162971
49162702
49162957
49173831
49162523
49173538
49174711
49162691
49173710
49174158
49172671
49174338
49172991
49174664
49162643
49162455
49173823
49172641
49162472
49173812
49173799
49174907
49172426
49172235
49173681
49174400
49174457
49162575
49173200
49173569
49162767
49173530
49162273
49173532
49162384
49162560
49172755
49173673
49172696
49172100
49173207
49173442
49174480
49172818
49173690
49173629
49174687
49173720
49162746
49172441
49173465
49173787
49174423
49173315
49172479
49162933
49162598
49162245
49173132
49172736
49172684
49162566
49173845
49174459
49173590
49162531
49173490
49162309
49174633
49172903
49173926
49174822
49162921
49173834
49162703
49172793
49172589
49172668
49174744
49172283
49173187
49173839
49162877
49172692
49173242
49162414
49162736
49162459
49174923
49172277
49174616
49162344
49172452
49172468
49174956
49173540
49162155
49162180
49173792
49174976
49174826
49162546
49173549
49174888
49174969
49174242
49162645
49173759
49172381
49162178
49173409
49174529
49174146
49172537
49173547
49174667
49172732
49162368
49162562
49173887
49174763
49173412
49174317
49172398
49172840
49173819
49174785
49172872
49172287
49162609
49174309
49174253
49162934
49162791
49172829
49173186
49162973
49173937
49173870
49173574
49172878
49162279
49172792
49172169
49174621
49173413
49172361
49162735
49162655
49174827
49173376
49172814
49173564
49172578
49162265
49173282
49162323
49172889
49173992
49162712
49174660
49162716
49174946
49174701
49172531
49172497
49174402
49172534
49174996
49174347
49172801
49174712
49174395
49173288
49162798
49174348
49174451
49174310
49162358
49172271
49162816
49172965
49162215
49174801
49162929
49162880
49174196
49162788
49162446
49174461
49172651
49172543
49172843
49172864
49174407
49172577
49172233
49172563
49173397
49162541
49173434
49172867
49174366
49174408
49174308
49162565
49162718
49162513
49174726
49173216
49174675
49172461
49174971
49162167
49172363
49172157
49173323
49162751
49172214
49173730
49173159
49162366
49174689
49174900
49173980
49173408
49172131
49172541
49174362
49173585
49162387
49172711
49173658
49172186
49173218
49162231
49173959
49173430
49172437
49162656
49162204
49173874
49173948
49162334
49162799
49162499
49174865
49174598
49173390
49162174
49173181
49173893
49174526
49173169
49172588
49172640
49172405
49172879
49172476
49162836
49172759
49173344
49173640
49162685
49162445
49174591
49162274
49174933
49172373
49173727
49162561
49162378
49174720
49172219
49172926
49174182
49174349
49174294
49172881
49173888
49162139
49173217
49162243
49173675
49174161
49172491
49162743
49174565
49172564
49174584
49162474
49173614
49172608
49173495
49172208
49172411
49173388
49174429
49174153
49173771
49174750
49162295
49172364
49172875
49172955
49172453
49174972
49174428
49173650
49174340
49173851
49162775
49174984
49172916
49162567
49174562
49172234
49173910
49172756
49173601
49174777
49162399
49174564
49162230
49174241
49172674
49172545
49172413
49162713
49173262
49162432
49173360
49174567
49162601
49173648
49172809
49174444
49174877
49172515
49172662
49174953
49162608
49162784
49173781
49172218
49162437
49173296
49174203
49173377
49162184
49172688
49172526
49173679
49172567
49162290
49162153
49174577
49172918
49174243
49174959
49162841
49172475
49172964
49173523
49172943
49162672
49162772
49174370
49174952
49162941
49173970
49173426
49173643
49162420
49172133
49162277
49162448
49162207
49172428
49172628
49172210
49173461
49172434
49173665
49162232
49172442
49172422
49174325
49162590
49173869
49172419
49173945
49173908
49162968
49172817
49174342
49173924
49162264
49172377
49173476
49173897
49162549
49172734
49162193
49174824
49172489
49174197
49162959
49162514
49174600
49174771
49173984
49172421
49173428
49174962
49173427
49172399
49172865
49162761
49174484
49172204
49173444
49174199
49162979
49173695
49173248
49172967
49173522
49173700
49162319
49172805
49172851
49174512
49173230
49162482
49162409
49173922
49174911
49173817
49173140
49172308
49173472
49173793
49174746
49174820
49172877
49172312
49172376
49174619
49174302
49173279
49174217
49173410
49162875
49162752
49172703
49162987
49174927
49174206
49162613
49173470
49173327
49162332
49173603
49174177
49172478
49162732
49162935
49173938
49172940
49162944
49174193
49173584
49174703
49174350
49174336
49172860
49173662
49172665
49172209
49162782
49162300
49172830
49162135
49172389
49173940
49162394
49172776
49172657
49173913
49174534
49172786
49172934
49172518
49173164
49173825
49174755
49173858
49172260
49174719
49162491
49172639
49173515
49174380
49174783
49172614
49172938
49174860
49172622
49162630
49173670
49174252
49172678
49162185
49162724
49174662
49173438
49172350
49174937
49162547
49174708
49172457
49173374
49174704
49172276
49172268
49173246
49174174
49174356
49174692
49162355
49173680
49174582
49172983
49162469
49173606
49173944
49162398
49172146
49172713
49172105
49162311
49162412
49172647
49173486
49173644
49172666
49174485
49174859
49174778
49174486
49162785
49173645
49173418
49173298
49173259
49174653
49172774
49173193
49172356
49162278
49172753
49172771
49173820
49162425
49162208
49162649
49174607
49162239
49162837
49172102
49173707
49172661
49162633
49174583
49172632
49173605
49172842
49162912
49173701
49174313
49172869
49173798
49162684
49162731
49174728
49174597
49172653
49162668
49173137
49172520
49162423
49162338
49172701
49172302
49172151
49174250
49162418
49172368
49173627
49173731
49173154
49173951
49173267
49173184
49172758
49172542
49173324
49173621
49174192
49174674
49173359
49173291
49174482
49162808
49173705
49162493
49172800
49162814
49173238
49173424
49174283
49173763
49162340
49173854
49162676
49172772
49173879
49162346
49174516
49174970
49173898
49173925
49173441
49174861
49172103
49173816
49174992
49172267
49172654
49174476
49173328
49174837
49174388
49174625
49174709
49174773
49172459
49173722
49173195
49173168
49173192
49173416
49172832
49172593
49172835
49162697
49173202
49173671
49173783
49174912
49172982
49162878
49162958
49174697
49173425
49174922
49173804
49162768
49162457
49172217
49172992
49162781
49172598
49162103
49162624
49173302
49162888
49173709
49162851
49162288
49173706
49174180
49174278
49172470
49172264
49162855
49173348
49174833
49173734
49173843
49173188
49173367
49173737
49172738
49173347
49173625
49174276
49174908
49173739
49174677
49172239
49162850
49162259
49162833
49172787
49162216
49174489
49173100
49162212
49172904
49174414
49173439
49172317
49162262
49173750
49173166
49173255
49173853
49173846
49162704
49172262
49172705
49172693
49174609
49162270
49174594
49174544
49173649
49174548
49172621
49173630
49173600
49173433
49174967
49174866
49174151
49173841
49174412
49173378
49173958
49173785
49172871
49172733
49174405
49172315
49174694
49173758
49162898
49174977
49162249
49173358
49172212
49173637
49172162
49162285
49173974
49172602
49173389
49173728
49172973
49162871
49172573
49162969
49173892
49162690
49173994
49173724
49162165
49173341
49174187
49162606
49172101
49173983
49172297
49173950
49174788
49162186
49162809
49173664
49174659
49173631
49172432
49162706
49162298
49162235
49172576
49162828
49173608
49173459
49172236
49174479
49162865
49173236
49162488
49173231
49172482
49174593
49174538
49174808
49172957
49162924
49172433
49162981
49162700
49173326
49174642
49173484
49162521
49174793
49172250
49173274
49162303
49173458
49173633
49162923
49162286
49173379
49162133
49173304
49173451
49162576
49172374
49173878
49174184
49173239
49172329
49162622
49174658
49174958
49162657
49162804
49162292
49173260
49162214
49162254
49162411
49162930
49172544
49172679
49172366
49172754
49174852
49162949
49172423
49173704
49172891
49162956
49174612
49162347
49172175
49174935
49173993
49162333
49172189
49172910
49172723
49173146
49172525
49174928
49172397
49162461
49172735
49172575
49173443
49173826
49172874
49172646
49162726
49162844
49173482
49172158
49162328
49174205
49173153
49162701
49162209
49162247
49162766
49162447
49174585
49162324
49162492
49174496
49172201
49174430
49172379
49174864
49174948
49174460
49174141
49173250
49174684
49173752
49172873
49162467
49173619
49173852
49162827
49162440
49173542
49172895
49173297
49173357
49173901
49162257
49174821
49162983
49174587
49172768
49172561
49172512
49162803
49162754
49162582
49173789
49174521
49173237
49172352
49174896
49173175
49173611
49174328
49162872
49174742
49173205
49174795
49172362
49162397
49173139
49162422
49173829
49174274
49173774
49173392
49162276
49162909
49174717
49162760
49172464
49162616
49173510
49172762
49162722
49172946
49173875
49174733
49172291
49174381
49162578
49173733
49174981
49173968
49174374
49174727
49162910
49162792
49174378
49173145
49172783
49173616
49172230
49173962
49172328
49174714
49172254
49173626
49172961
49174736
49172533
49174651
49172760
49162189
49173835
49174812
49172465
49172999
49173708
49172821
49162763
49162374
49173314
49172579
49174239
49172471
49162427
49162890
49173743
49162417
49162345
49173838
49174539
49173183
49174915
49162994
49174857
49172828
49173764
49174836
49173975
49174523
49172857
49162825
49172962
49162951
49162694
49173935
49162460
49162519
49174156
49174706
49172742
49172252
49172644
49172454
49174735
49162678
49173666
49173352
49162199
49172178
49173982
49162977
49174790
49162895
49174394
49174422
49174905
49162755
49172905
49174906
49174886
49162610
49162152
49162161
49174435
49162359
49162989
49173916
49173641
49174524
49162476
49174944
49172975
49174934
49173233
49174321
49172625
49172365
49172823
49162390
49174304
49173686
49174178
49174786
49162946
49173405
49172794
49173753
49174872
49173149
49174580
49173806
49173361
49174311
49172485
49172626
49162102
49173689
49162967
49173857
49173263
49174320
49172185
49173101
49173821
49174499
49162351
49173189
49172446
49162787
49174329
49174546
49172689
49162618
49172429
49172607
49173473
49173514
49174955
49174731
49162428
49162813
49172672
49174341
49174608
49174208
49162349
49172354
49162759
49173491
49174965
49174834
49174257
49172418
49162960
49172346
49173939
49162372
49173454
49162310
49174942
49173299
49173469
49173646
49172712
49162438
49174615
49162745
49174903
49173776
49173656
49172571
49172450
49162480
49173362
49162621
49174702
49162529
49162948
49173264
49173682
49173595
49174101
49174434
49174431
49174425
49174214
49173954
49172839
49173102
49173927
49173833
49173475
49174455
49162233
49174850
49174767
49172824
49172890
49173155
49174945
49174271
49174230
49172770
49162920
49173967
49174803
49162907
49173269
49172456
49162465
49162242
49173281
49172767
49174411
49173147
49162297
49172547
49172680
49172844
49173366
49174514
49172806
49162970
49162158
49162940
49172299
49172819
49172448
49162596
49173999
49162424
49174862
49173278
49172885
49174326
49162454
49174333
49173955
49172937
49173604
49174738
49174678
49172637
49162860
49172892
49162452
49173539
49172303
49174359
49174718
49173672
49173692
49162198
49172583
49162317
49172237
49172145
49172730
49174478
49162336
49173467
49174680
49172290
49173840
49173832
49162563
49172458
49173890
49174172
49172430
49174973
49173485
49162573
49174398
49162176
49172643
49174352
49174772
49162197
49162475
49172269
49172359
49174668
49172898
49174331
49172936
49174676
49162832
49173868
49162919
49173723
49174815
49173620
49162255
49174409
49172109
49174789
49162687
49173622
49174165
49173952
49172613
49172152
49174330
49162179
49173844
49174207
49172167
49162570
49174287
49162137
49173171
49162886
49162628
49174168
49172548
49162396
49174181
49162263
49172868
49174259
49162200
49174986
49173241
49173746
49173797
49174300
49172616
49174698
49173286
49174549
49172659
49162602
49162824
49174892
49162904
49162661
49172959
49173456
49162857
49174312
49174211
49174588
49174267
49162534
49162829
49162108
49174596
49174848
49174604
49174661
49172529
49162168
49172536
49173652
49173548
49172862
49174605
49162861
49172849
49162330
49172341
49173290
49162360
49174284
49174682
49173546
49172775
49162695
49172296
49162538
49162682
49172243
49172609
49173684
49162831
49174814
49174369
49162950
49162389
49172382
49162955
49174757
49172393
49172750
49162597
49173668
49162564
49172387
49174170
49162963
49174305
49162316
49172708
49172486
49172138
49174303
49162793
49172911
49172615
49162136
49173345
49174518
49173343
49173760
49172907
49173436
49172206
49173745
49162294
49172766
49172188
49172257
49173307
49173814
49172130
49173748
49172781
49174427
49173161
49162902
49172108
49173415
49172952
49173173
49172594
49173713
49162819
49162354
49174440
49162495
49162906
49174737
49173905
49173524
49173919
49173900
49162648
49174327
49162306
49174649
49162272
49173215
49173998
49162304
49173318
49172947
49172566
49172660
49173382
49172388
49162742
49172380
49173156
49172859
49172994
49173313
49174606
49174569
49172417
49174586
49172344
49172414
49162154
49173961
49172288
49162758
49162302
49172883
49174219
49172929
49174663
49172510
49174256
49162268
49173258
49162917
49162170
49174360
49162585
49173134
49172887
49172802
49172371
49173513
49172409
49173385
49162293
49162677
49172996
49172636
49172912
49173453
49172913
49162404
49172183
49174761
49173848
49162741
49174957
49162415
49162776
49173321
49173978
49173850
49172514
49174190
49173765
49173373
49172298
49172719
49173779
49173479
49173529
49173214
49162637
49172725
49162327
49172522
49173790
49162975
49174450
49173130
49174985
49173778
49162725
49172275
49174595
49174238
49173421
49172827
49173309
49162331
49173198
49162494
49172927
49172134
49174636
49174472
49162579
49162321
49172627
49173741
49172280
49162715
49162463
49172562
49162481
49174995
49172495
49162526
49172528
49172681
49173386
49162515
49174494
49173477
49172648
49172316
49174176
49174964
49174281
49173419
49162932
49174166
49162600
49174213
49174655
49162386
49173280
49174576
49172402
49172154
49162733
49162663
49162708
49174622
49173586
49172391
49173372
49162884
49162490
49174657
49174842
49172590
49162629
49174433
49162750
49174277
49174375
49173580
49174520
49172717
49173634
49172749
49172395
49173572
49172140
49173203
49172981
49162897
49174828
49174322
49172314
49162307
49172184
49173685
49162258
49162821
49162312
49174365
49173455
49173157
49174575
49173468
49172649
49162856
49174204
49172706
49174324
49173285
49174875
49162674
49174845
49174979
49162666
49162939
49174993
49172343
49172990
49172779
49173933
49172663
49173210
49172949
49173805
49162789
49172480
49174471
49173782
49174760
49174792
49172669
49162774
49162891
49173903
49173104
49162586
49173420
49172440
49173761
49162164
49172358
49172782
49162545
49174573
49172790
49162442
49173562
49162275
49162644
49162769
49173836
49162478
49173375
49174951
49174700
49173393
49173160
49162589
49174383
49172652
49162642
49173365
49173598
49173941
49174960
49174929
49174624
49174589
49172451
49173987
49173899
49162830
49162711
49174947
49172159
49172896
49162887
49174890
49173873
49162187
49173757
49174983
49173300
49174695
49162162
49172979
49173742
49174570
49173796
49172714
49172978
49162441
49172527
49162738
49172972
49173577
49162253
49173464
49162913
49173170
49172841
49172445
49174481
49162883
49174988
49162234
49173404
49172970
49173371
49174171
49172928
49172279
49172400
49173972
49174189
49173545
49173607
49172326
49173659
49174295
49173349
49174899
49174432
49173719
49174260
49162156
49162370
49162669
49174835
49173528
49173273
49173570
49173407
49172638
49172986
49162631
49172804
49162470
49162810
49173891
49173976
49162627
49172266
49172246
49162964
49173583
49172902
49162914
49174492
49162723
49162636
49162511
49173292
49172202
49173108
49172796
49162623
49162696
49173471
49162246
49162599
49172906
49162889
49172349
49174978
49174393
49172524
49174244
49162863
49162614
49172815
49162693
49173403
49172612
49174796
49173566
49173185
49173738
49172969
49172683
49162106
49172726
49162195
49162953
49162403
49173740
49172580
49162650
49172295
49162572
49174732
49173639
49172838
49162859
49162896
49173628
49174351
49172721
49173342
49173396
49172392
49174966
49172941
49172490
49172370
49172342
49174710
49172624
49173492
49162451
49172989
49162171
49174261
49172634
49173613
49172987
49172340
49173725
49172977
49172463
49174477
49162811
49162256
49174385
49173969
49172765
49173275
49173319
49174240
49172951
49172251
49162705
49174353
49172549
49174150
49173463
49173432
49162266
49173295
49173212
49174679
49172894
49174628
49173363
49174693
49174396
49162191
49172386
49172517
49173353
49172816
49162683
49162532
49172182
49174541
49162341
49162675
49173946
49174263
49162807
49173617
49162714
49173702
49162353
49173531
49162652
49173744
49172403
49173592
49174273
49174390
49172401
49162329
49162692
49173703
49172716
49172301
49173174
49172974
49162201
49174175
49173517
49173568
49174343
49174909
49173317
49162748
49173521
49173294
49174982
49172746
49162348
49172385
49173618
49162219
49162680
49162925
49173256
49162211
49172763
49162710
49172980
49172919
49172155
49172667
49172931
49162408
49174713
49172384
49172884
49173445
49162740
49162753
49173293
49172565
49174741
49174721
49173235
49172357
49162402
49174853
49172244
49162483
49174919
49174629
49174160
49162419
49173325
49173638
49162177
49162361
49173956
49174867
49162620
49173602
49172870
49162805
49162548
49172294
49162749
49174878
49174883
49173322
49173179
49173163
49174286
49172855
49172586
49173917
49172539
49172752
49172261
49174805
49162670
49174525
49173240
49172933
49173312
49173780
49162777
49172673
49172163
49162109
49174764
49172595
49172629
49172833
49172272
49172945
49172813
49162869
49174424
49172153
49173813
49172415
49173277
49162405
49173597
49173860
49174839
49162325
49172144
49172278
49173859
49172570
49174685
49162689
49162512
49172304
49173581
49173211
49174401
49172699
49172780
49173450
49174940
49173997
49172948
49173609
49174354
49173803
49162640
49162796
49173346
49162900
49172882
49172581
49172516
49174716
49173417
49174980
49174264
49172757
49162159
49162522
49172181
49172327
49173872
49162280
49173582
49162812
49172585
49174162
49173683
49173918
49174245
49173544
49174762
49174421
49173718
49173340
49172282
49173243
49162737
49174542
49162487
49172784
49174463
49174235
49172845
49172799
49174318
49173165
49174389
49172901
49173494
49162520
49174846
49162647
49173931
49162477
49172412
49172939
49172447
49162720
49173369
49162289
49174195
49172587
49162456
49172351
49162107
49172601
49172408
49173674
49172265
49172698
49162794
49174384
49162421
49162595
49173612
49174297
49162516
49174599
49172231
49174346
49172360
49173973
49173697
49173642
49174813
49174690
49162662
49162416
49162667
49162916
49174458
49172968
49174545
49173676
49174399
49174817
49174202
49172136
49172207
49174769
49174306
49162978
49174974
49174963
49174830
49174920
49173714
49172367
49172469
49174131
49172394
49172617
49162658
49173593
49172811
49162439
49162936
49172205
49173623
49172861
49174784
49172467
49174950
49173677
49162337
49174212
49174513
49172795
49172242
49174745
49172455
49173105
49173991
49172837
49162719
49173902
49174870
49173632
49174818
49174787
49162433
49162931
49172584
49162400
49162744
49162591
49172846
49174856
49162698
49172993
49172728
49162301
49174419
49172493
49172511
49174637
49162954
49172604
49173921
49174640
49173578
49162413
49162651
49174613
49172249
49173387
49172976
49162315
49173877
49173986
49162952
49162320
49174686
49172521
49174357
49162250
49172191
49172420
49173810
49174173
49173245
49162173
49172897
49172930
49174639
49162326
49172909
49173591
49172611
49174630
49162988
49172173
49172769
49172281
49174654
49172319
49162284
49162905
49162783
49174452
49162870
49162778
49162612
49173657
49174404
49162350
49173162
49174249
49173197
49174627
49172323
49173882
49172944
49162429
49174488
49174840
49172372
49162172
49172686
49172241
49172416
49174841
49162376
49173355
49162879
49162367
49162874
49174345
49162383
49173351
49162450
49162240
49162287
49173305
49162251
49172854
49174391
49174868
49174377
49172305
49172856
49173480
49172676
49162771
49172211
49162535
49162160
49174916
49172572
49174255
49162468
49172645
49173481
49173213
49172900
49162431
49162381
49174954
49174804
49162343
49162308
49162646
49162104
49162928
49162868
49172702
49162972
49162899
49174941
49162848
49173881
49172619
49174844
49174246
49174715
49172761
49162530
49173957
49172320
49162269
49173232
49162945
49173395
49173871
49172720
49162641
49172984
49162721
49173777
49162882
49174683
49174568
49174420
49172107
49173460
49174439
49174437
49174843
49173751
49174289
49173807
49162410
49173669
49173802
49174475
49162166
49173370
49172834
49173895
49162371
49172439
49173142
49162517
49173158
49162894
49174201
49173265
49174811
49172347
49162267
49172670
49172718
49174454
49162847
49174215
49162318
49174858
49173310
49174968
49162190
49173923
49174470
49162762
49173907
49172917
49173837
49172741
49174631
49173880
49172820
49173699
49173818
49172922
49174898
49173661
49173864
49172313
49173687
49162393
49172960
49162314
49173356
49172348
49162401
49173928
49172200
49162163
49162858
49174319
49174315
49173516
49174194
49172168
49173525
49172850
49162100
49172958
49174681
49174691
49162634
49162571
49172135
49174547
49162617
49174456
49172390
49172483
49174652
49173896
49173915
49174917
49174279
49173474
49162980
49173301
49172310
49173383
49172848
49172540
49173518
49172141
49173688
49173261
49173667
49172353
49174493
49173822
49162260
49174774
49172369
49173368
49174152
49174100
49174910
49162764
49172764
49173431
49173423
49173716
49174531
49173411
49174949
49174752
49172532
49174936
49172722
49162281
49173794
49173565
49172462
49172998
49172985
49174532
49162747
49172519
49172449
49172690
49162342
49172866
49174167
49173133
