3737890
3737891
3737892
3737893
3737894
3737895
3737896
3737897
3737898
3737899
3737860
3737861
3737862
3737863
3737864
3737865
3737866
3737867
3737868
3737869
3737850
3737851
3737852
3737853
3737854
3737855
3737856
3737857
3737858
3737859
3737880
3737881
3737882
3737883
3737884
3737885
3737886
3737887
3737888
3737889
3737870
3737871
3737872
3737873
3737874
3737875
3737876
3737877
3737878
3737879
3737820
3737821
3737822
3737823
3737824
3737825
3737826
3737827
3737828
3737829
3737810
3737811
3737812
3737813
3737814
3737815
3737816
3737817
3737818
3737819
3737840
3737841
3737842
3737843
3737844
3737845
3737846
3737847
3737848
3737849
3737830
3737831
3737832
3737833
3737834
3737835
3737836
3737837
3737838
3737839
3737800
3737801
3737802
3737803
3737804
3737805
3737806
3737807
3737808
3737809
