99891970
99890353
99890559
99890737
99890357
99891804
99890075
99891685
99891834
99891560
99891336
99890801
99890673
99890415
99890372
99891285
99890570
99890051
99891968
99891680
99891681
99890642
99890252
99890621
99891269
99890485
99890271
99891310
99890340
99891749
99890936
99890793
99890923
99890607
99891023
99891993
99891025
99890367
99891912
99891306
99891175
99891763
99890259
99891491
99891031
99890566
99890555
99890261
99891400
99891940
99891260
99891452
99891519
99890001
99891972
99891012
99891758
99890078
99890831
99890976
99891286
99890042
99890292
99890606
99890037
99891715
99891739
99891133
99891838
99891964
99890833
99890149
99890239
99890534
99891209
99890744
99890475
99890506
99890502
99891037
99890799
99891516
99890708
99891997
99891645
99890125
99891883
99891243
99891183
99890576
99890087
99891026
99890214
99890716
99891582
99890005
99891297
99891977
99890389
99891358
99890603
99891051
99890533
99891636
99890226
99891610
99890371
99890351
99890630
99890293
99891014
99891903
99890671
99891063
99890041
99891529
99890680
99891192
99891394
99890924
99890633
99890900
99891304
99890137
99890825
99891359
99890219
99891722
99891376
99891642
99891028
99891154
99891411
99890258
99890809
99891889
99890454
99891091
99890053
99891943
99891282
99890870
99890564
99890878
99890208
99890245
99891817
99891745
99891441
99890780
99890951
99890521
99891691
99890913
99891782
99890634
99890050
99891548
99890320
99891574
99891193
99890552
99891022
99891070
99890391
99891287
99890649
99890287
99891863
99890132
99890759
99891936
99891005
99890115
99890465
99891766
99891165
99891072
99890704
99890699
99890497
99890090
99891736
99890076
99890501
99891734
99891871
99890808
99891803
99890408
99891198
99891580
99891215
99891039
99890098
99891220
99891036
99891787
99890572
99890298
99890773
99890789
99891186
99891102
99891127
99891893
99891731
99891170
99891858
99891466
99891849
99891229
99890592
99890238
99890903
99890331
99890012
99890739
99891252
99890901
99890507
99890336
99890192
99891718
99890797
99890960
99890384
99890440
99891790
99891325
99891462
99890803
99890496
99891050
99890281
99890888
99890478
99890049
99890955
99891786
99890430
99891807
99891988
99891196
99891664
99890303
99890752
99891472
99891357
99891338
99890984
99891649
99891353
99890508
99890469
99890774
99890448
99890601
99890586
99891262
99890758
99890918
99891833
99890618
99890181
99891104
99891166
99891654
99890153
99890871
99891281
99891851
99890183
99891662
99890672
99891412
99891726
99891047
99890363
99891778
99891821
99890731
99890464
99890959
99890742
99891926
99890527
99891771
99890756
99891062
99890628
99890677
99891181
99890177
99891249
99890988
99890568
99890896
99891897
99890515
99890079
99891003
99890276
99891963
99890262
99890392
99890769
99890109
99891911
99890002
99890927
99890127
99890840
99890393
99890965
99891097
99891191
99891759
99891770
99891859
99890422
99891307
99890163
99890209
99891908
99890424
99890356
99891132
99891830
99890968
99890553
99890413
99891712
99891738
99891949
99891667
99891697
99890875
99891976
99891224
99891720
99890941
99891836
99890796
99891948
99891941
99891316
99890321
99891242
99891473
99890750
99890284
99891201
99891629
99890728
99891679
99891854
99890694
99890011
99891439
99891113
99891461
99890757
99891694
99890887
99891385
99890386
99890983
99891326
99890957
99890625
99891468
99890561
99891144
99890254
99891921
99890770
99890410
99890215
99890605
99890700
99890539
99891140
99890450
99891841
99891488
99890373
99890813
99891566
99890247
99890032
99891467
99891380
99891173
99891990
99891728
99890270
99890950
99890557
99890088
99890580
99891501
99891998
99891967
99890729
99890175
99890843
99891794
99891211
99890939
99891855
99891994
99890023
99890653
99891415
99890419
99891713
99890282
99890267
99890269
99890092
99890189
99891103
99890196
99891421
99891330
99891613
99890377
99891502
99890045
99890117
99891219
99891453
99891755
99890324
99891643
99890407
99891410
99890842
99890885
99891890
99890362
99890361
99890512
99891066
99890397
99891637
99890198
99891808
99890844
99891826
99891930
99891585
99891761
99890402
99890084
99890622
99890236
99890845
99891584
99891627
99890246
99890692
99890062
99891989
99891188
99890467
99890317
99891576
99890584
99890540
99891375
99891137
99891951
99891754
99890675
99890738
99890591
99891313
99891130
99890876
99890964
99891693
99891540
99891999
99891623
99890344
99890110
99891538
99890035
99891546
99891442
99891048
99891602
99890523
99891212
99890118
99891748
99891950
99890969
99890795
99890141
99890218
99891435
99890987
99891329
99891203
99890326
99891919
99890248
99891552
99891547
99890917
99890061
99890727
99891381
99890403
99891622
99891355
99891207
99891913
99890635
99890446
99890765
99891648
99891068
99891184
99891404
99891512
99890295
99890908
99890140
99890121
99891396
99890003
99891959
99890437
99890852
99891045
99890910
99890526
99890538
99890978
99891650
99890800
99891604
99891586
99891955
99891138
99891785
99891216
99890610
99891490
99890575
99891402
99891910
99891479
99891217
99891902
99891625
99890656
99890971
99890329
99890211
99891620
99891561
99890286
99891985
99890441
99890573
99890094
99890636
99890231
99891789
99891092
99890070
99890556
99890883
99890862
99890961
99890385
99891167
99891254
99891740
99890264
99891651
99891125
99891032
99890851
99890249
99891387
99891131
99890466
99890627
99890158
99891505
99890334
99891226
99890366
99891425
99891455
99890726
99891753
99891668
99891517
99891360
99890892
99891752
99891278
99891111
99891382
99891194
99890593
99890435
99890368
99891531
99891783
99891744
99890019
99891016
99890934
99890823
99890804
99891671
99891276
99891305
99890532
99891095
99891153
99890639
99891568
99890302
99890423
99891180
99890524
99890898
99890697
99890899
99890409
99890588
99890217
99890822
99890489
99891335
99890240
99890972
99891565
99891992
99891374
99890345
99890929
99891798
99890817
99890714
99891971
99891885
99890224
99891630
99891730
99890015
99890666
99891019
99890068
99890155
99890337
99891118
99891171
99890077
99890864
99891233
99891342
99890335
99891888
99890838
99891947
99890826
99891609
99890017
99891935
99891299
99891868
99890745
99891115
99890102
99890740
99891892
99891805
99890174
99891049
99891073
99891139
99891149
99891780
99890390
99891605
99890909
99890112
99891065
99890096
99891934
99891373
99891702
99890882
99890378
99890257
99890668
99890305
99890338
99890940
99890080
99890741
99891483
99891918
99891284
99891811
99891152
99891581
99890025
99890235
99891225
99891802
99890820
99891418
99891524
99890895
99891588
99890278
99890477
99891160
99890301
99890640
99890615
99890260
99890670
99890513
99890229
99891251
99890420
99890581
99891302
99890460
99890355
99891966
99890713
99890438
99891572
99890646
99890687
99891938
99890468
99890022
99891487
99890786
99890315
99891263
99890599
99890159
99890170
99891727
99891332
99891391
99891059
99890995
99890641
99890577
99891020
99890365
99891399
99891907
99890683
99891596
99890154
99891485
99891107
99891015
99890779
99890754
99890594
99891784
99891199
99890902
99891264
99890083
99890387
99891001
99891677
99891238
99890194
99890237
99891234
99890764
99891033
99890802
99891312
99890134
99891340
99891898
99891765
99891628
99891777
99890036
99891880
99890411
99891521
99890637
99891469
99890763
99891128
99891819
99890730
99890937
99891126
99890931
99890684
99891009
99890241
99890669
99891764
99890565
99890187
99891570
99890216
99890225
99891344
99890579
99890531
99891141
99890760
99890500
99891626
99890975
99890776
99890943
99891975
99891200
99891850
99890455
99891241
99890810
99890143
99891267
99890816
99890746
99890946
99890151
99890498
99890674
99891058
99890997
99890280
99891090
99891027
99891271
99890661
99891494
99890085
99890034
99890449
99891954
99891393
99891796
99891686
99890547
99890274
99891372
99890479
99891116
99890695
99891511
99891486
99890600
99890947
99891392
99890275
99890932
99890992
99890747
99891539
99890676
99891960
99890272
99891464
99890721
99890724
99890659
99891046
99891779
99891896
99890020
99890766
99891349
99890288
99891909
99891000
99890686
99890854
99890150
99891422
99890996
99891874
99891881
99890761
99890470
99891246
99890126
99890665
99890551
99890375
99891717
99890492
99891670
99890518
99890111
99891083
99890263
99891303
99890104
99890212
99890101
99891982
99890147
99890142
99891916
99890511
99890046
99891417
99891528
99890614
99890608
99890980
99890043
99891714
99890867
99891419
99891774
99891843
99890650
99890425
99890952
99890144
99891792
99891515
99890243
99891035
99891621
99891703
99890612
99891928
99890461
99890086
99890343
99891824
99891617
99890893
99890648
99891347
99891606
99890597
99890308
99890193
99890000
99890026
99890849
99890354
99891514
99891086
99890428
99891061
99891315
99890105
99891078
99890347
99890956
99890569
99890977
99890981
99890974
99890873
99890463
99890327
99891741
99890166
99891042
99891265
99890021
99890558
99891121
99891370
99890493
99891169
99891631
99890881
99890405
99891492
99890632
99890201
99891228
99891900
99891317
99890543
99891423
99891683
99891772
99890829
99891448
99890717
99890698
99891567
99891801
99890095
99891309
99891334
99891239
99891075
99891273
99891597
99891945
99891961
99890227
99891952
99890792
99890894
99891114
99891853
99891577
99891108
99891644
99891437
99890624
99890107
99891484
99890314
99891666
99890962
99891592
99890771
99890490
99890148
99891658
99891190
99890197
99890323
99891526
99891757
99891426
99891901
99890583
99891828
99891094
99890063
99890352
99891707
99890663
99891797
99891433
99891120
99890265
99890230
99890563
99890033
99890401
99890530
99890847
99891831
99890099
99891634
99891458
99891256
99891040
99891659
99890135
99891413
99891937
99891832
99891991
99890830
99890722
99890299
99891052
99890516
99890585
99890009
99890443
99891067
99891272
99891522
99891810
99890818
99891427
99891323
99891660
99891155
99891549
99891409
99891733
99891556
99891809
99890223
99891395
99891876
99890549
99890541
99891848
99891672
99891478
99891328
99890863
99891384
99890018
99891906
99890753
99890880
99890904
99891558
99891056
99891866
99890480
99890872
99891311
99890066
99891314
99891615
99890039
99890310
99890855
99890688
99890436
99891569
99890473
99891343
99891684
99890861
99890709
99890732
99891578
99891974
99890164
99891535
99891082
99890841
99890481
99891655
99890702
99891542
99890874
99890483
99891820
99890283
99891253
99891321
99890926
99891365
99891656
99890058
99890755
99891724
99891354
99891557
99891161
99891719
99891995
99890040
99891530
99890703
99890494
99891523
99890131
99890304
99891379
99890188
99890664
99891053
99891746
99890300
99891288
99890701
99891922
99890587
99891434
99891551
99890647
99891788
99890696
99891675
99891259
99890311
99890860
99890836
99890869
99890783
99891554
99890123
99891398
99890643
99890613
99891377
99891076
99891857
99890007
99891865
99891822
99890055
99891069
99891013
99890667
99890145
99890268
99891661
99891283
99891571
99891206
99890250
99890116
99890777
99890457
99891362
99891973
99890234
99890119
99890332
99891493
99891562
99891124
99890381
99890819
99890828
99890596
99890319
99890124
99891008
99891705
99890991
99891247
99890200
99891213
99890442
99890970
99890735
99890966
99890213
99891235
99890805
99890693
99891024
99891852
99891339
99891465
99891432
99891004
99890611
99890914
99891100
99891882
99891886
99890290
99890705
99891978
99891352
99891510
99891979
99891405
99891361
99891829
99890654
99890798
99890014
99890296
99890184
99890059
99890178
99890536
99890222
99891388
99890359
99891879
99891624
99890985
99890100
99890057
99891845
99891414
99891459
99890114
99890784
99891123
99891445
99890157
99890986
99891711
99891904
99890499
99890821
99890426
99891927
99891701
99891136
99891545
99890938
99890509
99891099
99891867
99891156
99891508
99890417
99891221
99891980
99890948
99890004
99891692
99891463
99890812
99890907
99890762
99891064
99890382
99891163
99891944
99891222
99891117
99891678
99890190
99890476
99891202
99891454
99890471
99890616
99891641
99890631
99891197
99891002
99890495
99891506
99890074
99890866
99891732
99890574
99890877
99890915
99890006
99891348
99891924
99891110
99890185
99891716
99891270
99891812
99890949
99890394
99890432
99891984
99891835
99891611
99891451
99891134
99891500
99890161
99890590
99890835
99890748
99891769
99890846
99891093
99891087
99891147
99891364
99890707
99891060
99890328
99890884
99890202
99890504
99890056
99890421
99890474
99890010
99890395
99890374
99890433
99890657
99891695
99891541
99891639
99890935
99890285
99890944
99891723
99891481
99890681
99891237
99890886
99891987
99890520
99890824
99891689
99890044
99891182
99891818
99890775
99890256
99890306
99890228
99890376
99890008
99891884
99890220
99890447
99890406
99891743
99890093
99890388
99891495
99890130
99891408
99891077
99890619
99890472
99891616
99891240
99890806
99890160
99890645
99891742
99891598
99891860
99890652
99890013
99890850
99890679
99891089
99891054
99891204
99890736
99890658
99890751
99891071
99891608
99891646
99891296
99890711
99891877
99891475
99891652
99891837
99890660
99890734
99891389
99890182
99891489
99891172
99891599
99890113
99890928
99890925
99891289
99890989
99891799
99891290
99890629
99890379
99891346
99891449
99891084
99891098
99890916
99890103
99890519
99890133
99891827
99891431
99891106
99891957
99891750
99891268
99890416
99890811
99890399
99890199
99890973
99891579
99891618
99891862
99890404
99891899
99890294
99891633
99891223
99891477
99891151
99890715
99890906
99890081
99891277
99890720
99891214
99890484
99891956
99890038
99891688
99891575
99890868
99890785
99891825
99890837
99891210
99891781
99891383
99890221
99891706
99891840
99890999
99891946
99891337
99890069
99890342
99891981
99891345
99891195
99891996
99890165
99891870
99891721
99891244
99890514
99891537
99890954
99891231
99891460
99890233
99890162
99891894
99890429
99891673
99890398
99891456
99891041
99891638
99891520
99890897
99891690
99891476
99890890
99890706
99890316
99890031
99890522
99890358
99891301
99890582
99891308
99890604
99890168
99891177
99890682
99890942
99891603
99890173
99891318
99891676
99891925
99890091
99890712
99890723
99890609
99891869
99891266
99890963
99890548
99891929
99890349
99890383
99890067
99891591
99891096
99891872
99891496
99891965
99891162
99891534
99890325
99890933
99891632
99891429
99891146
99891257
99890567
99891043
99891607
99890279
99890138
99890369
99891030
99890857
99890348
99890994
99890749
99890458
99891895
99891424
99891917
99890788
99891553
99890848
99890879
99891407
99891179
99890905
99890210
99890791
99891775
99891148
99891587
99890794
99891274
99890330
99891369
99891105
99891366
99891513
99891378
99890930
99891122
99891416
99890205
99891142
99890889
99890089
99890360
99890920
99890108
99891768
99891341
99891174
99890967
99890651
99890953
99891428
99891324
99890814
99891258
99891595
99891891
99891029
99891275
99891081
99890333
99891791
99890503
99891669
99891351
99891573
99891034
99890691
99890911
99890537
99891480
99890919
99891920
99891793
99891227
99891699
99891250
99890318
99891589
99891320
99891687
99890048
99891178
99890834
99891873
99891962
99890232
99890169
99891218
99891653
99890350
99890186
99891021
99891674
99890689
99890505
99891795
99890171
99891700
99891018
99891447
99890167
99890291
99891725
99891397
99890545
99890266
99890054
99890544
99890309
99890529
99890778
99891403
99890945
99890370
99890016
99891767
99890030
99890853
99890979
99890491
99890595
99890859
99890445
99891085
99890418
99890528
99890204
99891436
99890064
99890453
99891294
99891236
99890787
99891088
99890733
99890456
99890562
99890550
99890462
99890891
99891887
99891129
99891482
99891474
99891590
99890718
99891230
99891525
99891958
99891814
99891208
99891322
99891232
99890082
99891074
99890273
99891507
99891390
99890767
99891953
99891457
99890589
99890180
99891816
99891806
99891601
99890912
99891291
99890772
99890106
99890172
99891444
99891983
99891205
99891969
99890312
99890322
99890047
99890346
99890176
99891550
99891143
99891942
99890542
99890380
99891368
99891914
99891319
99890517
99891813
99891594
99890024
99891356
99890856
99891593
99891735
99891710
99891509
99891248
99891647
99891300
99890790
99891017
99890620
99891135
99890719
99891939
99891756
99890427
99890203
99890434
99891933
99891847
99891470
99890525
99890060
99891010
99890535
99890617
99891446
99890255
99890206
99890072
99890598
99890993
99891518
99890958
99890129
99890242
99890807
99890782
99891986
99891932
99891856
99891331
99890136
99890725
99890921
99891440
99891729
99891150
99890644
99890482
99891875
99890028
99890179
99890207
99891327
99890743
99891760
99891255
99890571
99891333
99890307
99891293
99891905
99891704
99891079
99890071
99891682
99890832
99891292
99891406
99890396
99890638
99891187
99891443
99890029
99890998
99890191
99891363
99890487
99891350
99891532
99890560
99890313
99891698
99891503
99891109
99890626
99890364
99890251
99890510
99891915
99891815
99891295
99891112
99891006
99891800
99890128
99891280
99891864
99891861
99891438
99891776
99891386
99891751
99891450
99890865
99891544
99891498
99890073
99891298
99890052
99891159
99890414
99891563
99891189
99891708
99891504
99891168
99890027
99891923
99891430
99891158
99891420
99890244
99890146
99891612
99891011
99891762
99891044
99891245
99890815
99891371
99890922
99890459
99890139
99891931
99890662
99890122
99891747
99891823
99891543
99891663
99890486
99891401
99891185
99891119
99891527
99891176
99891497
99891038
99890982
99890710
99890858
99890827
99891367
99890451
99891055
99890412
99890578
99890065
99891101
99891559
99891844
99891057
99890341
99890097
99890297
99890768
99891696
99890655
99890690
99890195
99891145
99890554
99891261
99890431
99890444
99891600
99890685
99891533
99891709
99891007
99891665
99891640
99890339
99891846
99891583
99890120
99890678
99891499
99890839
99890546
99891635
99891279
99890289
99891536
99890990
99891555
99891737
99890623
99891773
99891842
99890277
99890488
99891839
99891080
99891157
99890156
99891471
99891619
99890439
99890781
99891564
99891878
99891657
99890152
99890253
99891164
99891614
99890602
99890400
99890452
