99893027
99894955
99893696
99894604
99894991
99894182
99894846
99894769
99894035
99894634
99893590
99894289
99893385
99894137
99893255
99894875
99893464
99893866
99893533
99893743
99893164
99893150
99894348
99894324
99893341
99893559
99894122
99893457
99893761
99894389
99894937
99894419
99893317
99893578
99894564
99893042
99894367
99894658
99894023
99894941
99893749
99894741
99893052
99893560
99893438
99894850
99894975
99894133
99893507
99893633
99893762
99894541
99894977
99893474
99894746
99894486
99893454
99893650
99893048
99893983
99894260
99894601
99894942
99893522
99893025
99893831
99894680
99893082
99893692
99894869
99893268
99894250
99893356
99893881
99894808
99893918
99894886
99893717
99893297
99894118
99894813
99894241
99893435
99893689
99894308
99893940
99894763
99893267
99894138
99894207
99893064
99894554
99893320
99894542
99893049
99894896
99893010
99894576
99894605
99894154
99893483
99893651
99894472
99893909
99894548
99893015
99894405
99894024
99893622
99893055
99894470
99893628
99894683
99893999
99893993
99894547
99894979
99894044
99894500
99893601
99894160
99894897
99893766
99893433
99894164
99893875
99893911
99894031
99893244
99894765
99894168
99893430
99894248
99893757
99894255
99894933
99893193
99893967
99893626
99893057
99894386
99893375
99894596
99893554
99894635
99893721
99894671
99893621
99894573
99894802
99894768
99894053
99894760
99894196
99893489
99893218
99894569
99894859
99894506
99893249
99894078
99893904
99893481
99893486
99894126
99894949
99894304
99894857
99893069
99893400
99894780
99893995
99893469
99893282
99894655
99893837
99893393
99893225
99893328
99893519
99894093
99893339
99893411
99894313
99893603
99893037
99893986
99894507
99894748
99893596
99893192
99893318
99893658
99893374
99893442
99893609
99894176
99893414
99894327
99894453
99894051
99894689
99893730
99894642
99894458
99894004
99894360
99893112
99893865
99894034
99893220
99894339
99894082
99894105
99894948
99893883
99893005
99894121
99893333
99894773
99893510
99894792
99893240
99893137
99893587
99894820
99893770
99893336
99893116
99894208
99894997
99894793
99893073
99894279
99893976
99894326
99894175
99893773
99894786
99894504
99894305
99893645
99893888
99893870
99894814
99894457
99893873
99893494
99894963
99894630
99893691
99894501
99894124
99893477
99894807
99893443
99894309
99894413
99893869
99893067
99894422
99894365
99893380
99893373
99894463
99894637
99893485
99894096
99893302
99894980
99894583
99893855
99893002
99894899
99894409
99894152
99893253
99894400
99893501
99893006
99894628
99894719
99893974
99894471
99894533
99894299
99894646
99893309
99893030
99893440
99893844
99893394
99893872
99893620
99893936
99893358
99893576
99894049
99894421
99893571
99893531
99894828
99893682
99894621
99893801
99893236
99894276
99893950
99893188
99894728
99894202
99894482
99894935
99893265
99894238
99893263
99893139
99893260
99893353
99893534
99894888
99894632
99893996
99894259
99893467
99893529
99893132
99893809
99893500
99894860
99893159
99894890
99893808
99894729
99893568
99893395
99893673
99894140
99893931
99893184
99893237
99894181
99893287
99893235
99893176
99893987
99894214
99894495
99894922
99894496
99894923
99893584
99894141
99894476
99894321
99894095
99894652
99894131
99893835
99894359
99894026
99893277
99894721
99893632
99893114
99894835
99894723
99893401
99893895
99893283
99893637
99893221
99894559
99894006
99894543
99894057
99893396
99894431
99893989
99894738
99894613
99893123
99894609
99894385
99893955
99894525
99893391
99894778
99893019
99894919
99894594
99894693
99893580
99894566
99893838
99893861
99894636
99893693
99893805
99894627
99894135
99894834
99894002
99893226
99893362
99893078
99893344
99894102
99893786
99893495
99894665
99893740
99894132
99894392
99894068
99894784
99893259
99894740
99893060
99894282
99894083
99894014
99894403
99894926
99893598
99894536
99893479
99893382
99893514
99894938
99893205
99893652
99894866
99893863
99894986
99894237
99893779
99894356
99893798
99893291
99893670
99894272
99893408
99894905
99894511
99894100
99893836
99893406
99893111
99893646
99894303
99894444
99894479
99894582
99893625
99893075
99894344
99893975
99893316
99894173
99894532
99893859
99893142
99893311
99894424
99894987
99894256
99894575
99893733
99893054
99894467
99894544
99893388
99894558
99894509
99894546
99894165
99894338
99894436
99893951
99894694
99894203
99894426
99894714
99893592
99893182
99893745
99893310
99894300
99894998
99894804
99894624
99893567
99893421
99893314
99893988
99893143
99894563
99894364
99893784
99894708
99894125
99893065
99894678
99893148
99894924
99893407
99894661
99894045
99893456
99893680
99894553
99893705
99893920
99893366
99894169
99893033
99893769
99894411
99894983
99894210
99894591
99893191
99894301
99893252
99893937
99893548
99894619
99894645
99894916
99894787
99894448
99893927
99894711
99894812
99893289
99894966
99894307
99893357
99894873
99893076
99894845
99894567
99893458
99894246
99893700
99893354
99894333
99893563
99893663
99893982
99893062
99894951
99893962
99893606
99893484
99893072
99893634
99894534
99893102
99894462
99894706
99893149
99893546
99893816
99893526
99893945
99894945
99893189
99894526
99894999
99893163
99893964
99893415
99894668
99894285
99893502
99893752
99894843
99893574
99894417
99893582
99893490
99893829
99893346
99893509
99893370
99894685
99894428
99893821
99893017
99893841
99894662
99894393
99894147
99893466
99894489
99893776
99893856
99894497
99893275
99893686
99893018
99894314
99893103
99894529
99893472
99894739
99894789
99894079
99893506
99893569
99893845
99893683
99894410
99894801
99893323
99894188
99893451
99893545
99893110
99893525
99894969
99893304
99893183
99894028
99893058
99893122
99894549
99893020
99893923
99894277
99893273
99894971
99893781
99894149
99894010
99893791
99894345
99893248
99893711
99893891
99893279
99893954
99893381
99893575
99893286
99894699
99894363
99894066
99894817
99894371
99894172
99894499
99894456
99894477
99893532
99894376
99893088
99894212
99894243
99893420
99893422
99893812
99894512
99894692
99894382
99894253
99894117
99894328
99893638
99893991
99894042
99893217
99894229
99893795
99893175
99894267
99893398
99894639
99893992
99893298
99894920
99893376
99893372
99894058
99894698
99894292
99893557
99893090
99894111
99894180
99894776
99894240
99894319
99893119
99894009
99893204
99894587
99894838
99894700
99894761
99893668
99893014
99894005
99893523
99894011
99894826
99894908
99894903
99893039
99894128
99894311
99893402
99894162
99894862
99894844
99894330
99894927
99894967
99893550
99893250
99894968
99894143
99894676
99894667
99893262
99894239
99894674
99893834
99893337
99893409
99893741
99893022
99894970
99894790
99894294
99894286
99893419
99893331
99893810
99894134
99893642
99893045
99893085
99894306
99894894
99893321
99894917
99894310
99893470
99894017
99893293
99893296
99893448
99894415
99894957
99893239
99893081
99894822
99893063
99894008
99894029
99893413
99893434
99894084
99893364
99893840
99893397
99893969
99893290
99893061
99894551
99894109
99894704
99893707
99894050
99894718
99894611
99894842
99893734
99894904
99893329
99893106
99893392
99894494
99893208
99894296
99893767
99893468
99894183
99894076
99894727
99893959
99894064
99894475
99893882
99894297
99894268
99894130
99893332
99894956
99893728
99894914
99894791
99893792
99893099
99893130
99893966
99893591
99893864
99893029
99894731
99893797
99894538
99894120
99893947
99894707
99894012
99894271
99893138
99894151
99893036
99893455
99894505
99893476
99894528
99894800
99894819
99893723
99894230
99893117
99893308
99893708
99894871
99894737
99893214
99894187
99893379
99894236
99893772
99894401
99894355
99894581
99894353
99894043
99893229
99893657
99894094
99894994
99894833
99893074
99893000
99893754
99893187
99894840
99894275
99893814
99894767
99893631
99894722
99894519
99893746
99894879
99894335
99894915
99893371
99893303
99893023
99893503
99893125
99894340
99893736
99893763
99893480
99893971
99894429
99893100
99894461
99894766
99894898
99893573
99894408
99893703
99893924
99893285
99893504
99894434
99894524
99893355
99894312
99893271
99893170
99893617
99893378
99894287
99894001
99894069
99894626
99894302
99893410
99894201
99893965
99894245
99893552
99893423
99894618
99894110
99894751
99894166
99894753
99893915
99894995
99893687
99894593
99893997
99894451
99893363
99893887
99894316
99894065
99893153
99893800
99894075
99894063
99894902
99894406
99894811
99894298
99893586
99893021
99893815
99893059
99893246
99893902
99893595
99893040
99894186
99894040
99894684
99893925
99894726
99894474
99894895
99893944
99894322
99894331
99894048
99893527
99894785
99893884
99894336
99894988
99893361
99894369
99893748
99894167
99893035
99893949
99893445
99893046
99894484
99893828
99894877
99894089
99893383
99894607
99894960
99894060
99893140
99894323
99893436
99894921
99893698
99893254
99893488
99894974
99893234
99894145
99894893
99894485
99894242
99893952
99893338
99893847
99894878
99893921
99893629
99894733
99894244
99893985
99894989
99893661
99894136
99893160
99894516
99893141
99893251
99894129
99893684
99894261
99893026
99894204
99893877
99894580
99894378
99893984
99893900
99894351
99893417
99894629
99894688
99893174
99893659
99894445
99893901
99893822
99894101
99893970
99894664
99893521
99893662
99893095
99894523
99894123
99894950
99893124
99893760
99893747
99894423
99893876
99893258
99894577
99894717
99893243
99893518
99893565
99893616
99894440
99894222
99894854
99894373
99894598
99893694
99894036
99894772
99893581
99894889
99893818
99894803
99894716
99894996
99893722
99893028
99894404
99893198
99894016
99893266
99893307
99893932
99894269
99894329
99893765
99894021
99893487
99893715
99893247
99894600
99894015
99893418
99894918
99893957
99894178
99894213
99894517
99894837
99893038
99894090
99894848
99894342
99894815
99893570
99893823
99893404
99894454
99893979
99893492
99894825
99893958
99894592
99893096
99894252
99894864
99893034
99893660
99893998
99894735
99893152
99894464
99894225
99894374
99894849
99894615
99893973
99894394
99894747
99893732
99894158
99893593
99893868
99893194
99893639
99894459
99894438
99893885
99893211
99893342
99893785
99893256
99893771
99894414
99894437
99894022
99893365
99894399
99893830
99894691
99894384
99893824
99893007
99894375
99893505
99894990
99893933
99893091
99893862
99893178
99893794
99894228
99893588
99893295
99893209
99893013
99894788
99893675
99893203
99893811
99893231
99893724
99893556
99894550
99894020
99894114
99894659
99894350
99893181
99893789
99894874
99894742
99894686
99893825
99893261
99894223
99893156
99894233
99893654
99894171
99894235
99894232
99894961
99893416
99894106
99893644
99894964
99893009
99894274
99894931
99894347
99893173
99894954
99894755
99894280
99894199
99894284
99894631
99893536
99893016
99894555
99893131
99894759
99893906
99894265
99893093
99894743
99894177
99894492
99893886
99893610
99893412
99894570
99893679
99894912
99894702
99893796
99894906
99893196
99893227
99894730
99893171
99893473
99893441
99894891
99893611
99894013
99893108
99894119
99894724
99893517
99893714
99894099
99894679
99893326
99894901
99893897
99894488
99893612
99893245
99894910
99894205
99894827
99893656
99894589
99894599
99893827
99894420
99894362
99894249
99894039
99894653
99894641
99894189
99893322
99894033
99894073
99894794
99894876
99893478
99894578
99894192
99894669
99894443
99894758
99894839
99894139
99894288
99894346
99893731
99894701
99894088
99893272
99893555
99894067
99893908
99893101
99894466
99894315
99894620
99894379
99894657
99893678
99894539
99893871
99893653
99894142
99894713
99894530
99894395
99894209
99894483
99893738
99894430
99894588
99894666
99894732
99894610
99894841
99893154
99893640
99894847
99894562
99894224
99893496
99893324
99893817
99893340
99893056
99893089
99893429
99894972
99894383
99893914
99893782
99894982
99893144
99893351
99894981
99893742
99893425
99893669
99893515
99893788
99894752
99894779
99894439
99894568
99894493
99894736
99893935
99893941
99894159
99894757
99894085
99894900
99893681
99894198
99894930
99893315
99893880
99893664
99893549
99893807
99894616
99894574
99893676
99894491
99894510
99894795
99893369
99894502
99893802
99894993
99894614
99894647
99894460
99893274
99893912
99893264
99893097
99894872
99893541
99894514
99893635
99894522
99893849
99894796
99893426
99893718
99894425
99893482
99894391
99893892
99894953
99893352
99893980
99893674
99894809
99893589
99893608
99894625
99893843
99894104
99894882
99893553
99893636
99893129
99893874
99894349
99894858
99893572
99893241
99894590
99893120
99893233
99893513
99894535
99894932
99894221
99894705
99893655
99893278
99893893
99893070
99893857
99894427
99894545
99893543
99893068
99893105
99893709
99894677
99893729
99894191
99893917
99893813
99893790
99894433
99893459
99894103
99893916
99893833
99893939
99893343
99893359
99894478
99893649
99894870
99894377
99894206
99893528
99893750
99894490
99893327
99894086
99894750
99893922
99893348
99894586
99893281
99894032
99894465
99893535
99893899
99894764
99894675
99894771
99894537
99893384
99894025
99893726
99894565
99893547
99893437
99894341
99893943
99894797
99893697
99894098
99894821
99894148
99893427
99894468
99894782
99894682
99893444
99894052
99894442
99893712
99894947
99893710
99894473
99894216
99893167
99893280
99893349
99894185
99893390
99894480
99893719
99893462
99893330
99894352
99893224
99894218
99894027
99894818
99894450
99894161
99894150
99894518
99894325
99894071
99894263
99894047
99893602
99893538
99894799
99893031
99894836
99894200
99893774
99894798
99894055
99893630
99894623
99893439
99893284
99894781
99893168
99893121
99893853
99894293
99894774
99894644
99893594
99893956
99894357
99894654
99894061
99894770
99894940
99893161
99894030
99893104
99894710
99893050
99894418
99894283
99893577
99893846
99894072
99894108
99893537
99893566
99893819
99894515
99894617
99894777
99893300
99893044
99893136
99894156
99894660
99894712
99893195
99893852
99894585
99894144
99893368
99893461
99894540
99894174
99893913
99894295
99893725
99893011
99894823
99893126
99893878
99893727
99894170
99894146
99894081
99894670
99893516
99893544
99894368
99893756
99893542
99894561
99893832
99893299
99894343
99893325
99893551
99894775
99893077
99894851
99894913
99894358
99893643
99894219
99894077
99893165
99894531
99893508
99894929
99894487
99893930
99893842
99893172
99894254
99894673
99893134
99893493
99893641
99894056
99893706
99893903
99893890
99893447
99894552
99894597
99893449
99894046
99893377
99894934
99894041
99894000
99894361
99894257
99893787
99893981
99893820
99894397
99893799
99893896
99893672
99893292
99893564
99893889
99893083
99894416
99894806
99893087
99893647
99893043
99893086
99893961
99893080
99894754
99894973
99894985
99893854
99893562
99893238
99893540
99894883
99893230
99893695
99893850
99893879
99893269
99894865
99894749
99894725
99894193
99893216
99893071
99893579
99893858
99894557
99893803
99893041
99893600
99894337
99894226
99894113
99894262
99894155
99894270
99894107
99893288
99894521
99894258
99893994
99893450
99894696
99894441
99894317
99894520
99894469
99893115
99894762
99893685
99894381
99894648
99894003
99893257
99894861
99894884
99893212
99893894
99893118
99893905
99893003
99893677
99894638
99894965
99893585
99893491
99894227
99893360
99894863
99894936
99893618
99894687
99893511
99894892
99894606
99894831
99893387
99893024
99893701
99893860
99894513
99893179
99893228
99894503
99893135
99893768
99894018
99893460
99893928
99893699
99894231
99893207
99894944
99893133
99893953
99894372
99893092
99894992
99894398
99893716
99893047
99894388
99894939
99894650
99893558
99893202
99893615
99893294
99894560
99894054
99893215
99893213
99893775
99894435
99894449
99894829
99893934
99893946
99894115
99894885
99893008
99894332
99894572
99894220
99893751
99893627
99894824
99894715
99893210
99893753
99894622
99893977
99894508
99894830
99894595
99893583
99893084
99893432
99893499
99893739
99893146
99894756
99894211
99893004
99893185
99894062
99894656
99893222
99894805
99893335
99893147
99893604
99893206
99894579
99893242
99893313
99893978
99894184
99894909
99893066
99893452
99893688
99894783
99893012
99893197
99893098
99893848
99893169
99894946
99893232
99893497
99894690
99894556
99894745
99894074
99894334
99893942
99894354
99893704
99894163
99893319
99893648
99894251
99893826
99893624
99893758
99894153
99893158
99894959
99893424
99893157
99894911
99894116
99893334
99894868
99893276
99894640
99893127
99893305
99894853
99893201
99894856
99893053
99894832
99894407
99894432
99893744
99893446
99893613
99893312
99894112
99893665
99894217
99894190
99894744
99894247
99894273
99893428
99893151
99893219
99893968
99894402
99894649
99893524
99893619
99894880
99894412
99893350
99893180
99893200
99893667
99894380
99894816
99893990
99893520
99894195
99894703
99894571
99894390
99893301
99894092
99894720
99893223
99893347
99893128
99894194
99893605
99894157
99894266
99893972
99894855
99893910
99893109
99894943
99893806
99894070
99893094
99894097
99894290
99894264
99894852
99894672
99894643
99894709
99894481
99893804
99894059
99894278
99894681
99893764
99893737
99893867
99893166
99894234
99894810
99894984
99893471
99894602
99893155
99894447
99894370
99894695
99893113
99893597
99894612
99894366
99893162
99894087
99894928
99894038
99894197
99893345
99894396
99893475
99894608
99894318
99894037
99894320
99893907
99893938
99893926
99893498
99893960
99893539
99894019
99893671
99893001
99893530
99893607
99894584
99894633
99893948
99894527
99893453
99893599
99894291
99894925
99893614
99894603
99893561
99893107
99893735
99893512
99894734
99894446
99894455
99893898
99893690
99894452
99893403
99894387
99893190
99893720
99894958
99893702
99894867
99893755
99894976
99893713
99894215
99893051
99893839
99893186
99894179
99894127
99893389
99893963
99893032
99893405
99893778
99894651
99893431
99893177
99893793
99893199
99893851
99893919
99894887
99893145
99893463
99894952
99893270
99894663
99894962
99894881
99893465
99894281
99893367
99893783
99893777
99893623
99894007
99894907
99894697
99893079
99894978
99893386
99893780
99894091
99894080
99894498
99893399
99893666
99893929
99893759
99893306
