63918519
63908594
63961769
63947371
63929718
63999500
63998908
63932457
63939383
63923744
63948588
63921980
63943509
63999917
63939880
63928949
63908522
63961344
63998885
63919064
63929106
63951656
63961180
63998597
63951136
63932668
63948227
63999222
63909144
63920576
63998926
63949374
63909103
63928989
63949964
63963774
63950753
63908912
63908317
63938067
63920629
63938314
63912681
63919321
63931951
63946908
63908336
63946672
63998984
63948124
63968230
63947805
63950183
63931917
63950798
63948080
63912343
63998530
63921196
63939815
63922938
63963262
63943600
63909110
63949889
63951071
63961023
63961999
63907203
63999514
63946241
63910441
63939554
63963916
63946333
63912803
63948426
63912822
63909219
63910413
63921926
63946474
63912476
63963168
63946337
63938012
63928971
63909473
63919349
63963854
63999349
63918334
63968706
63912397
63948715
63948839
63998937
63948296
63931763
63961534
63961875
63969158
63999812
63968305
63907283
63909141
63929190
63951310
63919603
63939481
63999707
63920970
63950713
63946348
63928148
63923590
63918782
63929566
63999027
63909920
63919006
63919214
63961262
63918616
63949925
63928918
63933433
63919773
63920575
63929183
63907542
63928938
63925520
63939496
63932525
63930660
63909155
63951328
63946378
63950334
63949139
63907102
63999907
63912871
63912713
63939316
63961982
63951486
63950898
63928428
63928326
63923322
63923512
63910705
63907219
63949498
63912349
63999471
63928902
63961337
63920982
63921218
63946272
63946757
63909913
63907497
63912370
63932741
63932639
63929150
63919068
63999333
63999997
63951035
63942213
63961949
63930965
63998491
63946433
63963428
63998460
63930326
63999461
63938033
63948621
63999713
63946509
63923838
63912920
63920268
63932615
63999692
63923925
63951058
63928730
63909176
63908084
63928999
63963196
63963154
63950754
63928180
63919774
63929196
63948277
63912393
63946476
63998924
63946558
63950926
63963995
63929206
63910666
63939106
63999383
63908503
63922408
63908793
63949789
63961829
63938366
63950795
63932768
63950808
63947324
63918750
63908578
63912354
63929125
63947807
63929108
63999838
63930486
63922484
63947455
63919499
63908880
63908576
63910498
63938482
63918675
63928914
63946438
63928983
63998594
63950742
63947889
63928985
63999950
63961791
63933874
63908782
63998241
63963679
63928988
63999454
63998233
63963907
63939251
63951724
63938905
63907999
63909130
63948099
63950601
63933407
63947799
63910235
63951322
63920115
63919741
63908542
63910397
63920636
63961919
63948287
63909279
63910292
63950777
63942995
63948407
63951605
63946515
63948475
63918290
63947286
63946730
63907363
63929645
63921862
63907145
63947901
63912310
63922240
63918563
63946806
63929370
63946677
63939521
63947984
63961958
63946371
63929849
63920526
63949155
63938229
63946886
63912315
63939208
63908533
63948629
63947341
63908887
63922951
63949880
63920780
63963257
63939269
63951951
63961527
63960578
63939568
63938832
63908508
63963018
63928995
63919007
63998411
63919814
63947986
63948230
63908515
63951525
63929208
63921074
63998582
63961930
63909421
63998547
63933676
63932602
63919780
63950331
63909375
63943484
63919066
63919376
63998848
63929127
63933139
63908500
63963529
63938768
63929240
63999704
63998384
63928928
63929286
63929707
63950316
63961114
63909573
63929841
63946155
63929146
63933348
63909575
63946835
63910506
63929105
63921858
63999519
63908610
63929956
63909102
63909164
63998431
63909217
63929160
63910502
63928968
63948286
63968370
63921280
63909175
63963381
63928751
63929272
63999464
63909709
63939441
63930507
63918533
63938925
63949947
63925553
63908900
63929204
63920563
63918476
63950728
63928838
63998552
63963251
63929156
63918364
63963926
63950609
63912332
63947999
63961235
63910042
63912347
63968328
63947105
63928434
63938899
63948867
63961418
63933824
63968261
63948554
63928900
63961541
63909438
63950760
63947245
63951936
63963469
63908910
63963834
63939952
63951744
63950558
63912300
63939726
63942925
63918411
63929185
63968355
63938572
63909170
63929212
63908995
63998212
63921435
63999819
63928941
63999962
63919093
63931704
63998949
63946968
63910358
63947863
63920305
63919003
63999995
63928503
63910442
63912336
63919596
63938099
63999715
63963893
63948369
63928773
63948256
63950769
63909160
63948051
63963029
63946191
63929526
63951897
63951686
63918674
63998382
63948261
63939289
63948239
63919331
63999656
63909652
63961944
63931801
63950247
63999937
63961579
63929241
63999530
63963876
63921447
63963185
63918326
63999467
63909448
63948272
63939103
63951755
63920637
63912907
63947389
63907171
63931867
63942210
63929111
63908524
63933869
63949687
63929367
63918947
63908541
63999008
63929539
63999813
63999975
63998976
63998577
63928872
63998928
63921202
63928471
63908567
63929593
63950781
63948544
63920922
63929514
63961652
63951704
63928922
63909085
63950176
63961143
63947844
63939143
63909196
63928666
63943280
63939646
63910941
63928931
63908504
63908167
63907288
63920782
63920847
63946505
63951715
63933815
63918540
63968852
63912385
63922416
63949492
63910217
63907549
63919094
63922697
63948897
63968320
63999826
63951765
63950355
63951351
63910449
63928952
63949881
63912895
63912194
63912663
63963999
63946764
63999873
63950700
63948422
63961094
63907832
63929124
63951013
63963042
63929158
63929530
63947100
63950758
63948209
63950399
63948167
63912374
63961112
63948226
63932619
63919947
63910604
63968212
63998334
63950705
63928926
63919562
63961978
63929168
63920112
63999859
63950761
63912363
63907354
63947826
63933816
63907026
63929846
63923240
63928634
63910501
63908866
63918217
63998230
63948206
63961402
63950434
63961941
63929165
63908086
63908588
63928919
63948760
63931709
63946484
63963730
63919486
63948237
63963933
63910505
63933817
63950508
63932630
63948852
63998311
63998364
63912950
63920907
63928942
63999802
63938659
63961970
63928992
63921278
63949141
63928979
63998251
63929036
63938481
63918353
63950665
63912398
63947367
63909107
63948466
63963357
63923154
63930390
63950804
63910047
63921462
63938892
63907087
63938893
63923906
63920224
63912903
63908613
63931892
63947548
63931178
63998190
63961936
63912380
63929352
63909101
63970908
63912383
63963806
63939937
63912994
63961270
63961900
63909539
63998923
63907158
63949095
63939410
63908386
63908971
63910310
63909567
63910203
63930533
63950960
63948279
63947867
63933828
63963387
63963979
63999910
63961914
63951952
63968733
63939742
63950443
63939932
63948904
63963308
63923609
63938172
63931869
63931868
63910612
63907647
63918396
63910448
63939612
63963102
63999801
63998447
63963391
63909138
63949491
63946975
63961758
63939920
63909561
63908882
63921889
63998864
63949502
63908430
63909166
63929327
63951893
63998853
63948208
63930729
63931887
63923742
63907860
63947693
63930124
63908549
63931713
63931701
63920635
63999804
63998966
63950818
63961241
63961192
63948790
63949972
63946416
63908466
63908879
63942351
63947208
63921433
63961882
63907650
63918218
63999555
63928670
63908506
63968241
63968250
63918562
63910644
63912218
63907995
63947643
63909105
63961009
63947244
63912603
63961923
63950338
63922815
63929951
63912399
63919085
63949993
63921230
63998855
63938341
63909190
63961687
63931794
63963872
63919771
63939495
63908596
63961706
63998881
63951010
63939535
63968711
63998565
63963525
63929143
63918672
63929209
63968229
63907212
63912654
63998841
63908766
63919206
63933349
63931929
63925476
63947987
63949076
63938275
63946565
63939772
63908609
63918207
63908940
63909208
63918677
63999525
63908534
63963896
63948923
63963159
63939141
63931827
63928461
63999228
63938159
63928975
63938066
63909152
63999507
63908507
63951284
63930541
63920658
63910013
63929194
63999990
63922804
63999354
63908582
63999854
63948291
63919643
63921854
63999223
63928772
63999316
63963804
63918990
63950408
63930266
63912379
63948108
63912307
63949265
63946383
63948440
63918329
63963324
63928934
63928551
63909058
63919898
63950820
63998377
63908574
63912190
63951325
63912622
63912703
63961960
63961728
63947109
63920899
63961109
63999552
63923478
63929795
63950782
63947104
63928965
63999517
63907477
63919063
63950800
63923740
63909566
63942312
63929310
63948240
63948180
63928482
63921921
63931703
63948229
63950333
63929524
63999502
63912905
63910643
63963618
63912745
63999368
63918242
63933460
63928677
63949946
63948482
63909113
63968683
63912509
63938791
63950815
63998598
63999822
63946800
63939655
63919688
63921768
63960561
63909182
63929218
63907996
63909569
63948546
63948632
63948264
63961569
63951098
63960567
63920956
63939507
63928625
63963087
63948236
63961591
63950110
63947981
63963220
63909207
63929860
63933878
63909209
63909177
63912596
63929211
63909244
63951874
63949135
63920601
63968345
63928785
63933811
63908080
63948249
63999364
63963640
63912801
63920852
63930141
63998883
63907642
63948401
63909628
63909247
63918627
63998402
63909146
63951502
63908584
63920114
63908087
63938527
63948824
63930806
63928946
63932471
63961840
63908433
63939324
63928672
63947108
63948270
63939340
63912445
63933287
63948251
63951829
63961414
63909646
63907812
63920909
63931786
63938187
63908521
63907155
63912561
63961313
63918603
63998168
63961490
63998553
63910202
63929648
63910503
63998967
63970673
63950844
63909398
63921434
63948283
63907208
63960564
63929730
63918258
63938142
63947803
63908538
63949643
63961957
63922346
63921231
63912369
63999843
63918922
63912333
63961013
63961932
63939178
63921888
63961903
63999429
63946084
63963991
63960562
63910679
63949933
63918211
63948060
63963998
63961981
63908614
63947284
63963767
63912824
63920945
63919991
63946338
63943451
63909216
63963561
63922810
63928500
63912334
63943133
63938554
63999894
63961037
63999888
63938607
63950709
63949134
63909122
63951857
63938846
63968687
63961950
63939179
63998867
63939260
63961964
63963433
63961563
63912238
63948210
63928365
63948142
63948600
63928637
63960819
63929430
63920579
63998224
63923917
63951001
63920921
63999818
63950812
63918671
63947777
63951452
63998354
63912861
63923743
63928954
63909917
63946334
63923879
63961100
63932125
63909907
63909168
63918445
63921184
63961547
63912341
63961793
63931848
63928662
63950784
63950848
63920800
63919910
63928186
63961661
63907532
63912163
63998971
63907211
63998865
63950744
63948566
63907294
63929102
63920971
63961909
63920625
63949342
63907801
63919998
63909161
63961807
63929219
63921917
63929756
63999889
63999852
63946823
63946965
63961429
63950716
63963517
63912387
63907998
63907417
63928933
63910877
63909028
63912520
63948263
63963912
63918216
63963528
63929493
63961832
63929161
63998590
63948252
63999504
63912514
63948034
63920918
63998929
63918394
63949632
63961232
63931986
63961178
63950805
63998232
63963736
63950863
63918678
63950807
63909596
63907029
63999981
63968290
63907897
63928904
63931706
63963122
63946966
63919834
63908536
63929335
63918676
63998581
63963566
63998997
63910174
63912376
63909100
63928972
63938212
63939411
63910032
63999828
63929120
63998535
63999498
63946035
63961047
63919001
63909314
63908323
63949400
63910312
63963069
63921762
63950762
63949497
63912906
63947307
63948542
63950746
63909218
63909912
63947300
63919778
63912323
63951250
63949111
63961617
63907298
63929460
63961611
63928554
63946339
63907566
63920111
63999000
63998913
63922838
63929176
63961917
63951891
63951477
63931931
63951388
63919978
63951682
63950757
63961723
63950799
63948497
63930355
63921396
63929213
63910509
63909183
63948690
63920540
63907206
63928963
63910262
63932747
63968399
63928957
63919756
63910440
63949628
63999719
63920546
63968880
63910099
63947879
63919995
63946207
63920876
63963453
63947871
63933856
63950414
63948284
63919676
63961264
63922888
63950776
63919912
63921189
63909137
63919061
63932872
63939140
63949682
63949472
63949843
63946439
63920205
63930585
63931033
63938777
63998985
63950557
63908604
63908896
63908770
63999198
63963375
63938379
63947806
63929618
63968203
63907653
63933812
63908262
63920862
63961211
63929269
63961512
63920119
63932110
63998927
63910457
63912321
63951519
63909136
63946249
63912507
63931726
63928976
63921755
63910417
63919735
63961879
63999520
63909883
63908563
63922251
63931061
63908539
63928828
63998998
63910241
63950809
63908888
63961491
63922847
63939638
63921274
63910639
63961716
63912377
63961345
63932324
63920654
63912956
63907380
63922917
63961772
63918740
63961536
63912372
63963506
63999810
63920321
63931993
63961149
63933519
63918232
63928392
63950667
63948233
63939231
63949303
63999717
63947873
63961092
63998772
63930908
63908601
63998933
63951438
63918925
63932873
63950605
63968276
63951649
63912304
63909139
63961395
63929137
63912308
63928655
63929867
63963891
63928606
63951529
63949839
63938969
63920693
63949670
63907658
63946646
63929164
63921240
63912957
63908552
63939468
63929516
63910504
63938626
63929172
63948193
63948784
63999831
63929129
63948253
63948061
63929170
63908603
63968702
63929231
63919298
63960933
63908517
63930669
63912261
63948315
63909133
63918673
63909588
63908791
63999840
63918816
63938005
63939328
63961750
63946187
63928993
63907686
63920466
63949137
63947386
63908345
63909148
63938973
63939926
63951887
63908869
63950751
63998869
63909909
63999307
63907869
63961912
63951318
63939142
63961951
63908820
63928907
63912335
63929423
63909162
63912357
63928921
63951003
63932690
63910652
63949998
63919646
63999444
63951601
63928719
63931030
63948933
63948990
63919075
63928664
63970972
63948889
63950206
63950984
63948567
63928982
63930534
63929177
63928947
63998842
63947712
63921329
63948254
63951326
63950535
63908546
63951766
63932197
63929985
63950763
63999827
63908211
63943439
63923402
63999224
63909116
63939620
63943367
63950730
63931759
63929426
63928969
63908547
63946436
63931143
63948404
63963392
63948066
63928974
63946164
63918253
63943076
63910546
63928550
63999516
63908577
63909165
63908560
63942031
63910403
63999867
63951603
63921192
63912352
63922386
63998181
63912344
63928384
63929782
63918403
63912362
63908572
63948294
63948408
63961916
63929199
63970107
63951607
63938237
63928364
63919537
63949649
63930667
63920397
63932938
63939433
63938613
63921689
63928743
63929497
63939242
63999806
63951521
63907214
63939172
63998558
63928950
63930766
63946479
63998236
63950797
63938204
63948111
63948785
63909956
63909174
63930989
63999716
63909010
63912350
63999845
63998961
63921882
63929381
63928959
63963366
63928383
63961994
63929203
63928814
63998963
63950736
63961979
63951414
63960514
63961937
63951961
63929701
63931044
63910354
63912806
63947529
63920677
63909863
63951948
63912199
63908575
63950866
63947249
63949842
63919602
63968295
63963649
63908477
63922531
63910496
63950813
63998589
63946962
63910426
63933997
63960918
63910439
63923859
63939198
63999601
63918634
63999344
63921328
63947522
63963241
63925301
63948243
63949152
63961519
63998862
63939752
63938501
63999814
63919366
63912263
63921944
63948615
63998412
63909915
63961497
63951688
63946178
63928165
63930216
63968324
63963055
63918568
63908605
63948374
63921872
63930168
63907120
63929114
63948293
63920118
63912320
63939424
63929441
63920645
63998537
63923528
63968329
63929222
63909481
63948234
63950772
63961550
63948213
63919005
63938674
63999699
63938022
63908797
63929714
63908081
63946375
63950726
63949131
63909172
63999809
63963329
63998242
63930663
63949746
63939318
63961986
63933813
63999380
63908607
63961607
63948560
63947758
63929030
63939731
63910636
63918938
63932393
63949826
63948380
63951425
63968218
63910303
63919720
63932782
63951693
63920881
63912301
63912185
63950510
63909506
63918632
63910638
63930753
63908544
63912569
63928817
63908585
63907878
63947980
63929414
63946701
63942527
63907316
63938147
63929155
63928477
63961983
63951321
63999900
63929024
63908553
63963551
63919223
63929144
63961520
63999684
63909905
63907204
63961641
63948899
63938794
63907213
63939565
63920117
63999998
63951312
63928998
63920801
63928939
63910272
63908811
63929017
63919911
63921392
63951819
63948617
63929205
63998200
63921746
63949335
63961854
63950093
63999365
63938039
63950031
63932248
63921952
63963482
63907866
63929726
63912375
63918769
63948241
63907867
63928642
63998994
63907985
63963480
63949997
63946287
63928915
63948817
63961205
63908510
63951492
63920831
63909415
63942208
63946182
63961640
63961153
63910471
63999834
63999111
63961124
63910650
63948911
63909143
63921431
63909192
63912345
63998550
63910104
63948216
63998953
63928020
63999369
63938533
63947162
63950382
63921801
63909106
63999842
63961690
63938059
63919744
63910653
63938896
63907896
63938323
63920908
63907508
63947985
63928475
63923442
63963737
63929126
63950766
63949754
63947566
63907859
63998255
63932213
63998548
63949490
63938895
63918742
63950740
63948223
63908570
63950767
63946336
63999807
63998919
63963863
63928389
63998258
63910304
63908580
63938088
63912389
63918282
63912346
63910447
63948217
63938823
63951359
63907205
63949982
63939549
63908162
63919776
63920525
63910140
63923022
63999853
63950793
63961938
63929634
63909960
63907672
63912453
63921920
63938016
63961566
63963265
63943816
63928920
63963603
63950712
63929373
63908598
63968613
63963174
63999944
63999994
63912322
63928374
63939890
63931010
63949096
63950801
63907244
63909147
63950794
63918638
63998295
63912900
63998395
63929184
63908529
63951457
63919246
63947977
63949444
63922955
63951609
63931116
63929387
63929201
63909145
63999718
63928003
63908988
63930153
63963758
63909134
63946369
63918420
63950961
63930140
63943442
63961967
63951684
63938063
63951602
63912388
63929741
63929104
63999851
63920700
63961841
63961899
63961935
63908597
63961517
63919546
63929195
63948658
63946088
63929495
63921153
63939422
63998591
63912366
63932117
63908555
63963114
63922537
63939634
63907201
63949914
63919999
63912794
63929110
63999220
63931094
63912367
63910519
63963959
63968296
63950579
63930977
63930525
63923084
63947199
63930440
63963160
63999903
63928521
63919738
63963653
63912528
63999856
63908240
63930876
63918682
63921251
63910332
63938411
63938642
63947892
63949119
63961116
63946671
63946331
63910034
63908543
63948219
63968322
63908620
63928678
63925450
63999668
63963012
63947186
63909115
63909000
63909560
63912568
63912356
63909128
63921270
63909135
63909904
63939500
63948235
63938780
63929178
63963914
63961580
63922854
63999446
63912358
63930587
63998534
63920662
63948214
63949816
63907655
63946993
63998556
63908479
63951950
63921178
63907207
63961831
63912193
63909150
63922364
63931702
63998750
63925626
63948894
63999823
63939362
63929716
63929134
63922867
63999347
63930213
63948847
63931945
63998593
63946673
63908531
63961953
63950787
63919070
63950401
63946239
63950816
63909019
63928781
63928635
63929157
63930083
63946222
63929118
63951917
63929481
63946385
63928638
63929167
63912303
63907992
63947785
63933116
63963951
63950796
63930269
63928908
63928367
63930875
63910027
63910606
63910108
63923304
63907217
63950755
63921306
63948024
63951436
63919217
63961357
63908551
63999816
63947265
63912371
63929993
63928978
63908565
63950901
63920919
63948215
63963438
63907990
63949580
63908525
63919560
63920733
63938714
63961001
63910477
63909562
63947801
63942685
63938617
63998427
63928903
63951323
63961434
63910499
63908573
63998346
63961043
63961757
63931968
63950722
63951990
63922561
63951672
63963481
63999824
63939641
63919772
63938563
63933150
63908967
63950783
63907994
63949652
63951261
63909911
63950221
63908269
63920851
63909117
63929153
63929699
63930237
63938894
63907216
63950708
63909154
63963722
63949994
63961176
63912828
63907974
63929171
63948114
63950738
63928955
63929166
63929182
63922498
63947875
63919314
63951507
63999820
63908792
63929147
63949697
63910443
63920890
63908897
63909197
63999839
63951687
63948483
63969169
63907218
63907221
63961117
63909918
63929174
63920543
63963383
63907063
63931078
63921097
63968333
63938279
63961503
63968325
63921166
63951983
63907322
63951554
63910615
63950336
63920963
63910431
63951290
63908509
63929275
63928905
63928466
63949058
63928674
63968853
63923292
63946612
63919211
63908796
63939144
63912342
63928948
63919497
63946501
63950786
63999711
63908526
63908612
63908082
63928977
63921972
63912191
63920959
63928012
63950752
63907982
63912813
63931108
63938125
63961975
63908254
63968211
63929101
63907333
63928990
63938480
63951756
63950817
63948671
63931785
63999811
63930571
63929187
63909153
63951729
63950778
63921318
63946477
63921359
63999942
63918212
63951522
63907997
63963752
63920912
63968326
63907611
63998445
63948246
63910685
63912126
63912721
63930265
63931872
63929207
63961959
63929293
63928967
63933512
63960899
63963256
63951288
63912302
63947102
63938038
63908611
63946637
63999991
63908516
63961189
63938898
63963622
63961980
63912808
63923189
63922513
63951565
63907131
63920734
63946437
63943034
63910134
63999478
63949133
63939235
63910331
63930990
63998327
63912496
63922898
63961068
63947107
63912325
63949650
63938745
63930942
63961954
63949806
63938256
63929200
63921397
63930661
63930422
63928895
63999510
63951615
63918278
63921233
63951332
63950764
63961965
63999925
63943266
63928188
63999106
63912329
63928944
63920550
63938207
63909104
63939616
63918708
63948403
63909149
63961915
63961225
63912390
63908395
63998283
63919088
63961961
63928906
63908165
63946387
63925309
63909195
63923309
63918900
63919606
63998257
63909484
63933151
63928574
63920640
63929115
63999667
63948250
63946435
63948929
63918493
63968327
63920248
63961698
63947893
63928771
63950539
63928927
63910723
63928909
63928929
63948779
63909568
63946285
63920895
63947395
63920364
63908795
63946457
63908589
63947849
63948552
63909114
63908694
63948622
63961998
63928011
63908085
63920570
63919770
63948295
63918907
63933102
63939004
63947204
63998348
63908929
63918560
63908618
63931840
63929139
63949171
63910445
63919087
63909914
63999664
63912353
63908592
63921239
63998344
63950779
63929216
63999666
63907991
63961755
63933810
63909188
63910161
63909199
63928566
63946154
63918670
63950747
63912128
63946618
63918412
63998046
63938765
63929290
63928916
63929594
63929615
63929496
63960523
63999837
63922357
63908505
63907220
63950749
63951782
63939528
63946279
63909212
63920242
63932402
63950723
63998397
63921158
63951499
63928913
63946678
63912359
63909916
63951329
63928422
63946759
63950770
63928940
63948324
63932160
63950701
63948194
63921756
63942821
63999356
63938483
63963473
63919365
63950036
63951022
63998366
63929142
63908569
63931700
63961991
63948245
63948259
63938802
63950788
63931046
63951320
63951428
63933825
63950775
63923324
63963493
63998925
63909047
63918888
63961207
63999518
63908881
63928013
63932968
63908591
63961071
63908566
63928755
63946675
63912361
63919777
63961188
63932245
63910699
63919590
63928015
63946674
63948516
63951775
63919779
63963691
63963189
63961905
63946732
63948255
63918298
63908126
63929175
63961977
63908562
63939509
63920293
63998386
63919233
63999515
63961584
63907246
63922587
63929119
63921285
63909906
63930915
63948271
63948273
63998078
63939766
63951324
63938089
63921898
63961015
63998510
63950745
63951648
63950789
63928639
63961931
63949576
63998580
63950750
63951613
63912391
63930033
63909167
63919614
63909108
63907274
63929173
63921779
63910793
63968693
63999815
63928994
63910627
63947822
63951571
63946566
63950719
63998968
63918496
63960563
63951494
63998576
63908904
63918667
63918482
63939003
63939437
63907413
63951805
63923264
63960565
63908561
63950935
63910122
63932721
63951050
63921840
63928016
63907209
63909131
63948524
63998990
63921217
63921751
63949992
63939863
63939799
63912330
63946717
63948204
63928632
63929856
63920534
63947094
63907279
63922784
63920856
63999487
63946160
63998267
63999661
63908970
63963201
63919718
63919515
63951251
63919852
63950737
63970909
63949820
63909214
63999855
63918622
63910213
63929366
63951400
63912313
63960853
63909910
63909042
63932261
63998952
63912170
63939578
63919734
63950774
63939936
63919004
63921382
63923101
63961850
63910500
63938577
63950732
63922258
63912192
63938840
63932613
63908595
63908518
63908348
63963273
63950473
63930771
63920961
63928400
63968686
63943915
63928685
63930252
63912198
63963413
63948205
63998557
63939779
63912805
63948222
63946415
63968658
63950354
63919008
63948580
63920860
63912127
63948774
63998173
63961086
63929217
63949872
63946600
63921786
63912802
63938772
63999947
63908606
63939372
63920802
63961498
63950743
63950469
63963747
63948281
63929563
63947355
63947767
63931878
63946639
63999512
63999841
63947809
63946060
63929180
63950715
63948559
63963898
63910446
63961766
63918214
63912807
63961933
63947702
63963611
63928739
63968215
63918487
63961372
63999805
63908545
63929121
63961365
63919997
63998962
63948265
63961969
63907138
63928924
63908550
63951355
63920941
63929188
63919073
63963152
63999808
63946938
63932638
63921391
63961253
63999803
63948149
63946129
63912730
63928960
63947375
63929123
63928361
63946015
63999993
63919920
63938880
63929117
63968292
63909901
63910936
63907223
63963475
63910000
63928636
63928987
63963408
63912200
63908532
63909123
63908353
63948232
63908616
63921337
63998844
63938355
63946579
63968716
63929883
63960560
63909124
63928981
63963994
63912885
63923673
63939001
63909156
63961605
63951652
63929136
63908502
63918261
63910083
63968259
63907529
63907232
63929112
63968665
63950765
63921259
63928997
63932408
63968232
63930339
63946335
63961945
63930222
63963279
63907888
63928182
63921228
63961947
63909132
63961271
63963101
63948247
63951496
63912365
63946956
63912800
63923208
63912392
63907097
63951356
63929192
63912870
63933850
63999355
63919091
63929051
63929599
63946500
63951330
63938891
63951353
63968713
63963232
63999673
63920624
63912360
63939333
63920548
63948480
63942613
63931800
63928671
63946805
63910266
63908184
63961921
63947804
63908590
63928936
63912704
63907317
63963036
63951339
63912196
63951718
63950330
63950364
63928555
63908890
63951889
63947270
63939761
63950759
63948626
63921263
63910289
63950132
63963960
63999505
63909210
63910766
63921401
63939280
63961990
63933860
63950073
63938371
63950148
63930664
63921736
63909194
63930423
63929852
63939397
63912888
63919459
63931742
63907276
63961119
63933041
63961926
63968730
63918556
63908514
63919502
63919371
63963003
63920865
63938290
63908178
63938162
63961806
63910633
63907091
63938156
63921406
63929141
63928014
63948269
63933351
63929132
63921767
63921810
63948267
63922722
63951789
63999965
63910635
63938170
63947912
63930459
63948400
63948182
63951689
63912733
63938272
63910277
63939906
63931911
63998538
63999825
63929181
63929226
63908872
63909151
63963472
63961445
63930336
63948144
63909565
63908662
63946473
63949324
63908528
63949433
63998987
63950927
63928991
63947775
63949146
63938789
63918951
63938804
63961412
63923477
63946302
63922572
63943404
63950133
63908088
63933044
63918647
63932886
63907273
63930352
63928932
63947312
63912683
63910630
63933405
63928943
63912364
63909198
63963909
63921982
63921454
63947781
63948258
63961925
63961968
63909129
63948197
63999835
63998840
63909109
63950727
63920928
63943848
63908554
63907202
63923455
63951940
63929140
63946997
63920110
63999311
63921409
63912804
63921694
63946874
63909455
63910371
63950724
63912863
63929595
63961910
63930668
63939392
63909185
63949783
63961150
63921729
63912740
63918639
63999844
63928399
63909127
63909169
63919725
63949950
63912902
63946676
63929169
63961630
63907210
63963847
63961588
63999857
63998356
63939388
63961598
63950819
63912394
63908331
63946153
63909422
63908512
63938041
63963928
63912339
63930277
63948788
63919993
63942526
63909982
63921235
63968282
63918687
63910089
63948288
63999886
63921425
63912916
63925790
63929122
63950756
63910779
63939446
63948292
63970932
63931781
63949130
63930666
63912368
63951909
63908790
63961054
63909211
63922795
63998964
63907278
63929820
63930789
63910419
63946586
63919745
63951076
63920541
63909072
63948221
63946380
63948262
63961974
63948397
63910342
63910472
63909215
63928945
63949760
63912314
63968260
63929585
63910377
63951110
63928360
63961081
63920273
63908817
63920244
63951890
63920341
63946434
63950739
63950741
63946551
63908559
63950454
63930509
63928980
63928973
63928984
63910025
63968321
63928966
63930236
63948651
63908895
63921154
63933868
63949831
63949711
63909111
63929193
63950337
63999009
63948218
63907160
63961911
63948248
63910558
63908794
63949494
63998861
63908893
63999714
63919994
63909704
63950190
63946347
63918413
63950773
63948096
63907277
63928766
63999821
63998480
63918276
63921450
63920193
63912348
63912640
63943705
63961955
63946145
63908873
63928008
63929664
63919450
63928575
63946679
63928645
63907383
63951520
63950792
63998956
63928953
63938538
63951526
63919060
63931963
63923943
63912504
63920948
63930281
63948266
63961120
63949753
63939447
63928684
63908276
63998453
63963993
63908581
63961137
63961629
63999796
63919874
63928958
63920561
63961614
63919609
63908615
63947959
63918721
63999227
63968308
63963674
63948021
63930722
63947808
63951763
63908602
63948200
63929186
63929677
63998884
63912901
63912932
63908511
63932158
63931854
63929179
63912316
63908548
63933225
63912312
63919992
63961714
63961908
63946982
63998559
63998851
63920766
63910454
63918762
63950332
63998551
63961125
63912318
63968220
63912908
63939327
63909231
63921894
63948275
63948238
63999221
63961876
63999553
63931707
63909727
63949793
63951453
63999524
63928912
63907352
63928414
63999850
63912340
63943091
63919990
63929130
63908286
63908593
63920823
63968690
63929396
63950735
63948320
63950466
63948113
63963027
63929249
63948225
63999506
63950811
63950472
63928930
63946354
63909900
63999881
63921845
63950780
63939162
63963500
63910497
63948289
63912570
63951536
63918408
63950378
63998187
63929990
63946034
63920239
63963992
63909173
63998490
63999830
63961091
63951510
63950802
63950339
63918837
63961460
63912309
63918324
63928676
63951523
63930205
63946587
63939303
63928679
63946050
63910230
63919067
63951753
63912337
63908164
63920938
63912197
63947802
63907838
63950335
63931708
63921398
63961781
63949617
63907238
63912791
63912278
63949577
63949187
63960566
63961157
63930662
63998349
63908556
63999420
63949129
63950288
63950424
63909563
63928925
63912311
63930412
63928534
63963889
63938376
63912382
63949996
63961972
63949495
63920688
63999999
63938877
63920609
63933355
63948242
63938344
63951484
63961918
63963358
63908798
63951201
63951014
63999712
63910172
63919512
63910422
63925478
63998762
63921377
63920357
63942822
63908558
63930463
63951808
63961404
63951606
63950717
63998950
63919237
63923997
63930813
63922482
63961170
63963814
63929138
63921309
63922398
63918679
63932246
63950706
63961020
63951608
63910444
63948202
63938815
63951760
63961033
63908157
63946670
63947261
63946159
63950593
63998532
63951923
63908608
63938143
63908352
63931063
63999501
63921971
63998555
63961830
63909142
63998850
63928669
63961027
63998315
63908519
63939919
63939908
63922247
63947887
63961902
63912499
63912708
63929162
63923816
63928630
63908568
63963749
63907306
63939737
63921232
63908151
63908579
63938534
63961065
63929159
63907215
63928956
63949499
63939301
63908530
63908527
63950731
63961390
63968309
63912396
63999503
63921288
63949701
63930801
63907783
63929368
63961906
63968367
63910776
63951401
63961976
63961502
63950315
63908213
63948199
63928901
63939006
63950734
63912195
63918465
63928631
63961223
63946574
63998567
63931777
63912202
63968234
63925465
63932742
63918466
63963980
63999710
63908497
63908557
63912809
63948920
63961818
63907272
63948278
63930986
63929257
63912495
63909181
63999992
63948950
63919616
63939245
63908492
63963906
63961904
63961243
63961962
63948406
63961319
63998304
63939440
63963053
63968607
63951527
63920538
63923747
63912355
63930499
63932550
63933558
63930235
63910060
63930305
63919679
63918948
63999573
63920904
63921347
63910797
63909459
63961988
63948260
63968248
63951762
63948838
63948046
63949566
63950459
63951349
63998451
63948405
63908564
63948402
63930224
63910717
63920281
63999543
63919642
63963815
63946362
63961939
63908537
63930318
63938814
63960545
63907564
63961814
63921199
63950718
63963836
63963617
63908875
63950230
63908599
63929128
63999562
63948201
63948207
63918291
63929534
63999463
63998183
63929149
63950714
63998596
63961952
63928162
63919589
63948276
63946934
63948717
63908677
63908322
63907962
63961110
63998920
63929152
63918303
63963997
63929191
63998269
63912904
63948299
63939889
63919726
63963092
63921252
63929131
63963137
63961913
63909564
63946430
63963411
63908523
63963393
63946664
63946291
63969165
63930267
63946270
63950904
63928502
63919666
63928583
63909908
63951528
63919000
63921238
63912395
63919352
63909179
63950699
63963996
63951650
63939603
63929338
63968854
63947982
63961971
63922502
63963692
63946988
63950607
63950703
63930750
63947811
63946332
63910189
63961987
63928923
63907993
63910291
63931142
63907025
63910547
63912378
63929438
63950711
63929837
63907240
63929100
63999860
63910715
63920124
63946131
63910278
63930665
63933577
63912328
63921393
63929103
63943812
63961549
63912141
63907969
63929148
63918778
63949598
63949496
63998999
63939745
63950791
63998387
63943522
63907807
63963720
63933472
63920781
63918584
63938703
63963270
63951728
63961985
63912327
63998323
63908908
63912338
63998858
63907271
63963035
63931876
63948285
63921395
63963807
63998996
63939629
63951982
63948533
63961121
63909126
63950790
63918553
63923650
63951360
63907512
63912938
63947101
63912381
63961928
63961135
63998554
63961060
63961171
63960858
63961812
63938750
63912968
63947288
63920262
63931769
63928937
63912386
63928935
63920547
63961853
63951524
63951044
63998568
63928345
63946163
63963647
63908445
63929014
63961248
63947294
63951764
63950405
63950768
63947319
63918268
63998856
63949779
63919564
63920828
63909119
63999600
63929107
63908821
63951860
63929116
63947139
63928910
63921394
63909903
63938009
63950771
63918301
63918287
63946940
63910129
63946114
63933857
63909186
63929214
63950563
63907567
63921173
63909140
63908586
63929113
63928962
63998442
63921925
63948290
63919697
63999832
63912373
63951902
63908619
63919641
63923749
63950810
63909184
63950390
63921380
63908520
63920914
63918424
63919077
63938098
63938588
63919775
63968323
63963820
63929473
63999996
63928964
63946746
63919002
63950720
63947106
63963167
63998863
63947988
63960849
63951698
63929198
63963961
63919427
63951309
63920827
63999829
63998905
63912317
63938843
63968344
63908571
63918705
63939284
63909445
63930334
63951038
63947800
63930296
63938331
63947798
63918941
63929163
63951419
63946206
63912593
63929197
63939239
63961927
63928675
63928996
63999884
63948155
63920837
63928018
63920283
63998843
63909180
63961510
63920544
63909213
63999434
63908883
63929825
63951277
63920767
63961997
63933395
63999037
63928421
63948257
63920545
63908540
63950748
63948986
63932711
63920583
63909902
63908328
63909187
63920571
63930521
63919423
63919082
63912326
63968219
63961442
63999476
63999513
63950702
63999938
63963203
63998531
63920542
63946330
63909526
63908535
63951641
63961922
63948268
63912530
63951327
63946226
63998440
63929189
63948409
63928726
63929210
63910552
63963547
63951761
63999858
63918229
63961582
63908816
63948220
63919848
63998544
63930843
63947741
63912630
63938847
63999964
63968310
63999777
63961948
63999508
63948455
63909389
63908917
63920960
63912921
63961789
63961310
63932466
63939275
63909121
63963527
63909158
63950384
63968709
63929333
63928004
63949330
63919381
63949140
63929584
63912306
63910398
63948280
63951559
63922926
63949938
63930588
63921970
63910008
63963648
63963015
63923846
63951604
63908513
63933861
63963046
63909120
63946091
63961920
63920633
63909171
63921354
63912131
63923573
63950710
63939393
63919480
63910495
63946652
63963264
63928589
63951054
63951846
63909157
63928000
63930911
63919960
63923666
63907156
63999435
63928898
63950963
63918395
63907048
63968265
63946688
63968200
63930851
63968692
63930444
63961036
63910624
63929109
63938661
63951972
63923253
63912289
63951830
63948224
63929048
63939601
63963844
63938844
63950733
63999509
63933447
63921176
63930194
63951254
63928970
63948282
63909919
63920113
63998992
63999817
63939931
63938616
63951781
63949136
63939724
63923203
63921744
63919661
63928961
63950704
63918442
63946432
63910101
63912909
63961029
63948297
63950803
63912911
63920116
63907446
63947337
63929145
63951444
63919689
63950448
63963833
63918613
63908300
63963112
63943128
63948212
63909178
63961304
63929050
63938007
63961558
63928894
63931894
63929133
63939343
63909193
63948203
63961996
63907952
63923139
63908600
63909529
63963421
63951102
63909502
63921390
63951746
63929029
63909163
63998889
63932650
63909125
63922524
63943550
63948231
63949707
63912384
63948726
63929135
63950721
63949489
63918908
63929215
63920535
63999800
63943072
63946865
63912896
63961083
63963146
63961321
63943494
63928633
63925508
63963294
63918921
63912685
63912525
63909118
63963181
63910290
63949379
63912573
63938890
63919457
63939657
63951658
63946974
63961366
63946386
63948804
63928623
63921223
63950806
63910338
63961956
63949884
63928353
63961312
63961877
63919069
63999511
63946662
63961907
63938673
63947983
63907550
63921739
63939832
63946597
63909191
63963990
63909112
63947883
63947103
63928001
63938014
63948211
63928009
63931836
63961751
63907157
63921399
63933497
63961145
63951747
63961295
63920664
63909159
63948341
63951600
63929698
63930904
63939479
63961901
63998866
63939339
63919942
63910327
63912324
63949138
63909189
63968247
63910127
63948274
63929154
63920549
63907270
63931705
63939730
63948522
63912319
63999408
63920623
63950725
63961989
63921997
63999908
63912351
63961843
63920838
63939342
63920798
63946431
63919674
63938262
63922655
63930421
63938897
63910228
63932663
63947656
63929767
63946275
63921868
63950479
63910664
63939743
63951996
63947989
63932523
63948228
63942734
63948244
63961417
63961842
63948298
63929479
63949504
63908587
63950785
63907275
63950729
63908264
63998846
63907548
63920866
63919098
63932370
63907972
63928356
63918574
63948638
63907639
63922418
63908583
63961161
63912404
63907200
63919544
63947991
63933866
63919095
63928911
63950707
63912233
63908501
63961064
63948620
63929151
63949493
63912331
63946738
63928951
63907143
63943319
63929832
63920721
63939607
63961946
63963922
63933672
63939204
63933929
63943830
63929202
63907522
63963008
63963562
63961237
63999833
63999836
63912305
63998398
63948068
63919078
63998536
63949132
63961934
63919084
63963255
63928986
63948571
63928917
63919009
63968304
63907018
63950814
63951673
63920903
63928019
63928673
